reward,action,obs,time
,,"[0.         0.         0.         0.         0.         0.
 0.         0.         0.         0.         0.         0.
 0.         0.         0.         0.03157895 5.66666667 0.24561404
 5.4        0.        ]",3017.8310317993164
-2.4000000000003185e-05,[0.19250557],"[ 0.          0.          0.          0.          0.          0.
  0.          0.          0.          0.          0.03157895  5.66666667
  0.24561404  5.4         0.          0.03157895  5.86666667  0.24385965
  5.3        -0.8074944 ]",3017.923739671707
-0.0025480000000000017,[-0.40751746],"[ 0.          0.          0.          0.          0.          0.03157895
  5.66666667  0.24561404  5.4         0.          0.03157895  5.86666667
  0.24385965  5.3        -0.8074944   0.02982456  5.6         0.24385965
  5.43333333 -1.40751743]",3017.9790794849396
3.9999999999970615e-06,[-0.7920452],"[ 0.03157895  5.66666667  0.24561404  5.4         0.          0.03157895
  5.86666667  0.24385965  5.3        -0.8074944   0.02982456  5.6
  0.24385965  5.43333333 -1.40751743  0.03157895  5.63333333  0.24561404
  5.4        -1.79204512]",3018.0292189121246
3.9999999999970615e-06,[-0.6326519],"[ 0.03157895  5.86666667  0.24385965  5.3        -0.8074944   0.02982456
  5.6         0.24385965  5.43333333 -1.40751743  0.03157895  5.63333333
  0.24561404  5.4        -1.79204512  0.03157895  5.63333333  0.24385965
  5.4        -1.63265193]",3018.0795109272003
3.9999999999970615e-06,[0.49200836],"[ 0.02982456  5.6         0.24385965  5.43333333 -1.40751743  0.03157895
  5.63333333  0.24561404  5.4        -1.79204512  0.03157895  5.63333333
  0.24385965  5.4        -1.63265193  0.03157895  5.63333333  0.24561404
  5.4        -0.50799167]",3018.129768371582
-0.0025480000000000017,[-0.16593257],"[ 0.03157895  5.63333333  0.24561404  5.4        -1.79204512  0.03157895
  5.63333333  0.24385965  5.4        -1.63265193  0.03157895  5.63333333
  0.24561404  5.4        -0.50799167  0.02982456  5.6         0.24561404
  5.43333333 -1.16593254]",3018.180716753006
2.8000000000000247e-05,[-0.5247894],"[ 0.03157895  5.63333333  0.24385965  5.4        -1.63265193  0.03157895
  5.63333333  0.24561404  5.4        -0.50799167  0.02982456  5.6
  0.24561404  5.43333333 -1.16593254  0.03157895  5.43333333  0.24736842
  5.6        -1.52478933]",3018.2308390140533
0.002596000000000001,[-0.58819807],"[ 0.03157895  5.63333333  0.24561404  5.4        -0.50799167  0.02982456
  5.6         0.24561404  5.43333333 -1.16593254  0.03157895  5.43333333
  0.24736842  5.6        -1.52478933  0.03333333  5.33333333  0.24736842
  5.7        -1.58819807]",3018.2752022743225
0.002576000000000002,[0.79193413],"[ 0.02982456  5.6         0.24561404  5.43333333 -1.16593254  0.03157895
  5.43333333  0.24736842  5.6        -1.52478933  0.03333333  5.33333333
  0.24736842  5.7        -1.58819807  0.03333333  5.5         0.24912281
  5.53333333 -0.20806587]",3018.3297789096832
0.005136000000000002,[0.08738577],"[ 0.03157895  5.43333333  0.24736842  5.6        -1.52478933  0.03333333
  5.33333333  0.24736842  5.7        -1.58819807  0.03333333  5.5
  0.24912281  5.53333333 -0.20806587  0.03508772  5.46666667  0.24912281
  5.56666667 -0.91261423]",3018.3750009536743
0.010256000000000001,[0.02658496],"[ 0.03333333  5.33333333  0.24736842  5.7        -1.58819807  0.03333333
  5.5         0.24912281  5.53333333 -0.20806587  0.03508772  5.46666667
  0.24912281  5.56666667 -0.91261423  0.03859649  5.4         0.25087719
  5.63333333 -0.97341502]",3018.4476919174194
0.017908,[-0.09192982],"[ 0.03333333  5.5         0.24912281  5.53333333 -0.20806587  0.03508772
  5.46666667  0.24912281  5.56666667 -0.91261423  0.03859649  5.4
  0.25087719  5.63333333 -0.97341502  0.04385965  5.53333333  0.25789474
  5.46666667 -1.09192979]",3018.5240709781647
0.028132,[0.40203592],"[ 0.03508772  5.46666667  0.24912281  5.56666667 -0.91261423  0.03859649
  5.4         0.25087719  5.63333333 -0.97341502  0.04385965  5.53333333
  0.25789474  5.46666667 -1.09192979  0.05087719  5.53333333  0.26491228
  5.43333333 -0.59796405]",3018.608528614044
0.038344,[0.28016317],"[ 0.03859649  5.4         0.25087719  5.63333333 -0.97341502  0.04385965
  5.53333333  0.25789474  5.46666667 -1.09192979  0.05087719  5.53333333
  0.26491228  5.43333333 -0.59796405  0.05789474  5.63333333  0.27192982
  5.36666667 -0.71983683]",3018.689310312271
0.048552000000000005,[0.314237],"[ 0.04385965  5.53333333  0.25789474  5.46666667 -1.09192979  0.05087719
  5.53333333  0.26491228  5.43333333 -0.59796405  0.05789474  5.63333333
  0.27192982  5.36666667 -0.71983683  0.06491228  5.76666667  0.27719298
  5.2        -0.685763  ]",3018.7639219760895
0.053664,[0.515445],"[ 0.05087719  5.53333333  0.26491228  5.43333333 -0.59796405  0.05789474
  5.63333333  0.27192982  5.36666667 -0.71983683  0.06491228  5.76666667
  0.27719298  5.2        -0.685763    0.06842105  5.76666667  0.28070175
  5.16666667 -0.48455501]",3018.843410015106
0.058768,[-0.6708497],"[ 0.05789474  5.63333333  0.27192982  5.36666667 -0.71983683  0.06491228
  5.76666667  0.27719298  5.2        -0.685763    0.06842105  5.76666667
  0.28070175  5.16666667 -0.48455501  0.07192982  5.83333333  0.28070175
  5.03333333 -1.67084968]",3018.9271852970123
0.05877600000000001,[-0.8073196],"[ 0.06491228  5.76666667  0.27719298  5.2        -0.685763    0.06842105
  5.76666667  0.28070175  5.16666667 -0.48455501  0.07192982  5.83333333
  0.28070175  5.03333333 -1.67084968  0.07192982  5.76666667  0.28070175
  5.         -1.80731964]",3019.0073754787445
0.056255999999999994,[0.81949174],"[ 0.06842105  5.76666667  0.28070175  5.16666667 -0.48455501  0.07192982
  5.83333333  0.28070175  5.03333333 -1.67084968  0.07192982  5.76666667
  0.28070175  5.         -1.80731964  0.07017544  5.46666667  0.28245614
  5.26666667 -0.18050826]",3019.087389230728
0.061380000000000004,[-0.11519381],"[ 0.07192982  5.83333333  0.28070175  5.03333333 -1.67084968  0.07192982
  5.76666667  0.28070175  5.         -1.80731964  0.07017544  5.46666667
  0.28245614  5.26666667 -0.18050826  0.07368421  5.36666667  0.28596491
  5.43333333 -1.11519384]",3019.1673851013184
0.07161200000000001,[0.6775832],"[ 0.07192982  5.76666667  0.28070175  5.         -1.80731964  0.07017544
  5.46666667  0.28245614  5.26666667 -0.18050826  0.07368421  5.36666667
  0.28596491  5.43333333 -1.11519384  0.08070175  5.5         0.29298246
  5.3        -0.32241678]",3019.249540090561
0.086912,[-0.65766245],"[ 0.07017544  5.46666667  0.28245614  5.26666667 -0.18050826  0.07368421
  5.36666667  0.28596491  5.43333333 -1.11519384  0.08070175  5.5
  0.29298246  5.3        -0.32241678  0.08947368  5.53333333  0.30175439
  5.16666667 -1.65766239]",3019.329637527466
0.09968400000000002,[-0.60483396],"[ 0.07368421  5.36666667  0.28596491  5.43333333 -1.11519384  0.08070175
  5.5         0.29298246  5.3        -0.32241678  0.08947368  5.53333333
  0.30175439  5.16666667 -1.65766239  0.1         5.63333333  0.31052632
  5.         -1.60483396]",3019.4096627235413
0.10481600000000002,[-0.8521396],"[ 0.08070175  5.5         0.29298246  5.3        -0.32241678  0.08947368
  5.53333333  0.30175439  5.16666667 -1.65766239  0.1         5.63333333
  0.31052632  5.         -1.60483396  0.10350877  5.46666667  0.31929825
  5.03333333 -1.85213959]",3019.4895255565643
0.109972,[0.48680064],"[ 0.08947368  5.53333333  0.30175439  5.16666667 -1.65766239  0.1
  5.63333333  0.31052632  5.         -1.60483396  0.10350877  5.46666667
  0.31929825  5.03333333 -1.85213959  0.10701754  5.1         0.32631579
  5.3        -0.51319933]",3019.5697090625763
0.12020800000000002,[-0.44536665],"[ 0.1         5.63333333  0.31052632  5.         -1.60483396  0.10350877
  5.46666667  0.31929825  5.03333333 -1.85213959  0.10701754  5.1
  0.32631579  5.3        -0.51319933  0.1122807   4.96666667  0.33157895
  5.4        -1.44536662]",3019.6495690345764
0.12274000000000003,[0.4030358],"[ 0.10350877  5.46666667  0.31929825  5.03333333 -1.85213959  0.10701754
  5.1         0.32631579  5.3        -0.51319933  0.1122807   4.96666667
  0.33157895  5.4        -1.44536662  0.11578947  5.          0.33859649
  5.33333333 -0.59696424]",3019.7298533916473
0.158468,[0.50306356],"[ 0.10701754  5.1         0.32631579  5.3        -0.51319933  0.1122807
  4.96666667  0.33157895  5.4        -1.44536662  0.11578947  5.
  0.33859649  5.33333333 -0.59696424  0.14210526  5.36666667  0.34561404
  5.43333333 -0.49693644]",3019.8096640110016
0.166152,[0.62335604],"[ 0.1122807   4.96666667  0.33157895  5.4        -1.44536662  0.11578947
  5.          0.33859649  5.33333333 -0.59696424  0.14210526  5.36666667
  0.34561404  5.43333333 -0.49693644  0.14736842  5.4         0.35438596
  5.26666667 -0.37664396]",3019.889675140381
0.17125200000000002,[-0.78620857],"[ 0.11578947  5.          0.33859649  5.33333333 -0.59696424  0.14210526
  5.36666667  0.34561404  5.43333333 -0.49693644  0.14736842  5.4
  0.35438596  5.26666667 -0.37664396  0.15263158  5.46666667  0.36140351
  5.03333333 -1.78620863]",3019.969831943512
0.17380400000000001,[0.3181993],"[ 0.14210526  5.36666667  0.34561404  5.43333333 -0.49693644  0.14736842
  5.4         0.35438596  5.26666667 -0.37664396  0.15263158  5.46666667
  0.36140351  5.03333333 -1.78620863  0.15789474  5.43333333  0.37017544
  4.93333333 -0.68180072]",3020.049774169922
0.17638800000000002,[-0.73192084],"[ 0.14736842  5.4         0.35438596  5.26666667 -0.37664396  0.15263158
  5.46666667  0.36140351  5.03333333 -1.78620863  0.15789474  5.43333333
  0.37017544  4.93333333 -0.68180072  0.16491228  5.33333333  0.37719298
  5.06666667 -1.73192084]",3020.1295659542084
0.173824,[-0.33740336],"[ 0.15263158  5.46666667  0.36140351  5.03333333 -1.78620863  0.15789474
  5.43333333  0.37017544  4.93333333 -0.68180072  0.16491228  5.33333333
  0.37719298  5.06666667 -1.73192084  0.17017544  5.4         0.38245614
  5.03333333 -1.3374033 ]",3020.2098245620728
0.17129200000000006,[-0.29104662],"[ 0.15789474  5.43333333  0.37017544  4.93333333 -0.68180072  0.16491228
  5.33333333  0.37719298  5.06666667 -1.73192084  0.17017544  5.4
  0.38245614  5.03333333 -1.3374033   0.1754386   5.3         0.39122807
  5.16666667 -1.29104662]",3020.289311647415
0.17387199999999997,[-0.32394302],"[ 0.16491228  5.33333333  0.37719298  5.06666667 -1.73192084  0.17017544
  5.4         0.38245614  5.03333333 -1.3374033   0.1754386   5.3
  0.39122807  5.16666667 -1.29104662  0.18421053  5.23333333  0.4
  5.23333333 -1.32394302]",3020.3625626564026
0.18154399999999998,[-0.82156634],"[ 0.17017544  5.4         0.38245614  5.03333333 -1.3374033   0.1754386
  5.3         0.39122807  5.16666667 -1.29104662  0.18421053  5.23333333
  0.4         5.23333333 -1.32394302  0.19298246  5.2         0.40877193
  5.2        -1.82156634]",3020.4434790611267
0.18923199999999998,[0.678928],"[ 0.1754386   5.3         0.39122807  5.16666667 -1.29104662  0.18421053
  5.23333333  0.4         5.23333333 -1.32394302  0.19298246  5.2
  0.40877193  5.2        -1.82156634  0.20175439  5.1         0.41754386
  5.3        -0.32107198]",3020.527407884598
0.19945200000000002,[0.41298342],"[ 0.18421053  5.23333333  0.4         5.23333333 -1.32394302  0.19298246
  5.2         0.40877193  5.2        -1.82156634  0.20175439  5.1
  0.41754386  5.3        -0.32107198  0.20877193  5.06666667  0.4245614
  5.36666667 -0.58701658]",3020.6074130535126
0.20960400000000007,[0.86022484],"[ 0.19298246  5.2         0.40877193  5.2        -1.82156634  0.20175439
  5.1         0.41754386  5.3        -0.32107198  0.20877193  5.06666667
  0.4245614   5.36666667 -0.58701658  0.21403509  5.36666667  0.42982456
  5.13333333 -0.13977516]",3020.687395811081
0.21212799999999996,[0.77102154],"[ 0.20175439  5.1         0.41754386  5.3        -0.32107198  0.20877193
  5.06666667  0.4245614   5.36666667 -0.58701658  0.21403509  5.36666667
  0.42982456  5.13333333 -0.13977516  0.21929825  5.53333333  0.43157895
  4.86666667 -0.22897846]",3020.767385482788
0.20957999999999996,[0.86742055],"[ 0.20877193  5.06666667  0.4245614   5.36666667 -0.58701658  0.21403509
  5.36666667  0.42982456  5.13333333 -0.13977516  0.21929825  5.53333333
  0.43157895  4.86666667 -0.22897846  0.2245614   5.6         0.43157895
  4.6        -0.13257945]",3020.847333908081
0.20701999999999998,[0.41219157],"[ 0.21403509  5.36666667  0.42982456  5.13333333 -0.13977516  0.21929825
  5.53333333  0.43157895  4.86666667 -0.22897846  0.2245614   5.6
  0.43157895  4.6        -0.13257945  0.23157895  5.66666667  0.43333333
  4.4        -0.58780843]",3020.927413702011
0.20191600000000004,[-0.7482759],"[ 0.21929825  5.53333333  0.43157895  4.86666667 -0.22897846  0.2245614
  5.6         0.43157895  4.6        -0.13257945  0.23157895  5.66666667
  0.43333333  4.4        -0.58780843  0.23859649  5.7         0.43684211
  4.23333333 -1.74827588]",3021.009243249893
0.20190799999999998,[-0.8746621],"[ 0.2245614   5.6         0.43157895  4.6        -0.13257945  0.23157895
  5.66666667  0.43333333  4.4        -0.58780843  0.23859649  5.7
  0.43684211  4.23333333 -1.74827588  0.24210526  5.6         0.44385965
  4.23333333 -1.87466216]",3021.089254140854
0.19934000000000002,[-0.386738],"[ 0.23157895  5.66666667  0.43333333  4.4        -0.58780843  0.23859649
  5.7         0.43684211  4.23333333 -1.74827588  0.24210526  5.6
  0.44385965  4.23333333 -1.87466216  0.24385965  5.33333333  0.45263158
  4.43333333 -1.38673806]",3021.1693499088287
0.19678799999999996,[-0.3453695],"[ 0.23859649  5.7         0.43684211  4.23333333 -1.74827588  0.24210526
  5.6         0.44385965  4.23333333 -1.87466216  0.24385965  5.33333333
  0.45263158  4.43333333 -1.38673806  0.24736842  5.16666667  0.45964912
  4.56666667 -1.34536946]",3021.2492401599884
0.201904,[-0.6411935],"[ 0.24210526  5.6         0.44385965  4.23333333 -1.87466216  0.24385965
  5.33333333  0.45263158  4.43333333 -1.38673806  0.24736842  5.16666667
  0.45964912  4.56666667 -1.34536946  0.25438596  5.16666667  0.46491228
  4.46666667 -1.64119351]",3021.329358816147
0.17128400000000005,[-0.53810346],"[ 0.24385965  5.33333333  0.45263158  4.43333333 -1.38673806  0.24736842
  5.16666667  0.45964912  4.56666667 -1.34536946  0.25438596  5.16666667
  0.46491228  4.46666667 -1.64119351  0.25964912  5.1         0.47192982
  4.46666667 -1.53810346]",3021.4092977046967
0.17130399999999998,[-0.01525765],"[ 0.24736842  5.16666667  0.45964912  4.56666667 -1.34536946  0.25438596
  5.16666667  0.46491228  4.46666667 -1.64119351  0.25964912  5.1
  0.47192982  4.46666667 -1.53810346  0.26491228  4.96666667  0.47894737
  4.5        -1.0152576 ]",3021.489135503769
0.17132,[-0.85775477],"[ 0.25438596  5.16666667  0.46491228  4.46666667 -1.64119351  0.25964912
  5.1         0.47192982  4.46666667 -1.53810346  0.26491228  4.96666667
  0.47894737  4.5        -1.0152576   0.27017544  4.9         0.48421053
  4.36666667 -1.85775471]",3021.5693759918213
0.17387199999999997,[0.662387],"[ 0.25964912  5.1         0.47192982  4.46666667 -1.53810346  0.26491228
  4.96666667  0.47894737  4.5        -1.0152576   0.27017544  4.9
  0.48421053  4.36666667 -1.85775471  0.27719298  4.9         0.48947368
  4.2        -0.33761299]",3021.6491918563843
0.16877599999999998,[0.2457031],"[ 0.26491228  4.96666667  0.47894737  4.5        -1.0152576   0.27017544
  4.9         0.48421053  4.36666667 -1.85775471  0.27719298  4.9
  0.48947368  4.2        -0.33761299  0.28070175  4.66666667  0.49473684
  4.36666667 -0.7542969 ]",3021.729215860367
0.16621599999999997,[-0.23822238],"[ 0.27017544  4.9         0.48421053  4.36666667 -1.85775471  0.27719298
  4.9         0.48947368  4.2        -0.33761299  0.28070175  4.66666667
  0.49473684  4.36666667 -0.7542969   0.28421053  4.76666667  0.49824561
  4.3        -1.23822236]",3021.8091912269592
0.16875199999999996,[-0.4159874],"[ 0.27719298  4.9         0.48947368  4.2        -0.33761299  0.28070175
  4.66666667  0.49473684  4.36666667 -0.7542969   0.28421053  4.76666667
  0.49824561  4.3        -1.23822236  0.29122807  4.83333333  0.5
  4.06666667 -1.41598737]",3021.889559030533
0.161096,[0.94375694],"[ 0.28070175  4.66666667  0.49473684  4.36666667 -0.7542969   0.28421053
  4.76666667  0.49824561  4.3        -1.23822236  0.29122807  4.83333333
  0.5         4.06666667 -1.41598737  0.29473684  4.66666667  0.50701754
  4.1        -0.05624306]",3021.9694600105286
0.16109999999999997,[-0.2750351],"[ 0.28421053  4.76666667  0.49824561  4.3        -1.23822236  0.29122807
  4.83333333  0.5         4.06666667 -1.41598737  0.29473684  4.66666667
  0.50701754  4.1        -0.05624306  0.30350877  4.6         0.51578947
  4.06666667 -1.27503514]",3022.0492153167725
0.16618399999999997,[-0.06707338],"[ 0.29122807  4.83333333  0.5         4.06666667 -1.41598737  0.29473684
  4.66666667  0.50701754  4.1        -0.05624306  0.30350877  4.6
  0.51578947  4.06666667 -1.27503514  0.31578947  4.73333333  0.5245614
  3.8        -1.06707335]",3022.1292362213135
0.166188,[-0.77894616],"[ 0.29473684  4.66666667  0.50701754  4.1        -0.05624306  0.30350877
  4.6         0.51578947  4.06666667 -1.27503514  0.31578947  4.73333333
  0.5245614   3.8        -1.06707335  0.32280702  4.66666667  0.53333333
  3.8        -1.77894616]",3022.2025446891785
0.168796,[-0.51260203],"[ 0.30350877  4.6         0.51578947  4.06666667 -1.27503514  0.31578947
  4.73333333  0.5245614   3.8        -1.06707335  0.32280702  4.66666667
  0.53333333  3.8        -1.77894616  0.32982456  4.53333333  0.54035088
  3.83333333 -1.51260209]",3022.284672021866
0.168844,[0.36635286],"[ 0.31578947  4.73333333  0.5245614   3.8        -1.06707335  0.32280702
  4.66666667  0.53333333  3.8        -1.77894616  0.32982456  4.53333333
  0.54035088  3.83333333 -1.51260209  0.33508772  4.3         0.54912281
  3.86666667 -0.63364714]",3022.3651583194733
0.173956,[0.39457497],"[ 0.32280702  4.66666667  0.53333333  3.8        -1.77894616  0.32982456
  4.53333333  0.54035088  3.83333333 -1.51260209  0.33508772  4.3
  0.54912281  3.86666667 -0.63364714  0.34385965  4.36666667  0.55614035
  3.8        -0.605425  ]",3022.4489386081696
0.17393599999999998,[-0.8219884],"[ 0.32982456  4.53333333  0.54035088  3.83333333 -1.51260209  0.33508772
  4.3         0.54912281  3.86666667 -0.63364714  0.34385965  4.36666667
  0.55614035  3.8        -0.605425    0.35087719  4.6         0.55964912
  3.73333333 -1.82198834]",3022.5293674468994
0.16883199999999995,[-0.47657934],"[ 0.33508772  4.3         0.54912281  3.86666667 -0.63364714  0.34385965
  4.36666667  0.55614035  3.8        -0.605425    0.35087719  4.6
  0.55964912  3.73333333 -1.82198834  0.35438596  4.56666667  0.56315789
  3.73333333 -1.47657931]",3022.6094150543213
0.16373600000000005,[-0.8251609],"[ 0.34385965  4.36666667  0.55614035  3.8        -0.605425    0.35087719
  4.6         0.55964912  3.73333333 -1.82198834  0.35438596  4.56666667
  0.56315789  3.73333333 -1.47657931  0.35438596  4.33333333  0.56666667
  3.9        -1.82516098]",3022.6895003318787
0.16882800000000003,[-0.42557853],"[ 0.35087719  4.6         0.55964912  3.73333333 -1.82198834  0.35438596
  4.56666667  0.56315789  3.73333333 -1.47657931  0.35438596  4.33333333
  0.56666667  3.9        -1.82516098  0.35964912  4.23333333  0.5754386
  4.1        -1.42557859]",3022.7694170475006
0.17903199999999997,[0.8405818],"[ 0.35438596  4.56666667  0.56315789  3.73333333 -1.47657931  0.35438596
  4.33333333  0.56666667  3.9        -1.82516098  0.35964912  4.23333333
  0.5754386   4.1        -1.42557859  0.37017544  4.23333333  0.58421053
  4.33333333 -0.15941823]",3022.8492839336395
0.17902399999999996,[-0.7742415],"[ 0.35438596  4.33333333  0.56666667  3.9        -1.82516098  0.35964912
  4.23333333  0.5754386   4.1        -1.42557859  0.37017544  4.23333333
  0.58421053  4.33333333 -0.15941823  0.37719298  4.3         0.59122807
  4.33333333 -1.77424145]",3022.9294555187225
0.17900399999999994,[-0.4123207],"[ 0.35964912  4.23333333  0.5754386   4.1        -1.42557859  0.37017544
  4.23333333  0.58421053  4.33333333 -0.15941823  0.37719298  4.3
  0.59122807  4.33333333 -1.77424145  0.38245614  4.4         0.59649123
  4.1        -1.41232073]",3023.0093450546265
0.17643999999999999,[-0.6506662],"[ 0.37017544  4.23333333  0.58421053  4.33333333 -0.15941823  0.37719298
  4.3         0.59122807  4.33333333 -1.77424145  0.38245614  4.4
  0.59649123  4.1        -1.41232073  0.38596491  4.33333333  0.59824561
  4.16666667 -1.65066624]",3023.0891473293304
0.173888,[0.52244127],"[ 0.37719298  4.3         0.59122807  4.33333333 -1.77424145  0.38245614
  4.4         0.59649123  4.1        -1.41232073  0.38596491  4.33333333
  0.59824561  4.16666667 -1.65066624  0.38947368  4.23333333  0.60526316
  4.4        -0.47755873]",3023.1694078445435
0.176444,[0.8665615],"[ 0.38245614  4.4         0.59649123  4.1        -1.41232073  0.38596491
  4.33333333  0.59824561  4.16666667 -1.65066624  0.38947368  4.23333333
  0.60526316  4.4        -0.47755873  0.39824561  4.23333333  0.6122807
  4.56666667 -0.13343853]",3023.249218940735
0.18406,[-0.83296317],"[ 0.38596491  4.33333333  0.59824561  4.16666667 -1.65066624  0.38947368
  4.23333333  0.60526316  4.4        -0.47755873  0.39824561  4.23333333
  0.6122807   4.56666667 -0.13343853  0.40701754  4.43333333  0.62280702
  4.4        -1.83296323]",3023.3292274475098
0.189152,[-0.6413121],"[ 0.38947368  4.23333333  0.60526316  4.4        -0.47755873  0.39824561
  4.23333333  0.6122807   4.56666667 -0.13343853  0.40701754  4.43333333
  0.62280702  4.4        -1.83296323  0.41403509  4.7         0.62631579
  4.16666667 -1.64131212]",3023.409456014633
0.184056,[-0.81696343],"[ 0.39824561  4.23333333  0.6122807   4.56666667 -0.13343853  0.40701754
  4.43333333  0.62280702  4.4        -1.83296323  0.41403509  4.7
  0.62631579  4.16666667 -1.64131212  0.41754386  4.63333333  0.62982456
  4.26666667 -1.81696343]",3023.4894897937775
0.189176,[-0.57114595],"[ 0.40701754  4.43333333  0.62280702  4.4        -1.83296323  0.41403509
  4.7         0.62631579  4.16666667 -1.64131212  0.41754386  4.63333333
  0.62982456  4.26666667 -1.81696343  0.4245614   4.4         0.63859649
  4.56666667 -1.57114601]",3023.5695333480835
0.19428000000000006,[-0.94260526],"[ 0.41403509  4.7         0.62631579  4.16666667 -1.64131212  0.41754386
  4.63333333  0.62982456  4.26666667 -1.81696343  0.4245614   4.4
  0.63859649  4.56666667 -1.57114601  0.43684211  4.4         0.64912281
  4.73333333 -1.94260526]",3023.6493060588837
0.19174399999999997,[-0.85531366],"[ 0.41754386  4.63333333  0.62982456  4.26666667 -1.81696343  0.4245614
  4.4         0.63859649  4.56666667 -1.57114601  0.43684211  4.4
  0.64912281  4.73333333 -1.94260526  0.44736842  4.36666667  0.65964912
  4.93333333 -1.85531366]",3023.7293560504913
0.19686399999999998,[-0.56972957],"[ 0.4245614   4.4         0.63859649  4.56666667 -1.57114601  0.43684211
  4.4         0.64912281  4.73333333 -1.94260526  0.44736842  4.36666667
  0.65964912  4.93333333 -1.85531366  0.45789474  4.23333333  0.66666667
  5.16666667 -1.56972957]",3023.8092601299286
0.19940799999999997,[-0.05385511],"[ 0.43684211  4.4         0.64912281  4.73333333 -1.94260526  0.44736842
  4.36666667  0.65964912  4.93333333 -1.85531366  0.45789474  4.23333333
  0.66666667  5.16666667 -1.56972957  0.46666667  4.2         0.67192982
  5.26666667 -1.05385506]",3023.889617919922
0.20192800000000002,[-0.64685464],"[ 0.44736842  4.36666667  0.65964912  4.93333333 -1.85531366  0.45789474
  4.23333333  0.66666667  5.16666667 -1.56972957  0.46666667  4.2
  0.67192982  5.26666667 -1.05385506  0.47368421  4.26666667  0.68070175
  5.26666667 -1.64685464]",3023.9689791202545
0.199372,[-0.12535097],"[ 0.45789474  4.23333333  0.66666667  5.16666667 -1.56972957  0.46666667
  4.2         0.67192982  5.26666667 -1.05385506  0.47368421  4.26666667
  0.68070175  5.26666667 -1.64685464  0.48070175  4.33333333  0.6877193
  5.26666667 -1.12535095]",3024.0449953079224
0.19685200000000003,[-0.02003193],"[ 0.46666667  4.2         0.67192982  5.26666667 -1.05385506  0.47368421
  4.26666667  0.68070175  5.26666667 -1.64685464  0.48070175  4.33333333
  0.6877193   5.26666667 -1.12535095  0.48596491  4.26666667  0.68947368
  5.46666667 -1.02003193]",3024.1238775253296
0.196832,[-0.6583686],"[ 0.47368421  4.26666667  0.68070175  5.26666667 -1.64685464  0.48070175
  4.33333333  0.6877193   5.26666667 -1.12535095  0.48596491  4.26666667
  0.68947368  5.46666667 -1.02003193  0.48947368  4.4         0.69473684
  5.46666667 -1.65836859]",3024.203068256378
0.20190799999999998,[0.9287495],"[ 0.48070175  4.33333333  0.6877193   5.26666667 -1.12535095  0.48596491
  4.26666667  0.68947368  5.46666667 -1.02003193  0.48947368  4.4
  0.69473684  5.46666667 -1.65836859  0.49298246  4.46666667  0.69824561
  5.56666667 -0.0712505 ]",3024.2874114513397
0.20445199999999994,[-0.58253944],"[ 0.48596491  4.26666667  0.68947368  5.46666667 -1.02003193  0.48947368
  4.4         0.69473684  5.46666667 -1.65836859  0.49298246  4.46666667
  0.69824561  5.56666667 -0.0712505   0.5         4.46666667  0.70175439
  5.83333333 -1.58253944]",3024.3692338466644
0.19930000000000003,[-0.04110006],"[ 0.48947368  4.4         0.69473684  5.46666667 -1.65836859  0.49298246
  4.46666667  0.69824561  5.56666667 -0.0712505   0.5         4.46666667
  0.70175439  5.83333333 -1.58253944  0.50701754  4.8         0.7122807
  5.73333333 -1.04110003]",3024.4493391513824
0.20185600000000004,[-0.01251398],"[ 0.49298246  4.46666667  0.69824561  5.56666667 -0.0712505   0.5
  4.46666667  0.70175439  5.83333333 -1.58253944  0.50701754  4.8
  0.7122807   5.73333333 -1.04110003  0.51578947  4.86666667  0.72105263
  5.83333333 -1.012514  ]",3024.533331632614
0.20441200000000004,[0.8792203],"[ 0.5         4.46666667  0.70175439  5.83333333 -1.58253944  0.50701754
  4.8         0.7122807   5.73333333 -1.04110003  0.51578947  4.86666667
  0.72105263  5.83333333 -1.012514    0.52280702  4.96666667  0.72807018
  6.         -0.12077969]",3024.6133954524994
0.20949600000000004,[0.76330686],"[ 0.50701754  4.8         0.7122807   5.73333333 -1.04110003  0.51578947
  4.86666667  0.72105263  5.83333333 -1.012514    0.52280702  4.96666667
  0.72807018  6.         -0.12077969  0.52982456  5.13333333  0.73684211
  6.         -0.23669314]",3024.6960442066193
0.212012,[0.08601464],"[ 0.51578947  4.86666667  0.72105263  5.83333333 -1.012514    0.52280702
  4.96666667  0.72807018  6.         -0.12077969  0.52982456  5.13333333
  0.73684211  6.         -0.23669314  0.53508772  5.36666667  0.74736842
  5.9        -0.91398537]",3024.773205280304
0.20943999999999993,[0.49488345],"[ 0.52280702  4.96666667  0.72807018  6.         -0.12077969  0.52982456
  5.13333333  0.73684211  6.         -0.23669314  0.53508772  5.36666667
  0.74736842  5.9        -0.91398537  0.54210526  5.5         0.75263158
  5.86666667 -0.50511658]",3024.8532617092133
0.19668399999999997,[0.2615094],"[ 0.52982456  5.13333333  0.73684211  6.         -0.23669314  0.53508772
  5.36666667  0.74736842  5.9        -0.91398537  0.54210526  5.5
  0.75263158  5.86666667 -0.50511658  0.54210526  5.5         0.75263158
  6.         -0.73849058]",3024.9332399368286
0.1890320000000001,[0.5048639],"[ 0.53508772  5.36666667  0.74736842  5.9        -0.91398537  0.54210526
  5.5         0.75263158  5.86666667 -0.50511658  0.54210526  5.5
  0.75263158  6.         -0.73849058  0.54385965  5.63333333  0.75614035
  5.96666667 -0.49513608]",3025.0130302906036
0.19156800000000007,[0.23195326],"[ 0.54210526  5.5         0.75263158  5.86666667 -0.50511658  0.54210526
  5.5         0.75263158  6.         -0.73849058  0.54385965  5.63333333
  0.75614035  5.96666667 -0.49513608  0.54912281  5.73333333  0.76140351
  5.96666667 -0.76804674]",3025.0941116809845
0.19408000000000003,[-0.92592263],"[ 0.54210526  5.5         0.75263158  6.         -0.73849058  0.54385965
  5.63333333  0.75614035  5.96666667 -0.49513608  0.54912281  5.73333333
  0.76140351  5.96666667 -0.76804674  0.55789474  5.86666667  0.77017544
  5.96666667 -1.92592263]",3025.1723794937134
0.18641599999999992,[0.52351093],"[ 0.54385965  5.63333333  0.75614035  5.96666667 -0.49513608  0.54912281
  5.73333333  0.76140351  5.96666667 -0.76804674  0.55789474  5.86666667
  0.77017544  5.96666667 -1.92592263  0.56491228  5.83333333  0.77719298
  6.1        -0.47648907]",3025.2533140182495
0.18131200000000003,[-0.9403853],"[ 0.54912281  5.73333333  0.76140351  5.96666667 -0.76804674  0.55789474
  5.86666667  0.77017544  5.96666667 -1.92592263  0.56491228  5.83333333
  0.77719298  6.1        -0.47648907  0.57192982  5.73333333  0.78070175
  6.36666667 -1.94038534]",3025.3331577777863
0.17105199999999998,[-0.00153454],"[ 0.55789474  5.86666667  0.77017544  5.96666667 -1.92592263  0.56491228
  5.83333333  0.77719298  6.1        -0.47648907  0.57192982  5.73333333
  0.78070175  6.36666667 -1.94038534  0.5754386   5.9         0.78596491
  6.36666667 -1.00153458]",3025.4131259918213
0.16593199999999997,[-0.49727103],"[ 0.56491228  5.83333333  0.77719298  6.1        -0.47648907  0.57192982
  5.73333333  0.78070175  6.36666667 -1.94038534  0.5754386   5.9
  0.78596491  6.36666667 -1.00153458  0.58070175  5.93333333  0.78947368
  6.46666667 -1.49727106]",3025.493309736252
0.16081999999999996,[-0.5516349],"[ 0.57192982  5.73333333  0.78070175  6.36666667 -1.94038534  0.5754386
  5.9         0.78596491  6.36666667 -1.00153458  0.58070175  5.93333333
  0.78947368  6.46666667 -1.49727106  0.58421053  6.          0.79473684
  6.53333333 -1.55163491]",3025.573246240616
0.15827599999999997,[0.46357873],"[ 0.5754386   5.9         0.78596491  6.36666667 -1.00153458  0.58070175
  5.93333333  0.78947368  6.46666667 -1.49727106  0.58421053  6.
  0.79473684  6.53333333 -1.55163491  0.58947368  5.96666667  0.79824561
  6.66666667 -0.5364213 ]",3025.6531670093536
0.15826799999999996,[0.02293435],"[ 0.58070175  5.93333333  0.78947368  6.46666667 -1.49727106  0.58421053
  6.          0.79473684  6.53333333 -1.55163491  0.58947368  5.96666667
  0.79824561  6.66666667 -0.5364213   0.59473684  5.96666667  0.80350877
  6.7        -0.97706562]",3025.733184814453
0.16336399999999995,[-0.78932697],"[ 0.58421053  6.          0.79473684  6.53333333 -1.55163491  0.58947368
  5.96666667  0.79824561  6.66666667 -0.5364213   0.59473684  5.96666667
  0.80350877  6.7        -0.97706562  0.60175439  6.23333333  0.8122807
  6.56666667 -1.78932691]",3025.8131506443024
0.16592799999999996,[0.21646702],"[ 0.58947368  5.96666667  0.79824561  6.66666667 -0.5364213   0.59473684
  5.96666667  0.80350877  6.7        -0.97706562  0.60175439  6.23333333
  0.8122807   6.56666667 -1.78932691  0.60701754  6.23333333  0.81754386
  6.6        -0.78353298]",3025.893611907959
0.16339599999999999,[-0.973414],"[ 0.59473684  5.96666667  0.80350877  6.7        -0.97706562  0.60175439
  6.23333333  0.8122807   6.56666667 -1.78932691  0.60701754  6.23333333
  0.81754386  6.6        -0.78353298  0.6122807   6.03333333  0.81929825
  6.86666667 -1.97341394]",3025.976551055908
0.160864,[0.13105392],"[ 0.60175439  6.23333333  0.8122807   6.56666667 -1.78932691  0.60701754
  6.23333333  0.81754386  6.6        -0.78353298  0.6122807   6.03333333
  0.81929825  6.86666667 -1.97341394  0.61754386  6.16666667  0.82631579
  6.9        -0.86894608]",3026.0465626716614
0.15832000000000002,[0.1076529],"[ 0.60701754  6.23333333  0.81754386  6.6        -0.78353298  0.6122807
  6.03333333  0.81929825  6.86666667 -1.97341394  0.61754386  6.16666667
  0.82631579  6.9        -0.86894608  0.6245614   6.13333333  0.83157895
  7.03333333 -0.8923471 ]",3026.1293058395386
0.160868,[-0.5379609],"[ 0.6122807   6.03333333  0.81929825  6.86666667 -1.97341394  0.61754386
  6.16666667  0.82631579  6.9        -0.86894608  0.6245614   6.13333333
  0.83157895  7.03333333 -0.8923471   0.63333333  6.3         0.84210526
  7.03333333 -1.53796089]",3026.213238954544
0.160868,[-0.6358156],"[ 0.61754386  6.16666667  0.82631579  6.9        -0.86894608  0.6245614
  6.13333333  0.83157895  7.03333333 -0.8923471   0.63333333  6.3
  0.84210526  7.03333333 -1.53796089  0.64035088  6.46666667  0.85087719
  7.03333333 -1.63581562]",3026.2932891845703
0.16602400000000006,[0.7000432],"[ 0.6245614   6.13333333  0.83157895  7.03333333 -0.8923471   0.63333333
  6.3         0.84210526  7.03333333 -1.53796089  0.64035088  6.46666667
  0.85087719  7.03333333 -1.63581562  0.64912281  6.33333333  0.85438596
  7.3        -0.2999568 ]",3026.373241662979
0.16603600000000007,[-0.3311864],"[ 0.63333333  6.3         0.84210526  7.03333333 -1.53796089  0.64035088
  6.46666667  0.85087719  7.03333333 -1.63581562  0.64912281  6.33333333
  0.85438596  7.3        -0.2999568   0.65614035  6.36666667  0.85964912
  7.4        -1.33118641]",3026.4534850120544
0.17111600000000005,[0.4226394],"[ 0.64035088  6.46666667  0.85087719  7.03333333 -1.63581562  0.64912281
  6.33333333  0.85438596  7.3        -0.2999568   0.65614035  6.36666667
  0.85964912  7.4        -1.33118641  0.65964912  6.63333333  0.86842105
  7.3        -0.57736063]",3026.533324956894
0.18134799999999995,[-0.44218108],"[ 0.64912281  6.33333333  0.85438596  7.3        -0.2999568   0.65614035
  6.36666667  0.85964912  7.4        -1.33118641  0.65964912  6.63333333
  0.86842105  7.3        -0.57736063  0.66842105  6.7         0.8754386
  7.36666667 -1.44218111]",3026.6133172512054
0.18389999999999995,[0.6534637],"[ 0.65614035  6.36666667  0.85964912  7.4        -1.33118641  0.65964912
  6.63333333  0.86842105  7.3        -0.57736063  0.66842105  6.7
  0.8754386   7.36666667 -1.44218111  0.6754386   6.83333333  0.88596491
  7.36666667 -0.34653628]",3026.6929140090942
0.18391999999999997,[-0.5911697],"[ 0.65964912  6.63333333  0.86842105  7.3        -0.57736063  0.66842105
  6.7         0.8754386   7.36666667 -1.44218111  0.6754386   6.83333333
  0.88596491  7.36666667 -0.34653628  0.68421053  6.8         0.89298246
  7.4        -1.59116971]",3026.773307800293
0.18134400000000006,[0.44854465],"[ 0.66842105  6.7         0.8754386   7.36666667 -1.44218111  0.6754386
  6.83333333  0.88596491  7.36666667 -0.34653628  0.68421053  6.8
  0.89298246  7.4        -1.59116971  0.68947368  6.93333333  0.9
  7.3        -0.55145538]",3026.853285074234
0.17877199999999993,[-0.33246446],"[ 0.6754386   6.83333333  0.88596491  7.36666667 -0.34653628  0.68421053
  6.8         0.89298246  7.4        -1.59116971  0.68947368  6.93333333
  0.9         7.3        -0.55145538  0.69473684  6.96666667  0.90526316
  7.4        -1.33246446]",3026.9331789016724
0.18388400000000005,[-0.19221497],"[ 0.68421053  6.8         0.89298246  7.4        -1.59116971  0.68947368
  6.93333333  0.9         7.3        -0.55145538  0.69473684  6.96666667
  0.90526316  7.4        -1.33246446  0.70175439  7.13333333  0.91403509
  7.43333333 -1.19221497]",3027.0134472846985
0.18900000000000006,[-0.322701],"[ 0.68947368  6.93333333  0.9         7.3        -0.55145538  0.69473684
  6.96666667  0.90526316  7.4        -1.33246446  0.70175439  7.13333333
  0.91403509  7.43333333 -1.19221497  0.71052632  7.13333333  0.91929825
  7.53333333 -1.32270098]",3027.093278169632
0.19412399999999996,[-0.16120854],"[ 0.69473684  6.96666667  0.90526316  7.4        -1.33246446  0.70175439
  7.13333333  0.91403509  7.43333333 -1.19221497  0.71052632  7.13333333
  0.91929825  7.53333333 -1.32270098  0.71754386  7.1         0.92807018
  7.56666667 -1.16120851]",3027.173447370529
0.19666400000000006,[0.7982977],"[ 0.70175439  7.13333333  0.91403509  7.43333333 -1.19221497  0.71052632
  7.13333333  0.91929825  7.53333333 -1.32270098  0.71754386  7.1
  0.92807018  7.56666667 -1.16120851  0.7245614   7.2         0.93333333
  7.63333333 -0.2017023 ]",3027.253313779831
0.19408799999999993,[-0.09026986],"[ 0.71052632  7.13333333  0.91929825  7.53333333 -1.32270098  0.71754386
  7.1         0.92807018  7.56666667 -1.16120851  0.7245614   7.2
  0.93333333  7.63333333 -0.2017023   0.72807018  7.36666667  0.93859649
  7.6        -1.0902698 ]",3027.333468914032
0.18898800000000004,[-0.69068456],"[ 0.71754386  7.1         0.92807018  7.56666667 -1.16120851  0.7245614
  7.2         0.93333333  7.63333333 -0.2017023   0.72807018  7.36666667
  0.93859649  7.6        -1.0902698   0.73157895  7.53333333  0.94210526
  7.46666667 -1.69068456]",3027.4132170677185
0.18389200000000006,[-0.35361326],"[ 0.7245614   7.2         0.93333333  7.63333333 -0.2017023   0.72807018
  7.36666667  0.93859649  7.6        -1.0902698   0.73157895  7.53333333
  0.94210526  7.46666667 -1.69068456  0.73333333  7.4         0.94561404
  7.56666667 -1.35361326]",3027.4932310581207
0.18133999999999995,[0.41066894],"[ 0.72807018  7.36666667  0.93859649  7.6        -1.0902698   0.73157895
  7.53333333  0.94210526  7.46666667 -1.69068456  0.73333333  7.4
  0.94561404  7.56666667 -1.35361326  0.73684211  7.16666667  0.94736842
  7.83333333 -0.58933103]",3027.5731985569
0.18133600000000005,[-0.04935601],"[ 0.73157895  7.53333333  0.94210526  7.46666667 -1.69068456  0.73333333
  7.4         0.94561404  7.56666667 -1.35361326  0.73684211  7.16666667
  0.94736842  7.83333333 -0.58933103  0.74210526  7.33333333  0.95263158
  7.86666667 -1.04935598]",3027.6532871723175
0.18386400000000003,[-0.76248693],"[ 0.73333333  7.4         0.94561404  7.56666667 -1.35361326  0.73684211
  7.16666667  0.94736842  7.83333333 -0.58933103  0.74210526  7.33333333
  0.95263158  7.86666667 -1.04935598  0.75087719  7.53333333  0.96315789
  7.76666667 -1.76248693]",3027.732821702957
0.18645999999999996,[-0.6907263],"[ 0.73684211  7.16666667  0.94736842  7.83333333 -0.58933103  0.74210526
  7.33333333  0.95263158  7.86666667 -1.04935598  0.75087719  7.53333333
  0.96315789  7.76666667 -1.76248693  0.76140351  7.36666667  0.97192982
  7.86666667 -1.69072628]",3027.806589603424
