reward,action,obs,time
,,"[0.         0.         0.         0.         0.         0.
 0.         0.         0.         0.         0.         0.
 0.         0.         0.         0.03157895 5.83333333 0.24561404
 5.33333333 0.        ]",2976.6841456890106
-0.0025239999999999985,[0.6404253],"[ 0.          0.          0.          0.          0.          0.
  0.          0.          0.          0.          0.03157895  5.83333333
  0.24561404  5.33333333  0.          0.02982456  5.56666667  0.24561404
  5.46666667 -0.35957468]",2976.762360095978
1.6000000000002124e-05,[0.9052391],"[ 0.          0.          0.          0.          0.          0.03157895
  5.83333333  0.24561404  5.33333333  0.          0.02982456  5.56666667
  0.24561404  5.46666667 -0.35957468  0.03157895  5.7         0.24385965
  5.4        -0.09476089]",2976.809086561203
2.3999999999996247e-05,[-0.9650389],"[ 0.03157895  5.83333333  0.24561404  5.33333333  0.          0.02982456
  5.56666667  0.24561404  5.46666667 -0.35957468  0.03157895  5.7
  0.24385965  5.4        -0.09476089  0.03157895  5.63333333  0.24385965
  5.43333333 -1.9650389 ]",2976.864663362503
2.3999999999996247e-05,[0.70533395],"[ 0.02982456  5.56666667  0.24561404  5.46666667 -0.35957468  0.03157895
  5.7         0.24385965  5.4        -0.09476089  0.03157895  5.63333333
  0.24385965  5.43333333 -1.9650389   0.03157895  5.63333333  0.24385965
  5.43333333 -0.29466605]",2976.9092350006104
2.3999999999996247e-05,[0.34220874],"[ 0.03157895  5.7         0.24385965  5.4        -0.09476089  0.03157895
  5.63333333  0.24385965  5.43333333 -1.9650389   0.03157895  5.63333333
  0.24385965  5.43333333 -0.29466605  0.03157895  5.63333333  0.24385965
  5.43333333 -0.65779126]",2976.963860273361
1.1999999999998123e-05,[0.4227549],"[ 0.03157895  5.63333333  0.24385965  5.43333333 -1.9650389   0.03157895
  5.63333333  0.24385965  5.43333333 -0.29466605  0.03157895  5.63333333
  0.24385965  5.43333333 -0.65779126  0.03157895  5.73333333  0.24561404
  5.36666667 -0.57724512]",2977.0095160007477
0.0025599999999999998,[-0.8273135],"[ 0.03157895  5.63333333  0.24385965  5.43333333 -0.29466605  0.03157895
  5.63333333  0.24385965  5.43333333 -0.65779126  0.03157895  5.73333333
  0.24561404  5.36666667 -0.57724512  0.03333333  5.8         0.24561404
  5.26666667 -1.82731342]",2977.0631942749023
1.1999999999998123e-05,[0.69092953],"[ 0.03157895  5.63333333  0.24385965  5.43333333 -0.65779126  0.03157895
  5.73333333  0.24561404  5.36666667 -0.57724512  0.03333333  5.8
  0.24561404  5.26666667 -1.82731342  0.03157895  5.73333333  0.24561404
  5.3        -0.30907047]",2977.1163854599
0.0025599999999999998,[-0.18752775],"[ 0.03157895  5.73333333  0.24561404  5.36666667 -0.57724512  0.03333333
  5.8         0.24561404  5.26666667 -1.82731342  0.03157895  5.73333333
  0.24561404  5.3        -0.30907047  0.03333333  5.8         0.24561404
  5.3        -1.18752778]",2977.166954755783
0.0051199999999999996,[-0.36378518],"[ 0.03333333  5.8         0.24561404  5.26666667 -1.82731342  0.03157895
  5.73333333  0.24561404  5.3        -0.30907047  0.03333333  5.8
  0.24561404  5.3        -1.18752778  0.03508772  5.76666667  0.24736842
  5.33333333 -1.36378515]",2977.2372562885284
0.007683999999999996,[0.10635988],"[ 0.03157895  5.73333333  0.24561404  5.3        -0.30907047  0.03333333
  5.8         0.24561404  5.3        -1.18752778  0.03508772  5.76666667
  0.24736842  5.33333333 -1.36378515  0.03684211  5.7         0.24912281
  5.36666667 -0.8936401 ]",2977.3117351531982
0.012803999999999996,[-0.83738863],"[ 0.03333333  5.8         0.24561404  5.3        -1.18752778  0.03508772
  5.76666667  0.24736842  5.33333333 -1.36378515  0.03684211  5.7
  0.24912281  5.36666667 -0.8936401   0.04035088  5.63333333  0.25438596
  5.46666667 -1.83738863]",2977.390560388565
0.017907999999999993,[-0.93992114],"[ 0.03508772  5.76666667  0.24736842  5.33333333 -1.36378515  0.03684211
  5.7         0.24912281  5.36666667 -0.8936401   0.04035088  5.63333333
  0.25438596  5.46666667 -1.83738863  0.04385965  5.7         0.25789474
  5.4        -1.93992114]",2977.475341320038
0.023052000000000003,[0.9372518],"[ 0.03684211  5.7         0.24912281  5.36666667 -0.8936401   0.04035088
  5.63333333  0.25438596  5.46666667 -1.83738863  0.04385965  5.7
  0.25789474  5.4        -1.93992114  0.04736842  5.43333333  0.26140351
  5.63333333 -0.06274819]",2977.557172060013
0.02562399999999999,[-0.2592697],"[ 0.04035088  5.63333333  0.25438596  5.46666667 -1.83738863  0.04385965
  5.7         0.25789474  5.4        -1.93992114  0.04736842  5.43333333
  0.26140351  5.63333333 -0.06274819  0.04912281  5.3         0.26315789
  5.8        -1.25926971]",2977.636842727661
0.030712,[-0.23613265],"[ 0.04385965  5.7         0.25789474  5.4        -1.93992114  0.04736842
  5.43333333  0.26140351  5.63333333 -0.06274819  0.04912281  5.3
  0.26315789  5.8        -1.25926971  0.05263158  5.5         0.26666667
  5.66666667 -1.23613262]",2977.717242002487
0.038380000000000004,[0.8138976],"[ 0.04736842  5.43333333  0.26140351  5.63333333 -0.06274819  0.04912281
  5.3         0.26315789  5.8        -1.25926971  0.05263158  5.5
  0.26666667  5.66666667 -1.23613262  0.05789474  5.5         0.27192982
  5.66666667 -0.18610239]",2977.792249441147
0.04603999999999999,[0.3962228],"[ 0.04912281  5.3         0.26315789  5.8        -1.25926971  0.05263158
  5.5         0.26666667  5.66666667 -1.23613262  0.05789474  5.5
  0.27192982  5.66666667 -0.18610239  0.06315789  5.56666667  0.27719298
  5.66666667 -0.60377717]",2977.870875597
0.058795999999999994,[0.13857648],"[ 0.05263158  5.5         0.26666667  5.66666667 -1.23613262  0.05789474
  5.5         0.27192982  5.66666667 -0.18610239  0.06315789  5.56666667
  0.27719298  5.66666667 -0.60377717  0.07192982  5.76666667  0.28421053
  5.43333333 -0.86142349]",2977.955343723297
0.06646,[0.45126116],"[ 0.05789474  5.5         0.27192982  5.66666667 -0.18610239  0.06315789
  5.56666667  0.27719298  5.66666667 -0.60377717  0.07192982  5.76666667
  0.28421053  5.43333333 -0.86142349  0.07719298  5.8         0.29122807
  5.36666667 -0.54873884]",2978.033403635025
0.076652,[0.4276114],"[ 0.06315789  5.56666667  0.27719298  5.66666667 -0.60377717  0.07192982
  5.76666667  0.28421053  5.43333333 -0.86142349  0.07719298  5.8
  0.29122807  5.36666667 -0.54873884  0.08245614  5.8         0.29473684
  5.3        -0.57238859]",2978.110508918762
0.08432,[-0.44212565],"[ 0.07192982  5.76666667  0.28421053  5.43333333 -0.86142349  0.07719298
  5.8         0.29122807  5.36666667 -0.54873884  0.08245614  5.8
  0.29473684  5.3        -0.57238859  0.08947368  5.93333333  0.3
  5.2        -1.44212568]",2978.1953225135803
0.089428,[0.04492328],"[ 0.07719298  5.8         0.29122807  5.36666667 -0.54873884  0.08245614
  5.8         0.29473684  5.3        -0.57238859  0.08947368  5.93333333
  0.3         5.2        -1.44212568  0.09298246  5.9         0.30350877
  5.2        -0.95507669]",2978.2753670215607
0.092008,[0.28633484],"[ 0.08245614  5.8         0.29473684  5.3        -0.57238859  0.08947368
  5.93333333  0.3         5.2        -1.44212568  0.09298246  5.9
  0.30350877  5.2        -0.95507669  0.09473684  5.7         0.30701754
  5.36666667 -0.71366513]",2978.377380847931
0.097112,[0.7937811],"[ 0.08947368  5.93333333  0.3         5.2        -1.44212568  0.09298246
  5.9         0.30350877  5.2        -0.95507669  0.09473684  5.7
  0.30701754  5.36666667 -0.71366513  0.09824561  5.76666667  0.3122807
  5.3        -0.2062189 ]",2978.4372231960297
0.11243600000000001,[-0.96451634],"[ 0.09298246  5.9         0.30350877  5.2        -0.95507669  0.09473684
  5.7         0.30701754  5.36666667 -0.71366513  0.09824561  5.76666667
  0.3122807   5.3        -0.2062189   0.10877193  5.96666667  0.31578947
  5.03333333 -1.9645164 ]",2978.519912481308
0.11754400000000001,[0.10078979],"[ 0.09473684  5.7         0.30701754  5.36666667 -0.71366513  0.09824561
  5.76666667  0.3122807   5.3        -0.2062189   0.10877193  5.96666667
  0.31578947  5.03333333 -1.9645164   0.11403509  6.06666667  0.31929825
  4.8        -0.89921021]",2978.59738445282
0.125204,[0.18937033],"[ 0.09824561  5.76666667  0.3122807   5.3        -0.2062189   0.10877193
  5.96666667  0.31578947  5.03333333 -1.9645164   0.11403509  6.06666667
  0.31929825  4.8        -0.89921021  0.11754386  6.06666667  0.32280702
  4.7        -0.81062967]",2978.677375793457
0.12522,[0.68883896],"[ 0.10877193  5.96666667  0.31578947  5.03333333 -1.9645164   0.11403509
  6.06666667  0.31929825  4.8        -0.89921021  0.11754386  6.06666667
  0.32280702  4.7        -0.81062967  0.11929825  6.          0.32807018
  4.73333333 -0.31116104]",2978.757356405258
0.127764,[-0.18656778],"[ 0.11403509  6.06666667  0.31929825  4.8        -0.89921021  0.11754386
  6.06666667  0.32280702  4.7        -0.81062967  0.11929825  6.
  0.32807018  4.73333333 -0.31116104  0.12280702  6.06666667  0.32982456
  4.56666667 -1.18656778]",2978.8375284671783
0.16611199999999998,[0.16010442],"[ 0.11754386  6.06666667  0.32280702  4.7        -0.81062967  0.11929825
  6.          0.32807018  4.73333333 -0.31116104  0.12280702  6.06666667
  0.32982456  4.56666667 -1.18656778  0.15087719  5.93333333  0.33157895
  4.33333333 -0.83989561]",2978.9172999858856
0.15844799999999998,[0.31935602],"[ 0.11929825  6.          0.32807018  4.73333333 -0.31116104  0.12280702
  6.06666667  0.32982456  4.56666667 -1.18656778  0.15087719  5.93333333
  0.33157895  4.33333333 -0.83989561  0.14912281  5.83333333  0.33684211
  4.33333333 -0.68064398]",2978.9974188804626
0.15846,[-0.8541645],"[ 0.12280702  6.06666667  0.32982456  4.56666667 -1.18656778  0.15087719
  5.93333333  0.33157895  4.33333333 -0.83989561  0.14912281  5.83333333
  0.33684211  4.33333333 -0.68064398  0.15263158  5.8         0.34035088
  4.26666667 -1.85416448]",2979.0772874355316
0.15588,[-0.27516153],"[ 0.15087719  5.93333333  0.33157895  4.33333333 -0.83989561  0.14912281
  5.83333333  0.33684211  4.33333333 -0.68064398  0.15263158  5.8
  0.34035088  4.26666667 -1.85416448  0.15438596  5.73333333  0.34385965
  4.1        -1.2751615 ]",2979.15722155571
0.15077600000000002,[0.40136358],"[ 0.14912281  5.83333333  0.33684211  4.33333333 -0.68064398  0.15263158
  5.8         0.34035088  4.26666667 -1.85416448  0.15438596  5.73333333
  0.34385965  4.1        -1.2751615   0.15263158  5.53333333  0.35263158
  4.2        -0.59863639]",2979.2372782230377
0.15336,[-0.8156616],"[ 0.15263158  5.8         0.34035088  4.26666667 -1.85416448  0.15438596
  5.73333333  0.34385965  4.1        -1.2751615   0.15263158  5.53333333
  0.35263158  4.2        -0.59863639  0.15789474  5.5         0.35789474
  4.13333333 -1.81566167]",2979.3173389434814
0.15846400000000002,[-0.9148006],"[ 0.15438596  5.73333333  0.34385965  4.1        -1.2751615   0.15263158
  5.53333333  0.35263158  4.2        -0.59863639  0.15789474  5.5
  0.35789474  4.13333333 -1.81566167  0.16666667  5.56666667  0.35789474
  3.9        -1.91480064]",2979.3973886966705
0.14828400000000003,[-0.68787724],"[ 0.15263158  5.53333333  0.35263158  4.2        -0.59863639  0.15789474
  5.5         0.35789474  4.13333333 -1.81566167  0.16666667  5.56666667
  0.35789474  3.9        -1.91480064  0.16491228  5.26666667  0.36491228
  3.93333333 -1.68787718]",2979.4773313999176
0.14067600000000002,[-0.12824641],"[ 0.15789474  5.5         0.35789474  4.13333333 -1.81566167  0.16666667
  5.56666667  0.35789474  3.9        -1.91480064  0.16491228  5.26666667
  0.36491228  3.93333333 -1.68787718  0.16842105  4.96666667  0.3754386
  4.06666667 -1.12824643]",2979.557364463806
0.14580400000000002,[0.8550829],"[ 0.16666667  5.56666667  0.35789474  3.9        -1.91480064  0.16491228
  5.26666667  0.36491228  3.93333333 -1.68787718  0.16842105  4.96666667
  0.3754386   4.06666667 -1.12824643  0.17719298  4.86666667  0.38421053
  3.96666667 -0.14491707]",2979.6372294425964
0.150912,[-0.52987504],"[ 0.16491228  5.26666667  0.36491228  3.93333333 -1.68787718  0.16842105
  4.96666667  0.3754386   4.06666667 -1.12824643  0.17719298  4.86666667
  0.38421053  3.96666667 -0.14491707  0.18596491  4.9         0.39122807
  3.76666667 -1.52987504]",2979.7142810821533
0.15602,[-0.03525336],"[ 0.16842105  4.96666667  0.3754386   4.06666667 -1.12824643  0.17719298
  4.86666667  0.38421053  3.96666667 -0.14491707  0.18596491  4.9
  0.39122807  3.76666667 -1.52987504  0.19649123  5.06666667  0.39649123
  3.66666667 -1.03525341]",2979.79474902153
0.153476,[0.48513782],"[ 0.17719298  4.86666667  0.38421053  3.96666667 -0.14491707  0.18596491
  4.9         0.39122807  3.76666667 -1.52987504  0.19649123  5.06666667
  0.39649123  3.66666667 -1.03525341  0.19824561  4.93333333  0.40175439
  3.7        -0.51486218]",2979.8708188533783
0.15858,[0.2742975],"[ 0.18596491  4.9         0.39122807  3.76666667 -1.52987504  0.19649123
  5.06666667  0.39649123  3.66666667 -1.03525341  0.19824561  4.93333333
  0.40175439  3.7        -0.51486218  0.20350877  4.8         0.40701754
  3.66666667 -0.72570252]",2979.955817222595
0.161128,[-0.5534477],"[ 0.19649123  5.06666667  0.39649123  3.66666667 -1.03525341  0.19824561
  4.93333333  0.40175439  3.7        -0.51486218  0.20350877  4.8
  0.40701754  3.66666667 -0.72570252  0.20877193  4.93333333  0.41052632
  3.66666667 -1.55344772]",2980.036699771881
0.15092,[0.63196605],"[ 0.19824561  4.93333333  0.40175439  3.7        -0.51486218  0.20350877
  4.8         0.40701754  3.66666667 -0.72570252  0.20877193  4.93333333
  0.41052632  3.66666667 -1.55344772  0.2122807   5.          0.41754386
  3.9        -0.36803395]",2980.1173980236053
0.14583600000000002,[-0.7170676],"[ 0.20350877  4.8         0.40701754  3.66666667 -0.72570252  0.20877193
  4.93333333  0.41052632  3.66666667 -1.55344772  0.2122807   5.
  0.41754386  3.9        -0.36803395  0.21403509  4.86666667  0.42631579
  4.2        -1.7170676 ]",2980.1972415447235
0.15094399999999997,[0.68009835],"[ 0.20877193  4.93333333  0.41052632  3.66666667 -1.55344772  0.2122807
  5.          0.41754386  3.9        -0.36803395  0.21403509  4.86666667
  0.42631579  4.2        -1.7170676   0.22105263  4.9         0.43157895
  4.13333333 -0.31990165]",2980.277375459671
0.15605999999999998,[0.01191394],"[ 0.2122807   5.          0.41754386  3.9        -0.36803395  0.21403509
  4.86666667  0.42631579  4.2        -1.7170676   0.22105263  4.9
  0.43157895  4.13333333 -0.31990165  0.22631579  4.8         0.43859649
  4.23333333 -0.98808604]",2980.3567509651184
0.15861599999999998,[-0.63929343],"[ 0.21403509  4.86666667  0.42631579  4.2        -1.7170676   0.22105263
  4.9         0.43157895  4.13333333 -0.31990165  0.22631579  4.8
  0.43859649  4.23333333 -0.98808604  0.23157895  4.86666667  0.44210526
  4.26666667 -1.63929343]",2980.4318675994873
0.12281600000000001,[0.21497527],"[ 0.22105263  4.9         0.43157895  4.13333333 -0.31990165  0.22631579
  4.8         0.43859649  4.23333333 -0.98808604  0.23157895  4.86666667
  0.44210526  4.26666667 -1.63929343  0.23508772  4.86666667  0.44736842
  4.33333333 -0.78502476]",2980.513302564621
0.12794,[-0.53675085],"[ 0.22631579  4.8         0.43859649  4.23333333 -0.98808604  0.23157895
  4.86666667  0.44210526  4.26666667 -1.63929343  0.23508772  4.86666667
  0.44736842  4.33333333 -0.78502476  0.23684211  4.66666667  0.45087719
  4.5        -1.53675079]",2980.597419500351
0.13047599999999998,[0.4799033],"[ 0.23157895  4.86666667  0.44210526  4.26666667 -1.63929343  0.23508772
  4.86666667  0.44736842  4.33333333 -0.78502476  0.23684211  4.66666667
  0.45087719  4.5        -1.53675079  0.24210526  4.8         0.45614035
  4.43333333 -0.52009666]",2980.677464723587
0.13813200000000003,[0.45941296],"[ 0.23508772  4.86666667  0.44736842  4.33333333 -0.78502476  0.23684211
  4.66666667  0.45087719  4.5        -1.53675079  0.24210526  4.8
  0.45614035  4.43333333 -0.52009666  0.24912281  4.83333333  0.46315789
  4.56666667 -0.54058707]",2980.757301092148
0.150864,[0.07813276],"[ 0.23684211  4.66666667  0.45087719  4.5        -1.53675079  0.24210526
  4.8         0.45614035  4.43333333 -0.52009666  0.24912281  4.83333333
  0.46315789  4.56666667 -0.54058707  0.25614035  5.03333333  0.47017544
  4.46666667 -0.92186725]",2980.8373754024506
0.1534,[0.2222028],"[ 0.24210526  4.8         0.45614035  4.43333333 -0.52009666  0.24912281
  4.83333333  0.46315789  4.56666667 -0.54058707  0.25614035  5.03333333
  0.47017544  4.46666667 -0.92186725  0.26315789  5.16666667  0.47368421
  4.36666667 -0.77779722]",2980.9172003269196
0.148296,[-0.5367233],"[ 0.24912281  4.83333333  0.46315789  4.56666667 -0.54058707  0.25614035
  5.03333333  0.47017544  4.46666667 -0.92186725  0.26315789  5.16666667
  0.47368421  4.36666667 -0.77779722  0.26842105  5.16666667  0.47894737
  4.36666667 -1.53672338]",2980.997497320175
0.15848799999999996,[-0.8954292],"[ 0.25614035  5.03333333  0.47017544  4.46666667 -0.92186725  0.26315789
  5.16666667  0.47368421  4.36666667 -0.77779722  0.26842105  5.16666667
  0.47894737  4.36666667 -1.53672338  0.27368421  5.13333333  0.48596491
  4.36666667 -1.89542913]",2981.077408313751
0.161036,[0.33684316],"[ 0.26315789  5.16666667  0.47368421  4.36666667 -0.77779722  0.26842105
  5.16666667  0.47894737  4.36666667 -1.53672338  0.27368421  5.13333333
  0.48596491  4.36666667 -1.89542913  0.27894737  4.9         0.49298246
  4.63333333 -0.66315687]",2981.1573560237885
0.153364,[-0.87043095],"[ 0.26842105  5.16666667  0.47894737  4.36666667 -1.53672338  0.27368421
  5.13333333  0.48596491  4.36666667 -1.89542913  0.27894737  4.9
  0.49298246  4.63333333 -0.66315687  0.28245614  4.83333333  0.49649123
  4.76666667 -1.87043095]",2981.2372431755066
0.14824800000000005,[0.15913737],"[ 0.27368421  5.13333333  0.48596491  4.36666667 -1.89542913  0.27894737
  4.9         0.49298246  4.63333333 -0.66315687  0.28245614  4.83333333
  0.49649123  4.76666667 -1.87043095  0.2877193   4.9         0.50175439
  4.7        -0.84086263]",2981.3173344135284
0.14061600000000002,[-0.3776712],"[ 0.27894737  4.9         0.49298246  4.63333333 -0.66315687  0.28245614
  4.83333333  0.49649123  4.76666667 -1.87043095  0.2877193   4.9
  0.50175439  4.7        -0.84086263  0.29298246  4.76666667  0.50701754
  4.73333333 -1.37767124]",2981.397329568863
0.14827600000000002,[-0.31562132],"[ 0.28245614  4.83333333  0.49649123  4.76666667 -1.87043095  0.2877193
  4.9         0.50175439  4.7        -0.84086263  0.29298246  4.76666667
  0.50701754  4.73333333 -1.37767124  0.3         4.7         0.51403509
  4.66666667 -1.31562138]",2981.4772469997406
0.15337599999999996,[0.28890666],"[ 0.2877193   4.9         0.50175439  4.7        -0.84086263  0.29298246
  4.76666667  0.50701754  4.73333333 -1.37767124  0.3         4.7
  0.51403509  4.66666667 -1.31562138  0.30877193  4.66666667  0.52280702
  4.66666667 -0.71109331]",2981.55735206604
0.15593999999999997,[0.08068243],"[ 0.29298246  4.76666667  0.50701754  4.73333333 -1.37767124  0.3
  4.7         0.51403509  4.66666667 -1.31562138  0.30877193  4.66666667
  0.52280702  4.66666667 -0.71109331  0.31578947  4.73333333  0.53157895
  4.63333333 -0.9193176 ]",2981.637396335602
0.16359999999999997,[0.4376489],"[ 0.3         4.7         0.51403509  4.66666667 -1.31562138  0.30877193
  4.66666667  0.52280702  4.66666667 -0.71109331  0.31578947  4.73333333
  0.53157895  4.63333333 -0.9193176   0.3245614   4.86666667  0.53859649
  4.5        -0.56235111]",2981.7174804210663
0.16869599999999996,[-0.93713987],"[ 0.30877193  4.66666667  0.52280702  4.66666667 -0.71109331  0.31578947
  4.73333333  0.53157895  4.63333333 -0.9193176   0.3245614   4.86666667
  0.53859649  4.5        -0.56235111  0.32982456  4.86666667  0.54210526
  4.46666667 -1.93713987]",2981.7972984313965
0.161028,[0.4030477],"[ 0.31578947  4.73333333  0.53157895  4.63333333 -0.9193176   0.3245614
  4.86666667  0.53859649  4.5        -0.56235111  0.32982456  4.86666667
  0.54210526  4.46666667 -1.93713987  0.33157895  4.9         0.54385965
  4.43333333 -0.59695232]",2981.8774416446686
0.155916,[-0.90205085],"[ 0.3245614   4.86666667  0.53859649  4.5        -0.56235111  0.32982456
  4.86666667  0.54210526  4.46666667 -1.93713987  0.33157895  4.9
  0.54385965  4.43333333 -0.59695232  0.33333333  4.8         0.54736842
  4.56666667 -1.90205085]",2981.9572904109955
0.155916,[0.86376274],"[ 0.32982456  4.86666667  0.54210526  4.46666667 -1.93713987  0.33157895
  4.9         0.54385965  4.43333333 -0.59695232  0.33333333  4.8
  0.54736842  4.56666667 -1.90205085  0.33859649  4.86666667  0.55263158
  4.53333333 -0.13623726]",2982.037572622299
0.15847999999999995,[0.02082334],"[ 0.33157895  4.9         0.54385965  4.43333333 -0.59695232  0.33333333
  4.8         0.54736842  4.56666667 -1.90205085  0.33859649  4.86666667
  0.55263158  4.53333333 -0.13623726  0.34385965  4.8         0.55964912
  4.6        -0.97917664]",2982.117491722107
0.16612,[-0.5394155],"[ 0.33333333  4.8         0.54736842  4.56666667 -1.90205085  0.33859649
  4.86666667  0.55263158  4.53333333 -0.13623726  0.34385965  4.8
  0.55964912  4.6        -0.97917664  0.35087719  4.83333333  0.56666667
  4.5        -1.53941548]",2982.1975042819977
0.17125599999999996,[-0.76472914],"[ 0.33859649  4.86666667  0.55263158  4.53333333 -0.13623726  0.34385965
  4.8         0.55964912  4.6        -0.97917664  0.35087719  4.83333333
  0.56666667  4.5        -1.53941548  0.35964912  4.76666667  0.57368421
  4.5        -1.76472914]",2982.277405500412
0.16873200000000002,[0.69735515],"[ 0.34385965  4.8         0.55964912  4.6        -0.97917664  0.35087719
  4.83333333  0.56666667  4.5        -1.53941548  0.35964912  4.76666667
  0.57368421  4.5        -1.76472914  0.36491228  4.53333333  0.58070175
  4.66666667 -0.30264485]",2982.3572731018066
0.17132000000000003,[-0.29924777],"[ 0.35087719  4.83333333  0.56666667  4.5        -1.53941548  0.35964912
  4.76666667  0.57368421  4.5        -1.76472914  0.36491228  4.53333333
  0.58070175  4.66666667 -0.30264485  0.37368421  4.46666667  0.5877193
  4.7        -1.29924774]",2982.4372622966766
0.16876000000000002,[0.8587368],"[ 0.35964912  4.76666667  0.57368421  4.5        -1.76472914  0.36491228
  4.53333333  0.58070175  4.66666667 -0.30264485  0.37368421  4.46666667
  0.5877193   4.7        -1.29924774  0.37894737  4.63333333  0.59473684
  4.56666667 -0.14126319]",2982.517161130905
0.16620000000000001,[-0.9175723],"[ 0.36491228  4.53333333  0.58070175  4.66666667 -0.30264485  0.37368421
  4.46666667  0.5877193   4.7        -1.29924774  0.37894737  4.63333333
  0.59473684  4.56666667 -0.14126319  0.38245614  4.66666667  0.59824561
  4.56666667 -1.91757226]",2982.597219467163
0.16618400000000005,[0.1871972],"[ 0.37368421  4.46666667  0.5877193   4.7        -1.29924774  0.37894737
  4.63333333  0.59473684  4.56666667 -0.14126319  0.38245614  4.66666667
  0.59824561  4.56666667 -1.91757226  0.3877193   4.76666667  0.60175439
  4.4        -0.81280279]",2982.677189350128
0.16616400000000003,[-0.8413537],"[ 0.37894737  4.63333333  0.59473684  4.56666667 -0.14126319  0.38245614
  4.66666667  0.59824561  4.56666667 -1.91757226  0.3877193   4.76666667
  0.60175439  4.4        -0.81280279  0.39298246  4.7         0.60701754
  4.36666667 -1.84135365]",2982.757300376892
0.17382399999999992,[0.23081662],"[ 0.38245614  4.66666667  0.59824561  4.56666667 -1.91757226  0.3877193
  4.76666667  0.60175439  4.4        -0.81280279  0.39298246  4.7
  0.60701754  4.36666667 -1.84135365  0.40175439  4.7         0.61578947
  4.4        -0.7691834 ]",2982.8373725414276
0.17639999999999995,[-0.21472299],"[ 0.3877193   4.76666667  0.60175439  4.4        -0.81280279  0.39298246
  4.7         0.60701754  4.36666667 -1.84135365  0.40175439  4.7
  0.61578947  4.4        -0.7691834   0.40877193  4.6         0.62280702
  4.56666667 -1.21472299]",2982.917164325714
0.18148799999999998,[-0.40508515],"[ 0.39298246  4.7         0.60701754  4.36666667 -1.84135365  0.40175439
  4.7         0.61578947  4.4        -0.7691834   0.40877193  4.6
  0.62280702  4.56666667 -1.21472299  0.41754386  4.66666667  0.63333333
  4.5        -1.40508509]",2982.997186422348
0.18148799999999998,[0.4952424],"[ 0.40175439  4.7         0.61578947  4.4        -0.7691834   0.40877193
  4.6         0.62280702  4.56666667 -1.21472299  0.41754386  4.66666667
  0.63333333  4.5        -1.40508509  0.4245614   4.6         0.63859649
  4.46666667 -0.50475764]",2983.0772771835327
0.17893200000000004,[-0.49314207],"[ 0.40877193  4.6         0.62280702  4.56666667 -1.21472299  0.41754386
  4.66666667  0.63333333  4.5        -1.40508509  0.4245614   4.6
  0.63859649  4.46666667 -0.50475764  0.43157895  4.56666667  0.64385965
  4.46666667 -1.49314213]",2983.1571843624115
0.17636400000000002,[0.92700815],"[ 0.41754386  4.66666667  0.63333333  4.5        -1.40508509  0.4245614
  4.6         0.63859649  4.46666667 -0.50475764  0.43157895  4.56666667
  0.64385965  4.46666667 -1.49314213  0.43684211  4.73333333  0.64912281
  4.26666667 -0.07299185]",2983.2371006011963
0.17128000000000004,[-0.86455226],"[ 0.4245614   4.6         0.63859649  4.46666667 -0.50475764  0.43157895
  4.56666667  0.64385965  4.46666667 -1.49314213  0.43684211  4.73333333
  0.64912281  4.26666667 -0.07299185  0.44210526  4.63333333  0.65438596
  4.26666667 -1.86455226]",2983.3173418045044
0.17382800000000004,[-0.1156538],"[ 0.43157895  4.56666667  0.64385965  4.46666667 -1.49314213  0.43684211
  4.73333333  0.64912281  4.26666667 -0.07299185  0.44210526  4.63333333
  0.65438596  4.26666667 -1.86455226  0.44912281  4.7         0.66140351
  4.16666667 -1.11565375]",2983.3970682621
0.17895600000000006,[0.55978036],"[ 0.43684211  4.73333333  0.64912281  4.26666667 -0.07299185  0.44210526
  4.63333333  0.65438596  4.26666667 -1.86455226  0.44912281  4.7
  0.66140351  4.16666667 -1.11565375  0.45438596  4.6         0.66842105
  4.16666667 -0.44021964]",2983.474719285965
0.18661200000000006,[-0.07759045],"[ 0.44210526  4.63333333  0.65438596  4.26666667 -1.86455226  0.44912281
  4.7         0.66140351  4.16666667 -1.11565375  0.45438596  4.6
  0.66842105  4.16666667 -0.44021964  0.46140351  4.6         0.67368421
  4.1        -1.07759047]",2983.5523557662964
0.19427200000000006,[0.5142213],"[ 0.44912281  4.7         0.66140351  4.16666667 -1.11565375  0.45438596
  4.6         0.66842105  4.16666667 -0.44021964  0.46140351  4.6
  0.67368421  4.1        -1.07759047  0.47192982  4.73333333  0.68070175
  3.9        -0.48577869]",2983.6307871341705
0.194268,[-0.06864375],"[ 0.45438596  4.6         0.66842105  4.16666667 -0.44021964  0.46140351
  4.6         0.67368421  4.1        -1.07759047  0.47192982  4.73333333
  0.68070175  3.9        -0.48577869  0.47719298  4.7         0.6877193
  3.86666667 -1.06864381]",2983.7153165340424
0.194268,[-0.7800555],"[ 0.46140351  4.6         0.67368421  4.1        -1.07759047  0.47192982
  4.73333333  0.68070175  3.9        -0.48577869  0.47719298  4.7
  0.6877193   3.86666667 -1.06864381  0.48421053  4.73333333  0.69122807
  3.76666667 -1.78005552]",2983.7969477176666
0.186604,[0.89455783],"[ 0.47192982  4.73333333  0.68070175  3.9        -0.48577869  0.47719298
  4.7         0.6877193   3.86666667 -1.06864381  0.48421053  4.73333333
  0.69122807  3.76666667 -1.78005552  0.4877193   4.63333333  0.69824561
  3.9        -0.10544217]",2983.8773097991943
0.18659599999999998,[-0.8903098],"[ 0.47719298  4.7         0.6877193   3.86666667 -1.06864381  0.48421053
  4.73333333  0.69122807  3.76666667 -1.78005552  0.4877193   4.63333333
  0.69824561  3.9        -0.10544217  0.49298246  4.46666667  0.70526316
  4.1        -1.89030981]",2983.957150220871
0.18401999999999996,[0.5990305],"[ 0.48421053  4.73333333  0.69122807  3.76666667 -1.78005552  0.4877193
  4.63333333  0.69824561  3.9        -0.10544217  0.49298246  4.46666667
  0.70526316  4.1        -1.89030981  0.5         4.56666667  0.7122807
  4.03333333 -0.40096951]",2984.0370950698853
0.186604,[0.10637847],"[ 0.4877193   4.63333333  0.69824561  3.9        -0.10544217  0.49298246
  4.46666667  0.70526316  4.1        -1.89030981  0.5         4.56666667
  0.7122807   4.03333333 -0.40096951  0.50701754  4.5         0.71754386
  4.06666667 -0.89362156]",2984.1171782016754
0.18916,[-0.60770535],"[ 0.49298246  4.46666667  0.70526316  4.1        -1.89030981  0.5
  4.56666667  0.7122807   4.03333333 -0.40096951  0.50701754  4.5
  0.71754386  4.06666667 -0.89362156  0.5122807   4.53333333  0.7245614
  3.93333333 -1.60770535]",2984.1970443725586
0.19429200000000002,[0.79985356],"[ 0.5         4.56666667  0.7122807   4.03333333 -0.40096951  0.50701754
  4.5         0.71754386  4.06666667 -0.89362156  0.5122807   4.53333333
  0.7245614   3.93333333 -1.60770535  0.52105263  4.46666667  0.73333333
  3.83333333 -0.20014644]",2984.272733926773
0.19685999999999992,[-0.13724655],"[ 0.50701754  4.5         0.71754386  4.06666667 -0.89362156  0.5122807
  4.53333333  0.7245614   3.93333333 -1.60770535  0.52105263  4.46666667
  0.73333333  3.83333333 -0.20014644  0.52807018  4.3         0.74210526
  3.96666667 -1.13724661]",2984.350600719452
0.19684800000000002,[0.65621215],"[ 0.5122807   4.53333333  0.7245614   3.93333333 -1.60770535  0.52105263
  4.46666667  0.73333333  3.83333333 -0.20014644  0.52807018  4.3
  0.74210526  3.96666667 -1.13724661  0.53684211  4.4         0.74912281
  3.83333333 -0.34378785]",2984.4312036037445
0.196832,[0.30340952],"[ 0.52105263  4.46666667  0.73333333  3.83333333 -0.20014644  0.52807018
  4.3         0.74210526  3.96666667 -1.13724661  0.53684211  4.4
  0.74912281  3.83333333 -0.34378785  0.54385965  4.43333333  0.75438596
  3.76666667 -0.69659048]",2984.515368938446
0.191712,[-0.7511559],"[ 0.52807018  4.3         0.74210526  3.96666667 -1.13724661  0.53684211
  4.4         0.74912281  3.83333333 -0.34378785  0.54385965  4.43333333
  0.75438596  3.76666667 -0.69659048  0.54912281  4.56666667  0.75789474
  3.8        -1.75115585]",2984.5952773094177
0.18659199999999998,[-0.74590707],"[ 0.53684211  4.4         0.74912281  3.83333333 -0.34378785  0.54385965
  4.43333333  0.75438596  3.76666667 -0.69659048  0.54912281  4.56666667
  0.75789474  3.8        -1.75115585  0.55263158  4.56666667  0.76140351
  3.86666667 -1.74590707]",2984.677103996277
0.181504,[-0.66545916],"[ 0.54385965  4.43333333  0.75438596  3.76666667 -0.69659048  0.54912281
  4.56666667  0.75789474  3.8        -1.75115585  0.55263158  4.56666667
  0.76140351  3.86666667 -1.74590707  0.55614035  4.33333333  0.77017544
  4.23333333 -1.66545916]",2984.7575507164
0.18663600000000002,[-0.9612988],"[ 0.54912281  4.56666667  0.75789474  3.8        -1.75115585  0.55263158
  4.56666667  0.76140351  3.86666667 -1.74590707  0.55614035  4.33333333
  0.77017544  4.23333333 -1.66545916  0.56491228  4.33333333  0.77719298
  4.53333333 -1.96129882]",2984.830893754959
0.18918800000000002,[0.8706532],"[ 0.55263158  4.56666667  0.76140351  3.86666667 -1.74590707  0.55614035
  4.33333333  0.77017544  4.23333333 -1.66545916  0.56491228  4.33333333
  0.77719298  4.53333333 -1.96129882  0.57192982  4.26666667  0.78421053
  4.76666667 -0.12934679]",2984.9153604507446
0.18920799999999993,[0.74714434],"[ 0.55614035  4.33333333  0.77017544  4.23333333 -1.66545916  0.56491228
  4.33333333  0.77719298  4.53333333 -1.96129882  0.57192982  4.26666667
  0.78421053  4.76666667 -0.12934679  0.57894737  4.16666667  0.7877193
  4.93333333 -0.25285566]",2984.991681575775
0.186608,[-0.15523885],"[ 0.56491228  4.33333333  0.77719298  4.53333333 -1.96129882  0.57192982
  4.26666667  0.78421053  4.76666667 -0.12934679  0.57894737  4.16666667
  0.7877193   4.93333333 -0.25285566  0.58245614  4.43333333  0.79298246
  4.8        -1.15523887]",2985.070560693741
0.18146399999999996,[0.5791216],"[ 0.57192982  4.26666667  0.78421053  4.76666667 -0.12934679  0.57894737
  4.16666667  0.7877193   4.93333333 -0.25285566  0.58245614  4.43333333
  0.79298246  4.8        -1.15523887  0.58596491  4.7         0.79824561
  4.56666667 -0.42087841]",2985.150643825531
0.17125599999999996,[-0.94072413],"[ 0.57894737  4.16666667  0.7877193   4.93333333 -0.25285566  0.58245614
  4.43333333  0.79298246  4.8        -1.15523887  0.58596491  4.7
  0.79824561  4.56666667 -0.42087841  0.58947368  4.7         0.80350877
  4.6        -1.94072413]",2985.2309081554413
0.17635600000000007,[0.49396482],"[ 0.58245614  4.43333333  0.79298246  4.8        -1.15523887  0.58596491
  4.7         0.79824561  4.56666667 -0.42087841  0.58947368  4.7
  0.80350877  4.6        -1.94072413  0.59824561  4.76666667  0.81052632
  4.53333333 -0.50603521]",2985.310886144638
0.17892000000000008,[-0.6479006],"[ 0.58596491  4.7         0.79824561  4.56666667 -0.42087841  0.58947368
  4.7         0.80350877  4.6        -1.94072413  0.59824561  4.76666667
  0.81052632  4.53333333 -0.50603521  0.60701754  4.73333333  0.82105263
  4.6        -1.64790058]",2985.3911468982697
0.18912000000000007,[0.08937121],"[ 0.58947368  4.7         0.80350877  4.6        -1.94072413  0.59824561
  4.76666667  0.81052632  4.53333333 -0.50603521  0.60701754  4.73333333
  0.82105263  4.6        -1.64790058  0.61754386  4.83333333  0.82982456
  4.63333333 -0.9106288 ]",2985.471433877945
0.19420800000000005,[0.8011032],"[ 0.59824561  4.76666667  0.81052632  4.53333333 -0.50603521  0.60701754
  4.73333333  0.82105263  4.6        -1.64790058  0.61754386  4.83333333
  0.82982456  4.63333333 -0.9106288   0.62631579  4.86666667  0.84035088
  4.76666667 -0.19889683]",2985.555393218994
0.19419600000000004,[0.06120028],"[ 0.60701754  4.73333333  0.82105263  4.6        -1.64790058  0.61754386
  4.83333333  0.82982456  4.63333333 -0.9106288   0.62631579  4.86666667
  0.84035088  4.76666667 -0.19889683  0.63333333  5.06666667  0.84561404
  4.7        -0.93879974]",2985.635957479477
0.194156,[-0.9531555],"[ 0.61754386  4.83333333  0.82982456  4.63333333 -0.9106288   0.62631579
  4.86666667  0.84035088  4.76666667 -0.19889683  0.63333333  5.06666667
  0.84561404  4.7        -0.93879974  0.64035088  5.33333333  0.84912281
  4.5        -1.95315552]",2985.711314678192
0.191616,[-0.6742588],"[ 0.62631579  4.86666667  0.84035088  4.76666667 -0.19889683  0.63333333
  5.06666667  0.84561404  4.7        -0.93879974  0.64035088  5.33333333
  0.84912281  4.5        -1.95315552  0.64385965  5.23333333  0.85438596
  4.6        -1.67425883]",2985.7971177101135
0.1814159999999999,[0.15022048],"[ 0.63333333  5.06666667  0.84561404  4.7        -0.93879974  0.64035088
  5.33333333  0.84912281  4.5        -1.95315552  0.64385965  5.23333333
  0.85438596  4.6        -1.67425883  0.64561404  4.96666667  0.86140351
  4.9        -0.84977949]",2985.8772723674774
0.18396400000000002,[-0.8046536],"[ 0.64035088  5.33333333  0.84912281  4.5        -1.95315552  0.64385965
  5.23333333  0.85438596  4.6        -1.67425883  0.64561404  4.96666667
  0.86140351  4.9        -0.84977949  0.65438596  4.86666667  0.86842105
  4.96666667 -1.80465364]",2985.9513528347015
0.18651600000000002,[-0.34589255],"[ 0.64385965  5.23333333  0.85438596  4.6        -1.67425883  0.64561404
  4.96666667  0.86140351  4.9        -0.84977949  0.65438596  4.86666667
  0.86842105  4.96666667 -1.80465364  0.66491228  5.          0.87719298
  4.9        -1.34589255]",2986.0367844104767
0.19165200000000004,[-0.27413234],"[ 0.64561404  4.96666667  0.86140351  4.9        -0.84977949  0.65438596
  4.86666667  0.86842105  4.96666667 -1.80465364  0.66491228  5.
  0.87719298  4.9        -1.34589255  0.6754386   4.83333333  0.8877193
  5.06666667 -1.27413237]",2986.1108179092407
0.19934800000000008,[-0.31820497],"[ 0.65438596  4.86666667  0.86842105  4.96666667 -1.80465364  0.66491228
  5.          0.87719298  4.9        -1.34589255  0.6754386   4.83333333
  0.8877193   5.06666667 -1.27413237  0.68596491  4.73333333  0.89824561
  5.1        -1.318205  ]",2986.1908390522003
0.214688,[0.31322363],"[ 0.66491228  5.          0.87719298  4.9        -1.34589255  0.6754386
  4.83333333  0.8877193   5.06666667 -1.27413237  0.68596491  4.73333333
  0.89824561  5.1        -1.318205    0.7         4.7         0.91052632
  5.03333333 -0.6867764 ]",2986.270943403244
0.22488399999999995,[-0.73588634],"[ 0.6754386   4.83333333  0.8877193   5.06666667 -1.27413237  0.68596491
  4.73333333  0.89824561  5.1        -1.318205    0.7         4.7
  0.91052632  5.03333333 -0.6867764   0.71052632  4.7         0.92105263
  5.03333333 -1.73588634]",2986.3506786823273
0.21974799999999997,[-0.18851368],"[ 0.68596491  4.73333333  0.89824561  5.1        -1.318205    0.7
  4.7         0.91052632  5.03333333 -0.6867764   0.71052632  4.7
  0.92105263  5.03333333 -1.73588634  0.71578947  4.9         0.92807018
  4.96666667 -1.18851364]",2986.435360431671
0.21208400000000002,[-0.46893585],"[ 0.7         4.7         0.91052632  5.03333333 -0.6867764   0.71052632
  4.7         0.92105263  5.03333333 -1.73588634  0.71578947  4.9
  0.92807018  4.96666667 -1.18851364  0.71754386  4.8         0.92982456
  5.13333333 -1.46893585]",2986.510652780533
0.2044040000000001,[-0.36529875],"[ 0.71052632  4.7         0.92105263  5.03333333 -1.73588634  0.71578947
  4.9         0.92807018  4.96666667 -1.18851364  0.71754386  4.8
  0.92982456  5.13333333 -1.46893585  0.71929825  4.8         0.93157895
  5.3        -1.36529875]",2986.5968477725983
0.20698799999999995,[-0.9183585],"[ 0.71578947  4.9         0.92807018  4.96666667 -1.18851364  0.71754386
  4.8         0.92982456  5.13333333 -1.46893585  0.71929825  4.8
  0.93157895  5.3        -1.36529875  0.7245614   4.83333333  0.93684211
  5.43333333 -1.91835856]",2986.6715116500854
