reward,action,obs,time
,,"[0.         0.         0.         0.         0.         0.
 0.         0.         0.         0.         0.         0.
 0.         0.         0.         0.03684211 5.9        0.24736842
 5.1        0.        ]",3955.1967191696167
-0.002576000000000002,[0.44287413],"[ 0.          0.          0.          0.          0.          0.
  0.          0.          0.          0.          0.03684211  5.9
  0.24736842  5.1         0.          0.03508772  6.06666667  0.24385965
  5.16666667 -0.55712587]",3955.2657294273376
-0.007656000000000003,[-0.6636678],"[ 0.          0.          0.          0.          0.          0.03684211
  5.9         0.24736842  5.1         0.          0.03508772  6.06666667
  0.24385965  5.16666667 -0.55712587  0.03157895  5.8         0.24561404
  5.33333333 -1.6636678 ]",3955.314204931259
-0.007664000000000004,[-0.08587667],"[ 0.03684211  5.9         0.24736842  5.1         0.          0.03508772
  6.06666667  0.24385965  5.16666667 -0.55712587  0.03157895  5.8
  0.24561404  5.33333333 -1.6636678   0.03157895  5.86666667  0.24385965
  5.3        -1.0858767 ]",3955.368234872818
-0.00766,[-0.8879285],"[ 0.03508772  6.06666667  0.24385965  5.16666667 -0.55712587  0.03157895
  5.8         0.24561404  5.33333333 -1.6636678   0.03157895  5.86666667
  0.24385965  5.3        -1.0858767   0.03157895  5.83333333  0.24385965
  5.3        -1.88792849]",3955.418342590332
-0.007664000000000004,[-0.76266307],"[ 0.03157895  5.8         0.24561404  5.33333333 -1.6636678   0.03157895
  5.86666667  0.24385965  5.3        -1.0858767   0.03157895  5.83333333
  0.24385965  5.3        -1.88792849  0.03157895  5.86666667  0.24385965
  5.3        -1.76266313]",3955.468721151352
-0.0051160000000000025,[-0.98864037],"[ 0.03157895  5.86666667  0.24385965  5.3        -1.0858767   0.03157895
  5.83333333  0.24385965  5.3        -1.88792849  0.03157895  5.86666667
  0.24385965  5.3        -1.76266313  0.03333333  5.93333333  0.24385965
  5.23333333 -1.98864031]",3955.518889427185
-0.005108000000000001,[-0.6484033],"[ 0.03157895  5.83333333  0.24385965  5.3        -1.88792849  0.03157895
  5.86666667  0.24385965  5.3        -1.76266313  0.03333333  5.93333333
  0.24385965  5.23333333 -1.98864031  0.03333333  5.86666667  0.24561404
  5.33333333 -1.64840329]",3955.569124698639
-0.005080000000000001,[-0.9915721],"[ 0.03157895  5.86666667  0.24385965  5.3        -1.76266313  0.03333333
  5.93333333  0.24385965  5.23333333 -1.98864031  0.03333333  5.86666667
  0.24561404  5.33333333 -1.64840329  0.03333333  5.63333333  0.24736842
  5.53333333 -1.99157214]",3955.6192643642426
5.1999999999996493e-05,[-0.47799015],"[ 0.03333333  5.93333333  0.24385965  5.23333333 -1.98864031  0.03333333
  5.86666667  0.24561404  5.33333333 -1.64840329  0.03333333  5.63333333
  0.24736842  5.53333333 -1.99157214  0.03684211  5.46666667  0.25087719
  5.7        -1.47799015]",3955.6697356700897
5.9999999999997555e-05,[0.20224437],"[ 0.03333333  5.86666667  0.24561404  5.33333333 -1.64840329  0.03333333
  5.63333333  0.24736842  5.53333333 -1.99157214  0.03684211  5.46666667
  0.25087719  5.7        -1.47799015  0.03684211  5.4         0.25263158
  5.8        -0.7977556 ]",3955.726795434952
0.005176,[-0.9842873],"[ 0.03333333  5.63333333  0.24736842  5.53333333 -1.99157214  0.03684211
  5.46666667  0.25087719  5.7        -1.47799015  0.03684211  5.4
  0.25263158  5.8        -0.7977556   0.04035088  5.36666667  0.25263158
  5.83333333 -1.98428726]",3955.798879146576
0.010263999999999995,[0.31162527],"[ 0.03684211  5.46666667  0.25087719  5.7        -1.47799015  0.03684211
  5.4         0.25263158  5.8        -0.7977556   0.04035088  5.36666667
  0.25263158  5.83333333 -1.98428726  0.04385965  5.56666667  0.25789474
  5.73333333 -0.68837476]",3955.8849942684174
0.015383999999999995,[0.09719186],"[ 0.03684211  5.4         0.25263158  5.8        -0.7977556   0.04035088
  5.36666667  0.25263158  5.83333333 -1.98428726  0.04385965  5.56666667
  0.25789474  5.73333333 -0.68837476  0.04736842  5.5         0.25964912
  5.73333333 -0.90280813]",3955.9656183719635
0.023036,[-0.00037214],"[ 0.04035088  5.36666667  0.25263158  5.83333333 -1.98428726  0.04385965
  5.56666667  0.25789474  5.73333333 -0.68837476  0.04736842  5.5
  0.25964912  5.73333333 -0.90280813  0.05263158  5.63333333  0.26666667
  5.6        -1.00037217]",3956.0456218719482
0.030704,[-0.9078929],"[ 0.04385965  5.56666667  0.25789474  5.73333333 -0.68837476  0.04736842
  5.5         0.25964912  5.73333333 -0.90280813  0.05263158  5.63333333
  0.26666667  5.6        -1.00037217  0.05789474  5.63333333  0.27192982
  5.56666667 -1.90789294]",3956.1254291534424
0.035816,[-0.4502006],"[ 0.04736842  5.5         0.25964912  5.73333333 -0.90280813  0.05263158
  5.63333333  0.26666667  5.6        -1.00037217  0.05789474  5.63333333
  0.27192982  5.56666667 -1.90789294  0.06140351  5.63333333  0.27719298
  5.7        -1.45020056]",3956.2048950195312
0.043504,[-0.6099459],"[ 0.05263158  5.63333333  0.26666667  5.6        -1.00037217  0.05789474
  5.63333333  0.27192982  5.56666667 -1.90789294  0.06140351  5.63333333
  0.27719298  5.7        -1.45020056  0.06666667  5.46666667  0.28070175
  5.93333333 -1.60994589]",3956.2855412960052
0.04861599999999999,[-0.74093956],"[ 0.05789474  5.63333333  0.27192982  5.56666667 -1.90789294  0.06140351
  5.63333333  0.27719298  5.7        -1.45020056  0.06666667  5.46666667
  0.28070175  5.93333333 -1.60994589  0.07017544  5.46666667  0.28421053
  6.         -1.74093962]",3956.369427204132
0.05373599999999999,[-0.7966142],"[ 0.06140351  5.63333333  0.27719298  5.7        -1.45020056  0.06666667
  5.46666667  0.28070175  5.93333333 -1.60994589  0.07017544  5.46666667
  0.28421053  6.         -1.74093962  0.07368421  5.4         0.28596491
  6.06666667 -1.79661417]",3956.439164876938
0.058856000000000006,[-0.90921307],"[ 0.06666667  5.46666667  0.28070175  5.93333333 -1.60994589  0.07017544
  5.46666667  0.28421053  6.         -1.74093962  0.07368421  5.4
  0.28596491  6.06666667 -1.79661417  0.07719298  5.33333333  0.28947368
  6.16666667 -1.90921307]",3956.525249481201
0.06655200000000001,[0.2414865],"[ 0.07017544  5.46666667  0.28421053  6.         -1.74093962  0.07368421
  5.4         0.28596491  6.06666667 -1.79661417  0.07719298  5.33333333
  0.28947368  6.16666667 -1.90921307  0.08070175  5.26666667  0.29122807
  6.23333333 -0.75851351]",3956.605546236038
0.079296,[0.17816553],"[ 0.07368421  5.4         0.28596491  6.06666667 -1.79661417  0.07719298
  5.33333333  0.28947368  6.16666667 -1.90921307  0.08070175  5.26666667
  0.29122807  6.23333333 -0.75851351  0.08596491  5.3         0.29473684
  6.3        -0.82183444]",3956.6854722499847
0.07927200000000002,[0.14374423],"[ 0.07719298  5.33333333  0.28947368  6.16666667 -1.90921307  0.08070175
  5.26666667  0.29122807  6.23333333 -0.75851351  0.08596491  5.3
  0.29473684  6.3        -0.82183444  0.08596491  5.56666667  0.3
  6.1        -0.85625577]",3956.765652179718
0.08436800000000001,[0.16661465],"[ 0.08070175  5.26666667  0.29122807  6.23333333 -0.75851351  0.08596491
  5.3         0.29473684  6.3        -0.82183444  0.08596491  5.56666667
  0.3         6.1        -0.85625577  0.08947368  5.66666667  0.30350877
  5.96666667 -0.83338535]",3956.845373392105
0.08948,[-0.5233302],"[ 0.08596491  5.3         0.29473684  6.3        -0.82183444  0.08596491
  5.56666667  0.3         6.1        -0.85625577  0.08947368  5.66666667
  0.30350877  5.96666667 -0.83338535  0.09298246  5.7         0.30701754
  5.96666667 -1.52333021]",3956.925507545471
0.09204399999999999,[-0.03074901],"[ 0.08596491  5.56666667  0.3         6.1        -0.85625577  0.08947368
  5.66666667  0.30350877  5.96666667 -0.83338535  0.09298246  5.7
  0.30701754  5.96666667 -1.52333021  0.09649123  5.7         0.3122807
  5.96666667 -1.03074896]",3957.0053613185883
0.099712,[0.4005176],"[ 0.08947368  5.66666667  0.30350877  5.96666667 -0.83338535  0.09298246
  5.7         0.30701754  5.96666667 -1.52333021  0.09649123  5.7
  0.3122807   5.96666667 -1.03074896  0.10175439  5.63333333  0.31578947
  6.13333333 -0.59948242]",3957.0854890346527
0.107328,[0.29842198],"[ 0.09298246  5.7         0.30701754  5.96666667 -1.52333021  0.09649123
  5.7         0.3122807   5.96666667 -1.03074896  0.10175439  5.63333333
  0.31578947  6.13333333 -0.59948242  0.10701754  5.83333333  0.32280702
  6.03333333 -0.70157802]",3957.1654908657074
0.112388,[0.11118407],"[ 0.09649123  5.7         0.3122807   5.96666667 -1.03074896  0.10175439
  5.63333333  0.31578947  6.13333333 -0.59948242  0.10701754  5.83333333
  0.32280702  6.03333333 -0.70157802  0.11403509  6.1         0.32807018
  5.86666667 -0.88881594]",3957.2443358898163
0.114936,[-0.74989915],"[ 0.10175439  5.63333333  0.31578947  6.13333333 -0.59948242  0.10701754
  5.83333333  0.32280702  6.03333333 -0.70157802  0.11403509  6.1
  0.32807018  5.86666667 -0.88881594  0.11578947  6.1         0.33157895
  5.86666667 -1.74989915]",3957.3251791000366
0.11238000000000001,[-0.11379784],"[ 0.10701754  5.83333333  0.32280702  6.03333333 -0.70157802  0.11403509
  6.1         0.32807018  5.86666667 -0.88881594  0.11578947  6.1
  0.33157895  5.86666667 -1.74989915  0.11754386  6.06666667  0.33508772
  5.9        -1.1137979 ]",3957.4055585861206
0.107304,[-0.4204889],"[ 0.11403509  6.1         0.32807018  5.86666667 -0.88881594  0.11578947
  6.1         0.33157895  5.86666667 -1.74989915  0.11754386  6.06666667
  0.33508772  5.9        -1.1137979   0.11754386  5.96666667  0.33859649
  6.03333333 -1.42048883]",3957.485558271408
0.10728800000000001,[-0.30220544],"[ 0.11578947  6.1         0.33157895  5.86666667 -1.74989915  0.11754386
  6.06666667  0.33508772  5.9        -1.1137979   0.11754386  5.96666667
  0.33859649  6.03333333 -1.42048883  0.12105263  6.03333333  0.34210526
  6.         -1.30220544]",3957.5656073093414
0.10729199999999998,[-0.31112686],"[ 0.11754386  6.06666667  0.33508772  5.9        -1.1137979   0.11754386
  5.96666667  0.33859649  6.03333333 -1.42048883  0.12105263  6.03333333
  0.34210526  6.         -1.30220544  0.12631579  6.13333333  0.34912281
  6.03333333 -1.31112683]",3957.6455426216125
0.13289600000000004,[-0.02284228],"[ 0.11754386  5.96666667  0.33859649  6.03333333 -1.42048883  0.12105263
  6.03333333  0.34210526  6.         -1.30220544  0.12631579  6.13333333
  0.34912281  6.03333333 -1.31112683  0.14912281  5.76666667  0.35614035
  6.06666667 -1.02284229]",3957.7256066799164
0.13544400000000004,[-0.19008738],"[ 0.12105263  6.03333333  0.34210526  6.         -1.30220544  0.12631579
  6.13333333  0.34912281  6.03333333 -1.31112683  0.14912281  5.76666667
  0.35614035  6.06666667 -1.02284229  0.15438596  5.83333333  0.36315789
  6.03333333 -1.19008732]",3957.805775165558
0.127756,[-0.35166296],"[ 0.12631579  6.13333333  0.34912281  6.03333333 -1.31112683  0.14912281
  5.76666667  0.35614035  6.06666667 -1.02284229  0.15438596  5.83333333
  0.36315789  6.03333333 -1.19008732  0.15438596  5.83333333  0.36666667
  5.93333333 -1.35166299]",3957.885670900345
0.12265200000000001,[-0.6572776],"[ 0.14912281  5.76666667  0.35614035  6.06666667 -1.02284229  0.15438596
  5.83333333  0.36315789  6.03333333 -1.19008732  0.15438596  5.83333333
  0.36666667  5.93333333 -1.35166299  0.15438596  5.76666667  0.36842105
  5.96666667 -1.65727758]",3957.965515613556
0.122644,[0.10013497],"[ 0.15438596  5.83333333  0.36315789  6.03333333 -1.19008732  0.15438596
  5.83333333  0.36666667  5.93333333 -1.35166299  0.15438596  5.76666667
  0.36842105  5.96666667 -1.65727758  0.15789474  5.76666667  0.36842105
  6.06666667 -0.89986503]",3958.0454862117767
0.11751999999999999,[-0.7379207],"[ 0.15438596  5.83333333  0.36666667  5.93333333 -1.35166299  0.15438596
  5.76666667  0.36842105  5.96666667 -1.65727758  0.15789474  5.76666667
  0.36842105  6.06666667 -0.89986503  0.15789474  5.8         0.37017544
  6.13333333 -1.73792076]",3958.1258964538574
0.11749600000000002,[0.02877004],"[ 0.15438596  5.76666667  0.36842105  5.96666667 -1.65727758  0.15789474
  5.76666667  0.36842105  6.06666667 -0.89986503  0.15789474  5.8
  0.37017544  6.13333333 -1.73792076  0.16140351  5.93333333  0.37368421
  6.03333333 -0.97122997]",3958.205995798111
0.11240000000000001,[-0.43216065],"[ 0.15789474  5.76666667  0.36842105  6.06666667 -0.89986503  0.15789474
  5.8         0.37017544  6.13333333 -1.73792076  0.16140351  5.93333333
  0.37368421  6.03333333 -0.97122997  0.16315789  5.83333333  0.37719298
  6.1        -1.43216062]",3958.285446882248
0.12009600000000001,[0.10165782],"[ 0.15789474  5.8         0.37017544  6.13333333 -1.73792076  0.16140351
  5.93333333  0.37368421  6.03333333 -0.97122997  0.16315789  5.83333333
  0.37719298  6.1        -1.43216062  0.16842105  5.86666667  0.38245614
  6.03333333 -0.89834219]",3958.365508556366
0.122664,[-0.6795945],"[ 0.16140351  5.93333333  0.37368421  6.03333333 -0.97122997  0.16315789
  5.83333333  0.37719298  6.1        -1.43216062  0.16842105  5.86666667
  0.38245614  6.03333333 -0.89834219  0.17368421  5.86666667  0.3877193
  6.         -1.67959452]",3958.445557117462
0.12777200000000005,[0.18987486],"[ 0.16315789  5.83333333  0.37719298  6.1        -1.43216062  0.16842105
  5.86666667  0.38245614  6.03333333 -0.89834219  0.17368421  5.86666667
  0.3877193   6.         -1.67959452  0.18070175  5.93333333  0.39473684
  5.96666667 -0.81012511]",3958.5248403549194
0.13033999999999998,[-0.05137313],"[ 0.16842105  5.86666667  0.38245614  6.03333333 -0.89834219  0.17368421
  5.86666667  0.3877193   6.         -1.67959452  0.18070175  5.93333333
  0.39473684  5.96666667 -0.81012511  0.18596491  5.83333333  0.40175439
  6.1        -1.05137312]",3958.6018018722534
0.12776799999999996,[-0.93863547],"[ 0.17368421  5.86666667  0.3877193   6.         -1.67959452  0.18070175
  5.93333333  0.39473684  5.96666667 -0.81012511  0.18596491  5.83333333
  0.40175439  6.1        -1.05137312  0.18947368  5.9         0.40526316
  6.03333333 -1.93863547]",3958.679135799408
0.12524,[-0.81959176],"[ 0.18070175  5.93333333  0.39473684  5.96666667 -0.81012511  0.18596491
  5.83333333  0.40175439  6.1        -1.05137312  0.18947368  5.9
  0.40526316  6.03333333 -1.93863547  0.19298246  5.86666667  0.40877193
  6.         -1.81959176]",3958.7654604911804
0.120188,[0.7811178],"[ 0.18596491  5.83333333  0.40175439  6.1        -1.05137312  0.18947368
  5.9         0.40526316  6.03333333 -1.93863547  0.19298246  5.86666667
  0.40877193  6.         -1.81959176  0.19649123  5.63333333  0.41052632
  6.23333333 -0.2188822 ]",3958.8456280231476
0.12786,[-0.700445],"[ 0.18947368  5.9         0.40526316  6.03333333 -1.93863547  0.19298246
  5.86666667  0.40877193  6.         -1.81959176  0.19649123  5.63333333
  0.41052632  6.23333333 -0.2188822   0.20350877  5.6         0.41403509
  6.3        -1.70044494]",3958.9256365299225
0.132948,[0.1847012],"[ 0.19298246  5.86666667  0.40877193  6.         -1.81959176  0.19649123
  5.63333333  0.41052632  6.23333333 -0.2188822   0.20350877  5.6
  0.41403509  6.3        -1.70044494  0.20877193  5.76666667  0.42280702
  6.2        -0.8152988 ]",3959.0056352615356
0.145716,[-0.3220733],"[ 0.19649123  5.63333333  0.41052632  6.23333333 -0.2188822   0.20350877
  5.6         0.41403509  6.3        -1.70044494  0.20877193  5.76666667
  0.42280702  6.2        -0.8152988   0.21754386  5.76666667  0.42982456
  6.26666667 -1.32207334]",3959.0855457782745
0.15338400000000002,[0.5824314],"[ 0.20350877  5.6         0.41403509  6.3        -1.70044494  0.20877193
  5.76666667  0.42280702  6.2        -0.8152988   0.21754386  5.76666667
  0.42982456  6.26666667 -1.32207334  0.22631579  5.83333333  0.43859649
  6.26666667 -0.41756862]",3959.1658918857574
0.15595200000000004,[-0.39323118],"[ 0.20877193  5.76666667  0.42280702  6.2        -0.8152988   0.21754386
  5.76666667  0.42982456  6.26666667 -1.32207334  0.22631579  5.83333333
  0.43859649  6.26666667 -0.41756862  0.23333333  5.83333333  0.44736842
  6.26666667 -1.39323115]",3959.245620727539
0.13288799999999998,[-0.11383861],"[ 0.21754386  5.76666667  0.42982456  6.26666667 -1.32207334  0.22631579
  5.83333333  0.43859649  6.26666667 -0.41756862  0.23333333  5.83333333
  0.44736842  6.26666667 -1.39323115  0.24035088  5.96666667  0.45438596
  6.1        -1.11383855]",3959.325788974762
0.130348,[0.5537934],"[ 0.22631579  5.83333333  0.43859649  6.26666667 -0.41756862  0.23333333
  5.83333333  0.44736842  6.26666667 -1.39323115  0.24035088  5.96666667
  0.45438596  6.1        -1.11383855  0.24385965  5.9         0.45964912
  6.16666667 -0.44620663]",3959.4058611392975
0.138004,[-0.89292926],"[ 0.23333333  5.83333333  0.44736842  6.26666667 -1.39323115  0.24035088
  5.96666667  0.45438596  6.1        -1.11383855  0.24385965  5.9
  0.45964912  6.16666667 -0.44620663  0.24912281  6.          0.46491228
  6.16666667 -1.89292932]",3959.485399723053
0.1482,[-0.6681259],"[ 0.24035088  5.96666667  0.45438596  6.1        -1.11383855  0.24385965
  5.9         0.45964912  6.16666667 -0.44620663  0.24912281  6.
  0.46491228  6.16666667 -1.89292932  0.25614035  6.16666667  0.47017544
  6.         -1.66812587]",3959.558852672577
0.15078000000000003,[-0.48622963],"[ 0.24385965  5.9         0.45964912  6.16666667 -0.44620663  0.24912281
  6.          0.46491228  6.16666667 -1.89292932  0.25614035  6.16666667
  0.47017544  6.         -1.66812587  0.26140351  5.96666667  0.4754386
  6.16666667 -1.48622966]",3959.6411814689636
0.161024,[-0.12429143],"[ 0.24912281  6.          0.46491228  6.16666667 -1.89292932  0.25614035
  6.16666667  0.47017544  6.         -1.66812587  0.26140351  5.96666667
  0.4754386   6.16666667 -1.48622966  0.26842105  5.83333333  0.48070175
  6.36666667 -1.12429142]",3959.7256298065186
0.1687,[0.5590084],"[ 0.25614035  6.16666667  0.47017544  6.         -1.66812587  0.26140351
  5.96666667  0.4754386   6.16666667 -1.48622966  0.26842105  5.83333333
  0.48070175  6.36666667 -1.12429142  0.27719298  5.9         0.48947368
  6.36666667 -0.44099158]",3959.798945903778
0.178892,[-0.9632805],"[ 0.26140351  5.96666667  0.4754386   6.16666667 -1.48622966  0.26842105
  5.83333333  0.48070175  6.36666667 -1.12429142  0.27719298  5.9
  0.48947368  6.36666667 -0.44099158  0.28596491  6.06666667  0.5
  6.26666667 -1.96328044]",3959.883614063263
0.183992,[0.27593172],"[ 0.26842105  5.83333333  0.48070175  6.36666667 -1.12429142  0.27719298
  5.9         0.48947368  6.36666667 -0.44099158  0.28596491  6.06666667
  0.5         6.26666667 -1.96328044  0.29473684  6.2         0.51052632
  6.2        -0.72406828]",3959.959404230118
0.189116,[0.0600046],"[ 0.27719298  5.9         0.48947368  6.36666667 -0.44099158  0.28596491
  6.06666667  0.5         6.26666667 -1.96328044  0.29473684  6.2
  0.51052632  6.2        -0.72406828  0.30350877  6.1         0.51754386
  6.3        -0.93999541]",3960.04367852211
0.191676,[-0.59318113],"[ 0.28596491  6.06666667  0.5         6.26666667 -1.96328044  0.29473684
  6.2         0.51052632  6.2        -0.72406828  0.30350877  6.1
  0.51754386  6.3        -0.93999541  0.3122807   6.13333333  0.52631579
  6.3        -1.59318113]",3960.1202461719513
0.189112,[-0.10026907],"[ 0.29473684  6.2         0.51052632  6.2        -0.72406828  0.30350877
  6.1         0.51754386  6.3        -0.93999541  0.3122807   6.13333333
  0.52631579  6.3        -1.59318113  0.31578947  6.1         0.53157895
  6.3        -1.10026908]",3960.203613758087
0.19424400000000003,[0.5278006],"[ 0.30350877  6.1         0.51754386  6.3        -0.93999541  0.3122807
  6.13333333  0.52631579  6.3        -1.59318113  0.31578947  6.1
  0.53157895  6.3        -1.10026908  0.32280702  6.          0.53508772
  6.46666667 -0.47219938]",3960.2790677547455
0.199328,[0.5859097],"[ 0.3122807   6.13333333  0.52631579  6.3        -1.59318113  0.31578947
  6.1         0.53157895  6.3        -1.10026908  0.32280702  6.
  0.53508772  6.46666667 -0.47219938  0.32982456  6.2         0.54385965
  6.36666667 -0.41409028]",3960.365288257599
0.20949999999999996,[0.46315262],"[ 0.31578947  6.1         0.53157895  6.3        -1.10026908  0.32280702
  6.          0.53508772  6.46666667 -0.47219938  0.32982456  6.2
  0.54385965  6.36666667 -0.41409028  0.34035088  6.4         0.55263158
  6.2        -0.53684735]",3960.4394607543945
0.209492,[-0.8104932],"[ 0.32280702  6.          0.53508772  6.46666667 -0.47219938  0.32982456
  6.2         0.54385965  6.36666667 -0.41409028  0.34035088  6.4
  0.55263158  6.2        -0.53684735  0.34736842  6.43333333  0.56140351
  6.1        -1.81049323]",3960.5236661434174
0.21207200000000004,[-0.69940734],"[ 0.32982456  6.2         0.54385965  6.36666667 -0.41409028  0.34035088
  6.4         0.55263158  6.2        -0.53684735  0.34736842  6.43333333
  0.56140351  6.1        -1.81049323  0.35438596  6.4         0.56666667
  6.03333333 -1.69940734]",3960.6002225875854
0.20953600000000003,[0.48309907],"[ 0.34035088  6.4         0.55263158  6.2        -0.53684735  0.34736842
  6.43333333  0.56140351  6.1        -1.81049323  0.35438596  6.4
  0.56666667  6.03333333 -1.69940734  0.36140351  6.23333333  0.57368421
  6.23333333 -0.5169009 ]",3960.679476261139
0.20443200000000009,[-0.4442768],"[ 0.34736842  6.43333333  0.56140351  6.1        -1.81049323  0.35438596
  6.4         0.56666667  6.03333333 -1.69940734  0.36140351  6.23333333
  0.57368421  6.23333333 -0.5169009   0.36666667  6.23333333  0.58070175
  6.4        -1.44427681]",3960.763679742813
0.20696800000000004,[-0.11361484],"[ 0.35438596  6.4         0.56666667  6.03333333 -1.69940734  0.36140351
  6.23333333  0.57368421  6.23333333 -0.5169009   0.36666667  6.23333333
  0.58070175  6.4        -1.44427681  0.3754386   6.4         0.5877193
  6.3        -1.1136148 ]",3960.8410410881042
0.20698800000000003,[-0.8358101],"[ 0.36140351  6.23333333  0.57368421  6.23333333 -0.5169009   0.36666667
  6.23333333  0.58070175  6.4        -1.44427681  0.3754386   6.4
  0.5877193   6.3        -1.1136148   0.38245614  6.36666667  0.59649123
  6.33333333 -1.83581018]",3960.919467687607
0.21721199999999996,[-0.65803707],"[ 0.36666667  6.23333333  0.58070175  6.4        -1.44427681  0.3754386
  6.4         0.5877193   6.3        -1.1136148   0.38245614  6.36666667
  0.59649123  6.33333333 -1.83581018  0.39298246  6.3         0.60526316
  6.36666667 -1.65803707]",3961.0054965019226
0.22235200000000002,[-0.6763942],"[ 0.3754386   6.4         0.5877193   6.3        -1.1136148   0.38245614
  6.36666667  0.59649123  6.33333333 -1.83581018  0.39298246  6.3
  0.60526316  6.36666667 -1.65803707  0.40175439  6.16666667  0.61578947
  6.53333333 -1.67639422]",3961.0789997577667
0.22493600000000002,[-0.6978028],"[ 0.38245614  6.36666667  0.59649123  6.33333333 -1.83581018  0.39298246
  6.3         0.60526316  6.36666667 -1.65803707  0.40175439  6.16666667
  0.61578947  6.53333333 -1.67639422  0.41052632  6.1         0.62105263
  6.56666667 -1.69780278]",3961.1592342853546
0.224912,[0.08924717],"[ 0.39298246  6.3         0.60526316  6.36666667 -1.65803707  0.40175439
  6.16666667  0.61578947  6.53333333 -1.67639422  0.41052632  6.1
  0.62105263  6.56666667 -1.69780278  0.41578947  6.1         0.62807018
  6.63333333 -0.91075283]",3961.239059448242
0.22233600000000003,[-0.36753833],"[ 0.40175439  6.16666667  0.61578947  6.53333333 -1.67639422  0.41052632
  6.1         0.62105263  6.56666667 -1.69780278  0.41578947  6.1
  0.62807018  6.63333333 -0.91075283  0.42105263  6.13333333  0.63333333
  6.7        -1.36753833]",3961.323734521866
0.21976800000000002,[-0.11484313],"[ 0.41052632  6.1         0.62105263  6.56666667 -1.69780278  0.41578947
  6.1         0.62807018  6.63333333 -0.91075283  0.42105263  6.13333333
  0.63333333  6.7        -1.36753833  0.42807018  6.3         0.64035088
  6.63333333 -1.11484313]",3961.4054384231567
0.21212800000000004,[0.3716659],"[ 0.41578947  6.1         0.62807018  6.63333333 -0.91075283  0.42105263
  6.13333333  0.63333333  6.7        -1.36753833  0.42807018  6.3
  0.64035088  6.63333333 -1.11484313  0.43157895  6.23333333  0.64385965
  6.63333333 -0.62833411]",3961.485018968582
0.20446800000000004,[-0.5163709],"[ 0.42105263  6.13333333  0.63333333  6.7        -1.36753833  0.42807018
  6.3         0.64035088  6.63333333 -1.11484313  0.43157895  6.23333333
  0.64385965  6.63333333 -0.62833411  0.43508772  6.3         0.64912281
  6.53333333 -1.51637089]",3961.559103012085
0.199332,[0.36756966],"[ 0.42807018  6.3         0.64035088  6.63333333 -1.11484313  0.43157895
  6.23333333  0.64385965  6.63333333 -0.62833411  0.43508772  6.3
  0.64912281  6.53333333 -1.51637089  0.44035088  6.4         0.65438596
  6.5        -0.63243032]",3961.6455652713776
0.19934400000000002,[-0.5486766],"[ 0.43157895  6.23333333  0.64385965  6.63333333 -0.62833411  0.43508772
  6.3         0.64912281  6.53333333 -1.51637089  0.44035088  6.4
  0.65438596  6.5        -0.63243032  0.44912281  6.33333333  0.66140351
  6.7        -1.54867661]",3961.718986749649
0.2069960000000001,[0.5895922],"[ 0.43508772  6.3         0.64912281  6.53333333 -1.51637089  0.44035088
  6.4         0.65438596  6.5        -0.63243032  0.44912281  6.33333333
  0.66140351  6.7        -1.54867661  0.45789474  6.43333333  0.67017544
  6.7        -0.41040778]",3961.8056168556213
0.20698799999999995,[-0.07706492],"[ 0.44035088  6.4         0.65438596  6.5        -0.63243032  0.44912281
  6.33333333  0.66140351  6.7        -1.54867661  0.45789474  6.43333333
  0.67017544  6.7        -0.41040778  0.46491228  6.4         0.67719298
  6.73333333 -1.07706487]",3961.8791925907135
0.20955999999999997,[-0.02405254],"[ 0.44912281  6.33333333  0.66140351  6.7        -1.54867661  0.45789474
  6.43333333  0.67017544  6.7        -0.41040778  0.46491228  6.4
  0.67719298  6.73333333 -1.07706487  0.47368421  6.46666667  0.68596491
  6.7        -1.0240525 ]",3961.96369600296
0.19935199999999997,[-0.04100401],"[ 0.45789474  6.43333333  0.67017544  6.7        -0.41040778  0.46491228
  6.4         0.67719298  6.73333333 -1.07706487  0.47368421  6.46666667
  0.68596491  6.7        -1.0240525   0.47719298  6.53333333  0.68947368
  6.73333333 -1.04100406]",3962.040981531143
0.19935199999999997,[-0.89063555],"[ 0.46491228  6.4         0.67719298  6.73333333 -1.07706487  0.47368421
  6.46666667  0.68596491  6.7        -1.0240525   0.47719298  6.53333333
  0.68947368  6.73333333 -1.04100406  0.48421053  6.56666667  0.69649123
  6.73333333 -1.89063549]",3962.119126558304
0.19679599999999997,[0.18605703],"[ 0.47368421  6.46666667  0.68596491  6.7        -1.0240525   0.47719298
  6.53333333  0.68947368  6.73333333 -1.04100406  0.48421053  6.56666667
  0.69649123  6.73333333 -1.89063549  0.48947368  6.53333333  0.70175439
  6.8        -0.81394297]",3962.20294046402
0.19423599999999996,[-0.63673526],"[ 0.47719298  6.53333333  0.68947368  6.73333333 -1.04100406  0.48421053
  6.56666667  0.69649123  6.73333333 -1.89063549  0.48947368  6.53333333
  0.70175439  6.8        -0.81394297  0.49473684  6.4         0.70526316
  7.03333333 -1.6367352 ]",3962.2807853221893
0.19422799999999996,[-0.6614131],"[ 0.48421053  6.56666667  0.69649123  6.73333333 -1.89063549  0.48947368
  6.53333333  0.70175439  6.8        -0.81394297  0.49473684  6.4
  0.70526316  7.03333333 -1.6367352   0.5         6.46666667  0.70877193
  7.03333333 -1.66141307]",3962.3589911460876
0.18913599999999997,[0.42671058],"[ 0.48947368  6.53333333  0.70175439  6.8        -0.81394297  0.49473684
  6.4         0.70526316  7.03333333 -1.6367352   0.5         6.46666667
  0.70877193  7.03333333 -1.66141307  0.50526316  6.46666667  0.71403509
  7.16666667 -0.57328939]",3962.4437527656555
0.18657199999999996,[-0.6517801],"[ 0.49473684  6.4         0.70526316  7.03333333 -1.6367352   0.5
  6.46666667  0.70877193  7.03333333 -1.66141307  0.50526316  6.46666667
  0.71403509  7.16666667 -0.57328939  0.51052632  6.5         0.71929825
  7.23333333 -1.65178013]",3962.5202085971832
0.18143600000000004,[0.9114803],"[ 0.5         6.46666667  0.70877193  7.03333333 -1.66141307  0.50526316
  6.46666667  0.71403509  7.16666667 -0.57328939  0.51052632  6.5
  0.71929825  7.23333333 -1.65178013  0.51754386  6.63333333  0.72807018
  7.1        -0.08851969]",3962.5993003845215
0.17631200000000002,[-0.86443925],"[ 0.50526316  6.46666667  0.71403509  7.16666667 -0.57328939  0.51052632
  6.5         0.71929825  7.23333333 -1.65178013  0.51754386  6.63333333
  0.72807018  7.1        -0.08851969  0.52280702  6.6         0.73333333
  7.13333333 -1.86443925]",3962.683712244034
0.176292,[0.01866767],"[ 0.51052632  6.5         0.71929825  7.23333333 -1.65178013  0.51754386
  6.63333333  0.72807018  7.1        -0.08851969  0.52280702  6.6
  0.73333333  7.13333333 -1.86443925  0.53157895  6.7         0.74210526
  7.1        -0.9813323 ]",3962.759964466095
0.178848,[-0.62158597],"[ 0.51754386  6.63333333  0.72807018  7.1        -0.08851969  0.52280702
  6.6         0.73333333  7.13333333 -1.86443925  0.53157895  6.7
  0.74210526  7.1        -0.9813323   0.53859649  6.7         0.74912281
  7.16666667 -1.62158597]",3962.839162349701
0.181404,[0.8251839],"[ 0.52280702  6.6         0.73333333  7.13333333 -1.86443925  0.53157895
  6.7         0.74210526  7.1        -0.9813323   0.53859649  6.7
  0.74912281  7.16666667 -1.62158597  0.54561404  6.73333333  0.75614035
  7.26666667 -0.17481607]",3962.9237699508667
0.18142800000000003,[-0.97088486],"[ 0.53157895  6.7         0.74210526  7.1        -0.9813323   0.53859649
  6.7         0.74912281  7.16666667 -1.62158597  0.54561404  6.73333333
  0.75614035  7.26666667 -0.17481607  0.55263158  6.7         0.76140351
  7.36666667 -1.9708848 ]",3962.9992368221283
0.183956,[0.46370348],"[ 0.53859649  6.7         0.74912281  7.16666667 -1.62158597  0.54561404
  6.73333333  0.75614035  7.26666667 -0.17481607  0.55263158  6.7
  0.76140351  7.36666667 -1.9708848   0.55789474  6.86666667  0.76842105
  7.26666667 -0.53629649]",3963.083699941635
0.18652400000000002,[-0.25796795],"[ 0.54561404  6.73333333  0.75614035  7.26666667 -0.17481607  0.55263158
  6.7         0.76140351  7.36666667 -1.9708848   0.55789474  6.86666667
  0.76842105  7.26666667 -0.53629649  0.56315789  6.83333333  0.77192982
  7.33333333 -1.25796795]",3963.166911840439
0.18652400000000002,[-0.22172502],"[ 0.55263158  6.7         0.76140351  7.36666667 -1.9708848   0.55789474
  6.86666667  0.76842105  7.26666667 -0.53629649  0.56315789  6.83333333
  0.77192982  7.33333333 -1.25796795  0.56842105  6.93333333  0.77894737
  7.33333333 -1.22172499]",3963.245097398758
0.1814079999999999,[0.37246114],"[ 0.55789474  6.86666667  0.76842105  7.26666667 -0.53629649  0.56315789
  6.83333333  0.77192982  7.33333333 -1.25796795  0.56842105  6.93333333
  0.77894737  7.33333333 -1.22172499  0.57368421  6.9         0.78421053
  7.36666667 -0.62753886]",3963.321585893631
0.178848,[-0.89040226],"[ 0.56315789  6.83333333  0.77192982  7.33333333 -1.25796795  0.56842105
  6.93333333  0.77894737  7.33333333 -1.22172499  0.57368421  6.9
  0.78421053  7.36666667 -0.62753886  0.58070175  7.03333333  0.79122807
  7.36666667 -1.89040232]",3963.3997576236725
0.1788280000000001,[-0.2652083],"[ 0.56842105  6.93333333  0.77894737  7.33333333 -1.22172499  0.57368421
  6.9         0.78421053  7.36666667 -0.62753886  0.58070175  7.03333333
  0.79122807  7.36666667 -1.89040232  0.5877193   7.16666667  0.79824561
  7.3        -1.26520824]",3963.4793837070465
0.173744,[-0.6900955],"[ 0.57368421  6.9         0.78421053  7.36666667 -0.62753886  0.58070175
  7.03333333  0.79122807  7.36666667 -1.89040232  0.5877193   7.16666667
  0.79824561  7.3        -1.26520824  0.59298246  7.          0.80175439
  7.46666667 -1.69009542]",3963.563002347946
0.17887600000000003,[-0.4833571],"[ 0.58070175  7.03333333  0.79122807  7.36666667 -1.89040232  0.5877193
  7.16666667  0.79824561  7.3        -1.26520824  0.59298246  7.
  0.80175439  7.46666667 -1.69009542  0.6         6.9         0.80701754
  7.6        -1.48335707]",3963.647676706314
0.17632800000000004,[0.76855695],"[ 0.5877193   7.16666667  0.79824561  7.3        -1.26520824  0.59298246
  7.          0.80175439  7.46666667 -1.69009542  0.6         6.9
  0.80701754  7.6        -1.48335707  0.60526316  6.86666667  0.8122807
  7.7        -0.23144305]",3963.7246766090393
0.17630800000000002,[-0.45836052],"[ 0.59298246  7.          0.80175439  7.46666667 -1.69009542  0.6
  6.9         0.80701754  7.6        -1.48335707  0.60526316  6.86666667
  0.8122807   7.7        -0.23144305  0.61052632  7.          0.81754386
  7.73333333 -1.45836055]",3963.807685613632
0.17626399999999998,[-0.09652092],"[ 0.6         6.9         0.80701754  7.6        -1.48335707  0.60526316
  6.86666667  0.8122807   7.7        -0.23144305  0.61052632  7.
  0.81754386  7.73333333 -1.45836055  0.61578947  7.23333333  0.82631579
  7.63333333 -1.0965209 ]",3963.8895020484924
0.178836,[-0.9811578],"[ 0.60526316  6.86666667  0.8122807   7.7        -0.23144305  0.61052632
  7.          0.81754386  7.73333333 -1.45836055  0.61578947  7.23333333
  0.82631579  7.63333333 -1.0965209   0.62280702  7.16666667  0.83157895
  7.7        -1.98115778]",3963.969645023346
0.176292,[-0.3659708],"[ 0.61052632  7.          0.81754386  7.73333333 -1.45836055  0.61578947
  7.23333333  0.82631579  7.63333333 -1.0965209   0.62280702  7.16666667
  0.83157895  7.7        -1.98115778  0.62631579  7.06666667  0.83508772
  7.76666667 -1.36597085]",3964.0495865345
0.17375600000000002,[-0.04666811],"[ 0.61578947  7.23333333  0.82631579  7.63333333 -1.0965209   0.62280702
  7.16666667  0.83157895  7.7        -1.98115778  0.62631579  7.06666667
  0.83508772  7.76666667 -1.36597085  0.62982456  6.93333333  0.83508772
  7.93333333 -1.04666805]",3964.1296446323395
0.16864,[-0.7932285],"[ 0.62280702  7.16666667  0.83157895  7.7        -1.98115778  0.62631579
  7.06666667  0.83508772  7.76666667 -1.36597085  0.62982456  6.93333333
  0.83508772  7.93333333 -1.04666805  0.63333333  7.1         0.84210526
  7.83333333 -1.79322851]",3964.209623813629
0.171184,[0.27746987],"[ 0.62631579  7.06666667  0.83508772  7.76666667 -1.36597085  0.62982456
  6.93333333  0.83508772  7.93333333 -1.04666805  0.63333333  7.1
  0.84210526  7.83333333 -1.79322851  0.64035088  7.16666667  0.85087719
  7.76666667 -0.72253013]",3964.2898399829865
0.17377199999999993,[0.42422423],"[ 0.62982456  6.93333333  0.83508772  7.93333333 -1.04666805  0.63333333
  7.1         0.84210526  7.83333333 -1.79322851  0.64035088  7.16666667
  0.85087719  7.76666667 -0.72253013  0.65087719  7.          0.85789474
  7.86666667 -0.57577574]",3964.3693623542786
0.173744,[-0.6375526],"[ 0.63333333  7.1         0.84210526  7.83333333 -1.79322851  0.64035088
  7.16666667  0.85087719  7.76666667 -0.72253013  0.65087719  7.
  0.85789474  7.86666667 -0.57577574  0.65789474  7.23333333  0.86666667
  7.63333333 -1.63755262]",3964.449769258499
0.171172,[-0.0743888],"[ 0.64035088  7.16666667  0.85087719  7.76666667 -0.72253013  0.65087719
  7.          0.85789474  7.86666667 -0.57577574  0.65789474  7.23333333
  0.86666667  7.63333333 -1.63755262  0.66315789  7.4         0.87192982
  7.53333333 -1.07438874]",3964.529637813568
0.166072,[-0.1514644],"[ 0.65087719  7.          0.85789474  7.86666667 -0.57577574  0.65789474
  7.23333333  0.86666667  7.63333333 -1.63755262  0.66315789  7.4
  0.87192982  7.53333333 -1.07438874  0.66666667  7.26666667  0.87894737
  7.63333333 -1.15146446]",3964.609594106674
0.16864400000000002,[-0.77495825],"[ 0.65789474  7.23333333  0.86666667  7.63333333 -1.63755262  0.66315789
  7.4         0.87192982  7.53333333 -1.07438874  0.66666667  7.26666667
  0.87894737  7.63333333 -1.15146446  0.67368421  7.3         0.88421053
  7.56666667 -1.77495825]",3964.6896028518677
0.1711959999999999,[0.34446916],"[ 0.66315789  7.4         0.87192982  7.53333333 -1.07438874  0.66666667
  7.26666667  0.87894737  7.63333333 -1.15146446  0.67368421  7.3
  0.88421053  7.56666667 -1.77495825  0.68070175  7.3         0.89298246
  7.56666667 -0.65553081]",3964.7695591449738
0.17632800000000004,[0.64575374],"[ 0.66666667  7.26666667  0.87894737  7.63333333 -1.15146446  0.67368421
  7.3         0.88421053  7.56666667 -1.77495825  0.68070175  7.3
  0.89298246  7.56666667 -0.65553081  0.68947368  7.23333333  0.9
  7.76666667 -0.35424626]",3964.849547147751
0.1814,[-0.6920118],"[ 0.67368421  7.3         0.88421053  7.56666667 -1.77495825  0.68070175
  7.3         0.89298246  7.56666667 -0.65553081  0.68947368  7.23333333
  0.9         7.76666667 -0.35424626  0.69824561  7.53333333  0.91052632
  7.56666667 -1.69201183]",3964.9296243190765
0.18396800000000002,[0.7328184],"[ 0.68070175  7.3         0.89298246  7.56666667 -0.65553081  0.68947368
  7.23333333  0.9         7.76666667 -0.35424626  0.69824561  7.53333333
  0.91052632  7.56666667 -1.69201183  0.70701754  7.56666667  0.91754386
  7.26666667 -0.26718158]",3965.0095999240875
0.18145999999999984,[-0.57902455],"[ 0.68947368  7.23333333  0.9         7.76666667 -0.35424626  0.69824561
  7.53333333  0.91052632  7.56666667 -1.69201183  0.70701754  7.56666667
  0.91754386  7.26666667 -0.26718158  0.7122807   7.3         0.9245614
  7.16666667 -1.57902455]",3965.0895986557007
0.18142800000000003,[-0.12538904],"[ 0.69824561  7.53333333  0.91052632  7.56666667 -1.69201183  0.70701754
  7.56666667  0.91754386  7.26666667 -0.26718158  0.7122807   7.3
  0.9245614   7.16666667 -1.57902455  0.71754386  7.4         0.92807018
  7.03333333 -1.1253891 ]",3965.1695985794067
