reward,action,obs,time
,,"[0.         0.         0.         0.         0.         0.
 0.         0.         0.         0.         0.         0.
 0.         0.         0.         0.02982456 5.63333333 0.24561404
 5.4        0.        ]",4594.789789199829
0.005087999999999995,[-0.17572692],"[ 0.          0.          0.          0.          0.          0.
  0.          0.          0.          0.          0.02982456  5.63333333
  0.24561404  5.4         0.          0.03333333  5.83333333  0.24385965
  5.3        -1.17572689]",4594.88486623764
0.002563999999999997,[-0.61101943],"[ 0.          0.          0.          0.          0.          0.02982456
  5.63333333  0.24561404  5.4         0.          0.03333333  5.83333333
  0.24385965  5.3        -1.17572689  0.03157895  5.56666667  0.24561404
  5.43333333 -1.61101937]",4594.938811779022
0.0025519999999999987,[-0.6226722],"[ 0.02982456  5.63333333  0.24561404  5.4         0.          0.03333333
  5.83333333  0.24385965  5.3        -1.17572689  0.03157895  5.56666667
  0.24561404  5.43333333 -1.61101937  0.03157895  5.66666667  0.24561404
  5.4        -1.6226722 ]",4594.990397453308
0.0025519999999999987,[-0.56636643],"[ 0.03333333  5.83333333  0.24385965  5.3        -1.17572689  0.03157895
  5.56666667  0.24561404  5.43333333 -1.61101937  0.03157895  5.66666667
  0.24561404  5.4        -1.6226722   0.03157895  5.66666667  0.24385965
  5.4        -1.56636643]",4595.04074215889
0.0025519999999999987,[-0.27541175],"[ 0.03157895  5.56666667  0.24561404  5.43333333 -1.61101937  0.03157895
  5.66666667  0.24561404  5.4        -1.6226722   0.03157895  5.66666667
  0.24385965  5.4        -1.56636643  0.03157895  5.66666667  0.24561404
  5.4        -1.27541173]",4595.091419696808
0.002563999999999997,[0.3759132],"[ 0.03157895  5.66666667  0.24561404  5.4        -1.6226722   0.03157895
  5.66666667  0.24385965  5.4        -1.56636643  0.03157895  5.66666667
  0.24561404  5.4        -1.27541173  0.03157895  5.56666667  0.24561404
  5.5        -0.6240868 ]",4595.141532897949
0.002583999999999996,[-0.87053615],"[ 0.03157895  5.66666667  0.24385965  5.4        -1.56636643  0.03157895
  5.66666667  0.24561404  5.4        -1.27541173  0.03157895  5.56666667
  0.24561404  5.5        -0.6240868   0.03157895  5.4         0.24736842
  5.63333333 -1.87053609]",4595.191474676132
0.005131999999999998,[0.47152707],"[ 0.03157895  5.66666667  0.24561404  5.4        -1.27541173  0.03157895
  5.56666667  0.24561404  5.5        -0.6240868   0.03157895  5.4
  0.24736842  5.63333333 -1.87053609  0.03333333  5.46666667  0.24736842
  5.56666667 -0.5284729 ]",4595.241772174835
0.0051199999999999996,[0.35786304],"[ 0.03157895  5.56666667  0.24561404  5.5        -0.6240868   0.03157895
  5.4         0.24736842  5.63333333 -1.87053609  0.03333333  5.46666667
  0.24736842  5.56666667 -0.5284729   0.03333333  5.56666667  0.24736842
  5.46666667 -0.64213693]",4595.301684856415
0.007683999999999996,[0.4994446],"[ 0.03157895  5.4         0.24736842  5.63333333 -1.87053609  0.03333333
  5.46666667  0.24736842  5.56666667 -0.5284729   0.03333333  5.56666667
  0.24736842  5.46666667 -0.64213693  0.03508772  5.5         0.24912281
  5.46666667 -0.5005554 ]",4595.381725311279
0.012775999999999996,[-0.6987932],"[ 0.03333333  5.46666667  0.24736842  5.56666667 -0.5284729   0.03333333
  5.56666667  0.24736842  5.46666667 -0.64213693  0.03508772  5.5
  0.24912281  5.46666667 -0.5005554   0.03859649  5.66666667  0.25087719
  5.3        -1.69879317]",4595.46190571785
0.020436000000000003,[0.7005358],"[ 0.03333333  5.56666667  0.24736842  5.46666667 -0.64213693  0.03508772
  5.5         0.24912281  5.46666667 -0.5005554   0.03859649  5.66666667
  0.25087719  5.3        -1.69879317  0.04385965  5.73333333  0.25438596
  5.16666667 -0.29946423]",4595.54176068306
0.023011999999999998,[0.15344755],"[ 0.03508772  5.5         0.24912281  5.46666667 -0.5005554   0.03859649
  5.66666667  0.25087719  5.3        -1.69879317  0.04385965  5.73333333
  0.25438596  5.16666667 -0.29946423  0.04561404  5.56666667  0.25964912
  5.3        -0.84655243]",4595.6219799518585
0.03066,[-0.5768652],"[ 0.03859649  5.66666667  0.25087719  5.3        -1.69879317  0.04385965
  5.73333333  0.25438596  5.16666667 -0.29946423  0.04561404  5.56666667
  0.25964912  5.3        -0.84655243  0.05087719  5.73333333  0.26315789
  5.2        -1.5768652 ]",4595.701679468155
0.038332,[-0.05694178],"[ 0.04385965  5.73333333  0.25438596  5.16666667 -0.29946423  0.04561404
  5.56666667  0.25964912  5.3        -0.84655243  0.05087719  5.73333333
  0.26315789  5.2        -1.5768652   0.05614035  5.7         0.26666667
  5.16666667 -1.05694175]",4595.782198190689
0.046024,[-0.9357438],"[ 0.04561404  5.56666667  0.25964912  5.3        -0.84655243  0.05087719
  5.73333333  0.26315789  5.2        -1.5768652   0.05614035  5.7
  0.26666667  5.16666667 -1.05694175  0.06140351  5.5         0.27368421
  5.3        -1.93574381]",4595.861912250519
0.056248,[-0.34736884],"[ 0.05087719  5.73333333  0.26315789  5.2        -1.5768652   0.05614035
  5.7         0.26666667  5.16666667 -1.05694175  0.06140351  5.5
  0.27368421  5.3        -1.93574381  0.06842105  5.5         0.28070175
  5.26666667 -1.34736884]",4595.943180322647
0.06392799999999998,[-0.47756204],"[ 0.05614035  5.7         0.26666667  5.16666667 -1.05694175  0.06140351
  5.5         0.27368421  5.3        -1.93574381  0.06842105  5.5
  0.28070175  5.26666667 -1.34736884  0.07368421  5.4         0.2877193
  5.4        -1.47756207]",4596.021749258041
0.07160399999999999,[-0.55080485],"[ 0.06140351  5.5         0.27368421  5.3        -1.93574381  0.06842105
  5.5         0.28070175  5.26666667 -1.34736884  0.07368421  5.4
  0.2877193   5.4        -1.47756207  0.07894737  5.33333333  0.29473684
  5.36666667 -1.55080485]",4596.101087808609
0.07927599999999999,[0.22494948],"[ 0.06842105  5.5         0.28070175  5.26666667 -1.34736884  0.07368421
  5.4         0.2877193   5.4        -1.47756207  0.07894737  5.33333333
  0.29473684  5.36666667 -1.55080485  0.08421053  5.3         0.3
  5.43333333 -0.77505052]",4596.175111293793
0.08186000000000002,[0.00602728],"[ 0.07368421  5.4         0.2877193   5.4        -1.47756207  0.07894737
  5.33333333  0.29473684  5.36666667 -1.55080485  0.08421053  5.3
  0.3         5.43333333 -0.77505052  0.08947368  5.26666667  0.30350877
  5.43333333 -0.99397272]",4596.260997533798
0.089476,[-0.45361635],"[ 0.07894737  5.33333333  0.29473684  5.36666667 -1.55080485  0.08421053
  5.3         0.3         5.43333333 -0.77505052  0.08947368  5.26666667
  0.30350877  5.43333333 -0.99397272  0.09298246  5.43333333  0.30701754
  5.23333333 -1.45361638]",4596.341797351837
0.097164,[-0.9219337],"[ 0.08421053  5.3         0.3         5.43333333 -0.77505052  0.08947368
  5.26666667  0.30350877  5.43333333 -0.99397272  0.09298246  5.43333333
  0.30701754  5.23333333 -1.45361638  0.09824561  5.36666667  0.3122807
  5.23333333 -1.92193365]",4596.421678781509
0.10230000000000002,[0.27138355],"[ 0.08947368  5.26666667  0.30350877  5.43333333 -0.99397272  0.09298246
  5.43333333  0.30701754  5.23333333 -1.45361638  0.09824561  5.36666667
  0.3122807   5.23333333 -1.92193365  0.10175439  5.16666667  0.31578947
  5.46666667 -0.72861648]",4596.501633167267
0.10998000000000001,[0.40305308],"[ 0.09298246  5.43333333  0.30701754  5.23333333 -1.45361638  0.09824561
  5.36666667  0.3122807   5.23333333 -1.92193365  0.10175439  5.16666667
  0.31578947  5.46666667 -0.72861648  0.10701754  5.06666667  0.32105263
  5.56666667 -0.59694695]",4596.581592559814
0.1125,[-0.29514495],"[ 0.09824561  5.36666667  0.3122807   5.23333333 -1.92193365  0.10175439
  5.16666667  0.31578947  5.46666667 -0.72861648  0.10701754  5.06666667
  0.32105263  5.56666667 -0.59694695  0.10877193  5.26666667  0.32807018
  5.43333333 -1.29514492]",4596.657508134842
0.11756,[-0.88520855],"[ 0.10175439  5.16666667  0.31578947  5.46666667 -0.72861648  0.10701754
  5.06666667  0.32105263  5.56666667 -0.59694695  0.10877193  5.26666667
  0.32807018  5.43333333 -1.29514492  0.1122807   5.53333333  0.33333333
  5.23333333 -1.88520861]",4596.735185146332
0.125304,[0.70819604],"[ 0.10701754  5.06666667  0.32105263  5.56666667 -0.59694695  0.10877193
  5.26666667  0.32807018  5.43333333 -1.29514492  0.1122807   5.53333333
  0.33333333  5.23333333 -1.88520861  0.11929825  4.96666667  0.34035088
  5.4        -0.29180396]",4596.8198325634
0.16107199999999997,[-0.12571324],"[ 0.10877193  5.26666667  0.32807018  5.43333333 -1.29514492  0.1122807
  5.53333333  0.33333333  5.23333333 -1.88520861  0.11929825  4.96666667
  0.34035088  5.4        -0.29180396  0.14385965  5.2         0.34736842
  5.56666667 -1.12571323]",4596.901119709015
0.16616,[-0.50195616],"[ 0.1122807   5.53333333  0.33333333  5.23333333 -1.88520861  0.11929825
  4.96666667  0.34035088  5.4        -0.29180396  0.14385965  5.2
  0.34736842  5.56666667 -1.12571323  0.14912281  5.33333333  0.35964912
  5.46666667 -1.50195622]",4596.981642246246
0.17129999999999998,[0.8664632],"[ 0.11929825  4.96666667  0.34035088  5.4        -0.29180396  0.14385965
  5.2         0.34736842  5.56666667 -1.12571323  0.14912281  5.33333333
  0.35964912  5.46666667 -1.50195622  0.15614035  5.26666667  0.37017544
  5.43333333 -0.13353682]",4597.061813592911
0.176428,[-0.3849735],"[ 0.14385965  5.2         0.34736842  5.56666667 -1.12571323  0.14912281
  5.33333333  0.35964912  5.46666667 -1.50195622  0.15614035  5.26666667
  0.37017544  5.43333333 -0.13353682  0.16491228  5.2         0.37894737
  5.53333333 -1.38497353]",4597.141625404358
0.18660800000000002,[-0.7553885],"[ 0.14912281  5.33333333  0.35964912  5.46666667 -1.50195622  0.15614035
  5.26666667  0.37017544  5.43333333 -0.13353682  0.16491228  5.2
  0.37894737  5.53333333 -1.38497353  0.17368421  5.4         0.3877193
  5.43333333 -1.7553885 ]",4597.221920013428
0.18919599999999998,[0.194517],"[ 0.15614035  5.26666667  0.37017544  5.43333333 -0.13353682  0.16491228
  5.2         0.37894737  5.53333333 -1.38497353  0.17368421  5.4
  0.3877193   5.43333333 -1.7553885   0.18070175  5.3         0.39649123
  5.5        -0.80548298]",4597.301232337952
0.196884,[-0.5733238],"[ 0.16491228  5.2         0.37894737  5.53333333 -1.38497353  0.17368421
  5.4         0.3877193   5.43333333 -1.7553885   0.18070175  5.3
  0.39649123  5.5        -0.80548298  0.19122807  5.1         0.40526316
  5.63333333 -1.57332373]",4597.381800413132
0.201952,[0.19420026],"[ 0.17368421  5.4         0.3877193   5.43333333 -1.7553885   0.18070175
  5.3         0.39649123  5.5        -0.80548298  0.19122807  5.1
  0.40526316  5.63333333 -1.57332373  0.2         5.26666667  0.41578947
  5.56666667 -0.80579972]",4597.461814403534
0.20706000000000002,[0.82278806],"[ 0.18070175  5.3         0.39649123  5.5        -0.80548298  0.19122807
  5.1         0.40526316  5.63333333 -1.57332373  0.2         5.26666667
  0.41578947  5.56666667 -0.80579972  0.21052632  5.3         0.4245614
  5.63333333 -0.17721194]",4597.541651010513
0.21213600000000002,[-0.5983403],"[ 0.19122807  5.1         0.40526316  5.63333333 -1.57332373  0.2
  5.26666667  0.41578947  5.56666667 -0.80579972  0.21052632  5.3
  0.4245614   5.63333333 -0.17721194  0.21929825  5.5         0.43508772
  5.56666667 -1.59834027]",4597.62156867981
0.219772,[-0.36748865],"[ 0.2         5.26666667  0.41578947  5.56666667 -0.80579972  0.21052632
  5.3         0.4245614   5.63333333 -0.17721194  0.21929825  5.5
  0.43508772  5.56666667 -1.59834027  0.22982456  5.7         0.44561404
  5.33333333 -1.36748862]",4597.701531410217
0.22489599999999998,[0.98494977],"[ 0.21052632  5.3         0.4245614   5.63333333 -0.17721194  0.21929825
  5.5         0.43508772  5.56666667 -1.59834027  0.22982456  5.7
  0.44561404  5.33333333 -1.36748862  0.23859649  5.56666667  0.45438596
  5.36666667 -0.01505023]",4597.781621217728
0.23257600000000003,[-0.44250214],"[ 0.21929825  5.5         0.43508772  5.56666667 -1.59834027  0.22982456
  5.7         0.44561404  5.33333333 -1.36748862  0.23859649  5.56666667
  0.45438596  5.36666667 -0.01505023  0.24912281  5.43333333  0.46315789
  5.43333333 -1.44250214]",4597.861847162247
0.24535200000000001,[-0.29315388],"[ 0.22982456  5.7         0.44561404  5.33333333 -1.36748862  0.23859649
  5.56666667  0.45438596  5.36666667 -0.01505023  0.24912281  5.43333333
  0.46315789  5.43333333 -1.44250214  0.26140351  5.63333333  0.47368421
  5.23333333 -1.29315388]",4597.941799402237
0.25301999999999997,[-0.9425474],"[ 0.23859649  5.56666667  0.45438596  5.36666667 -0.01505023  0.24912281
  5.43333333  0.46315789  5.43333333 -1.44250214  0.26140351  5.63333333
  0.47368421  5.23333333 -1.29315388  0.27192982  5.56666667  0.48596491
  5.3        -1.94254732]",4598.021672964096
0.263232,[-0.5738759],"[ 0.24912281  5.43333333  0.46315789  5.43333333 -1.44250214  0.26140351
  5.63333333  0.47368421  5.23333333 -1.29315388  0.27192982  5.56666667
  0.48596491  5.3        -1.94254732  0.28245614  5.46666667  0.49649123
  5.46666667 -1.5738759 ]",4598.101622581482
0.27090800000000004,[0.7986397],"[ 0.26140351  5.63333333  0.47368421  5.23333333 -1.29315388  0.27192982
  5.56666667  0.48596491  5.3        -1.94254732  0.28245614  5.46666667
  0.49649123  5.46666667 -1.5738759   0.29298246  5.3         0.50701754
  5.66666667 -0.20136029]",4598.181616067886
0.28370799999999996,[0.6012346],"[ 0.27192982  5.56666667  0.48596491  5.3        -1.94254732  0.28245614
  5.46666667  0.49649123  5.46666667 -1.5738759   0.29298246  5.3
  0.50701754  5.66666667 -0.20136029  0.30350877  5.33333333  0.51754386
  5.6        -0.39876539]",4598.261613607407
0.293936,[0.24970981],"[ 0.28245614  5.46666667  0.49649123  5.46666667 -1.5738759   0.29298246
  5.3         0.50701754  5.66666667 -0.20136029  0.30350877  5.33333333
  0.51754386  5.6        -0.39876539  0.31403509  5.56666667  0.52807018
  5.3        -0.75029016]",4598.3417863845825
0.29895999999999995,[-0.1380525],"[ 0.29298246  5.3         0.50701754  5.66666667 -0.20136029  0.30350877
  5.33333333  0.51754386  5.6        -0.39876539  0.31403509  5.56666667
  0.52807018  5.3        -0.75029016  0.3245614   5.73333333  0.53684211
  5.06666667 -1.13805246]",4598.421935796738
0.273428,[-0.7694274],"[ 0.30350877  5.33333333  0.51754386  5.6        -0.39876539  0.31403509
  5.56666667  0.52807018  5.3        -0.75029016  0.3245614   5.73333333
  0.53684211  5.06666667 -1.13805246  0.33157895  5.73333333  0.54210526
  5.06666667 -1.76942742]",4598.525811910629
0.27345600000000003,[-0.11246262],"[ 0.31403509  5.56666667  0.52807018  5.3        -0.75029016  0.3245614
  5.73333333  0.53684211  5.06666667 -1.13805246  0.33157895  5.73333333
  0.54210526  5.06666667 -1.76942742  0.33684211  5.63333333  0.54912281
  5.06666667 -1.11246264]",4598.581684112549
0.276016,[-0.27407324],"[ 0.3245614   5.73333333  0.53684211  5.06666667 -1.13805246  0.33157895
  5.73333333  0.54210526  5.06666667 -1.76942742  0.33684211  5.63333333
  0.54912281  5.06666667 -1.11246264  0.34561404  5.53333333  0.55964912
  5.03333333 -1.27407324]",4598.661698579788
0.28112,[0.6156596],"[ 0.33157895  5.73333333  0.54210526  5.06666667 -1.76942742  0.33684211
  5.63333333  0.54912281  5.06666667 -1.11246264  0.34561404  5.53333333
  0.55964912  5.03333333 -1.27407324  0.35789474  5.53333333  0.57017544
  4.96666667 -0.38434041]",4598.741703510284
0.286252,[0.77465373],"[ 0.33684211  5.63333333  0.54912281  5.06666667 -1.11246264  0.34561404
  5.53333333  0.55964912  5.03333333 -1.27407324  0.35789474  5.53333333
  0.57017544  4.96666667 -0.38434041  0.37017544  5.56666667  0.58070175
  4.93333333 -0.22534627]",4598.821288585663
0.291324,[-0.26729977],"[ 0.34561404  5.53333333  0.55964912  5.03333333 -1.27407324  0.35789474
  5.53333333  0.57017544  4.96666667 -0.38434041  0.37017544  5.56666667
  0.58070175  4.93333333 -0.22534627  0.38070175  5.8         0.5877193
  4.73333333 -1.26729977]",4598.901715755463
0.286184,[0.7449594],"[ 0.35789474  5.53333333  0.57017544  4.96666667 -0.38434041  0.37017544
  5.56666667  0.58070175  4.93333333 -0.22534627  0.38070175  5.8
  0.5877193   4.73333333 -1.26729977  0.3877193   5.83333333  0.58947368
  4.53333333 -0.25504059]",4598.981712579727
0.27344,[0.21246482],"[ 0.37017544  5.56666667  0.58070175  4.93333333 -0.22534627  0.38070175
  5.8         0.5877193   4.73333333 -1.26729977  0.3877193   5.83333333
  0.58947368  4.53333333 -0.25504059  0.3877193   5.7         0.59122807
  4.5        -0.78753519]",4599.061771631241
0.265772,[-0.19375682],"[ 0.38070175  5.8         0.5877193   4.73333333 -1.26729977  0.3877193
  5.83333333  0.58947368  4.53333333 -0.25504059  0.3877193   5.7
  0.59122807  4.5        -0.78753519  0.39298246  5.73333333  0.59122807
  4.33333333 -1.19375682]",4599.141632795334
0.25813600000000003,[-0.3784342],"[ 0.3877193   5.83333333  0.58947368  4.53333333 -0.25504059  0.3877193
  5.7         0.59122807  4.5        -0.78753519  0.39298246  5.73333333
  0.59122807  4.33333333 -1.19375682  0.39649123  5.66666667  0.59824561
  4.3        -1.37843418]",4599.2215695381165
0.2530639999999999,[-0.05941897],"[ 0.3877193   5.7         0.59122807  4.5        -0.78753519  0.39298246
  5.73333333  0.59122807  4.33333333 -1.19375682  0.39649123  5.66666667
  0.59824561  4.3        -1.37843418  0.40350877  5.53333333  0.60701754
  4.43333333 -1.05941892]",4599.301079750061
0.25305599999999995,[-0.82842726],"[ 0.39298246  5.73333333  0.59122807  4.33333333 -1.19375682  0.39649123
  5.66666667  0.59824561  4.3        -1.37843418  0.40350877  5.53333333
  0.60701754  4.43333333 -1.05941892  0.4122807   5.46666667  0.61754386
  4.36666667 -1.82842731]",4599.381839990616
0.25050000000000006,[0.22129133],"[ 0.39649123  5.66666667  0.59824561  4.3        -1.37843418  0.40350877
  5.53333333  0.60701754  4.43333333 -1.05941892  0.4122807   5.46666667
  0.61754386  4.36666667 -1.82842731  0.42105263  5.33333333  0.62631579
  4.2        -0.7787087 ]",4599.461621522903
0.24032800000000004,[0.67110705],"[ 0.40350877  5.53333333  0.60701754  4.43333333 -1.05941892  0.4122807
  5.46666667  0.61754386  4.36666667 -1.82842731  0.42105263  5.33333333
  0.62631579  4.2        -0.7787087   0.42631579  5.1         0.63508772
  4.26666667 -0.32889295]",4599.541681528091
0.2377440000000001,[-0.6373117],"[ 0.4122807   5.46666667  0.61754386  4.36666667 -1.82842731  0.42105263
  5.33333333  0.62631579  4.2        -0.7787087   0.42631579  5.1
  0.63508772  4.26666667 -0.32889295  0.43508772  5.26666667  0.63859649
  4.13333333 -1.6373117 ]",4599.621963262558
0.23260000000000006,[-0.8300934],"[ 0.42105263  5.33333333  0.62631579  4.2        -0.7787087   0.42631579
  5.1         0.63508772  4.26666667 -0.32889295  0.43508772  5.26666667
  0.63859649  4.13333333 -1.6373117   0.44210526  5.43333333  0.63684211
  3.83333333 -1.83009338]",4599.702001571655
0.2147120000000001,[-0.16924281],"[ 0.42631579  5.1         0.63508772  4.26666667 -0.32889295  0.43508772
  5.26666667  0.63859649  4.13333333 -1.6373117   0.44210526  5.43333333
  0.63684211  3.83333333 -1.83009338  0.44035088  5.23333333  0.64035088
  3.83333333 -1.16924286]",4599.781704187393
0.20197199999999996,[-0.3284877],"[ 0.43508772  5.26666667  0.63859649  4.13333333 -1.6373117   0.44210526
  5.43333333  0.63684211  3.83333333 -1.83009338  0.44035088  5.23333333
  0.64035088  3.83333333 -1.16924286  0.44210526  4.93333333  0.64736842
  3.9        -1.32848763]",4599.862701177597
0.19944800000000001,[0.36462533],"[ 0.44210526  5.43333333  0.63684211  3.83333333 -1.83009338  0.44035088
  5.23333333  0.64035088  3.83333333 -1.16924286  0.44210526  4.93333333
  0.64736842  3.9        -1.32848763  0.45087719  4.9         0.65614035
  3.8        -0.63537467]",4599.935826063156
0.20202400000000004,[-0.32875338],"[ 0.44035088  5.23333333  0.64035088  3.83333333 -1.16924286  0.44210526
  4.93333333  0.64736842  3.9        -1.32848763  0.45087719  4.9
  0.65614035  3.8        -0.63537467  0.46315789  4.9         0.66842105
  3.76666667 -1.32875335]",4600.021271467209
0.20712000000000003,[-0.0754206],"[ 0.44210526  4.93333333  0.64736842  3.9        -1.32848763  0.45087719
  4.9         0.65614035  3.8        -0.63537467  0.46315789  4.9
  0.66842105  3.76666667 -1.32875335  0.47368421  5.03333333  0.67719298
  3.8        -1.07542062]",4600.101624011993
0.207132,[-0.3789215],"[ 0.45087719  4.9         0.65614035  3.8        -0.63537467  0.46315789
  4.9         0.66842105  3.76666667 -1.32875335  0.47368421  5.03333333
  0.67719298  3.8        -1.07542062  0.47894737  4.83333333  0.68421053
  3.83333333 -1.37892151]",4600.181730270386
0.199476,[0.52699375],"[ 0.46315789  4.9         0.66842105  3.76666667 -1.32875335  0.47368421
  5.03333333  0.67719298  3.8        -1.07542062  0.47894737  4.83333333
  0.68421053  3.83333333 -1.37892151  0.48245614  4.63333333  0.69122807
  3.83333333 -0.47300625]",4600.263371229172
0.18669199999999997,[0.21617104],"[ 0.47368421  5.03333333  0.67719298  3.8        -1.07542062  0.47894737
  4.83333333  0.68421053  3.83333333 -1.37892151  0.48245614  4.63333333
  0.69122807  3.83333333 -0.47300625  0.48596491  4.66666667  0.69649123
  3.9        -0.78382897]",4600.335092782974
0.17644399999999993,[-0.30758503],"[ 0.47894737  4.83333333  0.68421053  3.83333333 -1.37892151  0.48245614
  4.63333333  0.69122807  3.83333333 -0.47300625  0.48596491  4.66666667
  0.69649123  3.9        -0.78382897  0.49122807  4.9         0.69824561
  3.83333333 -1.307585  ]",4600.415083169937
0.16113999999999995,[-0.30913177],"[ 0.48245614  4.63333333  0.69122807  3.83333333 -0.47300625  0.48596491
  4.66666667  0.69649123  3.9        -0.78382897  0.49122807  4.9
  0.69824561  3.83333333 -1.307585    0.49122807  4.86666667  0.69824561
  3.86666667 -1.30913174]",4600.496314048767
0.14839599999999997,[-0.7847905],"[ 0.48596491  4.66666667  0.69649123  3.9        -0.78382897  0.49122807
  4.9         0.69824561  3.83333333 -1.307585    0.49122807  4.86666667
  0.69824561  3.86666667 -1.30913174  0.48947368  4.6         0.7
  3.93333333 -1.78479052]",4600.579928159714
0.15350399999999997,[0.28350753],"[ 0.49122807  4.9         0.69824561  3.83333333 -1.307585    0.49122807
  4.86666667  0.69824561  3.86666667 -1.30913174  0.48947368  4.6
  0.7         3.93333333 -1.78479052  0.49298246  4.5         0.70350877
  4.03333333 -0.71649247]",4600.661417961121
0.15606799999999998,[-0.01697142],"[ 0.49122807  4.86666667  0.69824561  3.86666667 -1.30913174  0.48947368
  4.6         0.7         3.93333333 -1.78479052  0.49298246  4.5
  0.70350877  4.03333333 -0.71649247  0.5         4.46666667  0.71403509
  4.2        -1.01697147]",4600.742370605469
0.16370799999999996,[-0.30784583],"[ 0.48947368  4.6         0.7         3.93333333 -1.78479052  0.49298246
  4.5         0.70350877  4.03333333 -0.71649247  0.5         4.46666667
  0.71403509  4.2        -1.01697147  0.50877193  4.63333333  0.72105263
  4.1        -1.30784583]",4600.821459054947
0.15858000000000005,[0.1925783],"[ 0.49298246  4.5         0.70350877  4.03333333 -0.71649247  0.5
  4.46666667  0.71403509  4.2        -1.01697147  0.50877193  4.63333333
  0.72105263  4.1        -1.30784583  0.5122807   4.63333333  0.7245614
  4.         -0.80742168]",4600.901913881302
0.15346400000000004,[-0.17662013],"[ 0.5         4.46666667  0.71403509  4.2        -1.01697147  0.50877193
  4.63333333  0.72105263  4.1        -1.30784583  0.5122807   4.63333333
  0.7245614   4.         -0.80742168  0.51754386  4.6         0.72807018
  4.03333333 -1.17662013]",4600.981726169586
0.148324,[-0.13499665],"[ 0.50877193  4.63333333  0.72105263  4.1        -1.30784583  0.5122807
  4.63333333  0.7245614   4.         -0.80742168  0.51754386  4.6
  0.72807018  4.03333333 -1.17662013  0.52280702  4.7         0.73333333
  4.         -1.13499665]",4601.061697483063
0.1483,[-0.8184938],"[ 0.5122807   4.63333333  0.7245614   4.         -0.80742168  0.51754386
  4.6         0.72807018  4.03333333 -1.17662013  0.52280702  4.7
  0.73333333  4.         -1.13499665  0.52807018  4.66666667  0.73859649
  4.06666667 -1.81849384]",4601.141871929169
0.138108,[0.03345099],"[ 0.51754386  4.6         0.72807018  4.03333333 -1.17662013  0.52280702
  4.7         0.73333333  4.         -1.13499665  0.52807018  4.66666667
  0.73859649  4.06666667 -1.81849384  0.52982456  4.56666667  0.74210526
  4.1        -0.96654904]",4601.221952676773
0.13047999999999993,[-0.419637],"[ 0.52280702  4.7         0.73333333  4.         -1.13499665  0.52807018
  4.66666667  0.73859649  4.06666667 -1.81849384  0.52982456  4.56666667
  0.74210526  4.1        -0.96654904  0.53157895  4.4         0.74561404
  4.2        -1.41963696]",4601.302016496658
0.1406679999999999,[-0.20441355],"[ 0.52807018  4.66666667  0.73859649  4.06666667 -1.81849384  0.52982456
  4.56666667  0.74210526  4.1        -0.96654904  0.53157895  4.4
  0.74561404  4.2        -1.41963696  0.53684211  4.5         0.74912281
  4.13333333 -1.20441353]",4601.3816177845
0.14574399999999998,[-0.46957198],"[ 0.52982456  4.56666667  0.74210526  4.1        -0.96654904  0.53157895
  4.4         0.74561404  4.2        -1.41963696  0.53684211  4.5
  0.74912281  4.13333333 -1.20441353  0.54210526  4.5         0.75263158
  4.16666667 -1.46957195]",4601.461805820465
0.13551999999999997,[0.08789783],"[ 0.53157895  4.4         0.74561404  4.2        -1.41963696  0.53684211
  4.5         0.74912281  4.13333333 -1.20441353  0.54210526  4.5
  0.75263158  4.16666667 -1.46957195  0.54385965  4.46666667  0.75789474
  4.2        -0.91210216]",4601.541823625565
0.12529999999999997,[0.66887116],"[ 0.53684211  4.5         0.74912281  4.13333333 -1.20441353  0.54210526
  4.5         0.75263158  4.16666667 -1.46957195  0.54385965  4.46666667
  0.75789474  4.2        -0.91210216  0.54912281  4.43333333  0.76140351
  4.16666667 -0.33112884]",4601.621627569199
0.11762799999999995,[-0.05184028],"[ 0.54210526  4.5         0.75263158  4.16666667 -1.46957195  0.54385965
  4.46666667  0.75789474  4.2        -0.91210216  0.54912281  4.43333333
  0.76140351  4.16666667 -0.33112884  0.55438596  4.6         0.76491228
  3.96666667 -1.05184031]",4601.701573848724
0.11759199999999992,[-0.37300918],"[ 0.54385965  4.46666667  0.75789474  4.2        -0.91210216  0.54912281
  4.43333333  0.76140351  4.16666667 -0.33112884  0.55438596  4.6
  0.76491228  3.96666667 -1.05184031  0.55964912  4.7         0.76842105
  3.83333333 -1.3730092 ]",4601.78188085556
0.11247600000000002,[0.562896],"[ 0.54912281  4.43333333  0.76140351  4.16666667 -0.33112884  0.55438596
  4.6         0.76491228  3.96666667 -1.05184031  0.55964912  4.7
  0.76842105  3.83333333 -1.3730092   0.55964912  4.53333333  0.77192982
  3.93333333 -0.43710399]",4601.861782550812
0.10993600000000003,[-0.75692654],"[ 0.55438596  4.6         0.76491228  3.96666667 -1.05184031  0.55964912
  4.7         0.76842105  3.83333333 -1.3730092   0.55964912  4.53333333
  0.77192982  3.93333333 -0.43710399  0.56140351  4.43333333  0.77368421
  3.96666667 -1.75692654]",4601.9416971206665
0.11505600000000005,[-0.67855763],"[ 0.55964912  4.7         0.76842105  3.83333333 -1.3730092   0.55964912
  4.53333333  0.77192982  3.93333333 -0.43710399  0.56140351  4.43333333
  0.77368421  3.96666667 -1.75692654  0.57017544  4.6         0.77894737
  3.83333333 -1.67855763]",4602.021581411362
0.12017600000000006,[-0.07967139],"[ 0.55964912  4.53333333  0.77192982  3.93333333 -0.43710399  0.56140351
  4.43333333  0.77368421  3.96666667 -1.75692654  0.57017544  4.6
  0.77894737  3.83333333 -1.67855763  0.57368421  4.5         0.78421053
  4.06666667 -1.07967138]",4602.101696252823
0.13039600000000007,[-0.167434],"[ 0.56140351  4.43333333  0.77368421  3.96666667 -1.75692654  0.57017544
  4.6         0.77894737  3.83333333 -1.67855763  0.57368421  4.5
  0.78421053  4.06666667 -1.07967138  0.57894737  4.26666667  0.79122807
  4.23333333 -1.16743398]",4602.181869983673
0.13548800000000005,[-0.6145339],"[ 0.57017544  4.6         0.77894737  3.83333333 -1.67855763  0.57368421
  4.5         0.78421053  4.06666667 -1.07967138  0.57894737  4.26666667
  0.79122807  4.23333333 -1.16743398  0.58596491  4.33333333  0.8
  4.1        -1.6145339 ]",4602.2618589401245
0.13804399999999994,[-0.5435756],"[ 0.57368421  4.5         0.78421053  4.06666667 -1.07967138  0.57894737
  4.26666667  0.79122807  4.23333333 -1.16743398  0.58596491  4.33333333
  0.8         4.1        -1.6145339   0.59473684  4.3         0.80877193
  4.23333333 -1.54357553]",4602.341720342636
0.13552399999999998,[0.9383342],"[ 0.57894737  4.26666667  0.79122807  4.23333333 -1.16743398  0.58596491
  4.33333333  0.8         4.1        -1.6145339   0.59473684  4.3
  0.80877193  4.23333333 -1.54357553  0.60175439  4.16666667  0.81403509
  4.46666667 -0.06166577]",4602.42175078392
0.13807599999999998,[-0.04956276],"[ 0.58596491  4.33333333  0.8         4.1        -1.6145339   0.59473684
  4.3         0.80877193  4.23333333 -1.54357553  0.60175439  4.16666667
  0.81403509  4.46666667 -0.06166577  0.60701754  4.2         0.81929825
  4.46666667 -1.04956281]",4602.501741409302
0.13549999999999995,[-0.42487136],"[ 0.59473684  4.3         0.80877193  4.23333333 -1.54357553  0.60175439
  4.16666667  0.81403509  4.46666667 -0.06166577  0.60701754  4.2
  0.81929825  4.46666667 -1.04956281  0.61052632  4.33333333  0.8245614
  4.26666667 -1.42487133]",4602.581743001938
0.13295999999999997,[-0.8508185],"[ 0.60175439  4.16666667  0.81403509  4.46666667 -0.06166577  0.60701754
  4.2         0.81929825  4.46666667 -1.04956281  0.61052632  4.33333333
  0.8245614   4.26666667 -1.42487133  0.61403509  4.3         0.82807018
  4.33333333 -1.85081851]",4602.661758899689
0.13553199999999999,[-0.49875987],"[ 0.60701754  4.2         0.81929825  4.46666667 -1.04956281  0.61052632
  4.33333333  0.8245614   4.26666667 -1.42487133  0.61403509  4.3
  0.82807018  4.33333333 -1.85081851  0.62105263  4.13333333  0.83157895
  4.6        -1.49875987]",4602.741690158844
0.145756,[0.33842808],"[ 0.61052632  4.33333333  0.8245614   4.26666667 -1.42487133  0.61403509
  4.3         0.82807018  4.33333333 -1.85081851  0.62105263  4.13333333
  0.83157895  4.6        -1.49875987  0.62982456  4.03333333  0.84035088
  4.73333333 -0.66157192]",4602.821976661682
0.15339200000000008,[-0.02216289],"[ 0.61403509  4.3         0.82807018  4.33333333 -1.85081851  0.62105263
  4.13333333  0.83157895  4.6        -1.49875987  0.62982456  4.03333333
  0.84035088  4.73333333 -0.66157192  0.63684211  4.13333333  0.84912281
  4.66666667 -1.02216291]",4602.902189493179
0.15337600000000007,[-0.96330196],"[ 0.62105263  4.13333333  0.83157895  4.6        -1.49875987  0.62982456
  4.03333333  0.84035088  4.73333333 -0.66157192  0.63684211  4.13333333
  0.84912281  4.66666667 -1.02216291  0.64210526  4.36666667  0.85438596
  4.63333333 -1.9633019 ]",4602.98192691803
0.15338000000000007,[0.72694784],"[ 0.62982456  4.03333333  0.84035088  4.73333333 -0.66157192  0.63684211
  4.13333333  0.84912281  4.66666667 -1.02216291  0.64210526  4.36666667
  0.85438596  4.63333333 -1.9633019   0.64736842  4.33333333  0.85964912
  4.73333333 -0.27305216]",4603.061738729477
0.163624,[-0.69586426],"[ 0.63684211  4.13333333  0.84912281  4.66666667 -1.02216291  0.64210526
  4.36666667  0.85438596  4.63333333 -1.9633019   0.64736842  4.33333333
  0.85964912  4.73333333 -0.27305216  0.65614035  4.13333333  0.86491228
  4.93333333 -1.6958642 ]",4603.141770362854
0.16615999999999997,[0.16413985],"[ 0.64210526  4.36666667  0.85438596  4.63333333 -1.9633019   0.64736842
  4.33333333  0.85964912  4.73333333 -0.27305216  0.65614035  4.13333333
  0.86491228  4.93333333 -1.6958642   0.66315789  4.26666667  0.87368421
  4.93333333 -0.83586013]",4603.221858739853
0.168736,[-0.52996767],"[ 0.64736842  4.33333333  0.85964912  4.73333333 -0.27305216  0.65614035
  4.13333333  0.86491228  4.93333333 -1.6958642   0.66315789  4.26666667
  0.87368421  4.93333333 -0.83586013  0.67017544  4.26666667  0.88070175
  5.06666667 -1.52996767]",4603.301908254623
0.16874,[-0.27374494],"[ 0.65614035  4.13333333  0.86491228  4.93333333 -1.6958642   0.66315789
  4.26666667  0.87368421  4.93333333 -0.83586013  0.67017544  4.26666667
  0.88070175  5.06666667 -1.52996767  0.6754386   4.33333333  0.88596491
  5.1        -1.27374494]",4603.381892442703
0.178948,[-0.07237882],"[ 0.66315789  4.26666667  0.87368421  4.93333333 -0.83586013  0.67017544
  4.26666667  0.88070175  5.06666667 -1.52996767  0.6754386   4.33333333
  0.88596491  5.1        -1.27374494  0.68245614  4.3         0.89122807
  5.16666667 -1.07237887]",4603.461663007736
0.1891480000000001,[0.93084264],"[ 0.67017544  4.26666667  0.88070175  5.06666667 -1.52996767  0.6754386
  4.33333333  0.88596491  5.1        -1.27374494  0.68245614  4.3
  0.89122807  5.16666667 -1.07237887  0.69122807  4.4         0.9
  5.2        -0.06915736]",4603.54184627533
0.1865880000000001,[-0.8042729],"[ 0.6754386   4.33333333  0.88596491  5.1        -1.27374494  0.68245614
  4.3         0.89122807  5.16666667 -1.07237887  0.69122807  4.4
  0.9         5.2        -0.06915736  0.69824561  4.6         0.90877193
  5.2        -1.80427289]",4603.6211705207825
0.18911199999999995,[0.07674561],"[ 0.68245614  4.3         0.89122807  5.16666667 -1.07237887  0.69122807
  4.4         0.9         5.2        -0.06915736  0.69824561  4.6
  0.90877193  5.2        -1.80427289  0.70350877  4.76666667  0.91403509
  5.1        -0.92325437]",4603.698164701462
0.18397999999999992,[-0.14062102],"[ 0.69122807  4.4         0.9         5.2        -0.06915736  0.69824561
  4.6         0.90877193  5.2        -1.80427289  0.70350877  4.76666667
  0.91403509  5.1        -0.92325437  0.70526316  4.7         0.91754386
  5.13333333 -1.14062107]",4603.781535148621
0.17632400000000004,[0.35142833],"[ 0.69824561  4.6         0.90877193  5.2        -1.80427289  0.70350877
  4.76666667  0.91403509  5.1        -0.92325437  0.70526316  4.7
  0.91754386  5.13333333 -1.14062107  0.70701754  4.66666667  0.91929825
  5.23333333 -0.64857167]",4603.861986875534
0.171188,[-0.51928097],"[ 0.70350877  4.76666667  0.91403509  5.1        -0.92325437  0.70526316
  4.7         0.91754386  5.13333333 -1.14062107  0.70701754  4.66666667
  0.91929825  5.23333333 -0.64857167  0.7122807   4.83333333  0.9245614
  5.33333333 -1.51928091]",4603.941984415054
0.1737160000000001,[-0.6866995],"[ 0.70526316  4.7         0.91754386  5.13333333 -1.14062107  0.70701754
  4.66666667  0.91929825  5.23333333 -0.64857167  0.7122807   4.83333333
  0.9245614   5.33333333 -1.51928091  0.72105263  4.93333333  0.93333333
  5.33333333 -1.68669951]",4604.021575212479
0.17886000000000002,[-0.01777417],"[ 0.70701754  4.66666667  0.91929825  5.23333333 -0.64857167  0.7122807
  4.83333333  0.9245614   5.33333333 -1.51928091  0.72105263  4.93333333
  0.93333333  5.33333333 -1.68669951  0.72982456  4.7         0.93684211
  5.6        -1.01777422]",4604.0971965789795
0.18143200000000004,[-0.56508565],"[ 0.7122807   4.83333333  0.9245614   5.33333333 -1.51928091  0.72105263
  4.93333333  0.93333333  5.33333333 -1.68669951  0.72982456  4.7
  0.93684211  5.6        -1.01777422  0.73508772  4.7         0.94035088
  5.8        -1.56508565]",4604.175271987915
0.18396,[0.1783642],"[ 0.72105263  4.93333333  0.93333333  5.33333333 -1.68669951  0.72982456
  4.7         0.93684211  5.6        -1.01777422  0.73508772  4.7
  0.94035088  5.8        -1.56508565  0.74035088  4.9         0.94736842
  5.83333333 -0.82163578]",4604.259861946106
0.1864999999999999,[-0.1874975],"[ 0.72982456  4.7         0.93684211  5.6        -1.01777422  0.73508772
  4.7         0.94035088  5.8        -1.56508565  0.74035088  4.9
  0.94736842  5.83333333 -0.82163578  0.74912281  4.86666667  0.95438596
  5.93333333 -1.1874975 ]",4604.341115236282
0.18391999999999997,[-0.87263215],"[ 0.73508772  4.7         0.94035088  5.8        -1.56508565  0.74035088
  4.9         0.94736842  5.83333333 -0.82163578  0.74912281  4.86666667
  0.95438596  5.93333333 -1.1874975   0.75614035  4.96666667  0.96315789
  5.93333333 -1.87263215]",4604.421764373779
0.18392799999999987,[0.53522056],"[ 0.74035088  4.9         0.94736842  5.83333333 -0.82163578  0.74912281
  4.86666667  0.95438596  5.93333333 -1.1874975   0.75614035  4.96666667
  0.96315789  5.93333333 -1.87263215  0.76315789  5.          0.96666667
  6.13333333 -0.46477944]",4604.501730442047
0.18651600000000002,[0.26613617],"[ 0.74912281  4.86666667  0.95438596  5.93333333 -1.1874975   0.75614035
  4.96666667  0.96315789  5.93333333 -1.87263215  0.76315789  5.
  0.96666667  6.13333333 -0.46477944  0.77017544  4.96666667  0.96666667
  6.43333333 -0.73386383]",4604.5818638801575
0.18393199999999998,[0.16718674],"[ 0.75614035  4.96666667  0.96315789  5.93333333 -1.87263215  0.76315789
  5.          0.96666667  6.13333333 -0.46477944  0.77017544  4.96666667
  0.96666667  6.43333333 -0.73386383  0.77368421  5.16666667  0.97719298
  6.33333333 -0.83281326]",4604.661696434021
0.17877200000000004,[-0.48049843],"[ 0.76315789  5.          0.96666667  6.13333333 -0.46477944  0.77017544
  4.96666667  0.96666667  6.43333333 -0.73386383  0.77368421  5.16666667
  0.97719298  6.33333333 -0.83281326  0.77894737  5.36666667  0.98596491
  6.23333333 -1.48049843]",4604.741733551025
0.17622400000000005,[0.80049986],"[ 0.77017544  4.96666667  0.96666667  6.43333333 -0.73386383  0.77368421
  5.16666667  0.97719298  6.33333333 -0.83281326  0.77894737  5.36666667
  0.98596491  6.23333333 -1.48049843  0.78421053  5.43333333  0.99298246
  6.33333333 -0.19950014]",4604.8151977062225
