reward,action,obs,time
,,"[0.         0.         0.         0.         0.         0.
 0.         0.         0.         0.         0.         0.
 0.         0.         0.         0.03333333 6.03333333 0.24210526
 5.2        0.        ]",1755.8561890125275
-0.0025239999999999985,[0.6894534],"[ 0.          0.          0.          0.          0.          0.
  0.          0.          0.          0.          0.03333333  6.03333333
  0.24210526  5.2         0.          0.03157895  5.76666667  0.24561404
  5.36666667 -0.31054658]",1755.9442791938782
3.9999999999970615e-06,[-0.5499219],"[ 0.          0.          0.          0.          0.          0.03333333
  6.03333333  0.24210526  5.2         0.          0.03157895  5.76666667
  0.24561404  5.36666667 -0.31054658  0.03333333  6.          0.24385965
  5.23333333 -1.54992187]",1755.9942286014557
-0.0025280000000000025,[-0.42890558],"[ 0.03333333  6.03333333  0.24210526  5.2         0.          0.03157895
  5.76666667  0.24561404  5.36666667 -0.31054658  0.03333333  6.
  0.24385965  5.23333333 -1.54992187  0.03157895  5.8         0.24561404
  5.33333333 -1.42890561]",1756.0454585552216
-0.0025280000000000025,[0.2149751],"[ 0.03157895  5.76666667  0.24561404  5.36666667 -0.31054658  0.03333333
  6.          0.24385965  5.23333333 -1.54992187  0.03157895  5.8
  0.24561404  5.33333333 -1.42890561  0.03157895  5.8         0.24561404
  5.33333333 -0.78502488]",1756.100521326065
-0.0025280000000000025,[-0.9536775],"[ 0.03333333  6.          0.24385965  5.23333333 -1.54992187  0.03157895
  5.8         0.24561404  5.33333333 -1.42890561  0.03157895  5.8
  0.24561404  5.33333333 -0.78502488  0.03157895  5.8         0.24385965
  5.33333333 -1.95367742]",1756.1508395671844
-0.0025280000000000025,[-0.72286403],"[ 0.03157895  5.8         0.24561404  5.33333333 -1.42890561  0.03157895
  5.8         0.24561404  5.33333333 -0.78502488  0.03157895  5.8
  0.24385965  5.33333333 -1.95367742  0.03157895  5.8         0.24561404
  5.33333333 -1.72286403]",1756.1951808929443
4.400000000000237e-05,[-0.27478266],"[ 0.03157895  5.8         0.24561404  5.33333333 -0.78502488  0.03157895
  5.8         0.24385965  5.33333333 -1.95367742  0.03157895  5.8
  0.24561404  5.33333333 -1.72286403  0.03333333  5.66666667  0.24561404
  5.46666667 -1.27478266]",1756.2451853752136
3.999999999999837e-05,[0.2787519],"[ 0.03157895  5.8         0.24385965  5.33333333 -1.95367742  0.03157895
  5.8         0.24561404  5.33333333 -1.72286403  0.03333333  5.66666667
  0.24561404  5.46666667 -1.27478266  0.03333333  5.7         0.24736842
  5.43333333 -0.72124809]",1756.296154975891
0.002607999999999999,[-0.10237207],"[ 0.03157895  5.8         0.24561404  5.33333333 -1.72286403  0.03333333
  5.66666667  0.24561404  5.46666667 -1.27478266  0.03333333  5.7
  0.24736842  5.43333333 -0.72124809  0.03508772  5.6         0.24912281
  5.5        -1.10237205]",1756.3514773845673
0.005156000000000001,[0.6051048],"[ 0.03333333  5.66666667  0.24561404  5.46666667 -1.27478266  0.03333333
  5.7         0.24736842  5.43333333 -0.72124809  0.03508772  5.6
  0.24912281  5.5        -1.10237205  0.03684211  5.66666667  0.25087719
  5.46666667 -0.3948952 ]",1756.4188287258148
0.012808,[0.5840361],"[ 0.03333333  5.7         0.24736842  5.43333333 -0.72124809  0.03508772
  5.6         0.24912281  5.5        -1.10237205  0.03684211  5.66666667
  0.25087719  5.46666667 -0.3948952   0.04210526  5.8         0.25263158
  5.33333333 -0.41596389]",1756.5057232379913
0.017903999999999996,[-0.4731897],"[ 0.03508772  5.6         0.24912281  5.5        -1.10237205  0.03684211
  5.66666667  0.25087719  5.46666667 -0.3948952   0.04210526  5.8
  0.25263158  5.33333333 -0.41596389  0.04561404  5.93333333  0.25614035
  5.16666667 -1.47318971]",1756.5842716693878
0.023020000000000006,[0.80864656],"[ 0.03684211  5.66666667  0.25087719  5.46666667 -0.3948952   0.04210526
  5.8         0.25263158  5.33333333 -0.41596389  0.04561404  5.93333333
  0.25614035  5.16666667 -1.47318971  0.04912281  5.9         0.25789474
  5.1        -0.19135344]",1756.65829205513
0.025596,[0.3339913],"[ 0.04210526  5.8         0.25263158  5.33333333 -0.41596389  0.04561404
  5.93333333  0.25614035  5.16666667 -1.47318971  0.04912281  5.9
  0.25789474  5.1        -0.19135344  0.05087719  5.73333333  0.26140351
  5.23333333 -0.66600871]",1756.7381057739258
0.03580000000000001,[-0.9769172],"[ 0.04561404  5.93333333  0.25614035  5.16666667 -1.47318971  0.04912281
  5.9         0.25789474  5.1        -0.19135344  0.05087719  5.73333333
  0.26140351  5.23333333 -0.66600871  0.05789474  5.9         0.26491228
  5.1        -1.97691727]",1756.8183434009552
0.040915999999999994,[-0.16639511],"[ 0.04912281  5.9         0.25789474  5.1        -0.19135344  0.05087719
  5.73333333  0.26140351  5.23333333 -0.66600871  0.05789474  5.9
  0.26491228  5.1        -1.97691727  0.06140351  5.86666667  0.26842105
  5.06666667 -1.16639507]",1756.9028515815735
0.043504,[0.16160949],"[ 0.05087719  5.73333333  0.26140351  5.23333333 -0.66600871  0.05789474
  5.9         0.26491228  5.1        -1.97691727  0.06140351  5.86666667
  0.26842105  5.06666667 -1.16639507  0.06315789  5.6         0.2754386
  5.33333333 -0.83839053]",1756.984102010727
0.053720000000000004,[-0.68265325],"[ 0.05789474  5.9         0.26491228  5.1        -1.97691727  0.06140351
  5.86666667  0.26842105  5.06666667 -1.16639507  0.06315789  5.6
  0.2754386   5.33333333 -0.83839053  0.07017544  5.66666667  0.28070175
  5.23333333 -1.68265319]",1757.0582864284515
0.06649599999999999,[0.0823809],"[ 0.06140351  5.86666667  0.26842105  5.06666667 -1.16639507  0.06315789
  5.6         0.2754386   5.33333333 -0.83839053  0.07017544  5.66666667
  0.28070175  5.23333333 -1.68265319  0.07894737  5.7         0.28947368
  5.06666667 -0.91761911]",1757.1444647312164
0.07673999999999999,[-0.51348513],"[ 0.06315789  5.6         0.2754386   5.33333333 -0.83839053  0.07017544
  5.66666667  0.28070175  5.23333333 -1.68265319  0.07894737  5.7
  0.28947368  5.06666667 -0.91761911  0.08596491  5.53333333  0.29824561
  5.1        -1.51348519]",1757.2192270755768
0.09204400000000001,[-0.26282403],"[ 0.07017544  5.66666667  0.28070175  5.23333333 -1.68265319  0.07894737
  5.7         0.28947368  5.06666667 -0.91761911  0.08596491  5.53333333
  0.29824561  5.1        -1.51348519  0.09473684  5.53333333  0.30877193
  5.06666667 -1.26282406]",1757.298352241516
0.10231200000000003,[0.30388582],"[ 0.07894737  5.7         0.28947368  5.06666667 -0.91761911  0.08596491
  5.53333333  0.29824561  5.1        -1.51348519  0.09473684  5.53333333
  0.30877193  5.06666667 -1.26282406  0.10350877  5.4         0.31929825
  5.13333333 -0.69611418]",1757.3828961849213
0.11250000000000002,[0.53714395],"[ 0.08596491  5.53333333  0.29824561  5.1        -1.51348519  0.09473684
  5.53333333  0.30877193  5.06666667 -1.26282406  0.10350877  5.4
  0.31929825  5.13333333 -0.69611418  0.10877193  5.5         0.32631579
  5.         -0.46285605]",1757.464262008667
0.11758799999999998,[-0.82023937],"[ 0.09473684  5.53333333  0.30877193  5.06666667 -1.26282406  0.10350877
  5.4         0.31929825  5.13333333 -0.69611418  0.10877193  5.5
  0.32631579  5.         -0.46285605  0.1122807   5.7         0.32982456
  4.76666667 -1.82023931]",1757.5448384284973
0.12524799999999997,[-0.32309234],"[ 0.10350877  5.4         0.31929825  5.13333333 -0.69611418  0.10877193
  5.5         0.32631579  5.         -0.46285605  0.1122807   5.7
  0.32982456  4.76666667 -1.82023931  0.11754386  5.76666667  0.33333333
  4.66666667 -1.32309234]",1757.6189126968384
0.1585,[-0.53101045],"[ 0.10877193  5.5         0.32631579  5.         -0.46285605  0.1122807
  5.7         0.32982456  4.76666667 -1.82023931  0.11754386  5.76666667
  0.33333333  4.66666667 -1.32309234  0.14035088  5.56666667  0.33859649
  4.8        -1.53101039]",1757.7015070915222
0.16105599999999998,[0.95674056],"[ 0.1122807   5.7         0.32982456  4.76666667 -1.82023931  0.11754386
  5.76666667  0.33333333  4.66666667 -1.32309234  0.14035088  5.56666667
  0.33859649  4.8        -1.53101039  0.14385965  5.43333333  0.34561404
  4.86666667 -0.04325944]",1757.7790009975433
0.16618000000000002,[0.92301744],"[ 0.11754386  5.76666667  0.33333333  4.66666667 -1.32309234  0.14035088
  5.56666667  0.33859649  4.8        -1.53101039  0.14385965  5.43333333
  0.34561404  4.86666667 -0.04325944  0.14736842  5.36666667  0.35438596
  4.86666667 -0.07698256]",1757.8605031967163
0.17892800000000003,[-0.33056468],"[ 0.14035088  5.56666667  0.33859649  4.8        -1.53101039  0.14385965
  5.43333333  0.34561404  4.86666667 -0.04325944  0.14736842  5.36666667
  0.35438596  4.86666667 -0.07698256  0.15789474  5.53333333  0.36491228
  4.56666667 -1.33056474]",1757.9384694099426
0.18914399999999998,[-0.12226965],"[ 0.14385965  5.43333333  0.34561404  4.86666667 -0.04325944  0.14736842
  5.36666667  0.35438596  4.86666667 -0.07698256  0.15789474  5.53333333
  0.36491228  4.56666667 -1.33056474  0.16666667  5.66666667  0.36666667
  4.3        -1.12226963]",1758.0229499340057
0.18406799999999998,[-0.5650538],"[ 0.14736842  5.36666667  0.35438596  4.86666667 -0.07698256  0.15789474
  5.53333333  0.36491228  4.56666667 -1.33056474  0.16666667  5.66666667
  0.36666667  4.3        -1.12226963  0.16842105  5.5         0.37017544
  4.26666667 -1.56505382]",1758.0997922420502
0.184112,[0.8107425],"[ 0.15789474  5.53333333  0.36491228  4.56666667 -1.33056474  0.16666667
  5.66666667  0.36666667  4.3        -1.12226963  0.16842105  5.5
  0.37017544  4.26666667 -1.56505382  0.17192982  5.26666667  0.37719298
  4.3        -0.1892575 ]",1758.1783010959625
0.189236,[-0.61846185],"[ 0.16666667  5.66666667  0.36666667  4.3        -1.12226963  0.16842105
  5.5         0.37017544  4.26666667 -1.56505382  0.17192982  5.26666667
  0.37719298  4.3        -0.1892575   0.17894737  5.13333333  0.3877193
  4.3        -1.61846185]",1758.2628395557404
0.207092,[-0.07458011],"[ 0.16842105  5.5         0.37017544  4.26666667 -1.56505382  0.17192982
  5.26666667  0.37719298  4.3        -0.1892575   0.17894737  5.13333333
  0.3877193   4.3        -1.61846185  0.19298246  5.26666667  0.39649123
  4.1        -1.07458007]",1758.339121580124
0.20712000000000003,[-0.89160216],"[ 0.17192982  5.26666667  0.37719298  4.3        -0.1892575   0.17894737
  5.13333333  0.3877193   4.3        -1.61846185  0.19298246  5.26666667
  0.39649123  4.1        -1.07458007  0.2         5.2         0.40526316
  4.13333333 -1.89160216]",1758.4182381629944
0.212248,[-0.2718802],"[ 0.17894737  5.13333333  0.3877193   4.3        -1.61846185  0.19298246
  5.26666667  0.39649123  4.1        -1.07458007  0.2         5.2
  0.40526316  4.13333333 -1.89160216  0.20701754  5.03333333  0.41403509
  4.1        -1.27188015]",1758.504729270935
0.21735599999999997,[-0.9176948],"[ 0.19298246  5.26666667  0.39649123  4.1        -1.07458007  0.2
  5.2         0.40526316  4.13333333 -1.89160216  0.20701754  5.03333333
  0.41403509  4.1        -1.27188015  0.2122807   4.8         0.4245614
  4.03333333 -1.91769481]",1758.581626176834
0.22248799999999996,[0.7462423],"[ 0.2         5.2         0.40526316  4.13333333 -1.89160216  0.20701754
  5.03333333  0.41403509  4.1        -1.27188015  0.2122807   4.8
  0.4245614   4.03333333 -1.91769481  0.22280702  4.7         0.43333333
  3.96666667 -0.25375772]",1758.6594746112823
0.21739199999999997,[-0.96178675],"[ 0.20701754  5.03333333  0.41403509  4.1        -1.27188015  0.2122807
  4.8         0.4245614   4.03333333 -1.91769481  0.22280702  4.7
  0.43333333  3.96666667 -0.25375772  0.22807018  4.6         0.44385965
  4.13333333 -1.96178675]",1758.7422914505005
0.21736000000000005,[0.36283723],"[ 0.2122807   4.8         0.4245614   4.03333333 -1.91769481  0.22280702
  4.7         0.43333333  3.96666667 -0.25375772  0.22807018  4.6
  0.44385965  4.13333333 -1.96178675  0.23508772  4.7         0.44736842
  4.03333333 -0.6371628 ]",1758.820719242096
0.20971199999999995,[-0.8097162],"[ 0.22280702  4.7         0.43333333  3.96666667 -0.25375772  0.22807018
  4.6         0.44385965  4.13333333 -1.96178675  0.23508772  4.7
  0.44736842  4.03333333 -0.6371628   0.23859649  4.53333333  0.45087719
  3.96666667 -1.80971622]",1758.899415254593
0.20459199999999997,[-0.4736618],"[ 0.22807018  4.6         0.44385965  4.13333333 -1.96178675  0.23508772
  4.7         0.44736842  4.03333333 -0.6371628   0.23859649  4.53333333
  0.45087719  3.96666667 -1.80971622  0.24385965  4.46666667  0.45438596
  3.86666667 -1.47366178]",1758.9843373298645
0.20972799999999997,[-0.83536065],"[ 0.23508772  4.7         0.44736842  4.03333333 -0.6371628   0.23859649
  4.53333333  0.45087719  3.96666667 -1.80971622  0.24385965  4.46666667
  0.45438596  3.86666667 -1.47366178  0.25263158  4.36666667  0.46491228
  3.96666667 -1.83536065]",1759.0813858509064
0.217432,[-0.5918492],"[ 0.23859649  4.53333333  0.45087719  3.96666667 -1.80971622  0.24385965
  4.46666667  0.45438596  3.86666667 -1.47366178  0.25263158  4.36666667
  0.46491228  3.96666667 -1.83536065  0.26140351  4.26666667  0.47719298
  4.03333333 -1.59184921]",1759.1386699676514
0.22511999999999993,[0.35827503],"[ 0.24385965  4.46666667  0.45438596  3.86666667 -1.47366178  0.25263158
  4.36666667  0.46491228  3.96666667 -1.83536065  0.26140351  4.26666667
  0.47719298  4.03333333 -1.59184921  0.27192982  4.16666667  0.4877193
  4.03333333 -0.64172494]",1759.2242574691772
0.20466400000000004,[0.8868673],"[ 0.25263158  4.36666667  0.46491228  3.96666667 -1.83536065  0.26140351
  4.26666667  0.47719298  4.03333333 -1.59184921  0.27192982  4.16666667
  0.4877193   4.03333333 -0.64172494  0.28070175  4.03333333  0.49649123
  4.03333333 -0.11313272]",1759.3061640262604
0.20719600000000002,[0.92451996],"[ 0.26140351  4.26666667  0.47719298  4.03333333 -1.59184921  0.27192982
  4.16666667  0.4877193   4.03333333 -0.64172494  0.28070175  4.03333333
  0.49649123  4.03333333 -0.11313272  0.28596491  4.1         0.5
  4.         -0.07548004]",1759.383975982666
0.20971199999999998,[-0.5557419],"[ 0.27192982  4.16666667  0.4877193   4.03333333 -0.64172494  0.28070175
  4.03333333  0.49649123  4.03333333 -0.11313272  0.28596491  4.1
  0.5         4.         -0.07548004  0.29122807  4.36666667  0.50350877
  3.73333333 -1.55574191]",1759.4831795692444
0.19948000000000002,[-0.8077776],"[ 0.28070175  4.03333333  0.49649123  4.03333333 -0.11313272  0.28596491
  4.1         0.5         4.         -0.07548004  0.29122807  4.36666667
  0.50350877  3.73333333 -1.55574191  0.29473684  4.6         0.50526316
  3.7        -1.80777764]",1759.5441150665283
0.19182400000000002,[0.7357451],"[ 0.28596491  4.1         0.5         4.         -0.07548004  0.29122807
  4.36666667  0.50350877  3.73333333 -1.55574191  0.29473684  4.6
  0.50526316  3.7        -1.80777764  0.29824561  4.63333333  0.50526316
  3.7        -0.26425493]",1759.6239008903503
0.18925200000000003,[0.7846924],"[ 0.29122807  4.36666667  0.50350877  3.73333333 -1.55574191  0.29473684
  4.6         0.50526316  3.7        -1.80777764  0.29824561  4.63333333
  0.50526316  3.7        -0.26425493  0.29824561  4.6         0.50877193
  3.86666667 -0.21530759]",1759.7041478157043
0.19431199999999998,[-0.6681602],"[ 0.29473684  4.6         0.50526316  3.7        -1.80777764  0.29824561
  4.63333333  0.50526316  3.7        -0.26425493  0.29824561  4.6
  0.50877193  3.86666667 -0.21530759  0.30526316  4.8         0.5122807
  3.86666667 -1.6681602 ]",1759.7839617729187
0.196832,[0.68065345],"[ 0.29824561  4.63333333  0.50526316  3.7        -0.26425493  0.29824561
  4.6         0.50877193  3.86666667 -0.21530759  0.30526316  4.8
  0.5122807   3.86666667 -1.6681602   0.31403509  4.96666667  0.51754386
  3.8        -0.31934655]",1759.8638989925385
0.18152800000000002,[-0.02021066],"[ 0.29824561  4.6         0.50877193  3.86666667 -0.21530759  0.30526316
  4.8         0.5122807   3.86666667 -1.6681602   0.31403509  4.96666667
  0.51754386  3.8        -0.31934655  0.31754386  4.83333333  0.5245614
  3.9        -1.02021062]",1759.944129705429
0.18407199999999996,[-0.65157604],"[ 0.30526316  4.8         0.5122807   3.86666667 -1.6681602   0.31403509
  4.96666667  0.51754386  3.8        -0.31934655  0.31754386  4.83333333
  0.5245614   3.9        -1.02021062  0.32631579  4.86666667  0.53157895
  3.83333333 -1.65157604]",1760.0244669914246
0.18150400000000003,[-0.84654695],"[ 0.31403509  4.96666667  0.51754386  3.8        -0.31934655  0.31754386
  4.83333333  0.5245614   3.9        -1.02021062  0.32631579  4.86666667
  0.53157895  3.83333333 -1.65157604  0.33157895  4.8         0.54035088
  3.93333333 -1.84654689]",1760.1039772033691
0.18150399999999997,[-0.7200272],"[ 0.31754386  4.83333333  0.5245614   3.9        -1.02021062  0.32631579
  4.86666667  0.53157895  3.83333333 -1.65157604  0.33157895  4.8
  0.54035088  3.93333333 -1.84654689  0.33684211  4.56666667  0.55087719
  4.26666667 -1.72002721]",1760.1842677593231
0.173832,[-0.8965186],"[ 0.32631579  4.86666667  0.53157895  3.83333333 -1.65157604  0.33157895
  4.8         0.54035088  3.93333333 -1.84654689  0.33684211  4.56666667
  0.55087719  4.26666667 -1.72002721  0.34210526  4.5         0.55614035
  4.4        -1.89651859]",1760.2639374732971
0.17383199999999996,[-0.20521441],"[ 0.33157895  4.8         0.54035088  3.93333333 -1.84654689  0.33684211
  4.56666667  0.55087719  4.26666667 -1.72002721  0.34210526  4.5
  0.55614035  4.4        -1.89651859  0.34736842  4.4         0.56315789
  4.5        -1.20521438]",1760.3483703136444
0.168732,[-0.3524019],"[ 0.33684211  4.56666667  0.55087719  4.26666667 -1.72002721  0.34210526
  4.5         0.55614035  4.4        -1.89651859  0.34736842  4.4
  0.56315789  4.5        -1.20521438  0.35087719  4.4         0.56666667
  4.63333333 -1.35240197]",1760.421822309494
0.171248,[-0.8310014],"[ 0.34210526  4.5         0.55614035  4.4        -1.89651859  0.34736842
  4.4         0.56315789  4.5        -1.20521438  0.35087719  4.4
  0.56666667  4.63333333 -1.35240197  0.35614035  4.56666667  0.57017544
  4.63333333 -1.8310014 ]",1760.5043354034424
0.168688,[-0.987872],"[ 0.34736842  4.4         0.56315789  4.5        -1.20521438  0.35087719
  4.4         0.56666667  4.63333333 -1.35240197  0.35614035  4.56666667
  0.57017544  4.63333333 -1.8310014   0.35964912  4.53333333  0.57368421
  4.73333333 -1.987872  ]",1760.584299325943
0.16358000000000006,[0.9095057],"[ 0.35087719  4.4         0.56666667  4.63333333 -1.35240197  0.35614035
  4.56666667  0.57017544  4.63333333 -1.8310014   0.35964912  4.53333333
  0.57368421  4.73333333 -1.987872    0.36491228  4.4         0.57894737
  4.96666667 -0.09049428]",1760.6643583774567
0.16101200000000004,[0.6599506],"[ 0.35614035  4.56666667  0.57017544  4.63333333 -1.8310014   0.35964912
  4.53333333  0.57368421  4.73333333 -1.987872    0.36491228  4.4
  0.57894737  4.96666667 -0.09049428  0.37192982  4.4         0.58245614
  5.1        -0.34004939]",1760.7442920207977
0.15330800000000006,[0.30766997],"[ 0.35964912  4.53333333  0.57368421  4.73333333 -1.987872    0.36491228
  4.4         0.57894737  4.96666667 -0.09049428  0.37192982  4.4
  0.58245614  5.1        -0.34004939  0.37719298  4.6         0.59122807
  4.96666667 -0.69233   ]",1760.8246004581451
0.148156,[0.24531424],"[ 0.36491228  4.4         0.57894737  4.96666667 -0.09049428  0.37192982
  4.4         0.58245614  5.1        -0.34004939  0.37719298  4.6
  0.59122807  4.96666667 -0.69233     0.38245614  4.8         0.59824561
  4.7        -0.75468576]",1760.904184103012
0.145604,[0.9737049],"[ 0.37192982  4.4         0.58245614  5.1        -0.34004939  0.37719298
  4.6         0.59122807  4.96666667 -0.69233     0.38245614  4.8
  0.59824561  4.7        -0.75468576  0.38596491  4.83333333  0.60175439
  4.66666667 -0.02629513]",1760.9841105937958
0.14818000000000003,[-0.88591546],"[ 0.37719298  4.6         0.59122807  4.96666667 -0.69233     0.38245614
  4.8         0.59824561  4.7        -0.75468576  0.38596491  4.83333333
  0.60175439  4.66666667 -0.02629513  0.39298246  4.93333333  0.60526316
  4.53333333 -1.88591552]",1761.0644707679749
0.155852,[0.44428805],"[ 0.38245614  4.8         0.59824561  4.7        -0.75468576  0.38596491
  4.83333333  0.60175439  4.66666667 -0.02629513  0.39298246  4.93333333
  0.60526316  4.53333333 -1.88591552  0.40175439  5.13333333  0.61052632
  4.33333333 -0.55571198]",1761.1442189216614
0.158412,[-0.7818249],"[ 0.38596491  4.83333333  0.60175439  4.66666667 -0.02629513  0.39298246
  4.93333333  0.60526316  4.53333333 -1.88591552  0.40175439  5.13333333
  0.61052632  4.33333333 -0.55571198  0.40701754  5.13333333  0.61754386
  4.36666667 -1.78182483]",1761.2238593101501
0.166076,[-0.43720648],"[ 0.39298246  4.93333333  0.60526316  4.53333333 -1.88591552  0.40175439
  5.13333333  0.61052632  4.33333333 -0.55571198  0.40701754  5.13333333
  0.61754386  4.36666667 -1.78182483  0.4122807   5.13333333  0.62105263
  4.4        -1.43720651]",1761.3044030666351
0.15845200000000004,[-0.18520907],"[ 0.40175439  5.13333333  0.61052632  4.33333333 -0.55571198  0.40701754
  5.13333333  0.61754386  4.36666667 -1.78182483  0.4122807   5.13333333
  0.62105263  4.4        -1.43720651  0.41403509  4.96666667  0.62631579
  4.56666667 -1.18520904]",1761.3842821121216
0.15336000000000005,[0.39193457],"[ 0.40701754  5.13333333  0.61754386  4.36666667 -1.78182483  0.4122807
  5.13333333  0.62105263  4.4        -1.43720651  0.41403509  4.96666667
  0.62631579  4.56666667 -1.18520904  0.41929825  4.96666667  0.63333333
  4.63333333 -0.60806543]",1761.463896036148
0.16355599999999992,[0.624085],"[ 0.4122807   5.13333333  0.62105263  4.4        -1.43720651  0.41403509
  4.96666667  0.62631579  4.56666667 -1.18520904  0.41929825  4.96666667
  0.63333333  4.63333333 -0.60806543  0.42982456  5.06666667  0.64035088
  4.53333333 -0.37591499]",1761.5399279594421
0.16609200000000007,[0.9395534],"[ 0.41403509  4.96666667  0.62631579  4.56666667 -1.18520904  0.41929825
  4.96666667  0.63333333  4.63333333 -0.60806543  0.42982456  5.06666667
  0.64035088  4.53333333 -0.37591499  0.44035088  5.26666667  0.64736842
  4.36666667 -0.06044662]",1761.618222951889
0.16607600000000006,[-0.1218344],"[ 0.41929825  4.96666667  0.63333333  4.63333333 -0.60806543  0.42982456
  5.06666667  0.64035088  4.53333333 -0.37591499  0.44035088  5.26666667
  0.64736842  4.36666667 -0.06044662  0.44561404  5.33333333  0.64912281
  4.16666667 -1.1218344 ]",1761.7025072574615
0.16349599999999997,[0.8605963],"[ 0.42982456  5.06666667  0.64035088  4.53333333 -0.37591499  0.44035088
  5.26666667  0.64736842  4.36666667 -0.06044662  0.44561404  5.33333333
  0.64912281  4.16666667 -1.1218344   0.44912281  5.3         0.64912281
  4.         -0.1394037 ]",1761.7841637134552
0.15328399999999998,[0.53859216],"[ 0.44035088  5.26666667  0.64736842  4.36666667 -0.06044662  0.44561404
  5.33333333  0.64912281  4.16666667 -1.1218344   0.44912281  5.3
  0.64912281  4.         -0.1394037   0.44736842  5.13333333  0.65263158
  4.03333333 -0.46140784]",1761.8646130561829
0.15581199999999995,[-0.6017312],"[ 0.44561404  5.33333333  0.64912281  4.16666667 -1.1218344   0.44912281
  5.3         0.64912281  4.         -0.1394037   0.44736842  5.13333333
  0.65263158  4.03333333 -0.46140784  0.45438596  5.26666667  0.65438596
  3.86666667 -1.60173118]",1761.948162317276
0.15835999999999995,[0.41988277],"[ 0.44912281  5.3         0.64912281  4.         -0.1394037   0.44736842
  5.13333333  0.65263158  4.03333333 -0.46140784  0.45438596  5.26666667
  0.65438596  3.86666667 -1.60173118  0.45964912  5.33333333  0.65614035
  3.76666667 -0.58011723]",1762.0242908000946
0.15329199999999998,[0.62001324],"[ 0.44736842  5.13333333  0.65263158  4.03333333 -0.46140784  0.45438596
  5.26666667  0.65438596  3.86666667 -1.60173118  0.45964912  5.33333333
  0.65614035  3.76666667 -0.58011723  0.46140351  5.13333333  0.66315789
  3.8        -0.37998676]",1762.1042830944061
0.16093999999999997,[-0.20213914],"[ 0.45438596  5.26666667  0.65438596  3.86666667 -1.60173118  0.45964912
  5.33333333  0.65614035  3.76666667 -0.58011723  0.46140351  5.13333333
  0.66315789  3.8        -0.37998676  0.47017544  5.26666667  0.66842105
  3.73333333 -1.20213914]",1762.1843802928925
0.16601999999999995,[0.8766594],"[ 0.45964912  5.33333333  0.65614035  3.76666667 -0.58011723  0.46140351
  5.13333333  0.66315789  3.8        -0.37998676  0.47017544  5.26666667
  0.66842105  3.73333333 -1.20213914  0.47894737  5.4         0.67368421
  3.8        -0.12334061]",1762.2646977901459
0.16091199999999994,[0.8558421],"[ 0.46140351  5.13333333  0.66315789  3.8        -0.37998676  0.47017544
  5.26666667  0.66842105  3.73333333 -1.20213914  0.47894737  5.4
  0.67368421  3.8        -0.12334061  0.48245614  5.36666667  0.68421053
  4.         -0.14415789]",1762.3390820026398
0.17113599999999995,[0.30521986],"[ 0.47017544  5.26666667  0.66842105  3.73333333 -1.20213914  0.47894737
  5.4         0.67368421  3.8        -0.12334061  0.48245614  5.36666667
  0.68421053  4.         -0.14415789  0.49473684  5.56666667  0.6877193
  3.9        -0.69478011]",1762.4190051555634
0.17369999999999997,[-0.43416703],"[ 0.47894737  5.4         0.67368421  3.8        -0.12334061  0.48245614
  5.36666667  0.68421053  4.         -0.14415789  0.49473684  5.56666667
  0.6877193   3.9        -0.69478011  0.50175439  5.7         0.68947368
  3.8        -1.43416703]",1762.4981830120087
0.16349599999999997,[0.65760636],"[ 0.48245614  5.36666667  0.68421053  4.         -0.14415789  0.49473684
  5.56666667  0.6877193   3.9        -0.69478011  0.50175439  5.7
  0.68947368  3.8        -1.43416703  0.49824561  5.56666667  0.69473684
  3.96666667 -0.34239364]",1762.5780589580536
0.1533,[-0.21571627],"[ 0.49473684  5.56666667  0.6877193   3.9        -0.69478011  0.50175439
  5.7         0.68947368  3.8        -1.43416703  0.49824561  5.56666667
  0.69473684  3.96666667 -0.34239364  0.49824561  5.43333333  0.69824561
  4.06666667 -1.21571624]",1762.6580028533936
0.150756,[-0.87757355],"[ 0.50175439  5.7         0.68947368  3.8        -1.43416703  0.49824561
  5.56666667  0.69473684  3.96666667 -0.34239364  0.49824561  5.43333333
  0.69824561  4.06666667 -1.21571624  0.50526316  5.53333333  0.7
  3.86666667 -1.87757349]",1762.7381258010864
0.14822000000000002,[-0.24885178],"[ 0.49824561  5.56666667  0.69473684  3.96666667 -0.34239364  0.49824561
  5.43333333  0.69824561  4.06666667 -1.21571624  0.50526316  5.53333333
  0.7         3.86666667 -1.87757349  0.50877193  5.36666667  0.70701754
  3.93333333 -1.24885178]",1762.8180379867554
0.14313599999999993,[-0.08400177],"[ 0.49824561  5.43333333  0.69824561  4.06666667 -1.21571624  0.50526316
  5.53333333  0.7         3.86666667 -1.87757349  0.50877193  5.36666667
  0.70701754  3.93333333 -1.24885178  0.51052632  5.13333333  0.71754386
  4.13333333 -1.08400178]",1762.902803659439
0.16100799999999993,[-0.5853584],"[ 0.50526316  5.53333333  0.7         3.86666667 -1.87757349  0.50877193
  5.36666667  0.70701754  3.93333333 -1.24885178  0.51052632  5.13333333
  0.71754386  4.13333333 -1.08400178  0.5245614   5.13333333  0.72807018
  3.96666667 -1.58535838]",1762.9846169948578
0.16868399999999995,[-0.16968936],"[ 0.50877193  5.36666667  0.70701754  3.93333333 -1.24885178  0.51052632
  5.13333333  0.71754386  4.13333333 -1.08400178  0.5245614   5.13333333
  0.72807018  3.96666667 -1.58535838  0.53508772  5.06666667  0.74035088
  3.9        -1.16968942]",1763.064073562622
0.16615200000000008,[-0.60650396],"[ 0.51052632  5.13333333  0.71754386  4.13333333 -1.08400178  0.5245614
  5.13333333  0.72807018  3.96666667 -1.58535838  0.53508772  5.06666667
  0.74035088  3.9        -1.16968942  0.54385965  4.96666667  0.75087719
  4.03333333 -1.60650396]",1763.1453783512115
0.16105999999999998,[0.5178085],"[ 0.5245614   5.13333333  0.72807018  3.96666667 -1.58535838  0.53508772
  5.06666667  0.74035088  3.9        -1.16968942  0.54385965  4.96666667
  0.75087719  4.03333333 -1.60650396  0.55087719  5.          0.75789474
  4.         -0.4821915 ]",1763.2248623371124
0.158528,[0.5321907],"[ 0.53508772  5.06666667  0.74035088  3.9        -1.16968942  0.54385965
  4.96666667  0.75087719  4.03333333 -1.60650396  0.55087719  5.
  0.75789474  4.         -0.4821915   0.55438596  4.86666667  0.76140351
  3.96666667 -0.46780932]",1763.3040220737457
0.1636120000000001,[-0.92835605],"[ 0.54385965  4.96666667  0.75087719  4.03333333 -1.60650396  0.55087719
  5.          0.75789474  4.         -0.4821915   0.55438596  4.86666667
  0.76140351  3.96666667 -0.46780932  0.56140351  5.06666667  0.76491228
  3.83333333 -1.92835605]",1763.385128736496
0.17380000000000007,[0.13315177],"[ 0.55087719  5.          0.75789474  4.         -0.4821915   0.55438596
  4.86666667  0.76140351  3.96666667 -0.46780932  0.56140351  5.06666667
  0.76491228  3.83333333 -1.92835605  0.56666667  5.2         0.76842105
  3.9        -0.86684823]",1763.4640810489655
0.1636160000000001,[-0.42244875],"[ 0.55438596  4.86666667  0.76140351  3.96666667 -0.46780932  0.56140351
  5.06666667  0.76491228  3.83333333 -1.92835605  0.56666667  5.2
  0.76842105  3.9        -0.86684823  0.56666667  5.          0.77368421
  4.06666667 -1.42244875]",1763.5443227291107
0.163628,[-0.76830184],"[ 0.56140351  5.06666667  0.76491228  3.83333333 -1.92835605  0.56666667
  5.2         0.76842105  3.9        -0.86684823  0.56666667  5.
  0.77368421  4.06666667 -1.42244875  0.57192982  4.96666667  0.78070175
  4.06666667 -1.76830184]",1763.624321937561
0.173844,[0.27744505],"[ 0.56666667  5.2         0.76842105  3.9        -0.86684823  0.56666667
  5.          0.77368421  4.06666667 -1.42244875  0.57192982  4.96666667
  0.78070175  4.06666667 -1.76830184  0.58070175  4.83333333  0.79122807
  4.3        -0.72255492]",1763.7041127681732
0.17387200000000003,[-0.318043],"[ 0.56666667  5.          0.77368421  4.06666667 -1.42244875  0.57192982
  4.96666667  0.78070175  4.06666667 -1.76830184  0.58070175  4.83333333
  0.79122807  4.3        -0.72255492  0.58947368  4.73333333  0.80175439
  4.5        -1.31804299]",1763.7839694023132
0.17387600000000003,[-0.5864637],"[ 0.57192982  4.96666667  0.78070175  4.06666667 -1.76830184  0.58070175
  4.83333333  0.79122807  4.3        -0.72255492  0.58947368  4.73333333
  0.80175439  4.5        -1.31804299  0.59824561  4.83333333  0.80877193
  4.4        -1.58646369]",1763.8679358959198
0.17388400000000004,[-0.9883521],"[ 0.58070175  4.83333333  0.79122807  4.3        -0.72255492  0.58947368
  4.73333333  0.80175439  4.5        -1.31804299  0.59824561  4.83333333
  0.80877193  4.4        -1.58646369  0.60175439  4.73333333  0.8122807
  4.46666667 -1.98835206]",1763.9443221092224
0.16114400000000006,[0.24265365],"[ 0.58947368  4.73333333  0.80175439  4.5        -1.31804299  0.59824561
  4.83333333  0.80877193  4.4        -1.58646369  0.60175439  4.73333333
  0.8122807   4.46666667 -1.98835206  0.60526316  4.6         0.81578947
  4.7        -0.75734633]",1764.0245242118835
0.15860399999999997,[0.40971696],"[ 0.59824561  4.83333333  0.80877193  4.4        -1.58646369  0.60175439
  4.73333333  0.8122807   4.46666667 -1.98835206  0.60526316  4.6
  0.81578947  4.7        -0.75734633  0.61052632  4.6         0.82280702
  4.86666667 -0.59028304]",1764.104378938675
0.17389200000000005,[-0.36205682],"[ 0.60175439  4.73333333  0.8122807   4.46666667 -1.98835206  0.60526316
  4.6         0.81578947  4.7        -0.75734633  0.61052632  4.6
  0.82280702  4.86666667 -0.59028304  0.61754386  4.86666667  0.82982456
  4.76666667 -1.36205685]",1764.1865093708038
0.18152000000000001,[-0.84518546],"[ 0.60526316  4.6         0.81578947  4.7        -0.75734633  0.61052632
  4.6         0.82280702  4.86666667 -0.59028304  0.61754386  4.86666667
  0.82982456  4.76666667 -1.36205685  0.62280702  5.06666667  0.83333333
  4.63333333 -1.84518552]",1764.2643191814423
0.17388000000000003,[-0.68689024],"[ 0.61052632  4.6         0.82280702  4.86666667 -0.59028304  0.61754386
  4.86666667  0.82982456  4.76666667 -1.36205685  0.62280702  5.06666667
  0.83333333  4.63333333 -1.84518552  0.6245614   4.93333333  0.83684211
  4.86666667 -1.68689024]",1764.3445618152618
0.18155199999999994,[0.02141958],"[ 0.61754386  4.86666667  0.82982456  4.76666667 -1.36205685  0.62280702
  5.06666667  0.83333333  4.63333333 -1.84518552  0.6245614   4.93333333
  0.83684211  4.86666667 -1.68689024  0.63333333  4.73333333  0.84385965
  5.13333333 -0.97858042]",1764.4242792129517
0.19429600000000002,[-0.9089475],"[ 0.62280702  5.06666667  0.83333333  4.63333333 -1.84518552  0.6245614
  4.93333333  0.83684211  4.86666667 -1.68689024  0.63333333  4.73333333
  0.84385965  5.13333333 -0.97858042  0.64385965  4.8         0.85614035
  5.16666667 -1.90894747]",1764.5045278072357
0.191728,[-0.8724019],"[ 0.6245614   4.93333333  0.83684211  4.86666667 -1.68689024  0.63333333
  4.73333333  0.84385965  5.13333333 -0.97858042  0.64385965  4.8
  0.85614035  5.16666667 -1.90894747  0.65614035  4.9         0.86842105
  5.1        -1.87240195]",1764.5843019485474
0.18919200000000003,[-0.9884346],"[ 0.63333333  4.73333333  0.84385965  5.13333333 -0.97858042  0.64385965
  4.8         0.85614035  5.16666667 -1.90894747  0.65614035  4.9
  0.86842105  5.1        -1.87240195  0.66491228  4.66666667  0.87368421
  5.4        -1.98843455]",1764.6645350456238
0.18664799999999993,[0.36334008],"[ 0.64385965  4.8         0.85614035  5.16666667 -1.90894747  0.65614035
  4.9         0.86842105  5.1        -1.87240195  0.66491228  4.66666667
  0.87368421  5.4        -1.98843455  0.67192982  4.46666667  0.8754386
  5.6        -0.63665992]",1764.7451076507568
0.18665199999999993,[0.6771933],"[ 0.65614035  4.9         0.86842105  5.1        -1.87240195  0.66491228
  4.66666667  0.87368421  5.4        -1.98843455  0.67192982  4.46666667
  0.8754386   5.6        -0.63665992  0.67894737  4.46666667  0.88070175
  5.73333333 -0.32280672]",1764.8241531848907
0.186608,[-0.6346636],"[ 0.66491228  4.66666667  0.87368421  5.4        -1.98843455  0.67192982
  4.46666667  0.8754386   5.6        -0.63665992  0.67894737  4.46666667
  0.88070175  5.73333333 -0.32280672  0.68245614  4.7         0.88947368
  5.6        -1.63466358]",1764.9040043354034
0.18404399999999987,[-0.76281834],"[ 0.67192982  4.46666667  0.8754386   5.6        -0.63665992  0.67894737
  4.46666667  0.88070175  5.73333333 -0.32280672  0.68245614  4.7
  0.88947368  5.6        -1.63466358  0.6877193   4.96666667  0.89824561
  5.4        -1.76281834]",1764.983912229538
0.181516,[0.6417203],"[ 0.67894737  4.46666667  0.88070175  5.73333333 -0.32280672  0.68245614
  4.7         0.88947368  5.6        -1.63466358  0.6877193   4.96666667
  0.89824561  5.4        -1.76281834  0.69122807  4.86666667  0.9
  5.53333333 -0.35827971]",1765.0652709007263
0.189168,[0.16932411],"[ 0.68245614  4.7         0.88947368  5.6        -1.63466358  0.6877193
  4.96666667  0.89824561  5.4        -1.76281834  0.69122807  4.86666667
  0.9         5.53333333 -0.35827971  0.69649123  4.8         0.90175439
  5.83333333 -0.8306759 ]",1765.144927740097
0.19423999999999997,[0.952433],"[ 0.6877193   4.96666667  0.89824561  5.4        -1.76281834  0.69122807
  4.86666667  0.9         5.53333333 -0.35827971  0.69649123  4.8
  0.90175439  5.83333333 -0.8306759   0.70526316  5.1         0.91578947
  5.83333333 -0.04756701]",1765.2239785194397
0.20185999999999993,[0.3203352],"[ 0.69122807  4.86666667  0.9         5.53333333 -0.35827971  0.69649123
  4.8         0.90175439  5.83333333 -0.8306759   0.70526316  5.1
  0.91578947  5.83333333 -0.04756701  0.71929825  5.36666667  0.92982456
  5.76666667 -0.67966479]",1765.307827949524
0.20693599999999987,[-0.36514848],"[ 0.69649123  4.8         0.90175439  5.83333333 -0.8306759   0.70526316
  5.1         0.91578947  5.83333333 -0.04756701  0.71929825  5.36666667
  0.92982456  5.76666667 -0.67966479  0.73157895  5.56666667  0.94210526
  5.63333333 -1.36514854]",1765.3881471157074
0.2018359999999999,[-0.37348866],"[ 0.70526316  5.1         0.91578947  5.83333333 -0.04756701  0.71929825
  5.36666667  0.92982456  5.76666667 -0.67966479  0.73157895  5.56666667
  0.94210526  5.63333333 -1.36514854  0.73684211  5.56666667  0.94912281
  5.8        -1.37348866]",1765.4647977352142
0.206956,[0.3384496],"[ 0.71929825  5.36666667  0.92982456  5.76666667 -0.67966479  0.73157895
  5.56666667  0.94210526  5.63333333 -1.36514854  0.73684211  5.56666667
  0.94912281  5.8        -1.37348866  0.74385965  5.4         0.95263158
  6.03333333 -0.6615504 ]",1765.5454819202423
0.21204799999999988,[-0.45378727],"[ 0.73157895  5.56666667  0.94210526  5.63333333 -1.36514854  0.73684211
  5.56666667  0.94912281  5.8        -1.37348866  0.74385965  5.4
  0.95263158  6.03333333 -0.6615504   0.75087719  5.43333333  0.96140351
  6.03333333 -1.45378733]",1765.6291854381561
0.2171400000000001,[0.0384366],"[ 0.73684211  5.56666667  0.94912281  5.8        -1.37348866  0.74385965
  5.4         0.95263158  6.03333333 -0.6615504   0.75087719  5.43333333
  0.96140351  6.03333333 -1.45378733  0.75964912  5.6         0.97192982
  5.96666667 -0.96156341]",1765.708178281784
0.22229200000000007,[-0.98874354],"[ 0.74385965  5.4         0.95263158  6.03333333 -0.6615504   0.75087719
  5.43333333  0.96140351  6.03333333 -1.45378733  0.75964912  5.6
  0.97192982  5.96666667 -0.96156341  0.77017544  5.53333333  0.97894737
  6.23333333 -1.98874354]",1765.7920501232147
0.22743199999999994,[-0.49542257],"[ 0.75087719  5.43333333  0.96140351  6.03333333 -1.45378733  0.75964912
  5.6         0.97192982  5.96666667 -0.96156341  0.77017544  5.53333333
  0.97894737  6.23333333 -1.98874354  0.77894737  5.5         0.98596491
  6.43333333 -1.4954226 ]",1765.8682179450989
