reward,action,obs,time
,,"[0.         0.         0.         0.         0.         0.
 0.         0.         0.         0.         0.         0.
 0.         0.         0.         0.03333333 5.9        0.24385965
 5.3        0.        ]",2460.5669572353363
-1.6000000000002124e-05,[0.23098445],"[ 0.          0.          0.          0.          0.          0.
  0.          0.          0.          0.          0.03333333  5.9
  0.24385965  5.3         0.          0.03333333  6.03333333  0.24210526
  5.23333333 -0.76901555]",2460.6627259254456
-0.0025360000000000035,[0.28676113],"[ 0.          0.          0.          0.          0.          0.03333333
  5.9         0.24385965  5.3         0.          0.03333333  6.03333333
  0.24210526  5.23333333 -0.76901555  0.03157895  5.73333333  0.24561404
  5.36666667 -0.71323884]",2460.7121601104736
-0.0025440000000000046,[-0.69958663],"[ 0.03333333  5.9         0.24385965  5.3         0.          0.03333333
  6.03333333  0.24210526  5.23333333 -0.76901555  0.03157895  5.73333333
  0.24561404  5.36666667 -0.71323884  0.03157895  5.8         0.24561404
  5.33333333 -1.69958663]",2460.766149044037
-0.0025400000000000006,[-0.3247823],"[ 0.03333333  6.03333333  0.24210526  5.23333333 -0.76901555  0.03157895
  5.73333333  0.24561404  5.36666667 -0.71323884  0.03157895  5.8
  0.24561404  5.33333333 -1.69958663  0.03157895  5.76666667  0.24385965
  5.33333333 -1.32478237]",2460.812004804611
-0.0025400000000000006,[-0.49031273],"[ 0.03157895  5.73333333  0.24561404  5.36666667 -0.71323884  0.03157895
  5.8         0.24561404  5.33333333 -1.69958663  0.03157895  5.76666667
  0.24385965  5.33333333 -1.32478237  0.03157895  5.76666667  0.24561404
  5.33333333 -1.4903127 ]",2460.865804672241
7.999999999994123e-06,[-0.87736523],"[ 0.03157895  5.8         0.24561404  5.33333333 -1.69958663  0.03157895
  5.76666667  0.24385965  5.33333333 -1.32478237  0.03157895  5.76666667
  0.24561404  5.33333333 -1.4903127   0.03333333  5.83333333  0.24561404
  5.3        -1.87736523]",2460.912370443344
-0.0025400000000000006,[-0.6488316],"[ 0.03157895  5.76666667  0.24385965  5.33333333 -1.32478237  0.03157895
  5.76666667  0.24561404  5.33333333 -1.4903127   0.03333333  5.83333333
  0.24561404  5.3        -1.87736523  0.03157895  5.76666667  0.24561404
  5.4        -1.64883161]",2460.9671955108643
4.399999999999543e-05,[0.8919527],"[ 0.03157895  5.76666667  0.24561404  5.33333333 -1.4903127   0.03333333
  5.83333333  0.24561404  5.3        -1.87736523  0.03157895  5.76666667
  0.24561404  5.4        -1.64883161  0.03333333  5.53333333  0.24736842
  5.56666667 -0.10804731]",2461.018980741501
0.0026160000000000003,[-0.49871212],"[ 0.03333333  5.83333333  0.24561404  5.3        -1.87736523  0.03157895
  5.76666667  0.24561404  5.4        -1.64883161  0.03333333  5.53333333
  0.24736842  5.56666667 -0.10804731  0.03508772  5.4         0.24912281
  5.7        -1.49871206]",2461.0699622631073
0.005159999999999998,[0.8112632],"[ 0.03157895  5.76666667  0.24561404  5.4        -1.64883161  0.03333333
  5.53333333  0.24736842  5.56666667 -0.10804731  0.03508772  5.4
  0.24912281  5.7        -1.49871206  0.03684211  5.5         0.25087719
  5.63333333 -0.1887368 ]",2461.135573387146
0.0076959999999999945,[-0.06448825],"[ 0.03333333  5.53333333  0.24736842  5.56666667 -0.10804731  0.03508772
  5.4         0.24912281  5.7        -1.49871206  0.03684211  5.5
  0.25087719  5.63333333 -0.1887368   0.03859649  5.66666667  0.25087719
  5.46666667 -1.06448829]",2461.2170255184174
0.012795999999999997,[0.00091872],"[ 0.03508772  5.4         0.24912281  5.7        -1.49871206  0.03684211
  5.5         0.25087719  5.63333333 -0.1887368   0.03859649  5.66666667
  0.25087719  5.46666667 -1.06448829  0.04210526  5.76666667  0.25263158
  5.3        -0.99908125]",2461.301472902298
0.017915999999999994,[-0.76544815],"[ 0.03684211  5.5         0.25087719  5.63333333 -0.1887368   0.03859649
  5.66666667  0.25087719  5.46666667 -1.06448829  0.04210526  5.76666667
  0.25263158  5.3        -0.99908125  0.04561404  5.7         0.25614035
  5.33333333 -1.76544809]",2461.375031709671
0.023035999999999994,[0.43901607],"[ 0.03859649  5.66666667  0.25087719  5.46666667 -1.06448829  0.04210526
  5.76666667  0.25263158  5.3        -0.99908125  0.04561404  5.7
  0.25614035  5.33333333 -1.76544809  0.04912281  5.63333333  0.26140351
  5.4        -0.5609839 ]",2461.454393863678
0.028164,[-0.09857097],"[ 0.04210526  5.76666667  0.25263158  5.3        -0.99908125  0.04561404
  5.7         0.25614035  5.33333333 -1.76544809  0.04912281  5.63333333
  0.26140351  5.4        -0.5609839   0.05263158  5.5         0.26666667
  5.56666667 -1.09857094]",2461.538936853409
0.038363999999999995,[0.7836974],"[ 0.04561404  5.7         0.25614035  5.33333333 -1.76544809  0.04912281
  5.63333333  0.26140351  5.4        -0.5609839   0.05263158  5.5
  0.26666667  5.56666667 -1.09857094  0.05964912  5.7         0.27192982
  5.46666667 -0.21630257]",2461.6152999401093
0.04601999999999999,[0.3217399],"[ 0.04912281  5.63333333  0.26140351  5.4        -0.5609839   0.05263158
  5.5         0.26666667  5.56666667 -1.09857094  0.05964912  5.7
  0.27192982  5.46666667 -0.21630257  0.06491228  5.8         0.27719298
  5.33333333 -0.67826009]",2461.7013499736786
0.05623199999999999,[-0.79845035],"[ 0.05263158  5.5         0.26666667  5.56666667 -1.09857094  0.05964912
  5.7         0.27192982  5.46666667 -0.21630257  0.06491228  5.8
  0.27719298  5.33333333 -0.67826009  0.07192982  5.9         0.28070175
  5.1        -1.79845035]",2461.7763636112213
0.061356,[-0.7869444],"[ 0.05964912  5.7         0.27192982  5.46666667 -0.21630257  0.06491228
  5.8         0.27719298  5.33333333 -0.67826009  0.07192982  5.9
  0.28070175  5.1        -1.79845035  0.0754386   5.8         0.28421053
  5.06666667 -1.78694439]",2461.8612167835236
0.06139199999999999,[0.3736528],"[ 0.06491228  5.8         0.27719298  5.33333333 -0.67826009  0.07192982
  5.9         0.28070175  5.1        -1.79845035  0.0754386   5.8
  0.28421053  5.06666667 -1.78694439  0.0754386   5.5         0.28947368
  5.26666667 -0.62634718]",2461.940348625183
0.06908800000000001,[-0.74174297],"[ 0.07192982  5.9         0.28070175  5.1        -1.79845035  0.0754386
  5.8         0.28421053  5.06666667 -1.78694439  0.0754386   5.5
  0.28947368  5.26666667 -0.62634718  0.08070175  5.4         0.29298246
  5.4        -1.74174297]",2462.0143854618073
0.081816,[0.25450116],"[ 0.0754386   5.8         0.28421053  5.06666667 -1.78694439  0.0754386
  5.5         0.28947368  5.26666667 -0.62634718  0.08070175  5.4
  0.29298246  5.4        -1.74174297  0.0877193   5.53333333  0.3
  5.3        -0.74549884]",2462.1003205776215
0.09461599999999999,[0.6875627],"[ 0.0754386   5.5         0.28947368  5.26666667 -0.62634718  0.08070175
  5.4         0.29298246  5.4        -1.74174297  0.0877193   5.53333333
  0.3         5.3        -0.74549884  0.09649123  5.43333333  0.30877193
  5.4        -0.3124373 ]",2462.183010816574
0.10481999999999998,[-0.29847336],"[ 0.08070175  5.4         0.29298246  5.4        -1.74174297  0.0877193
  5.53333333  0.3         5.3        -0.74549884  0.09649123  5.43333333
  0.30877193  5.4        -0.3124373   0.10350877  5.56666667  0.31929825
  5.23333333 -1.29847336]",2462.2552037239075
0.11757599999999999,[-0.9696763],"[ 0.0877193   5.53333333  0.3         5.3        -0.74549884  0.09649123
  5.43333333  0.30877193  5.4        -0.3124373   0.10350877  5.56666667
  0.31929825  5.23333333 -1.29847336  0.1122807   5.76666667  0.32807018
  4.93333333 -1.96967626]",2462.340603351593
0.11761999999999997,[-0.96655416],"[ 0.09649123  5.43333333  0.30877193  5.4        -0.3124373   0.10350877
  5.56666667  0.31929825  5.23333333 -1.29847336  0.1122807   5.76666667
  0.32807018  4.93333333 -1.96967626  0.11403509  5.46666667  0.33508772
  5.         -1.96655416]",2462.4170327186584
0.12790000000000004,[0.62941647],"[ 0.10350877  5.56666667  0.31929825  5.23333333 -1.29847336  0.1122807
  5.76666667  0.32807018  4.93333333 -1.96967626  0.11403509  5.46666667
  0.33508772  5.         -1.96655416  0.11929825  4.93333333  0.34210526
  5.3        -0.37058353]",2462.4945261478424
0.16361600000000004,[0.20427272],"[ 0.1122807   5.76666667  0.32807018  4.93333333 -1.96967626  0.11403509
  5.46666667  0.33508772  5.         -1.96655416  0.11929825  4.93333333
  0.34210526  5.3        -0.37058353  0.14561404  5.26666667  0.34912281
  5.46666667 -0.79572725]",2462.5791478157043
0.16870000000000002,[-0.5917698],"[ 0.11403509  5.46666667  0.33508772  5.         -1.96655416  0.11929825
  4.93333333  0.34210526  5.3        -0.37058353  0.14561404  5.26666667
  0.34912281  5.46666667 -0.79572725  0.15087719  5.36666667  0.35964912
  5.36666667 -1.59176981]",2462.6610786914825
0.17893599999999998,[0.8611092],"[ 0.11929825  4.93333333  0.34210526  5.3        -0.37058353  0.14561404
  5.26666667  0.34912281  5.46666667 -0.79572725  0.15087719  5.36666667
  0.35964912  5.36666667 -1.59176981  0.15964912  5.36666667  0.37192982
  5.3        -0.1388908 ]",2462.73455786705
0.19176000000000004,[0.7442589],"[ 0.14561404  5.26666667  0.34912281  5.46666667 -0.79572725  0.15087719
  5.36666667  0.35964912  5.36666667 -1.59176981  0.15964912  5.36666667
  0.37192982  5.3        -0.1388908   0.17017544  5.16666667  0.38596491
  5.43333333 -0.25574112]",2462.819214105606
0.20454,[0.70037186],"[ 0.15087719  5.36666667  0.35964912  5.36666667 -1.59176981  0.15964912
  5.36666667  0.37192982  5.3        -0.1388908   0.17017544  5.16666667
  0.38596491  5.43333333 -0.25574112  0.18245614  5.26666667  0.39824561
  5.23333333 -0.29962814]",2462.898897409439
0.21984000000000004,[0.8146565],"[ 0.15964912  5.36666667  0.37192982  5.3        -0.1388908   0.17017544
  5.16666667  0.38596491  5.43333333 -0.25574112  0.18245614  5.26666667
  0.39824561  5.23333333 -0.29962814  0.19649123  5.5         0.40877193
  4.86666667 -0.1853435 ]",2462.974461078644
0.22748399999999996,[0.46705958],"[ 0.17017544  5.16666667  0.38596491  5.43333333 -0.25574112  0.18245614
  5.26666667  0.39824561  5.23333333 -0.29962814  0.19649123  5.5
  0.40877193  4.86666667 -0.1853435   0.20526316  5.63333333  0.41403509
  4.66666667 -0.53294039]",2463.0591003894806
0.23256799999999994,[-0.8923301],"[ 0.18245614  5.26666667  0.39824561  5.23333333 -0.29962814  0.19649123
  5.5         0.40877193  4.86666667 -0.1853435   0.20526316  5.63333333
  0.41403509  4.66666667 -0.53294039  0.2122807   5.73333333  0.41754386
  4.6        -1.89233017]",2463.135228872299
0.227488,[0.7463026],"[ 0.19649123  5.5         0.40877193  4.86666667 -0.1853435   0.20526316
  5.63333333  0.41403509  4.66666667 -0.53294039  0.2122807   5.73333333
  0.41754386  4.6        -1.89233017  0.21578947  5.66666667  0.42105263
  4.56666667 -0.2536974 ]",2463.2144045829773
0.23007200000000005,[-0.2255757],"[ 0.20526316  5.63333333  0.41403509  4.66666667 -0.53294039  0.2122807
  5.73333333  0.41754386  4.6        -1.89233017  0.21578947  5.66666667
  0.42105263  4.56666667 -0.2536974   0.22280702  5.53333333  0.42982456
  4.63333333 -1.22557569]",2463.2996010780334
0.232636,[-0.97892445],"[ 0.2122807   5.73333333  0.41754386  4.6        -1.89233017  0.21578947
  5.66666667  0.42105263  4.56666667 -0.2536974   0.22280702  5.53333333
  0.42982456  4.63333333 -1.22557569  0.23157895  5.56666667  0.43859649
  4.5        -1.97892451]",2463.3760857582092
0.24286400000000002,[0.07448593],"[ 0.21578947  5.66666667  0.42105263  4.56666667 -0.2536974   0.22280702
  5.53333333  0.42982456  4.63333333 -1.22557569  0.23157895  5.56666667
  0.43859649  4.5        -1.97892451  0.24210526  5.43333333  0.44912281
  4.53333333 -0.9255141 ]",2463.4544513225555
0.25052,[0.24193422],"[ 0.22280702  5.53333333  0.42982456  4.63333333 -1.22557569  0.23157895
  5.56666667  0.43859649  4.5        -1.97892451  0.24210526  5.43333333
  0.44912281  4.53333333 -0.9255141   0.24736842  5.23333333  0.45964912
  4.73333333 -0.75806576]",2463.5391454696655
0.255612,[-0.4684252],"[ 0.23157895  5.56666667  0.43859649  4.5        -1.97892451  0.24210526
  5.43333333  0.44912281  4.53333333 -0.9255141   0.24736842  5.23333333
  0.45964912  4.73333333 -0.75806576  0.25614035  5.3         0.46842105
  4.56666667 -1.46842527]",2463.615960121155
0.26074400000000003,[0.8751731],"[ 0.24210526  5.43333333  0.44912281  4.53333333 -0.9255141   0.24736842
  5.23333333  0.45964912  4.73333333 -0.75806576  0.25614035  5.3
  0.46842105  4.56666667 -1.46842527  0.26666667  5.26666667  0.4754386
  4.3        -0.12482691]",2463.6946699619293
0.2582,[-0.51013875],"[ 0.24736842  5.23333333  0.45964912  4.73333333 -0.75806576  0.25614035
  5.3         0.46842105  4.56666667 -1.46842527  0.26666667  5.26666667
  0.4754386   4.3        -0.12482691  0.27368421  5.06666667  0.48421053
  4.26666667 -1.51013875]",2463.779197216034
0.26332,[-0.2485756],"[ 0.25614035  5.3         0.46842105  4.56666667 -1.46842527  0.26666667
  5.26666667  0.4754386   4.3        -0.12482691  0.27368421  5.06666667
  0.48421053  4.26666667 -1.51013875  0.28421053  5.13333333  0.49122807
  4.03333333 -1.24857557]",2463.860500574112
0.26591600000000004,[-0.9545372],"[ 0.26666667  5.26666667  0.4754386   4.3        -0.12482691  0.27368421
  5.06666667  0.48421053  4.26666667 -1.51013875  0.28421053  5.13333333
  0.49122807  4.03333333 -1.24857557  0.29473684  5.          0.50175439
  4.         -1.95453715]",2463.9412400722504
0.27612800000000004,[0.4134136],"[ 0.27368421  5.06666667  0.48421053  4.26666667 -1.51013875  0.28421053
  5.13333333  0.49122807  4.03333333 -1.24857557  0.29473684  5.
  0.50175439  4.         -1.95453715  0.30350877  4.8         0.51403509
  4.03333333 -0.58658636]",2464.0212523937225
0.278644,[-0.06495952],"[ 0.28421053  5.13333333  0.49122807  4.03333333 -1.24857557  0.29473684
  5.          0.50175439  4.         -1.95453715  0.30350877  4.8
  0.51403509  4.03333333 -0.58658636  0.31052632  4.6         0.5245614
  4.1        -1.06495953]",2464.1011254787445
0.255668,[-0.0928208],"[ 0.29473684  5.          0.50175439  4.         -1.95453715  0.30350877
  4.8         0.51403509  4.03333333 -0.58658636  0.31052632  4.6
  0.5245614   4.1        -1.06495953  0.32105263  4.7         0.53333333
  3.93333333 -1.09282076]",2464.18128657341
0.2607880000000001,[-0.7883172],"[ 0.30350877  4.8         0.51403509  4.03333333 -0.58658636  0.31052632
  4.6         0.5245614   4.1        -1.06495953  0.32105263  4.7
  0.53333333  3.93333333 -1.09282076  0.32982456  4.73333333  0.53859649
  3.8        -1.7883172 ]",2464.261559486389
0.25825200000000004,[-0.9699552],"[ 0.31052632  4.6         0.5245614   4.1        -1.06495953  0.32105263
  4.7         0.53333333  3.93333333 -1.09282076  0.32982456  4.73333333
  0.53859649  3.8        -1.7883172   0.33684211  4.56666667  0.54736842
  3.76666667 -1.96995521]",2464.3410170078278
0.250596,[-0.40541548],"[ 0.32105263  4.7         0.53333333  3.93333333 -1.09282076  0.32982456
  4.73333333  0.53859649  3.8        -1.7883172   0.33684211  4.56666667
  0.54736842  3.76666667 -1.96995521  0.34210526  4.26666667  0.55614035
  3.86666667 -1.40541553]",2464.421024799347
0.24550800000000006,[-0.41183758],"[ 0.32982456  4.73333333  0.53859649  3.8        -1.7883172   0.33684211
  4.56666667  0.54736842  3.76666667 -1.96995521  0.34210526  4.26666667
  0.55614035  3.86666667 -1.40541553  0.35087719  4.16666667  0.56666667
  3.9        -1.41183758]",2464.501050710678
0.23786400000000008,[-0.04603464],"[ 0.33684211  4.56666667  0.54736842  3.76666667 -1.96995521  0.34210526
  4.26666667  0.55614035  3.86666667 -1.40541553  0.35087719  4.16666667
  0.56666667  3.9        -1.41183758  0.35964912  4.2         0.57368421
  3.83333333 -1.04603469]",2464.5810985565186
0.23022,[-0.7246306],"[ 0.34210526  4.26666667  0.55614035  3.86666667 -1.40541553  0.35087719
  4.16666667  0.56666667  3.9        -1.41183758  0.35964912  4.2
  0.57368421  3.83333333 -1.04603469  0.36315789  4.13333333  0.57894737
  3.76666667 -1.72463059]",2464.66117477417
0.225128,[-0.67114204],"[ 0.35087719  4.16666667  0.56666667  3.9        -1.41183758  0.35964912
  4.2         0.57368421  3.83333333 -1.04603469  0.36315789  4.13333333
  0.57894737  3.76666667 -1.72463059  0.36666667  4.06666667  0.58070175
  3.76666667 -1.6711421 ]",2464.7411892414093
0.22769599999999998,[-0.72382694],"[ 0.35964912  4.2         0.57368421  3.83333333 -1.04603469  0.36315789
  4.13333333  0.57894737  3.76666667 -1.72463059  0.36666667  4.06666667
  0.58070175  3.76666667 -1.6711421   0.37192982  3.9         0.5877193
  3.96666667 -1.72382689]",2464.8239421844482
0.22767999999999997,[-0.4765448],"[ 0.36315789  4.13333333  0.57894737  3.76666667 -1.72463059  0.36666667
  4.06666667  0.58070175  3.76666667 -1.6711421   0.37192982  3.9
  0.5877193   3.96666667 -1.72382689  0.37894737  3.9         0.59473684
  4.13333333 -1.47654486]",2464.8946278095245
0.227684,[0.86130524],"[ 0.36666667  4.06666667  0.58070175  3.76666667 -1.6711421   0.37192982
  3.9         0.5877193   3.96666667 -1.72382689  0.37894737  3.9
  0.59473684  4.13333333 -1.47654486  0.3877193   3.9         0.60175439
  4.23333333 -0.13869476]",2464.9810383319855
0.21744400000000005,[0.13537452],"[ 0.37192982  3.9         0.5877193   3.96666667 -1.72382689  0.37894737
  3.9         0.59473684  4.13333333 -1.47654486  0.3877193   3.9
  0.60175439  4.23333333 -0.13869476  0.39122807  3.9         0.60526316
  4.16666667 -0.86462545]",2465.0610675811768
0.21228800000000003,[0.01531264],"[ 0.37894737  3.9         0.59473684  4.13333333 -1.47654486  0.3877193
  3.9         0.60175439  4.23333333 -0.13869476  0.39122807  3.9
  0.60526316  4.16666667 -0.86462545  0.39298246  4.06666667  0.60877193
  4.         -0.98468739]",2465.1413979530334
0.20462800000000003,[0.67103815],"[ 0.3877193   3.9         0.60175439  4.23333333 -0.13869476  0.39122807
  3.9         0.60526316  4.16666667 -0.86462545  0.39298246  4.06666667
  0.60877193  4.         -0.98468739  0.39649123  4.06666667  0.6122807
  4.03333333 -0.32896185]",2465.22509598732
0.19950800000000002,[0.36201203],"[ 0.39122807  3.9         0.60526316  4.16666667 -0.86462545  0.39298246
  4.06666667  0.60877193  4.         -0.98468739  0.39649123  4.06666667
  0.6122807   4.03333333 -0.32896185  0.40350877  4.1         0.61754386
  4.         -0.63798797]",2465.300837993622
0.19691200000000003,[-0.38437083],"[ 0.39298246  4.06666667  0.60877193  4.         -0.98468739  0.39649123
  4.06666667  0.6122807   4.03333333 -0.32896185  0.40350877  4.1
  0.61754386  4.         -0.63798797  0.40877193  4.23333333  0.62280702
  3.86666667 -1.3843708 ]",2465.381033182144
0.18925600000000004,[0.12082038],"[ 0.39649123  4.06666667  0.6122807   4.03333333 -0.32896185  0.40350877
  4.1         0.61754386  4.         -0.63798797  0.40877193  4.23333333
  0.62280702  3.86666667 -1.3843708   0.41403509  4.2         0.62631579
  3.9        -0.8791796 ]",2465.4609773159027
0.17902800000000002,[-0.5422193],"[ 0.40350877  4.1         0.61754386  4.         -0.63798797  0.40877193
  4.23333333  0.62280702  3.86666667 -1.3843708   0.41403509  4.2
  0.62631579  3.9        -0.8791796   0.41754386  4.1         0.62982456
  4.03333333 -1.54221928]",2465.5410187244415
0.17388000000000003,[-0.5127487],"[ 0.40877193  4.23333333  0.62280702  3.86666667 -1.3843708   0.41403509
  4.2         0.62631579  3.9        -0.8791796   0.41754386  4.1
  0.62982456  4.03333333 -1.54221928  0.42280702  4.2         0.63684211
  4.03333333 -1.51274872]",2465.6212859153748
0.17131199999999996,[-0.84671706],"[ 0.41403509  4.2         0.62631579  3.9        -0.8791796   0.41754386
  4.1         0.62982456  4.03333333 -1.54221928  0.42280702  4.2
  0.63684211  4.03333333 -1.51274872  0.42807018  4.1         0.64385965
  4.26666667 -1.84671712]",2465.700353384018
0.16621999999999998,[0.533268],"[ 0.41754386  4.1         0.62982456  4.03333333 -1.54221928  0.42280702
  4.2         0.63684211  4.03333333 -1.51274872  0.42807018  4.1
  0.64385965  4.26666667 -1.84671712  0.43508772  4.03333333  0.64912281
  4.43333333 -0.46673203]",2465.7754719257355
0.16366799999999998,[-0.19627838],"[ 0.42280702  4.2         0.63684211  4.03333333 -1.51274872  0.42807018
  4.1         0.64385965  4.26666667 -1.84671712  0.43508772  4.03333333
  0.64912281  4.43333333 -0.46673203  0.44210526  4.03333333  0.65438596
  4.5        -1.19627833]",2465.8549330234528
0.161076,[-0.55309546],"[ 0.42807018  4.1         0.64385965  4.26666667 -1.84671712  0.43508772
  4.03333333  0.64912281  4.43333333 -0.46673203  0.44210526  4.03333333
  0.65438596  4.5        -1.19627833  0.44736842  4.16666667  0.66140351
  4.4        -1.55309546]",2465.9407873153687
0.15849199999999997,[0.7062212],"[ 0.43508772  4.03333333  0.64912281  4.43333333 -0.46673203  0.44210526
  4.03333333  0.65438596  4.5        -1.19627833  0.44736842  4.16666667
  0.66140351  4.4        -1.55309546  0.45087719  4.1         0.66491228
  4.46666667 -0.29377878]",2466.0247502326965
0.15081599999999995,[0.0494541],"[ 0.44210526  4.03333333  0.65438596  4.5        -1.19627833  0.44736842
  4.16666667  0.66140351  4.4        -1.55309546  0.45087719  4.1
  0.66491228  4.46666667 -0.29377878  0.45438596  4.06666667  0.66666667
  4.6        -0.95054591]",2466.1020970344543
0.14567999999999992,[0.4832902],"[ 0.44736842  4.16666667  0.66140351  4.4        -1.55309546  0.45087719
  4.1         0.66491228  4.46666667 -0.29377878  0.45438596  4.06666667
  0.66666667  4.6        -0.95054591  0.45964912  4.3         0.67368421
  4.43333333 -0.5167098 ]",2466.1802563667297
0.15077600000000002,[0.90840405],"[ 0.45087719  4.1         0.66491228  4.46666667 -0.29377878  0.45438596
  4.06666667  0.66666667  4.6        -0.95054591  0.45964912  4.3
  0.67368421  4.43333333 -0.5167098   0.46666667  4.36666667  0.67894737
  4.36666667 -0.09159595]",2466.26446557045
0.155864,[0.8897695],"[ 0.45438596  4.06666667  0.66666667  4.6        -0.95054591  0.45964912
  4.3         0.67368421  4.43333333 -0.5167098   0.46666667  4.36666667
  0.67894737  4.36666667 -0.09159595  0.47368421  4.5         0.68596491
  4.2        -0.11023051]",2466.3451154232025
0.15837599999999996,[0.52156246],"[ 0.45964912  4.3         0.67368421  4.43333333 -0.5167098   0.46666667
  4.36666667  0.67894737  4.36666667 -0.09159595  0.47368421  4.5
  0.68596491  4.2        -0.11023051  0.48070175  4.7         0.69122807
  4.03333333 -0.47843754]",2466.4251885414124
0.15325999999999995,[0.80820066],"[ 0.46666667  4.36666667  0.67894737  4.36666667 -0.09159595  0.47368421
  4.5         0.68596491  4.2        -0.11023051  0.48070175  4.7
  0.69122807  4.03333333 -0.47843754  0.48421053  4.73333333  0.69473684
  3.96666667 -0.19179934]",2466.5048685073853
0.14557999999999993,[-0.16500206],"[ 0.47368421  4.5         0.68596491  4.2        -0.11023051  0.48070175
  4.7         0.69122807  4.03333333 -0.47843754  0.48421053  4.73333333
  0.69473684  3.96666667 -0.19179934  0.4877193   4.83333333  0.69649123
  3.93333333 -1.16500211]",2466.5849256515503
0.14812399999999992,[-0.36249474],"[ 0.48070175  4.7         0.69122807  4.03333333 -0.47843754  0.48421053
  4.73333333  0.69473684  3.96666667 -0.19179934  0.4877193   4.83333333
  0.69649123  3.93333333 -1.16500211  0.49298246  4.93333333  0.69824561
  3.86666667 -1.36249471]",2466.6650111675262
0.14560399999999996,[-0.6804101],"[ 0.48421053  4.73333333  0.69473684  3.96666667 -0.19179934  0.4877193
  4.83333333  0.69649123  3.93333333 -1.16500211  0.49298246  4.93333333
  0.69824561  3.86666667 -1.36249471  0.49298246  4.8         0.70175439
  4.06666667 -1.68041015]",2466.7450563907623
0.14307599999999998,[-0.6717729],"[ 0.4877193   4.83333333  0.69649123  3.93333333 -1.16500211  0.49298246
  4.93333333  0.69824561  3.86666667 -1.36249471  0.49298246  4.8
  0.70175439  4.06666667 -1.68041015  0.49473684  4.56666667  0.70701754
  4.23333333 -1.67177296]",2466.825408935547
0.140536,[-0.77684546],"[ 0.49298246  4.93333333  0.69824561  3.86666667 -1.36249471  0.49298246
  4.8         0.70175439  4.06666667 -1.68041015  0.49473684  4.56666667
  0.70701754  4.23333333 -1.67177296  0.5         4.46666667  0.71403509
  4.33333333 -1.77684546]",2466.90517950058
0.14311600000000002,[-0.2496102],"[ 0.49298246  4.8         0.70175439  4.06666667 -1.68041015  0.49473684
  4.56666667  0.70701754  4.23333333 -1.67177296  0.5         4.46666667
  0.71403509  4.33333333 -1.77684546  0.50701754  4.4         0.72105263
  4.46666667 -1.24961019]",2466.9850749969482
0.14312000000000002,[-0.8731699],"[ 0.49473684  4.56666667  0.70701754  4.23333333 -1.67177296  0.5
  4.46666667  0.71403509  4.33333333 -1.77684546  0.50701754  4.4
  0.72105263  4.46666667 -1.24961019  0.5122807   4.33333333  0.7245614
  4.5        -1.8731699 ]",2467.064965248108
0.1431079999999999,[-0.44565532],"[ 0.5         4.46666667  0.71403509  4.33333333 -1.77684546  0.50701754
  4.4         0.72105263  4.46666667 -1.24961019  0.5122807   4.33333333
  0.7245614   4.5        -1.8731699   0.51578947  4.33333333  0.72982456
  4.43333333 -1.44565535]",2467.145137310028
0.14313999999999993,[-0.32434097],"[ 0.50701754  4.4         0.72105263  4.46666667 -1.24961019  0.5122807
  4.33333333  0.7245614   4.5        -1.8731699   0.51578947  4.33333333
  0.72982456  4.43333333 -1.44565535  0.52105263  4.16666667  0.73157895
  4.56666667 -1.32434094]",2467.2250010967255
0.14056400000000002,[-0.10342988],"[ 0.5122807   4.33333333  0.7245614   4.5        -1.8731699   0.51578947
  4.33333333  0.72982456  4.43333333 -1.44565535  0.52105263  4.16666667
  0.73157895  4.56666667 -1.32434094  0.5245614   4.23333333  0.73684211
  4.56666667 -1.10342991]",2467.3049297332764
0.135436,[0.39600745],"[ 0.51578947  4.33333333  0.72982456  4.43333333 -1.44565535  0.52105263
  4.16666667  0.73157895  4.56666667 -1.32434094  0.5245614   4.23333333
  0.73684211  4.56666667 -1.10342991  0.52807018  4.3         0.74035088
  4.56666667 -0.60399258]",2467.3851702213287
0.12775599999999998,[-0.03962036],"[ 0.52105263  4.16666667  0.73157895  4.56666667 -1.32434094  0.5245614
  4.23333333  0.73684211  4.56666667 -1.10342991  0.52807018  4.3
  0.74035088  4.56666667 -0.60399258  0.52982456  4.4         0.74385965
  4.5        -1.0396204 ]",2467.4649765491486
0.12519999999999998,[0.6730838],"[ 0.5245614   4.23333333  0.73684211  4.56666667 -1.10342991  0.52807018
  4.3         0.74035088  4.56666667 -0.60399258  0.52982456  4.4
  0.74385965  4.5        -1.0396204   0.53333333  4.53333333  0.74561404
  4.43333333 -0.32691622]",2467.5453543663025
0.12518799999999997,[0.2202398],"[ 0.52807018  4.3         0.74035088  4.56666667 -0.60399258  0.52982456
  4.4         0.74385965  4.5        -1.0396204   0.53333333  4.53333333
  0.74561404  4.43333333 -0.32691622  0.53684211  4.56666667  0.74912281
  4.46666667 -0.77976018]",2467.625293970108
0.12772000000000006,[0.80492485],"[ 0.52982456  4.4         0.74385965  4.5        -1.0396204   0.53333333
  4.53333333  0.74561404  4.43333333 -0.32691622  0.53684211  4.56666667
  0.74912281  4.46666667 -0.77976018  0.54210526  4.73333333  0.75614035
  4.36666667 -0.19507515]",2467.705049753189
0.13030000000000008,[0.19375673],"[ 0.53333333  4.53333333  0.74561404  4.43333333 -0.32691622  0.53684211
  4.56666667  0.74912281  4.46666667 -0.77976018  0.54210526  4.73333333
  0.75614035  4.36666667 -0.19507515  0.54912281  4.76666667  0.75964912
  4.33333333 -0.8062433 ]",2467.785299062729
0.12518400000000007,[0.18741833],"[ 0.53684211  4.56666667  0.74912281  4.46666667 -0.77976018  0.54210526
  4.73333333  0.75614035  4.36666667 -0.19507515  0.54912281  4.76666667
  0.75964912  4.33333333 -0.8062433   0.55263158  4.86666667  0.76315789
  4.23333333 -0.81258166]",2467.8650455474854
0.11498000000000008,[0.67163104],"[ 0.54210526  4.73333333  0.75614035  4.36666667 -0.19507515  0.54912281
  4.76666667  0.75964912  4.33333333 -0.8062433   0.55263158  4.86666667
  0.76315789  4.23333333 -0.81258166  0.55263158  4.83333333  0.76315789
  4.23333333 -0.32836896]",2467.944914340973
0.10988400000000009,[0.29265773],"[ 0.54912281  4.76666667  0.75964912  4.33333333 -0.8062433   0.55263158
  4.86666667  0.76315789  4.23333333 -0.81258166  0.55263158  4.83333333
  0.76315789  4.23333333 -0.32836896  0.55614035  4.9         0.76491228
  4.16666667 -0.70734227]",2468.02516245842
0.10988000000000009,[0.6644869],"[ 0.55263158  4.86666667  0.76315789  4.23333333 -0.81258166  0.55263158
  4.83333333  0.76315789  4.23333333 -0.32836896  0.55614035  4.9
  0.76491228  4.16666667 -0.70734227  0.55964912  4.96666667  0.76842105
  4.06666667 -0.33551311]",2468.104960203171
0.1073320000000001,[-0.10180246],"[ 0.55263158  4.83333333  0.76315789  4.23333333 -0.32836896  0.55614035
  4.9         0.76491228  4.16666667 -0.70734227  0.55964912  4.96666667
  0.76842105  4.06666667 -0.33551311  0.56140351  5.          0.77017544
  4.03333333 -1.10180247]",2468.1851847171783
0.1047840000000001,[-0.84519833],"[ 0.55614035  4.9         0.76491228  4.16666667 -0.70734227  0.55964912
  4.96666667  0.76842105  4.06666667 -0.33551311  0.56140351  5.
  0.77017544  4.03333333 -1.10180247  0.56491228  5.03333333  0.77192982
  3.93333333 -1.84519839]",2468.2652764320374
0.104792,[0.17762116],"[ 0.55964912  4.96666667  0.76842105  4.06666667 -0.33551311  0.56140351
  5.          0.77017544  4.03333333 -1.10180247  0.56491228  5.03333333
  0.77192982  3.93333333 -1.84519839  0.56491228  4.83333333  0.7754386
  4.06666667 -0.82237887]",2468.3451566696167
0.107344,[-0.87274384],"[ 0.56140351  5.          0.77017544  4.03333333 -1.10180247  0.56491228
  5.03333333  0.77192982  3.93333333 -1.84519839  0.56491228  4.83333333
  0.7754386   4.06666667 -0.82237887  0.56842105  4.63333333  0.78070175
  4.33333333 -1.87274384]",2468.425281763077
0.10731999999999997,[-0.74193406],"[ 0.56491228  5.03333333  0.77192982  3.93333333 -1.84519839  0.56491228
  4.83333333  0.7754386   4.06666667 -0.82237887  0.56842105  4.63333333
  0.78070175  4.33333333 -1.87274384  0.57368421  4.73333333  0.7877193
  4.33333333 -1.74193406]",2468.505172729492
0.10477199999999998,[0.79505587],"[ 0.56491228  4.83333333  0.7754386   4.06666667 -0.82237887  0.56842105
  4.63333333  0.78070175  4.33333333 -1.87274384  0.57368421  4.73333333
  0.7877193   4.33333333 -1.74193406  0.57894737  4.6         0.79473684
  4.46666667 -0.20494413]",2468.584329366684
0.10733199999999998,[0.34947038],"[ 0.56842105  4.63333333  0.78070175  4.33333333 -1.87274384  0.57368421
  4.73333333  0.7877193   4.33333333 -1.74193406  0.57894737  4.6
  0.79473684  4.46666667 -0.20494413  0.58596491  4.5         0.8
  4.56666667 -0.65052962]",2468.665050506592
0.11753200000000008,[0.85378736],"[ 0.57368421  4.73333333  0.7877193   4.33333333 -1.74193406  0.57894737
  4.6         0.79473684  4.46666667 -0.20494413  0.58596491  4.5
  0.8         4.56666667 -0.65052962  0.59649123  4.7         0.80877193
  4.3        -0.14621264]",2468.7451338768005
0.12260400000000005,[0.24800676],"[ 0.57894737  4.6         0.79473684  4.46666667 -0.20494413  0.58596491
  4.5         0.8         4.56666667 -0.65052962  0.59649123  4.7
  0.80877193  4.3        -0.14621264  0.60526316  4.86666667  0.81403509
  4.06666667 -0.75199324]",2468.8250517845154
0.12515600000000004,[-0.81990963],"[ 0.58596491  4.5         0.8         4.56666667 -0.65052962  0.59649123
  4.7         0.80877193  4.3        -0.14621264  0.60526316  4.86666667
  0.81403509  4.06666667 -0.75199324  0.61052632  4.96666667  0.81754386
  3.93333333 -1.81990957]",2468.9050438404083
0.12006800000000006,[-0.78446174],"[ 0.59649123  4.7         0.80877193  4.3        -0.14621264  0.60526316
  4.86666667  0.81403509  4.06666667 -0.75199324  0.61052632  4.96666667
  0.81754386  3.93333333 -1.81990957  0.61052632  4.83333333  0.81929825
  3.96666667 -1.78446174]",2468.984843015671
0.120116,[-0.45650354],"[ 0.60526316  4.86666667  0.81403509  4.06666667 -0.75199324  0.61052632
  4.96666667  0.81754386  3.93333333 -1.81990957  0.61052632  4.83333333
  0.81929825  3.96666667 -1.78446174  0.6122807   4.53333333  0.82631579
  4.16666667 -1.45650351]",2469.0650165081024
0.12780800000000003,[-0.25567642],"[ 0.61052632  4.96666667  0.81754386  3.93333333 -1.81990957  0.61052632
  4.83333333  0.81929825  3.96666667 -1.78446174  0.6122807   4.53333333
  0.82631579  4.16666667 -1.45650351  0.62105263  4.46666667  0.83333333
  4.3        -1.25567639]",2469.145037174225
0.13292000000000004,[0.8325454],"[ 0.61052632  4.83333333  0.81929825  3.96666667 -1.78446174  0.6122807
  4.53333333  0.82631579  4.16666667 -1.45650351  0.62105263  4.46666667
  0.83333333  4.3        -1.25567639  0.62807018  4.5         0.84385965
  4.33333333 -0.1674546 ]",2469.2250080108643
0.13805199999999995,[-0.34267822],"[ 0.6122807   4.53333333  0.82631579  4.16666667 -1.45650351  0.62105263
  4.46666667  0.83333333  4.3        -1.25567639  0.62807018  4.5
  0.84385965  4.33333333 -0.1674546   0.63684211  4.5         0.85087719
  4.26666667 -1.34267819]",2469.304942846298
0.14315599999999995,[-0.29829195],"[ 0.62105263  4.46666667  0.83333333  4.3        -1.25567639  0.62807018
  4.5         0.84385965  4.33333333 -0.1674546   0.63684211  4.5
  0.85087719  4.26666667 -1.34267819  0.64736842  4.6         0.85789474
  4.         -1.29829192]",2469.385059595108
0.14829599999999998,[-0.13244238],"[ 0.62807018  4.5         0.84385965  4.33333333 -0.1674546   0.63684211
  4.5         0.85087719  4.26666667 -1.34267819  0.64736842  4.6
  0.85789474  4.         -1.29829192  0.65438596  4.46666667  0.86491228
  4.03333333 -1.13244236]",2469.4652121067047
0.155968,[-0.6391133],"[ 0.63684211  4.5         0.85087719  4.26666667 -1.34267819  0.64736842
  4.6         0.85789474  4.         -1.29829192  0.65438596  4.46666667
  0.86491228  4.03333333 -1.13244236  0.65964912  4.4         0.87368421
  4.13333333 -1.63911331]",2469.545207262039
0.1636519999999999,[0.34915343],"[ 0.64736842  4.6         0.85789474  4.         -1.29829192  0.65438596
  4.46666667  0.86491228  4.03333333 -1.13244236  0.65964912  4.4
  0.87368421  4.13333333 -1.63911331  0.66842105  4.33333333  0.88245614
  4.2        -0.6508466 ]",2469.624680995941
0.16622799999999993,[0.89278835],"[ 0.65438596  4.46666667  0.86491228  4.03333333 -1.13244236  0.65964912
  4.4         0.87368421  4.13333333 -1.63911331  0.66842105  4.33333333
  0.88245614  4.2        -0.6508466   0.67368421  4.23333333  0.8877193
  4.3        -0.10721165]",2469.698479413986
0.17642399999999991,[0.60233986],"[ 0.65964912  4.4         0.87368421  4.13333333 -1.63911331  0.66842105
  4.33333333  0.88245614  4.2        -0.6508466   0.67368421  4.23333333
  0.8877193   4.3        -0.10721165  0.68245614  4.5         0.89298246
  4.06666667 -0.39766014]",2469.7842166423798
0.1815079999999999,[-0.24970224],"[ 0.66842105  4.33333333  0.88245614  4.2        -0.6508466   0.67368421
  4.23333333  0.8877193   4.3        -0.10721165  0.68245614  4.5
  0.89298246  4.06666667 -0.39766014  0.68947368  4.76666667  0.89824561
  3.93333333 -1.24970222]",2469.86225438118
0.18659599999999998,[-0.29449695],"[ 0.67368421  4.23333333  0.8877193   4.3        -0.10721165  0.68245614
  4.5         0.89298246  4.06666667 -0.39766014  0.68947368  4.76666667
  0.89824561  3.93333333 -1.24970222  0.69298246  4.76666667  0.90350877
  4.         -1.29449701]",2469.9384231567383
0.19169999999999998,[-0.35588267],"[ 0.68245614  4.5         0.89298246  4.06666667 -0.39766014  0.68947368
  4.76666667  0.89824561  3.93333333 -1.24970222  0.69298246  4.76666667
  0.90350877  4.         -1.29449701  0.7         4.63333333  0.9122807
  4.16666667 -1.35588264]",2470.018916606903
0.1942720000000001,[-0.72860384],"[ 0.68947368  4.76666667  0.89824561  3.93333333 -1.24970222  0.69298246
  4.76666667  0.90350877  4.         -1.29449701  0.7         4.63333333
  0.9122807   4.16666667 -1.35588264  0.70701754  4.6         0.92105263
  4.36666667 -1.72860384]",2470.1031382083893
0.19936799999999988,[-0.02806805],"[ 0.69298246  4.76666667  0.90350877  4.         -1.29449701  0.7
  4.63333333  0.9122807   4.16666667 -1.35588264  0.70701754  4.6
  0.92105263  4.36666667 -1.72860384  0.71578947  4.6         0.92807018
  4.6        -1.02806807]",2470.185097694397
0.199368,[0.9959258],"[ 7.00000000e-01  4.63333333e+00  9.12280702e-01  4.16666667e+00
 -1.35588264e+00  7.07017544e-01  4.60000000e+00  9.21052632e-01
  4.36666667e+00 -1.72860384e+00  7.15789474e-01  4.60000000e+00
  9.28070175e-01  4.60000000e+00 -1.02806807e+00  7.22807018e-01
  4.50000000e+00  9.35087719e-01  4.73333333e+00 -4.07421589e-03]",2470.265106678009
0.19169599999999987,[0.15850596],"[ 7.07017544e-01  4.60000000e+00  9.21052632e-01  4.36666667e+00
 -1.72860384e+00  7.15789474e-01  4.60000000e+00  9.28070175e-01
  4.60000000e+00 -1.02806807e+00  7.22807018e-01  4.50000000e+00
  9.35087719e-01  4.73333333e+00 -4.07421589e-03  7.28070175e-01
  4.73333333e+00  9.42105263e-01  4.50000000e+00 -8.41494024e-01]",2470.345082759857
0.18913199999999997,[-0.05264259],"[ 7.15789474e-01  4.60000000e+00  9.28070175e-01  4.60000000e+00
 -1.02806807e+00  7.22807018e-01  4.50000000e+00  9.35087719e-01
  4.73333333e+00 -4.07421589e-03  7.28070175e-01  4.73333333e+00
  9.42105263e-01  4.50000000e+00 -8.41494024e-01  7.35087719e-01
  4.96666667e+00  9.43859649e-01  4.23333333e+00 -1.05264258e+00]",2470.425117969513
0.18148000000000009,[0.13622488],"[ 7.22807018e-01  4.50000000e+00  9.35087719e-01  4.73333333e+00
 -4.07421589e-03  7.28070175e-01  4.73333333e+00  9.42105263e-01
  4.50000000e+00 -8.41494024e-01  7.35087719e-01  4.96666667e+00
  9.43859649e-01  4.23333333e+00 -1.05264258e+00  7.35087719e-01
  4.93333333e+00  9.47368421e-01  4.30000000e+00 -8.63775134e-01]",2470.505189180374
0.18913599999999997,[-0.6311275],"[ 0.72807018  4.73333333  0.94210526  4.5        -0.84149402  0.73508772
  4.96666667  0.94385965  4.23333333 -1.05264258  0.73508772  4.93333333
  0.94736842  4.3        -0.86377513  0.74035088  4.9         0.95438596
  4.33333333 -1.63112748]",2470.585054397583
