reward,action,obs,time
,,"[0.         0.         0.         0.         0.         0.
 0.         0.         0.         0.         0.         0.
 0.         0.         0.         0.02982456 5.46666667 0.24561404
 5.5        0.        ]",1380.054560661316
0.0025280000000000025,[0.83455175],"[ 0.          0.          0.          0.          0.          0.
  0.          0.          0.          0.          0.02982456  5.46666667
  0.24561404  5.5         0.          0.03157895  5.7         0.24561404
  5.4        -0.16544825]",1380.138093471527
8.000000000001062e-06,[-0.98787135],"[ 0.          0.          0.          0.          0.          0.02982456
  5.46666667  0.24561404  5.5         0.          0.03157895  5.7
  0.24561404  5.4        -0.16544825  0.02982456  5.4         0.24385965
  5.53333333 -1.98787141]",1380.1884865760803
0.0025400000000000006,[0.74307984],"[ 0.02982456  5.46666667  0.24561404  5.5         0.          0.03157895
  5.7         0.24561404  5.4        -0.16544825  0.02982456  5.4
  0.24385965  5.53333333 -1.98787141  0.03157895  5.6         0.24561404
  5.43333333 -0.25692016]",1380.2385523319244
0.0025400000000000006,[0.8326777],"[ 0.03157895  5.7         0.24561404  5.4        -0.16544825  0.02982456
  5.4         0.24385965  5.53333333 -1.98787141  0.03157895  5.6
  0.24561404  5.43333333 -0.25692016  0.03157895  5.6         0.24561404
  5.43333333 -0.16732228]",1380.288720369339
-1.6000000000002124e-05,[-0.56117487],"[ 0.02982456  5.4         0.24385965  5.53333333 -1.98787141  0.03157895
  5.6         0.24561404  5.43333333 -0.25692016  0.03157895  5.6
  0.24561404  5.43333333 -0.16732228  0.02982456  5.6         0.24561404
  5.43333333 -1.56117487]",1380.3388259410858
-4.000000000004e-06,[-0.8320205],"[ 0.03157895  5.6         0.24561404  5.43333333 -0.25692016  0.03157895
  5.6         0.24561404  5.43333333 -0.16732228  0.02982456  5.6
  0.24561404  5.43333333 -1.56117487  0.02982456  5.5         0.24561404
  5.53333333 -1.83202052]",1380.3899836540222
0.0051199999999999996,[-0.9919773],"[ 0.03157895  5.6         0.24561404  5.43333333 -0.16732228  0.02982456
  5.6         0.24561404  5.43333333 -1.56117487  0.02982456  5.5
  0.24561404  5.53333333 -1.83202052  0.03333333  5.4         0.24736842
  5.6        -1.99197721]",1380.4396314620972
0.007651999999999999,[0.50820494],"[ 0.02982456  5.6         0.24561404  5.43333333 -1.56117487  0.02982456
  5.5         0.24561404  5.53333333 -1.83202052  0.03333333  5.4
  0.24736842  5.6        -1.99197721  0.03508772  5.6         0.24912281
  5.4        -0.49179506]",1380.488754272461
0.010231999999999998,[0.29377088],"[ 0.02982456  5.5         0.24561404  5.53333333 -1.83202052  0.03333333
  5.4         0.24736842  5.6        -1.99197721  0.03508772  5.6
  0.24912281  5.4        -0.49179506  0.03684211  5.4         0.24736842
  5.56666667 -0.70622909]",1380.5389454364777
0.012808,[-0.10154152],"[ 0.03333333  5.4         0.24736842  5.6        -1.99197721  0.03508772
  5.6         0.24912281  5.4        -0.49179506  0.03684211  5.4
  0.24736842  5.56666667 -0.70622909  0.03859649  5.23333333  0.24912281
  5.73333333 -1.10154152]",1380.6101260185242
0.025564000000000003,[0.03316395],"[ 0.03508772  5.6         0.24912281  5.4        -0.49179506  0.03684211
  5.4         0.24736842  5.56666667 -0.70622909  0.03859649  5.23333333
  0.24912281  5.73333333 -1.10154152  0.04736842  5.43333333  0.25614035
  5.6        -0.96683604]",1380.690148115158
0.035783999999999996,[0.26388213],"[ 0.03684211  5.4         0.24736842  5.56666667 -0.70622909  0.03859649
  5.23333333  0.24912281  5.73333333 -1.10154152  0.04736842  5.43333333
  0.25614035  5.6        -0.96683604  0.05438596  5.46666667  0.26842105
  5.53333333 -0.73611784]",1380.7700877189636
0.05110800000000001,[0.05036688],"[ 0.03859649  5.23333333  0.24912281  5.73333333 -1.10154152  0.04736842
  5.43333333  0.25614035  5.6        -0.96683604  0.05438596  5.46666667
  0.26842105  5.53333333 -0.73611784  0.06491228  5.56666667  0.28070175
  5.46666667 -0.94963312]",1380.8500320911407
0.06644,[-0.35676166],"[ 0.04736842  5.43333333  0.25614035  5.6        -0.96683604  0.05438596
  5.46666667  0.26842105  5.53333333 -0.73611784  0.06491228  5.56666667
  0.28070175  5.46666667 -0.94963312  0.0754386   5.6         0.28947368
  5.43333333 -1.35676169]",1380.930413722992
0.071564,[0.60051054],"[ 0.05438596  5.46666667  0.26842105  5.53333333 -0.73611784  0.06491228
  5.56666667  0.28070175  5.46666667 -0.94963312  0.0754386   5.6
  0.28947368  5.43333333 -1.35676169  0.07894737  5.5         0.29649123
  5.53333333 -0.39948946]",1381.0104005336761
0.07668,[-0.6389547],"[ 0.06491228  5.56666667  0.28070175  5.46666667 -0.94963312  0.0754386
  5.6         0.28947368  5.43333333 -1.35676169  0.07894737  5.5
  0.29649123  5.53333333 -0.39948946  0.08245614  5.46666667  0.3
  5.53333333 -1.63895464]",1381.0909626483917
0.08432400000000002,[0.13736278],"[ 0.0754386   5.6         0.28947368  5.43333333 -1.35676169  0.07894737
  5.5         0.29649123  5.53333333 -0.39948946  0.08245614  5.46666667
  0.3         5.53333333 -1.63895464  0.0877193   5.66666667  0.3
  5.3        -0.86263722]",1381.1700332164764
0.08689200000000001,[0.78267074],"[ 0.07894737  5.5         0.29649123  5.53333333 -0.39948946  0.08245614
  5.46666667  0.3         5.53333333 -1.63895464  0.0877193   5.66666667
  0.3         5.3        -0.86263722  0.08947368  5.56666667  0.30175439
  5.33333333 -0.21732926]",1381.2507178783417
0.0971,[0.5698245],"[ 0.08245614  5.46666667  0.3         5.53333333 -1.63895464  0.0877193
  5.66666667  0.3         5.3        -0.86263722  0.08947368  5.56666667
  0.30175439  5.33333333 -0.21732926  0.09649123  5.7         0.30701754
  5.2        -0.43017548]",1381.3300478458405
0.11241599999999999,[-0.42427647],"[ 0.0877193   5.66666667  0.3         5.3        -0.86263722  0.08947368
  5.56666667  0.30175439  5.33333333 -0.21732926  0.09649123  5.7
  0.30701754  5.2        -0.43017548  0.10701754  5.86666667  0.3122807
  4.9        -1.42427647]",1381.4102187156677
0.115004,[0.66053265],"[ 0.08947368  5.56666667  0.30175439  5.33333333 -0.21732926  0.09649123
  5.7         0.30701754  5.2        -0.43017548  0.10701754  5.86666667
  0.3122807   4.9        -1.42427647  0.11052632  5.83333333  0.31929825
  4.8        -0.33946735]",1381.4901769161224
0.12264800000000001,[-0.0509296],"[ 0.09649123  5.7         0.30701754  5.2        -0.43017548  0.10701754
  5.86666667  0.3122807   4.9        -1.42427647  0.11052632  5.83333333
  0.31929825  4.8        -0.33946735  0.11403509  5.73333333  0.32807018
  4.86666667 -1.05092955]",1381.5710010528564
0.135416,[-0.81228405],"[ 0.10701754  5.86666667  0.3122807   4.9        -1.42427647  0.11052632
  5.83333333  0.31929825  4.8        -0.33946735  0.11403509  5.73333333
  0.32807018  4.86666667 -1.05092955  0.1245614   6.03333333  0.33684211
  4.73333333 -1.81228399]",1381.6508679389954
0.168696,[0.29625276],"[ 0.11052632  5.83333333  0.31929825  4.8        -0.33946735  0.11403509
  5.73333333  0.32807018  4.86666667 -1.05092955  0.1245614   6.03333333
  0.33684211  4.73333333 -1.81228399  0.14736842  5.6         0.34736842
  4.76666667 -0.70374727]",1381.730045080185
0.176384,[0.77846265],"[ 0.11403509  5.73333333  0.32807018  4.86666667 -1.05092955  0.1245614
  6.03333333  0.33684211  4.73333333 -1.81228399  0.14736842  5.6
  0.34736842  4.76666667 -0.70374727  0.15087719  5.43333333  0.35789474
  4.93333333 -0.22153735]",1381.810328245163
0.186576,[0.31923535],"[ 0.1245614   6.03333333  0.33684211  4.73333333 -1.81228399  0.14736842
  5.6         0.34736842  4.76666667 -0.70374727  0.15087719  5.43333333
  0.35789474  4.93333333 -0.22153735  0.15789474  5.6         0.36491228
  4.66666667 -0.68076468]",1381.8975338935852
0.196776,[0.20062234],"[ 0.14736842  5.6         0.34736842  4.76666667 -0.70374727  0.15087719
  5.43333333  0.35789474  4.93333333 -0.22153735  0.15789474  5.6
  0.36491228  4.66666667 -0.68076468  0.16842105  5.7         0.36666667
  4.26666667 -0.79937768]",1381.9705791473389
0.20191999999999996,[0.1716066],"[ 0.15087719  5.43333333  0.35789474  4.93333333 -0.22153735  0.15789474
  5.6         0.36491228  4.66666667 -0.68076468  0.16842105  5.7
  0.36666667  4.26666667 -0.79937768  0.17368421  5.63333333  0.37017544
  4.1        -0.8283934 ]",1382.0500371456146
0.21212,[-0.46712464],"[ 0.15789474  5.6         0.36491228  4.66666667 -0.68076468  0.16842105
  5.7         0.36666667  4.26666667 -0.79937768  0.17368421  5.63333333
  0.37017544  4.1        -0.8283934   0.18245614  5.63333333  0.37368421
  3.93333333 -1.4671247 ]",1382.1369185447693
0.21723999999999996,[-0.78909135],"[ 0.16842105  5.7         0.36666667  4.26666667 -0.79937768  0.17368421
  5.63333333  0.37017544  4.1        -0.8283934   0.18245614  5.63333333
  0.37368421  3.93333333 -1.4671247   0.1877193   5.4         0.38421053
  3.8        -1.78909135]",1382.212330341339
0.21474800000000002,[0.35939518],"[ 0.17368421  5.63333333  0.37017544  4.1        -0.8283934   0.18245614
  5.63333333  0.37368421  3.93333333 -1.4671247   0.1877193   5.4
  0.38421053  3.8        -1.78909135  0.19473684  5.06666667  0.39824561
  3.86666667 -0.64060485]",1382.2910313606262
0.21731599999999998,[0.5074481],"[ 0.18245614  5.63333333  0.37368421  3.93333333 -1.4671247   0.1877193
  5.4         0.38421053  3.8        -1.78909135  0.19473684  5.06666667
  0.39824561  3.86666667 -0.64060485  0.20350877  5.          0.40877193
  3.86666667 -0.49255192]",1382.3872663974762
0.222416,[0.9499306],"[ 0.1877193   5.4         0.38421053  3.8        -1.78909135  0.19473684
  5.06666667  0.39824561  3.86666667 -0.64060485  0.20350877  5.
  0.40877193  3.86666667 -0.49255192  0.21754386  5.2         0.41403509
  3.66666667 -0.05006939]",1382.4512462615967
0.219836,[-0.46914458],"[ 0.19473684  5.06666667  0.39824561  3.86666667 -0.64060485  0.20350877
  5.          0.40877193  3.86666667 -0.49255192  0.21754386  5.2
  0.41403509  3.66666667 -0.05006939  0.22631579  5.43333333  0.41578947
  3.63333333 -1.46914458]",1382.5300409793854
0.22237199999999993,[0.8989105],"[ 0.20350877  5.          0.40877193  3.86666667 -0.49255192  0.21754386
  5.2         0.41403509  3.66666667 -0.05006939  0.22631579  5.43333333
  0.41578947  3.63333333 -1.46914458  0.23157895  5.5         0.41929825
  3.66666667 -0.10108948]",1382.6100888252258
0.21726799999999996,[-0.3855612],"[ 0.21754386  5.2         0.41403509  3.66666667 -0.05006939  0.22631579
  5.43333333  0.41578947  3.63333333 -1.46914458  0.23157895  5.5
  0.41929825  3.66666667 -0.10108948  0.23157895  5.4         0.42280702
  3.73333333 -1.38556123]",1382.690195798874
0.21727999999999997,[-0.6610862],"[ 0.22631579  5.43333333  0.41578947  3.63333333 -1.46914458  0.23157895
  5.5         0.41929825  3.66666667 -0.10108948  0.23157895  5.4
  0.42280702  3.73333333 -1.38556123  0.23684211  5.5         0.42807018
  3.76666667 -1.6610862 ]",1382.7763378620148
0.21472799999999995,[-0.8158113],"[ 0.23157895  5.5         0.41929825  3.66666667 -0.10108948  0.23157895
  5.4         0.42280702  3.73333333 -1.38556123  0.23684211  5.5
  0.42807018  3.76666667 -1.6610862   0.23684211  5.36666667  0.43684211
  4.03333333 -1.81581128]",1382.8505284786224
0.207104,[-0.6399833],"[ 0.23157895  5.4         0.42280702  3.73333333 -1.38556123  0.23684211
  5.5         0.42807018  3.76666667 -1.6610862   0.23684211  5.36666667
  0.43684211  4.03333333 -1.81581128  0.23859649  5.13333333  0.44912281
  4.43333333 -1.6399833 ]",1382.9301710128784
0.202032,[-0.38048777],"[ 0.23684211  5.5         0.42807018  3.76666667 -1.6610862   0.23684211
  5.36666667  0.43684211  4.03333333 -1.81581128  0.23859649  5.13333333
  0.44912281  4.43333333 -1.6399833   0.24561404  4.96666667  0.45964912
  4.53333333 -1.3804878 ]",1383.0164070129395
0.209708,[0.5382021],"[ 0.23684211  5.36666667  0.43684211  4.03333333 -1.81581128  0.23859649
  5.13333333  0.44912281  4.43333333 -1.6399833   0.24561404  4.96666667
  0.45964912  4.53333333 -1.3804878   0.25438596  4.86666667  0.46842105
  4.56666667 -0.46179789]",1383.0901083946228
0.21223600000000004,[-0.5617241],"[ 0.23859649  5.13333333  0.44912281  4.43333333 -1.6399833   0.24561404
  4.96666667  0.45964912  4.53333333 -1.3804878   0.25438596  4.86666667
  0.46842105  4.56666667 -0.46179789  0.25964912  5.          0.47368421
  4.56666667 -1.56172419]",1383.1796443462372
0.20202400000000004,[0.42938986],"[ 0.24561404  4.96666667  0.45964912  4.53333333 -1.3804878   0.25438596
  4.86666667  0.46842105  4.56666667 -0.46179789  0.25964912  5.
  0.47368421  4.56666667 -1.56172419  0.26315789  5.2         0.47368421
  4.46666667 -0.57061017]",1383.253880739212
0.168748,[-0.4321374],"[ 0.25438596  4.86666667  0.46842105  4.56666667 -0.46179789  0.25964912
  5.          0.47368421  4.56666667 -1.56172419  0.26315789  5.2
  0.47368421  4.46666667 -0.57061017  0.26315789  5.16666667  0.47368421
  4.56666667 -1.43213737]",1383.3361911773682
0.168716,[0.17301825],"[ 0.25964912  5.          0.47368421  4.56666667 -1.56172419  0.26315789
  5.2         0.47368421  4.46666667 -0.57061017  0.26315789  5.16666667
  0.47368421  4.56666667 -1.43213737  0.26666667  5.26666667  0.47719298
  4.56666667 -0.82698178]",1383.4166622161865
0.16617600000000002,[-0.16239992],"[ 0.26315789  5.2         0.47368421  4.46666667 -0.57061017  0.26315789
  5.16666667  0.47368421  4.56666667 -1.43213737  0.26666667  5.26666667
  0.47719298  4.56666667 -0.82698178  0.27192982  5.3         0.48245614
  4.7        -1.16239989]",1383.4900090694427
0.16362400000000002,[-0.93585396],"[ 0.26315789  5.16666667  0.47368421  4.56666667 -1.43213737  0.26666667
  5.26666667  0.47719298  4.56666667 -0.82698178  0.27192982  5.3
  0.48245614  4.7        -1.16239989  0.28070175  5.36666667  0.49122807
  4.7        -1.93585396]",1383.5702271461487
0.16618399999999997,[0.75240546],"[ 0.26666667  5.26666667  0.47719298  4.56666667 -0.82698178  0.27192982
  5.3         0.48245614  4.7        -1.16239989  0.28070175  5.36666667
  0.49122807  4.7        -1.93585396  0.2877193   5.26666667  0.50175439
  4.86666667 -0.24759454]",1383.6500282287598
0.16110000000000005,[-0.05293983],"[ 0.27192982  5.3         0.48245614  4.7        -1.16239989  0.28070175
  5.36666667  0.49122807  4.7        -1.93585396  0.2877193   5.26666667
  0.50175439  4.86666667 -0.24759454  0.29298246  5.03333333  0.50701754
  5.         -1.05293977]",1383.7360444068909
0.16106400000000004,[-0.28329152],"[ 0.28070175  5.36666667  0.49122807  4.7        -1.93585396  0.2877193
  5.26666667  0.50175439  4.86666667 -0.24759454  0.29298246  5.03333333
  0.50701754  5.         -1.05293977  0.29824561  5.1         0.51403509
  4.8        -1.28329158]",1383.811571598053
0.158468,[0.5163964],"[ 0.2877193   5.26666667  0.50175439  4.86666667 -0.24759454  0.29298246
  5.03333333  0.50701754  5.         -1.05293977  0.29824561  5.1
  0.51403509  4.8        -1.28329158  0.30350877  5.1         0.51754386
  4.73333333 -0.4836036 ]",1383.8911983966827
0.15334000000000003,[0.15570398],"[ 0.29298246  5.03333333  0.50701754  5.         -1.05293977  0.29824561
  5.1         0.51403509  4.8        -1.28329158  0.30350877  5.1
  0.51754386  4.73333333 -0.4836036   0.30877193  5.16666667  0.52105263
  4.73333333 -0.84429604]",1383.9702773094177
0.14056800000000003,[-0.72602904],"[ 0.29824561  5.1         0.51403509  4.8        -1.28329158  0.30350877
  5.1         0.51754386  4.73333333 -0.4836036   0.30877193  5.16666667
  0.52105263  4.73333333 -0.84429604  0.31403509  5.3         0.52280702
  4.53333333 -1.72602904]",1384.052657842636
0.132944,[-0.3260251],"[ 0.30350877  5.1         0.51754386  4.73333333 -0.4836036   0.30877193
  5.16666667  0.52105263  4.73333333 -0.84429604  0.31403509  5.3
  0.52280702  4.53333333 -1.72602904  0.31754386  5.16666667  0.52631579
  4.5        -1.32602513]",1384.1360998153687
0.13298000000000004,[0.8318536],"[ 0.30877193  5.16666667  0.52105263  4.73333333 -0.84429604  0.31403509
  5.3         0.52280702  4.53333333 -1.72602904  0.31754386  5.16666667
  0.52631579  4.5        -1.32602513  0.32280702  4.93333333  0.53508772
  4.66666667 -0.16814637]",1384.216403245926
0.14573200000000003,[0.15227982],"[ 0.31403509  5.3         0.52280702  4.53333333 -1.72602904  0.31754386
  5.16666667  0.52631579  4.5        -1.32602513  0.32280702  4.93333333
  0.53508772  4.66666667 -0.16814637  0.33157895  5.06666667  0.54385965
  4.56666667 -0.84772015]",1384.2902011871338
0.15593600000000002,[-0.41360095],"[ 0.31754386  5.16666667  0.52631579  4.5        -1.32602513  0.32280702
  4.93333333  0.53508772  4.66666667 -0.16814637  0.33157895  5.06666667
  0.54385965  4.56666667 -0.84772015  0.34385965  5.33333333  0.55087719
  4.36666667 -1.41360092]",1384.3727958202362
0.16360000000000002,[0.94719005],"[ 0.32280702  4.93333333  0.53508772  4.66666667 -0.16814637  0.33157895
  5.06666667  0.54385965  4.56666667 -0.84772015  0.34385965  5.33333333
  0.55087719  4.36666667 -1.41360092  0.34912281  5.23333333  0.55789474
  4.46666667 -0.05280995]",1384.4562106132507
0.16870000000000007,[0.10011493],"[ 0.33157895  5.06666667  0.54385965  4.56666667 -0.84772015  0.34385965
  5.33333333  0.55087719  4.36666667 -1.41360092  0.34912281  5.23333333
  0.55789474  4.46666667 -0.05280995  0.35438596  5.1         0.56491228
  4.5        -0.89988506]",1384.5350849628448
0.17122400000000004,[-0.14359713],"[ 0.34385965  5.33333333  0.55087719  4.36666667 -1.41360092  0.34912281
  5.23333333  0.55789474  4.46666667 -0.05280995  0.35438596  5.1
  0.56491228  4.5        -0.89988506  0.36315789  5.2         0.57017544
  4.2        -1.14359713]",1384.6178562641144
0.16866799999999998,[0.78995866],"[ 0.34912281  5.23333333  0.55789474  4.46666667 -0.05280995  0.35438596
  5.1         0.56491228  4.5        -0.89988506  0.36315789  5.2
  0.57017544  4.2        -1.14359713  0.37017544  5.1         0.57719298
  4.13333333 -0.21004134]",1384.6901593208313
0.17379199999999995,[-0.2640797],"[ 0.35438596  5.1         0.56491228  4.5        -0.89988506  0.36315789
  5.2         0.57017544  4.2        -1.14359713  0.37017544  5.1
  0.57719298  4.13333333 -0.21004134  0.37894737  5.13333333  0.58596491
  4.1        -1.26407969]",1384.7800703048706
0.18402799999999997,[-0.07752818],"[ 0.36315789  5.2         0.57017544  4.2        -1.14359713  0.37017544
  5.1         0.57719298  4.13333333 -0.21004134  0.37894737  5.13333333
  0.58596491  4.1        -1.26407969  0.38947368  5.23333333  0.5877193
  3.83333333 -1.07752824]",1384.850618839264
0.18916,[0.64628524],"[ 0.37017544  5.1         0.57719298  4.13333333 -0.21004134  0.37894737
  5.13333333  0.58596491  4.1        -1.26407969  0.38947368  5.23333333
  0.5877193   3.83333333 -1.07752824  0.39298246  5.03333333  0.59473684
  3.73333333 -0.35371476]",1384.9300441741943
0.194284,[0.9213353],"[ 0.37894737  5.13333333  0.58596491  4.1        -1.26407969  0.38947368
  5.23333333  0.5877193   3.83333333 -1.07752824  0.39298246  5.03333333
  0.59473684  3.73333333 -0.35371476  0.4         5.03333333  0.60175439
  3.7        -0.07866472]",1385.016248703003
0.204472,[0.75720066],"[ 0.38947368  5.23333333  0.5877193   3.83333333 -1.07752824  0.39298246
  5.03333333  0.59473684  3.73333333 -0.35371476  0.4         5.03333333
  0.60175439  3.7        -0.07866472  0.4122807   5.36666667  0.60526316
  3.7        -0.24279934]",1385.0960793495178
0.19935599999999998,[-0.8665667],"[ 0.39298246  5.03333333  0.59473684  3.73333333 -0.35371476  0.4
  5.03333333  0.60175439  3.7        -0.07866472  0.4122807   5.36666667
  0.60526316  3.7        -0.24279934  0.41754386  5.46666667  0.60877193
  3.7        -1.86656666]",1385.1758568286896
0.19168000000000002,[0.5575194],"[ 0.4         5.03333333  0.60175439  3.7        -0.07866472  0.4122807
  5.36666667  0.60526316  3.7        -0.24279934  0.41754386  5.46666667
  0.60877193  3.7        -1.86656666  0.41929825  5.43333333  0.6122807
  3.76666667 -0.44248062]",1385.2548451423645
0.183992,[-0.63187844],"[ 0.4122807   5.36666667  0.60526316  3.7        -0.24279934  0.41754386
  5.46666667  0.60877193  3.7        -1.86656666  0.41929825  5.43333333
  0.6122807   3.76666667 -0.44248062  0.41929825  5.36666667  0.61929825
  3.96666667 -1.63187838]",1385.3369390964508
0.183992,[-0.8561407],"[ 0.41754386  5.46666667  0.60877193  3.7        -1.86656666  0.41929825
  5.43333333  0.6122807   3.76666667 -0.44248062  0.41929825  5.36666667
  0.61929825  3.96666667 -1.63187838  0.4245614   5.43333333  0.62280702
  4.         -1.85614061]",1385.4100556373596
0.17634,[-0.64489496],"[ 0.41929825  5.43333333  0.6122807   3.76666667 -0.44248062  0.41929825
  5.36666667  0.61929825  3.96666667 -1.63187838  0.4245614   5.43333333
  0.62280702  4.         -1.85614061  0.4245614   5.3         0.63157895
  4.26666667 -1.64489496]",1385.4962439537048
0.17382000000000003,[-0.69519013],"[ 0.41929825  5.36666667  0.61929825  3.96666667 -1.63187838  0.4245614
  5.43333333  0.62280702  4.         -1.85614061  0.4245614   5.3
  0.63157895  4.26666667 -1.64489496  0.42807018  5.06666667  0.63859649
  4.53333333 -1.69519019]",1385.5700449943542
0.17384799999999995,[0.9082274],"[ 0.4245614   5.43333333  0.62280702  4.         -1.85614061  0.4245614
  5.3         0.63157895  4.26666667 -1.64489496  0.42807018  5.06666667
  0.63859649  4.53333333 -1.69519019  0.43333333  4.96666667  0.64561404
  4.6        -0.09177262]",1385.6500656604767
0.176396,[0.55993325],"[ 0.4245614   5.3         0.63157895  4.26666667 -1.64489496  0.42807018
  5.06666667  0.63859649  4.53333333 -1.69519019  0.43333333  4.96666667
  0.64561404  4.6        -0.09177262  0.43859649  4.9         0.65087719
  4.6        -0.44006675]",1385.7305226325989
0.17633599999999994,[-0.19250692],"[ 0.42807018  5.06666667  0.63859649  4.53333333 -1.69519019  0.43333333
  4.96666667  0.64561404  4.6        -0.09177262  0.43859649  4.9
  0.65087719  4.6        -0.44006675  0.44385965  5.16666667  0.65438596
  4.4        -1.19250691]",1385.8102929592133
0.16866400000000004,[0.02733206],"[ 0.43333333  4.96666667  0.64561404  4.6        -0.09177262  0.43859649
  4.9         0.65087719  4.6        -0.44006675  0.44385965  5.16666667
  0.65438596  4.4        -1.19250691  0.44736842  5.33333333  0.65438596
  4.33333333 -0.97266793]",1385.8900980949402
0.15336399999999994,[-0.26255235],"[ 0.43859649  4.9         0.65087719  4.6        -0.44006675  0.44385965
  5.16666667  0.65438596  4.4        -1.19250691  0.44736842  5.33333333
  0.65438596  4.33333333 -0.97266793  0.44912281  5.3         0.65614035
  4.46666667 -1.26255238]",1385.9748685359955
0.15591199999999994,[0.7476539],"[ 0.44385965  5.16666667  0.65438596  4.4        -1.19250691  0.44736842
  5.33333333  0.65438596  4.33333333 -0.97266793  0.44912281  5.3
  0.65614035  4.46666667 -1.26255238  0.45614035  5.26666667  0.66315789
  4.46666667 -0.2523461 ]",1386.0540988445282
0.16099999999999992,[-0.35691735],"[ 0.44736842  5.33333333  0.65438596  4.33333333 -0.97266793  0.44912281
  5.3         0.65614035  4.46666667 -1.26255238  0.45614035  5.26666667
  0.66315789  4.46666667 -0.2523461   0.46491228  5.33333333  0.67192982
  4.46666667 -1.35691738]",1386.134070634842
0.16609999999999991,[0.86385196],"[ 0.44912281  5.3         0.65614035  4.46666667 -1.26255238  0.45614035
  5.26666667  0.66315789  4.46666667 -0.2523461   0.46491228  5.33333333
  0.67192982  4.46666667 -1.35691738  0.47719298  5.53333333  0.67894737
  4.26666667 -0.13614804]",1386.2140500545502
0.16098400000000002,[-0.77138793],"[ 0.45614035  5.26666667  0.66315789  4.46666667 -0.2523461   0.46491228
  5.33333333  0.67192982  4.46666667 -1.35691738  0.47719298  5.53333333
  0.67894737  4.26666667 -0.13614804  0.48070175  5.46666667  0.68421053
  4.26666667 -1.77138793]",1386.2940623760223
0.15588000000000002,[0.45536646],"[ 0.46491228  5.33333333  0.67192982  4.46666667 -1.35691738  0.47719298
  5.53333333  0.67894737  4.26666667 -0.13614804  0.48070175  5.46666667
  0.68421053  4.26666667 -1.77138793  0.48596491  5.43333333  0.6877193
  4.06666667 -0.54463351]",1386.3740129470825
0.14824000000000004,[-0.0500046],"[ 0.47719298  5.53333333  0.67894737  4.26666667 -0.13614804  0.48070175
  5.46666667  0.68421053  4.26666667 -1.77138793  0.48596491  5.43333333
  0.6877193   4.06666667 -0.54463351  0.49122807  5.3         0.69298246
  4.         -1.0500046 ]",1386.4540367126465
0.15077200000000002,[-0.10028522],"[ 0.48070175  5.46666667  0.68421053  4.26666667 -1.77138793  0.48596491
  5.43333333  0.6877193   4.06666667 -0.54463351  0.49122807  5.3
  0.69298246  4.         -1.0500046   0.49649123  5.3         0.69649123
  3.9        -1.10028517]",1386.5342128276825
0.14566400000000002,[-0.46472275],"[ 0.48596491  5.43333333  0.6877193   4.06666667 -0.54463351  0.49122807
  5.3         0.69298246  4.         -1.0500046   0.49649123  5.3
  0.69649123  3.9        -1.10028517  0.5         5.26666667  0.70175439
  3.93333333 -1.46472275]",1386.616081237793
0.13038800000000006,[0.47426438],"[ 0.49122807  5.3         0.69298246  4.         -1.0500046   0.49649123
  5.3         0.69649123  3.9        -1.10028517  0.5         5.26666667
  0.70175439  3.93333333 -1.46472275  0.50175439  5.1         0.70526316
  3.9        -0.52573562]",1386.694124698639
0.12785999999999997,[0.7827209],"[ 0.49649123  5.3         0.69649123  3.9        -1.10028517  0.5
  5.26666667  0.70175439  3.93333333 -1.46472275  0.50175439  5.1
  0.70526316  3.9        -0.52573562  0.50526316  4.96666667  0.71052632
  3.8        -0.21727908]",1386.774113893509
0.14059600000000005,[0.94930786],"[ 0.5         5.26666667  0.70175439  3.93333333 -1.46472275  0.50175439
  5.1         0.70526316  3.9        -0.52573562  0.50526316  4.96666667
  0.71052632  3.8        -0.21727908  0.51578947  5.3         0.7122807
  3.73333333 -0.05069214]",1386.8540868759155
0.15333200000000002,[-0.34370062],"[ 0.50175439  5.1         0.70526316  3.9        -0.52573562  0.50526316
  4.96666667  0.71052632  3.8        -0.21727908  0.51578947  5.3
  0.7122807   3.73333333 -0.05069214  0.5245614   5.6         0.71403509
  3.76666667 -1.34370065]",1386.9341478347778
0.14566400000000002,[0.8942646],"[ 0.50526316  4.96666667  0.71052632  3.8        -0.21727908  0.51578947
  5.3         0.7122807   3.73333333 -0.05069214  0.5245614   5.6
  0.71403509  3.76666667 -1.34370065  0.5245614   5.66666667  0.71403509
  3.8        -0.10573542]",1387.0223021507263
0.145652,[-0.26217073],"[ 0.51578947  5.3         0.7122807   3.73333333 -0.05069214  0.5245614
  5.6         0.71403509  3.76666667 -1.34370065  0.5245614   5.66666667
  0.71403509  3.8        -0.10573542  0.5245614   5.63333333  0.71754386
  3.9        -1.26217079]",1387.1000595092773
0.14561599999999997,[0.5857235],"[ 0.5245614   5.6         0.71403509  3.76666667 -1.34370065  0.5245614
  5.66666667  0.71403509  3.8        -0.10573542  0.5245614   5.63333333
  0.71754386  3.9        -1.26217079  0.52807018  5.7         0.71929825
  3.9        -0.41427648]",1387.1778032779694
0.14049200000000006,[-0.7665821],"[ 0.5245614   5.66666667  0.71403509  3.8        -0.10573542  0.5245614
  5.63333333  0.71754386  3.9        -1.26217079  0.52807018  5.7
  0.71929825  3.9        -0.41427648  0.52982456  5.7         0.7245614
  4.         -1.76658201]",1387.2600519657135
0.14048000000000005,[-0.8049938],"[ 0.5245614   5.63333333  0.71754386  3.9        -1.26217079  0.52807018
  5.7         0.71929825  3.9        -0.41427648  0.52982456  5.7
  0.7245614   4.         -1.76658201  0.53508772  5.73333333  0.72807018
  3.96666667 -1.80499387]",1387.3410203456879
0.13032,[-0.24640143],"[ 0.52807018  5.7         0.71929825  3.9        -0.41427648  0.52982456
  5.7         0.7245614   4.         -1.76658201  0.53508772  5.73333333
  0.72807018  3.96666667 -1.80499387  0.53333333  5.46666667  0.73508772
  4.13333333 -1.24640143]",1387.4202468395233
0.12781599999999993,[-0.11635923],"[ 0.52982456  5.7         0.7245614   4.         -1.76658201  0.53508772
  5.73333333  0.72807018  3.96666667 -1.80499387  0.53333333  5.46666667
  0.73508772  4.13333333 -1.24640143  0.53508772  5.2         0.74210526
  4.3        -1.11635923]",1387.5005300045013
0.13547200000000004,[-0.60801464],"[ 0.53508772  5.73333333  0.72807018  3.96666667 -1.80499387  0.53333333
  5.46666667  0.73508772  4.13333333 -1.24640143  0.53508772  5.2
  0.74210526  4.3        -1.11635923  0.54210526  5.26666667  0.74736842
  4.2        -1.60801458]",1387.5740909576416
0.13035200000000002,[0.35181403],"[ 0.53333333  5.46666667  0.73508772  4.13333333 -1.24640143  0.53508772
  5.2         0.74210526  4.3        -1.11635923  0.54210526  5.26666667
  0.74736842  4.2        -1.60801458  0.54561404  5.3         0.75087719
  4.3        -0.64818597]",1387.6637389659882
0.12013600000000002,[0.75786394],"[ 0.53508772  5.2         0.74210526  4.3        -1.11635923  0.54210526
  5.26666667  0.74736842  4.2        -1.60801458  0.54561404  5.3
  0.75087719  4.3        -0.64818597  0.54736842  5.3         0.75614035
  4.43333333 -0.24213606]",1387.7402408123016
0.11757600000000001,[-0.48698285],"[ 0.54210526  5.26666667  0.74736842  4.2        -1.60801458  0.54561404
  5.3         0.75087719  4.3        -0.64818597  0.54736842  5.3
  0.75614035  4.43333333 -0.24213606  0.55789474  5.53333333  0.75964912
  4.16666667 -1.48698282]",1387.8205163478851
0.125224,[-0.74232584],"[ 0.54561404  5.3         0.75087719  4.3        -0.64818597  0.54736842
  5.3         0.75614035  4.43333333 -0.24213606  0.55789474  5.53333333
  0.75964912  4.16666667 -1.48698282  0.56666667  5.63333333  0.75964912
  3.93333333 -1.74232578]",1387.9019329547882
0.12012800000000001,[-0.53157485],"[ 0.54736842  5.3         0.75614035  4.43333333 -0.24213606  0.55789474
  5.53333333  0.75964912  4.16666667 -1.48698282  0.56666667  5.63333333
  0.75964912  3.93333333 -1.74232578  0.56842105  5.46666667  0.76842105
  4.06666667 -1.53157485]",1387.9816980361938
0.11502800000000002,[0.5875717],"[ 0.55789474  5.53333333  0.75964912  4.16666667 -1.48698282  0.56666667
  5.63333333  0.75964912  3.93333333 -1.74232578  0.56842105  5.46666667
  0.76842105  4.06666667 -1.53157485  0.57017544  5.23333333  0.77719298
  4.2        -0.41242832]",1388.0605483055115
0.12015199999999993,[0.6805639],"[ 0.56666667  5.63333333  0.75964912  3.93333333 -1.74232578  0.56842105
  5.46666667  0.76842105  4.06666667 -1.53157485  0.57017544  5.23333333
  0.77719298  4.2        -0.41242832  0.57894737  5.13333333  0.78596491
  4.1        -0.31943607]",1388.1341693401337
0.13546399999999992,[-0.9171879],"[ 0.56842105  5.46666667  0.76842105  4.06666667 -1.53157485  0.57017544
  5.23333333  0.77719298  4.2        -0.41242832  0.57894737  5.13333333
  0.78596491  4.1        -0.31943607  0.59298246  5.3         0.79122807
  3.83333333 -1.91718793]",1388.21404671669
0.1405479999999999,[-0.18811096],"[ 0.57017544  5.23333333  0.77719298  4.2        -0.41242832  0.57894737
  5.13333333  0.78596491  4.1        -0.31943607  0.59298246  5.3
  0.79122807  3.83333333 -1.91718793  0.59824561  5.36666667  0.79649123
  3.9        -1.18811095]",1388.2949171066284
0.135448,[0.5013929],"[ 0.57894737  5.13333333  0.78596491  4.1        -0.31943607  0.59298246
  5.3         0.79122807  3.83333333 -1.91718793  0.59824561  5.36666667
  0.79649123  3.9        -1.18811095  0.59824561  5.13333333  0.80350877
  4.06666667 -0.4986071 ]",1388.3740735054016
0.12783199999999995,[-0.30361894],"[ 0.59298246  5.3         0.79122807  3.83333333 -1.91718793  0.59824561
  5.36666667  0.79649123  3.9        -1.18811095  0.59824561  5.13333333
  0.80350877  4.06666667 -0.4986071   0.60350877  5.03333333  0.81052632
  3.93333333 -1.30361891]",1388.4540317058563
0.13295999999999997,[0.21954706],"[ 0.59824561  5.36666667  0.79649123  3.9        -1.18811095  0.59824561
  5.13333333  0.80350877  4.06666667 -0.4986071   0.60350877  5.03333333
  0.81052632  3.93333333 -1.30361891  0.61578947  5.2         0.81578947
  3.83333333 -0.78045297]",1388.541606426239
0.13808399999999998,[-0.86546165],"[ 0.59824561  5.13333333  0.80350877  4.06666667 -0.4986071   0.60350877
  5.03333333  0.81052632  3.93333333 -1.30361891  0.61578947  5.2
  0.81578947  3.83333333 -0.78045297  0.61929825  5.16666667  0.8245614
  4.03333333 -1.86546159]",1388.6141662597656
0.14319199999999999,[-0.5246323],"[ 0.60350877  5.03333333  0.81052632  3.93333333 -1.30361891  0.61578947
  5.2         0.81578947  3.83333333 -0.78045297  0.61929825  5.16666667
  0.8245614   4.03333333 -1.86546159  0.62280702  5.16666667  0.82807018
  4.03333333 -1.52463222]",1388.6940913200378
0.14323200000000003,[0.1956196],"[ 0.61578947  5.2         0.81578947  3.83333333 -0.78045297  0.61929825
  5.16666667  0.8245614   4.03333333 -1.86546159  0.62280702  5.16666667
  0.82807018  4.03333333 -1.52463222  0.62631579  4.9         0.83508772
  4.13333333 -0.80438042]",1388.7743096351624
0.15090399999999993,[-0.1580434],"[ 0.61929825  5.16666667  0.8245614   4.03333333 -1.86546159  0.62280702
  5.16666667  0.82807018  4.03333333 -1.52463222  0.62631579  4.9
  0.83508772  4.13333333 -0.80438042  0.63333333  4.86666667  0.84385965
  4.16666667 -1.15804338]",1388.8544189929962
0.15855200000000003,[0.42299974],"[ 0.62280702  5.16666667  0.82807018  4.03333333 -1.52463222  0.62631579
  4.9         0.83508772  4.13333333 -0.80438042  0.63333333  4.86666667
  0.84385965  4.16666667 -1.15804338  0.64385965  5.06666667  0.85087719
  4.1        -0.57700026]",1388.9413528442383
0.168744,[0.5766164],"[ 0.62631579  4.9         0.83508772  4.13333333 -0.80438042  0.63333333
  4.86666667  0.84385965  4.16666667 -1.15804338  0.64385965  5.06666667
  0.85087719  4.1        -0.57700026  0.64912281  5.06666667  0.85614035
  4.06666667 -0.42338359]",1389.0145559310913
0.17381199999999997,[-0.983378],"[ 0.63333333  4.86666667  0.84385965  4.16666667 -1.15804338  0.64385965
  5.06666667  0.85087719  4.1        -0.57700026  0.64912281  5.06666667
  0.85614035  4.06666667 -0.42338359  0.65438596  5.16666667  0.85614035
  3.83333333 -1.98337793]",1389.0950591564178
0.16614799999999996,[-0.97664905],"[ 0.64385965  5.06666667  0.85087719  4.1        -0.57700026  0.64912281
  5.06666667  0.85614035  4.06666667 -0.42338359  0.65438596  5.16666667
  0.85614035  3.83333333 -1.98337793  0.65614035  5.2         0.85964912
  3.93333333 -1.97664905]",1389.1741921901703
0.161068,[-0.9611378],"[ 0.64912281  5.06666667  0.85614035  4.06666667 -0.42338359  0.65438596
  5.16666667  0.85614035  3.83333333 -1.98337793  0.65614035  5.2
  0.85964912  3.93333333 -1.97664905  0.65614035  4.96666667  0.86666667
  4.3        -1.96113777]",1389.2599835395813
0.16620400000000002,[-0.45389086],"[ 0.65438596  5.16666667  0.85614035  3.83333333 -1.98337793  0.65614035
  5.2         0.85964912  3.93333333 -1.97664905  0.65614035  4.96666667
  0.86666667  4.3        -1.96113777  0.66140351  4.76666667  0.8754386
  4.66666667 -1.4538908 ]",1389.341790676117
0.15856800000000004,[0.57067746],"[ 0.65614035  5.2         0.85964912  3.93333333 -1.97664905  0.65614035
  4.96666667  0.86666667  4.3        -1.96113777  0.66140351  4.76666667
  0.8754386   4.66666667 -1.4538908   0.66666667  4.73333333  0.87894737
  4.8        -0.42932254]",1389.4142940044403
0.15601600000000004,[0.925309],"[ 0.65614035  4.96666667  0.86666667  4.3        -1.96113777  0.66140351
  4.76666667  0.8754386   4.66666667 -1.4538908   0.66666667  4.73333333
  0.87894737  4.8        -0.42932254  0.67368421  4.8         0.88596491
  4.8        -0.074691  ]",1389.5000224113464
0.163644,[0.2802616],"[ 0.66140351  4.76666667  0.8754386   4.66666667 -1.4538908   0.66666667
  4.73333333  0.87894737  4.8        -0.42932254  0.67368421  4.8
  0.88596491  4.8        -0.074691    0.68070175  4.96666667  0.89122807
  4.56666667 -0.71973836]",1389.58039188385
0.16871599999999998,[-0.4742128],"[ 0.66666667  4.73333333  0.87894737  4.8        -0.42932254  0.67368421
  4.8         0.88596491  4.8        -0.074691    0.68070175  4.96666667
  0.89122807  4.56666667 -0.71973836  0.68596491  5.06666667  0.89473684
  4.3        -1.47421277]",1389.6548733711243
0.15848800000000007,[0.43752813],"[ 0.67368421  4.8         0.88596491  4.8        -0.074691    0.68070175
  4.96666667  0.89122807  4.56666667 -0.71973836  0.68596491  5.06666667
  0.89473684  4.3        -1.47421277  0.6877193   5.          0.89824561
  4.33333333 -0.56247187]",1389.7344467639923
0.14318000000000008,[0.6990395],"[ 0.68070175  4.96666667  0.89122807  4.56666667 -0.71973836  0.68596491
  5.06666667  0.89473684  4.3        -1.47421277  0.6877193   5.
  0.89824561  4.33333333 -0.56247187  0.69122807  4.93333333  0.90350877
  4.53333333 -0.30096048]",1389.8199665546417
0.15082400000000007,[0.37983072],"[ 0.68596491  5.06666667  0.89473684  4.3        -1.47421277  0.6877193
  5.          0.89824561  4.33333333 -0.56247187  0.69122807  4.93333333
  0.90350877  4.53333333 -0.30096048  0.70175439  5.2         0.91052632
  4.33333333 -0.62016928]",1389.9005815982819
0.16867599999999994,[-0.18690422],"[ 0.6877193   5.          0.89824561  4.33333333 -0.56247187  0.69122807
  4.93333333  0.90350877  4.53333333 -0.30096048  0.70175439  5.2
  0.91052632  4.33333333 -0.62016928  0.71403509  5.3         0.91754386
  4.13333333 -1.18690419]",1389.9763388633728
0.16866800000000004,[0.04929176],"[ 0.69122807  4.93333333  0.90350877  4.53333333 -0.30096048  0.70175439
  5.2         0.91052632  4.33333333 -0.62016928  0.71403509  5.3
  0.91754386  4.13333333 -1.18690419  0.71929825  5.26666667  0.9245614
  4.16666667 -0.95070821]",1390.0541861057281
