reward,action,obs,time
,,"[0.         0.         0.         0.         0.         0.
 0.         0.         0.         0.         0.         0.
 0.         0.         0.         0.03157895 5.8        0.24385965
 5.33333333 0.        ]",1017.3540847301483
-0.0025200000000000014,[-0.74797076],"[ 0.          0.          0.          0.          0.          0.
  0.          0.          0.          0.          0.03157895  5.8
  0.24385965  5.33333333  0.          0.02982456  5.5         0.24385965
  5.46666667 -1.74797082]",1017.4364683628082
-0.0025479999999999947,[-0.42154217],"[ 0.          0.          0.          0.          0.          0.03157895
  5.8         0.24385965  5.33333333  0.          0.02982456  5.5
  0.24385965  5.46666667 -1.74797082  0.02982456  5.73333333  0.24385965
  5.36666667 -1.42154217]",1017.4994533061981
-0.0025239999999999985,[0.7546147],"[ 0.03157895  5.8         0.24385965  5.33333333  0.          0.02982456
  5.5         0.24385965  5.46666667 -1.74797082  0.02982456  5.73333333
  0.24385965  5.36666667 -1.42154217  0.02982456  5.53333333  0.24385965
  5.46666667 -0.24538529]",1017.5500032901764
2.8000000000000247e-05,[-0.06382749],"[ 0.02982456  5.5         0.24385965  5.46666667 -1.74797082  0.02982456
  5.73333333  0.24385965  5.36666667 -1.42154217  0.02982456  5.53333333
  0.24385965  5.46666667 -0.24538529  0.03157895  5.56666667  0.24385965
  5.46666667 -1.06382751]",1017.615939617157
-0.0025239999999999985,[0.9539358],"[ 0.02982456  5.73333333  0.24385965  5.36666667 -1.42154217  0.02982456
  5.53333333  0.24385965  5.46666667 -0.24538529  0.03157895  5.56666667
  0.24385965  5.46666667 -1.06382751  0.02982456  5.53333333  0.24385965
  5.46666667 -0.0460642 ]",1017.6655049324036
-0.0025120000000000003,[0.232463],"[ 0.02982456  5.53333333  0.24385965  5.46666667 -0.24538529  0.03157895
  5.56666667  0.24385965  5.46666667 -1.06382751  0.02982456  5.53333333
  0.24385965  5.46666667 -0.0460642   0.02982456  5.43333333  0.24561404
  5.56666667 -0.767537  ]",1017.693754196167
3.200000000000425e-05,[-0.7080786],"[ 0.03157895  5.56666667  0.24385965  5.46666667 -1.06382751  0.02982456
  5.53333333  0.24385965  5.46666667 -0.0460642   0.02982456  5.43333333
  0.24561404  5.56666667 -0.767537    0.03157895  5.53333333  0.24736842
  5.46666667 -1.70807862]",1017.7498126029968
0.002576000000000002,[-0.42159918],"[ 0.02982456  5.53333333  0.24385965  5.46666667 -0.0460642   0.02982456
  5.43333333  0.24561404  5.56666667 -0.767537    0.03157895  5.53333333
  0.24736842  5.46666667 -1.70807862  0.03333333  5.63333333  0.24736842
  5.33333333 -1.42159915]",1017.8027873039246
0.0051240000000000036,[-0.44946837],"[ 0.02982456  5.43333333  0.24561404  5.56666667 -0.767537    0.03157895
  5.53333333  0.24736842  5.46666667 -1.70807862  0.03333333  5.63333333
  0.24736842  5.33333333 -1.42159915  0.03508772  5.7         0.24736842
  5.26666667 -1.44946837]",1017.8724272251129
0.0076999999999999985,[0.1793653],"[ 0.03157895  5.53333333  0.24736842  5.46666667 -1.70807862  0.03333333
  5.63333333  0.24736842  5.33333333 -1.42159915  0.03508772  5.7
  0.24736842  5.26666667 -1.44946837  0.03684211  5.53333333  0.24912281
  5.46666667 -0.82063472]",1017.9513800144196
0.012824000000000002,[-0.01185523],"[ 0.03333333  5.63333333  0.24736842  5.33333333 -1.42159915  0.03508772
  5.7         0.24736842  5.26666667 -1.44946837  0.03684211  5.53333333
  0.24912281  5.46666667 -0.82063472  0.04035088  5.43333333  0.25263158
  5.53333333 -1.01185524]",1018.0263941287994
0.020468000000000007,[-0.3819859],"[ 0.03508772  5.7         0.24736842  5.26666667 -1.44946837  0.03684211
  5.53333333  0.24912281  5.46666667 -0.82063472  0.04035088  5.43333333
  0.25263158  5.53333333 -1.01185524  0.04561404  5.63333333  0.25789474
  5.36666667 -1.3819859 ]",1018.1002843379974
0.028143999999999995,[-0.89341843],"[ 0.03684211  5.53333333  0.24912281  5.46666667 -0.82063472  0.04035088
  5.43333333  0.25263158  5.53333333 -1.01185524  0.04561404  5.63333333
  0.25789474  5.36666667 -1.3819859   0.05087719  5.56666667  0.26315789
  5.43333333 -1.89341843]",1018.1814591884613
0.035831999999999996,[-0.28489217],"[ 0.04035088  5.43333333  0.25263158  5.53333333 -1.01185524  0.04561404
  5.63333333  0.25789474  5.36666667 -1.3819859   0.05087719  5.56666667
  0.26315789  5.43333333 -1.89341843  0.05614035  5.4         0.27017544
  5.66666667 -1.2848922 ]",1018.2654478549957
0.046072000000000016,[0.4387826],"[ 0.04561404  5.63333333  0.25789474  5.36666667 -1.3819859   0.05087719
  5.56666667  0.26315789  5.43333333 -1.89341843  0.05614035  5.4
  0.27017544  5.66666667 -1.2848922   0.06315789  5.26666667  0.27719298
  5.76666667 -0.56121743]",1018.3419842720032
0.05371999999999999,[0.41721335],"[ 0.05087719  5.56666667  0.26315789  5.43333333 -1.89341843  0.05614035
  5.4         0.27017544  5.66666667 -1.2848922   0.06315789  5.26666667
  0.27719298  5.76666667 -0.56121743  0.06842105  5.43333333  0.28245614
  5.6        -0.58278668]",1018.4526288509369
0.06392,[-0.66071606],"[ 0.05614035  5.4         0.27017544  5.66666667 -1.2848922   0.06315789
  5.26666667  0.27719298  5.76666667 -0.56121743  0.06842105  5.43333333
  0.28245614  5.6        -0.58278668  0.0754386   5.63333333  0.2877193
  5.33333333 -1.66071606]",1018.5357656478882
0.07158,[-0.03053582],"[ 0.06315789  5.26666667  0.27719298  5.76666667 -0.56121743  0.06842105
  5.43333333  0.28245614  5.6        -0.58278668  0.0754386   5.63333333
  0.2877193   5.33333333 -1.66071606  0.08070175  5.7         0.29122807
  5.23333333 -1.03053582]",1018.5837759971619
0.07670400000000001,[0.67504543],"[ 0.06842105  5.43333333  0.28245614  5.6        -0.58278668  0.0754386
  5.63333333  0.2877193   5.33333333 -1.66071606  0.08070175  5.7
  0.29122807  5.23333333 -1.03053582  0.08421053  5.6         0.29473684
  5.33333333 -0.32495457]",1018.6556925773621
0.08181999999999999,[0.19867598],"[ 0.0754386   5.63333333  0.2877193   5.33333333 -1.66071606  0.08070175
  5.7         0.29122807  5.23333333 -1.03053582  0.08421053  5.6
  0.29473684  5.33333333 -0.32495457  0.0877193   5.56666667  0.30175439
  5.36666667 -0.80132401]",1018.7347910404205
0.10220000000000003,[0.6521675],"[ 0.08070175  5.7         0.29122807  5.23333333 -1.03053582  0.08421053
  5.6         0.29473684  5.33333333 -0.32495457  0.0877193   5.56666667
  0.30175439  5.36666667 -0.80132401  0.1         5.83333333  0.30877193
  5.03333333 -0.3478325 ]",1018.8180186748505
0.11499999999999999,[0.9267866],"[ 0.08421053  5.6         0.29473684  5.33333333 -0.32495457  0.0877193
  5.56666667  0.30175439  5.36666667 -0.80132401  0.1         5.83333333
  0.30877193  5.03333333 -0.3478325   0.10877193  5.9         0.31578947
  4.9        -0.0732134 ]",1018.8979725837708
0.12518,[0.35459307],"[ 0.0877193   5.56666667  0.30175439  5.36666667 -0.80132401  0.1
  5.83333333  0.30877193  5.03333333 -0.3478325   0.10877193  5.9
  0.31578947  4.9        -0.0732134   0.11578947  6.06666667  0.32105263
  4.7        -0.64540696]",1018.9700593948364
0.13029200000000002,[0.04636233],"[ 0.1         5.83333333  0.30877193  5.03333333 -0.3478325   0.10877193
  5.9         0.31578947  4.9        -0.0732134   0.11578947  6.06666667
  0.32105263  4.7        -0.64540696  0.12105263  6.1         0.32280702
  4.5        -0.95363766]",1019.0531213283539
0.132852,[-0.1485282],"[ 0.10877193  5.9         0.31578947  4.9        -0.0732134   0.11578947
  6.06666667  0.32105263  4.7        -0.64540696  0.12105263  6.1
  0.32280702  4.5        -0.95363766  0.12105263  6.03333333  0.32807018
  4.5        -1.14852822]",1019.1337265968323
0.137952,[0.88831514],"[ 0.11578947  6.06666667  0.32105263  4.7        -0.64540696  0.12105263
  6.1         0.32280702  4.5        -0.95363766  0.12105263  6.03333333
  0.32807018  4.5        -1.14852822  0.1245614   6.03333333  0.33157895
  4.46666667 -0.11168486]",1019.2139375209808
0.16867200000000002,[0.04544141],"[ 0.12105263  6.1         0.32280702  4.5        -0.95363766  0.12105263
  6.03333333  0.32807018  4.5        -1.14852822  0.1245614   6.03333333
  0.33157895  4.46666667 -0.11168486  0.14736842  5.73333333  0.33859649
  4.36666667 -0.95455861]",1019.2999317646027
0.178892,[0.15346372],"[ 0.12105263  6.03333333  0.32807018  4.5        -1.14852822  0.1245614
  6.03333333  0.33157895  4.46666667 -0.11168486  0.14736842  5.73333333
  0.33859649  4.36666667 -0.95455861  0.15614035  5.86666667  0.34035088
  4.13333333 -0.84653628]",1019.3746423721313
0.176356,[-0.39240766],"[ 0.1245614   6.03333333  0.33157895  4.46666667 -0.11168486  0.14736842
  5.73333333  0.33859649  4.36666667 -0.95455861  0.15614035  5.86666667
  0.34035088  4.13333333 -0.84653628  0.15614035  5.76666667  0.34385965
  4.03333333 -1.39240766]",1019.4524478912354
0.176356,[-0.5724598],"[ 0.14736842  5.73333333  0.33859649  4.36666667 -0.95455861  0.15614035
  5.86666667  0.34035088  4.13333333 -0.84653628  0.15614035  5.76666667
  0.34385965  4.03333333 -1.39240766  0.15789474  5.6         0.34912281
  3.93333333 -1.57245982]",1019.53098487854
0.17382400000000003,[0.6028537],"[ 0.15614035  5.86666667  0.34035088  4.13333333 -0.84653628  0.15614035
  5.76666667  0.34385965  4.03333333 -1.39240766  0.15789474  5.6
  0.34912281  3.93333333 -1.57245982  0.15964912  5.3         0.35789474
  3.9        -0.39714628]",1019.615211725235
0.17385200000000003,[0.3445405],"[ 0.15614035  5.76666667  0.34385965  4.03333333 -1.39240766  0.15789474
  5.6         0.34912281  3.93333333 -1.57245982  0.15964912  5.3
  0.35789474  3.9        -0.39714628  0.16491228  5.26666667  0.36491228
  3.83333333 -0.65545952]",1019.6977791786194
0.18404800000000004,[-0.37814412],"[ 0.15789474  5.6         0.34912281  3.93333333 -1.57245982  0.15964912
  5.3         0.35789474  3.9        -0.39714628  0.16491228  5.26666667
  0.36491228  3.83333333 -0.65545952  0.17719298  5.43333333  0.36666667
  3.63333333 -1.37814415]",1019.7700650691986
0.18147200000000002,[0.54750776],"[ 0.15964912  5.3         0.35789474  3.9        -0.39714628  0.16491228
  5.26666667  0.36491228  3.83333333 -0.65545952  0.17719298  5.43333333
  0.36666667  3.63333333 -1.37814415  0.18070175  5.43333333  0.37017544
  3.63333333 -0.45249224]",1019.8522510528564
0.16870399999999997,[-0.20021369],"[ 0.16491228  5.26666667  0.36491228  3.83333333 -0.65545952  0.17719298
  5.43333333  0.36666667  3.63333333 -1.37814415  0.18070175  5.43333333
  0.37017544  3.63333333 -0.45249224  0.17894737  5.2         0.3754386
  3.66666667 -1.20021367]",1019.9317533969879
0.168712,[-0.44531533],"[ 0.17719298  5.43333333  0.36666667  3.63333333 -1.37814415  0.18070175
  5.43333333  0.37017544  3.63333333 -0.45249224  0.17894737  5.2
  0.3754386   3.66666667 -1.20021367  0.18421053  5.3         0.37719298
  3.66666667 -1.44531536]",1020.015872001648
0.15851599999999996,[0.57513684],"[ 0.18070175  5.43333333  0.37017544  3.63333333 -0.45249224  0.17894737
  5.2         0.3754386   3.66666667 -1.20021367  0.18421053  5.3
  0.37719298  3.66666667 -1.44531536  0.18421053  5.26666667  0.38421053
  3.9        -0.42486316]",1020.0938348770142
0.15852800000000003,[-0.42373377],"[ 0.17894737  5.2         0.3754386   3.66666667 -1.20021367  0.18421053
  5.3         0.37719298  3.66666667 -1.44531536  0.18421053  5.26666667
  0.38421053  3.9        -0.42486316  0.18947368  5.23333333  0.39473684
  4.1        -1.42373371]",1020.1700346469879
0.166168,[-0.21484882],"[ 0.18421053  5.3         0.37719298  3.66666667 -1.44531536  0.18421053
  5.26666667  0.38421053  3.9        -0.42486316  0.18947368  5.23333333
  0.39473684  4.1        -1.42373371  0.19824561  5.36666667  0.39824561
  4.         -1.21484876]",1020.2500252723694
0.16362800000000005,[0.94202507],"[ 0.18421053  5.26666667  0.38421053  3.9        -0.42486316  0.18947368
  5.23333333  0.39473684  4.1        -1.42373371  0.19824561  5.36666667
  0.39824561  4.         -1.21484876  0.2         5.2         0.40526316
  4.1        -0.05797493]",1020.3300330638885
0.15344399999999997,[0.3768097],"[ 0.18947368  5.23333333  0.39473684  4.1        -1.42373371  0.19824561
  5.36666667  0.39824561  4.         -1.21484876  0.2         5.2
  0.40526316  4.1        -0.05797493  0.20526316  5.13333333  0.4122807
  4.1        -0.62319028]",1020.4119348526001
0.15087200000000003,[0.15931216],"[ 0.19824561  5.36666667  0.39824561  4.         -1.21484876  0.2
  5.2         0.40526316  4.1        -0.05797493  0.20526316  5.13333333
  0.4122807   4.1        -0.62319028  0.2122807   5.33333333  0.4122807
  3.86666667 -0.84068787]",1020.4950258731842
0.14577600000000002,[-0.2885583],"[ 0.2         5.2         0.40526316  4.1        -0.05797493  0.20526316
  5.13333333  0.4122807   4.1        -0.62319028  0.2122807   5.33333333
  0.4122807   3.86666667 -0.84068787  0.21578947  5.36666667  0.41403509
  3.86666667 -1.28855824]",1020.5705752372742
0.14067599999999994,[-0.51340765],"[ 0.20526316  5.13333333  0.4122807   4.1        -0.62319028  0.2122807
  5.33333333  0.4122807   3.86666667 -0.84068787  0.21578947  5.36666667
  0.41403509  3.86666667 -1.28855824  0.21754386  5.3         0.41929825
  3.93333333 -1.51340771]",1020.6535296440125
0.14579999999999999,[-0.16560097],"[ 0.2122807   5.33333333  0.4122807   3.86666667 -0.84068787  0.21578947
  5.36666667  0.41403509  3.86666667 -1.28855824  0.21754386  5.3
  0.41929825  3.93333333 -1.51340771  0.22105263  5.13333333  0.42631579
  4.06666667 -1.16560102]",1020.7330112457275
0.148356,[0.86741346],"[ 0.21578947  5.36666667  0.41403509  3.86666667 -1.28855824  0.21754386
  5.3         0.41929825  3.93333333 -1.51340771  0.22105263  5.13333333
  0.42631579  4.06666667 -1.16560102  0.22631579  5.13333333  0.43157895
  4.1        -0.13258654]",1020.8135192394257
0.127856,[-0.7123132],"[ 0.21754386  5.3         0.41929825  3.93333333 -1.51340771  0.22105263
  5.13333333  0.42631579  4.06666667 -1.16560102  0.22631579  5.13333333
  0.43157895  4.1        -0.13258654  0.23508772  5.26666667  0.43684211
  4.         -1.71231318]",1020.8932375907898
0.12784399999999999,[0.46832544],"[ 0.22105263  5.13333333  0.42631579  4.06666667 -1.16560102  0.22631579
  5.13333333  0.43157895  4.1        -0.13258654  0.23508772  5.26666667
  0.43684211  4.         -1.71231318  0.24385965  5.5         0.43684211
  3.83333333 -0.53167456]",1020.9717321395874
0.12784800000000002,[-0.6864647],"[ 0.22631579  5.13333333  0.43157895  4.1        -0.13258654  0.23508772
  5.26666667  0.43684211  4.         -1.71231318  0.24385965  5.5
  0.43684211  3.83333333 -0.53167456  0.24385965  5.36666667  0.44035088
  3.8        -1.68646479]",1021.0539042949677
0.13039200000000004,[-0.952853],"[ 0.23508772  5.26666667  0.43684211  4.         -1.71231318  0.24385965
  5.5         0.43684211  3.83333333 -0.53167456  0.24385965  5.36666667
  0.44035088  3.8        -1.68646479  0.24736842  5.3         0.44035088
  3.66666667 -1.95285296]",1021.1392664909363
0.122716,[0.9420944],"[ 0.24385965  5.5         0.43684211  3.83333333 -0.53167456  0.24385965
  5.36666667  0.44035088  3.8        -1.68646479  0.24736842  5.3
  0.44035088  3.66666667 -1.95285296  0.24385965  5.06666667  0.44736842
  3.8        -0.05790561]",1021.2138266563416
0.11506799999999999,[-0.82512325],"[ 0.24385965  5.36666667  0.44035088  3.8        -1.68646479  0.24736842
  5.3         0.44035088  3.66666667 -1.95285296  0.24385965  5.06666667
  0.44736842  3.8        -0.05790561  0.24385965  4.86666667  0.45438596
  4.06666667 -1.82512331]",1021.2901093959808
0.10742000000000003,[0.5270297],"[ 0.24736842  5.3         0.44035088  3.66666667 -1.95285296  0.24385965
  5.06666667  0.44736842  3.8        -0.05790561  0.24385965  4.86666667
  0.45438596  4.06666667 -1.82512331  0.25087719  4.86666667  0.45964912
  3.96666667 -0.47297031]",1021.3739054203033
0.11254800000000001,[-0.4534512],"[ 0.24385965  5.06666667  0.44736842  3.8        -0.05790561  0.24385965
  4.86666667  0.45438596  4.06666667 -1.82512331  0.25087719  4.86666667
  0.45964912  3.96666667 -0.47297031  0.25789474  4.73333333  0.46666667
  3.93333333 -1.45345116]",1021.4545888900757
0.12786400000000003,[0.00337288],"[ 0.24385965  4.86666667  0.45438596  4.06666667 -1.82512331  0.25087719
  4.86666667  0.45964912  3.96666667 -0.47297031  0.25789474  4.73333333
  0.46666667  3.93333333 -1.45345116  0.26666667  4.66666667  0.4754386
  3.83333333 -0.99662715]",1021.5335214138031
0.130444,[-0.6461016],"[ 0.25087719  4.86666667  0.45964912  3.96666667 -0.47297031  0.25789474
  4.73333333  0.46666667  3.93333333 -1.45345116  0.26666667  4.66666667
  0.4754386   3.83333333 -0.99662715  0.27368421  4.56666667  0.48421053
  3.8        -1.64610159]",1021.6117703914642
0.143228,[0.10654469],"[ 0.25789474  4.73333333  0.46666667  3.93333333 -1.45345116  0.26666667
  4.66666667  0.4754386   3.83333333 -0.99662715  0.27368421  4.56666667
  0.48421053  3.8        -1.64610159  0.28245614  4.5         0.49298246
  3.76666667 -0.89345533]",1021.691038608551
0.14068000000000003,[-0.75279945],"[ 0.26666667  4.66666667  0.4754386   3.83333333 -0.99662715  0.27368421
  4.56666667  0.48421053  3.8        -1.64610159  0.28245614  4.5
  0.49298246  3.76666667 -0.89345533  0.28596491  4.4         0.49824561
  3.83333333 -1.75279951]",1021.7735986709595
0.13302400000000003,[0.09579104],"[ 0.27368421  4.56666667  0.48421053  3.8        -1.64610159  0.28245614
  4.5         0.49298246  3.76666667 -0.89345533  0.28596491  4.4
  0.49824561  3.83333333 -1.75279951  0.28947368  4.43333333  0.50175439
  3.73333333 -0.90420896]",1021.8644645214081
0.13045999999999996,[0.29348916],"[ 0.28245614  4.5         0.49298246  3.76666667 -0.89345533  0.28596491
  4.4         0.49824561  3.83333333 -1.75279951  0.28947368  4.43333333
  0.50175439  3.73333333 -0.90420896  0.28947368  4.33333333  0.50350877
  3.8        -0.70651084]",1021.9311237335205
0.132996,[0.42813796],"[ 0.28596491  4.4         0.49824561  3.83333333 -1.75279951  0.28947368
  4.43333333  0.50175439  3.73333333 -0.90420896  0.28947368  4.33333333
  0.50350877  3.8        -0.70651084  0.29649123  4.43333333  0.50701754
  3.7        -0.57186204]",1022.0136036872864
0.13555200000000003,[-0.06373704],"[ 0.28947368  4.43333333  0.50175439  3.73333333 -0.90420896  0.28947368
  4.33333333  0.50350877  3.8        -0.70651084  0.29649123  4.43333333
  0.50701754  3.7        -0.57186204  0.30526316  4.63333333  0.5122807
  3.7        -1.06373703]",1022.091735124588
0.13811599999999996,[0.18749885],"[ 0.28947368  4.33333333  0.50350877  3.8        -0.70651084  0.29649123
  4.43333333  0.50701754  3.7        -0.57186204  0.30526316  4.63333333
  0.5122807   3.7        -1.06373703  0.31052632  4.6         0.51929825
  3.73333333 -0.81250113]",1022.1709609031677
0.143232,[0.2540737],"[ 0.29649123  4.43333333  0.50701754  3.7        -0.57186204  0.30526316
  4.63333333  0.5122807   3.7        -1.06373703  0.31052632  4.6
  0.51929825  3.73333333 -0.81250113  0.31578947  4.5         0.52631579
  3.8        -0.74592626]",1022.2499878406525
0.148308,[0.82650954],"[ 0.30526316  4.63333333  0.5122807   3.7        -1.06373703  0.31052632
  4.6         0.51929825  3.73333333 -0.81250113  0.31578947  4.5
  0.52631579  3.8        -0.74592626  0.32280702  4.63333333  0.53333333
  3.8        -0.17349046]",1022.3305151462555
0.15085199999999999,[-0.10782113],"[ 0.31052632  4.6         0.51929825  3.73333333 -0.81250113  0.31578947
  4.5         0.52631579  3.8        -0.74592626  0.32280702  4.63333333
  0.53333333  3.8        -0.17349046  0.32982456  4.73333333  0.53684211
  3.76666667 -1.10782111]",1022.4137024879456
0.14063599999999998,[-0.068662],"[ 0.31578947  4.5         0.52631579  3.8        -0.74592626  0.32280702
  4.63333333  0.53333333  3.8        -0.17349046  0.32982456  4.73333333
  0.53684211  3.76666667 -1.10782111  0.33157895  4.8         0.53859649
  3.73333333 -1.06866205]",1022.4936256408691
0.12534800000000001,[-0.66035897],"[ 0.32280702  4.63333333  0.53333333  3.8        -0.17349046  0.32982456
  4.73333333  0.53684211  3.76666667 -1.10782111  0.33157895  4.8
  0.53859649  3.73333333 -1.06866205  0.32982456  4.63333333  0.54035088
  3.9        -1.66035891]",1022.5710768699646
0.12278800000000001,[-0.04716607],"[ 0.32982456  4.73333333  0.53684211  3.76666667 -1.10782111  0.33157895
  4.8         0.53859649  3.73333333 -1.06866205  0.32982456  4.63333333
  0.54035088  3.9        -1.66035891  0.32807018  4.53333333  0.54035088
  4.1        -1.04716611]",1022.6531274318695
0.12278399999999996,[0.66340446],"[ 0.33157895  4.8         0.53859649  3.73333333 -1.06866205  0.32982456
  4.63333333  0.54035088  3.9        -1.66035891  0.32807018  4.53333333
  0.54035088  4.1        -1.04716611  0.33157895  4.5         0.54561404
  4.33333333 -0.33659554]",1022.7327876091003
0.138068,[0.565747],"[ 0.32982456  4.63333333  0.54035088  3.9        -1.66035891  0.32807018
  4.53333333  0.54035088  4.1        -1.04716611  0.33157895  4.5
  0.54561404  4.33333333 -0.33659554  0.33859649  4.7         0.55087719
  4.26666667 -0.43425298]",1022.8136248588562
0.15079599999999993,[0.26033854],"[ 0.32807018  4.53333333  0.54035088  4.1        -1.04716611  0.33157895
  4.5         0.54561404  4.33333333 -0.33659554  0.33859649  4.7
  0.55087719  4.26666667 -0.43425298  0.34736842  4.93333333  0.55438596
  4.03333333 -0.73966146]",1022.8941044807434
0.14823999999999987,[0.00498754],"[ 0.33157895  4.5         0.54561404  4.33333333 -0.33659554  0.33859649
  4.7         0.55087719  4.26666667 -0.43425298  0.34736842  4.93333333
  0.55438596  4.03333333 -0.73966146  0.35263158  4.93333333  0.55789474
  3.96666667 -0.99501246]",1022.9700117111206
0.14311599999999997,[-0.05936948],"[ 0.33859649  4.7         0.55087719  4.26666667 -0.43425298  0.34736842
  4.93333333  0.55438596  4.03333333 -0.73966146  0.35263158  4.93333333
  0.55789474  3.96666667 -0.99501246  0.35614035  4.9         0.56491228
  4.03333333 -1.05936944]",1023.0505063533783
0.14055199999999995,[-0.13969412],"[ 0.34736842  4.93333333  0.55438596  4.03333333 -0.73966146  0.35263158
  4.93333333  0.55789474  3.96666667 -0.99501246  0.35614035  4.9
  0.56491228  4.03333333 -1.05936944  0.36315789  4.9         0.57192982
  4.06666667 -1.13969409]",1023.136198759079
0.135428,[-0.6515795],"[ 0.35263158  4.93333333  0.55789474  3.96666667 -0.99501246  0.35614035
  4.9         0.56491228  4.03333333 -1.05936944  0.36315789  4.9
  0.57192982  4.06666667 -1.13969409  0.36666667  4.9         0.57719298
  4.1        -1.6515795 ]",1023.210156917572
0.127764,[-0.8481971],"[ 0.35614035  4.9         0.56491228  4.03333333 -1.05936944  0.36315789
  4.9         0.57192982  4.06666667 -1.13969409  0.36666667  4.9
  0.57719298  4.1        -1.6515795   0.37017544  4.8         0.58070175
  4.2        -1.8481971 ]",1023.2935924530029
0.122664,[0.64682126],"[ 0.36315789  4.9         0.57192982  4.06666667 -1.13969409  0.36666667
  4.9         0.57719298  4.1        -1.6515795   0.37017544  4.8
  0.58070175  4.2        -1.8481971   0.37017544  4.6         0.58421053
  4.36666667 -0.35317874]",1023.3720376491547
0.120116,[-0.46789527],"[ 0.36666667  4.9         0.57719298  4.1        -1.6515795   0.37017544
  4.8         0.58070175  4.2        -1.8481971   0.37017544  4.6
  0.58421053  4.36666667 -0.35317874  0.37192982  4.56666667  0.5877193
  4.36666667 -1.46789527]",1023.450276851654
0.12775200000000003,[-0.8655622],"[ 0.37017544  4.8         0.58070175  4.2        -1.8481971   0.37017544
  4.6         0.58421053  4.36666667 -0.35317874  0.37192982  4.56666667
  0.5877193   4.36666667 -1.46789527  0.37719298  4.73333333  0.58947368
  4.26666667 -1.8655622 ]",1023.5385093688965
0.12011200000000004,[0.95323354],"[ 0.37017544  4.6         0.58421053  4.36666667 -0.35317874  0.37192982
  4.56666667  0.5877193   4.36666667 -1.46789527  0.37719298  4.73333333
  0.58947368  4.26666667 -1.8655622   0.37894737  4.6         0.59122807
  4.43333333 -0.04676646]",1023.619615316391
0.10992800000000003,[-0.23476218],"[ 0.37192982  4.56666667  0.5877193   4.36666667 -1.46789527  0.37719298
  4.73333333  0.58947368  4.26666667 -1.8655622   0.37894737  4.6
  0.59122807  4.43333333 -0.04676646  0.38070175  4.46666667  0.59473684
  4.53333333 -1.23476219]",1023.7001600265503
0.10990800000000008,[0.6859416],"[ 0.37719298  4.73333333  0.58947368  4.26666667 -1.8655622   0.37894737
  4.6         0.59122807  4.43333333 -0.04676646  0.38070175  4.46666667
  0.59473684  4.53333333 -1.23476219  0.38596491  4.6         0.60175439
  4.36666667 -0.31405842]",1023.7764027118683
0.11755999999999993,[0.46224415],"[ 0.37894737  4.6         0.59122807  4.43333333 -0.04676646  0.38070175
  4.46666667  0.59473684  4.53333333 -1.23476219  0.38596491  4.6
  0.60175439  4.36666667 -0.31405842  0.39649123  4.63333333  0.60877193
  4.33333333 -0.53775585]",1023.8559165000916
0.12266800000000004,[0.5865848],"[ 0.38070175  4.46666667  0.59473684  4.53333333 -1.23476219  0.38596491
  4.6         0.60175439  4.36666667 -0.31405842  0.39649123  4.63333333
  0.60877193  4.33333333 -0.53775585  0.40701754  4.8         0.61754386
  4.16666667 -0.41341519]",1023.9316980838776
0.12267199999999996,[0.90084636],"[ 0.38596491  4.6         0.60175439  4.36666667 -0.31405842  0.39649123
  4.63333333  0.60877193  4.33333333 -0.53775585  0.40701754  4.8
  0.61754386  4.16666667 -0.41341519  0.41403509  4.86666667  0.62280702
  4.         -0.09915364]",1024.0099568367004
0.13033999999999996,[0.16399187],"[ 0.39649123  4.63333333  0.60877193  4.33333333 -0.53775585  0.40701754
  4.8         0.61754386  4.16666667 -0.41341519  0.41403509  4.86666667
  0.62280702  4.         -0.09915364  0.42105263  4.93333333  0.6245614
  3.8        -0.83600813]",1024.090036392212
0.13797999999999994,[-0.9877347],"[ 0.40701754  4.8         0.61754386  4.16666667 -0.41341519  0.41403509
  4.86666667  0.62280702  4.         -0.09915364  0.42105263  4.93333333
  0.6245614   3.8        -0.83600813  0.4245614   5.          0.62807018
  3.73333333 -1.98773468]",1024.1740176677704
0.13797999999999994,[0.7816845],"[ 0.41403509  4.86666667  0.62280702  4.         -0.09915364  0.42105263
  4.93333333  0.6245614   3.8        -0.83600813  0.4245614   5.
  0.62807018  3.73333333 -1.98773468  0.42280702  4.9         0.63157895
  4.         -0.21831548]",1024.2500367164612
0.127784,[0.77920055],"[ 0.42105263  4.93333333  0.6245614   3.8        -0.83600813  0.4245614
  5.          0.62807018  3.73333333 -1.98773468  0.42280702  4.9
  0.63157895  4.         -0.21831548  0.41929825  4.63333333  0.63333333
  4.26666667 -0.22079945]",1024.330054283142
0.12523599999999996,[0.41680855],"[ 0.4245614   5.          0.62807018  3.73333333 -1.98773468  0.42280702
  4.9         0.63157895  4.         -0.21831548  0.41929825  4.63333333
  0.63333333  4.26666667 -0.22079945  0.4245614   4.76666667  0.63684211
  4.16666667 -0.58319145]",1024.4101359844208
0.13034400000000002,[0.614252],"[ 0.42280702  4.9         0.63157895  4.         -0.21831548  0.41929825
  4.63333333  0.63333333  4.26666667 -0.22079945  0.4245614   4.76666667
  0.63684211  4.16666667 -0.58319145  0.43684211  5.03333333  0.64210526
  3.9        -0.38574803]",1024.4901282787323
0.13545200000000002,[-0.72697324],"[ 0.41929825  4.63333333  0.63333333  4.26666667 -0.22079945  0.4245614
  4.76666667  0.63684211  4.16666667 -0.58319145  0.43684211  5.03333333
  0.64210526  3.9        -0.38574803  0.44561404  5.06666667  0.64912281
  3.8        -1.7269733 ]",1024.575366973877
0.14056400000000002,[-0.3380806],"[ 0.4245614   4.76666667  0.63684211  4.16666667 -0.58319145  0.43684211
  5.03333333  0.64210526  3.9        -0.38574803  0.44561404  5.06666667
  0.64912281  3.8        -1.7269733   0.45263158  5.03333333  0.65438596
  3.76666667 -1.33808064]",1024.649986743927
0.13547200000000004,[0.8820942],"[ 0.43684211  5.03333333  0.64210526  3.9        -0.38574803  0.44561404
  5.06666667  0.64912281  3.8        -1.7269733   0.45263158  5.03333333
  0.65438596  3.76666667 -1.33808064  0.45614035  4.86666667  0.66315789
  3.9        -0.1179058 ]",1024.7344284057617
0.14058400000000004,[0.55108106],"[ 0.44561404  5.06666667  0.64912281  3.8        -1.7269733   0.45263158
  5.03333333  0.65438596  3.76666667 -1.33808064  0.45614035  4.86666667
  0.66315789  3.9        -0.1179058   0.46315789  4.86666667  0.67017544
  3.96666667 -0.44891894]",1024.8100984096527
0.153312,[-0.60944533],"[ 0.45263158  5.03333333  0.65438596  3.76666667 -1.33808064  0.45614035
  4.86666667  0.66315789  3.9        -0.1179058   0.46315789  4.86666667
  0.67017544  3.96666667 -0.44891894  0.4754386   5.2         0.6754386
  3.86666667 -1.60944533]",1024.8938410282135
0.15583599999999997,[0.4022746],"[ 0.45614035  4.86666667  0.66315789  3.9        -0.1179058   0.46315789
  4.86666667  0.67017544  3.96666667 -0.44891894  0.4754386   5.2
  0.6754386   3.86666667 -1.60944533  0.47719298  5.26666667  0.67719298
  3.8        -0.59772539]",1024.9784443378448
0.150744,[0.8723826],"[ 0.46315789  4.86666667  0.67017544  3.96666667 -0.44891894  0.4754386
  5.2         0.6754386   3.86666667 -1.60944533  0.47719298  5.26666667
  0.67719298  3.8        -0.59772539  0.4754386   5.06666667  0.67894737
  3.86666667 -0.12761742]",1025.0619881153107
0.15586,[0.23888515],"[ 0.4754386   5.2         0.6754386   3.86666667 -1.60944533  0.47719298
  5.26666667  0.67719298  3.8        -0.59772539  0.4754386   5.06666667
  0.67894737  3.86666667 -0.12761742  0.48421053  5.2         0.68245614
  3.76666667 -0.76111484]",1025.1311979293823
0.16603599999999996,[0.356258],"[ 0.47719298  5.26666667  0.67719298  3.8        -0.59772539  0.4754386
  5.06666667  0.67894737  3.86666667 -0.12761742  0.48421053  5.2
  0.68245614  3.76666667 -0.76111484  0.49298246  5.46666667  0.6877193
  3.83333333 -0.64374197]",1025.2152214050293
0.16857199999999994,[-0.6253925],"[ 0.4754386   5.06666667  0.67894737  3.86666667 -0.12761742  0.48421053
  5.2         0.68245614  3.76666667 -0.76111484  0.49298246  5.46666667
  0.6877193   3.83333333 -0.64374197  0.49649123  5.5         0.69298246
  4.         -1.62539244]",1025.2901108264923
0.16603999999999997,[-0.09482441],"[ 0.48421053  5.2         0.68245614  3.76666667 -0.76111484  0.49298246
  5.46666667  0.6877193   3.83333333 -0.64374197  0.49649123  5.5
  0.69298246  4.         -1.62539244  0.5         5.43333333  0.70175439
  4.06666667 -1.09482443]",1025.3721594810486
0.1558440000000001,[-0.39725378],"[ 0.49298246  5.46666667  0.6877193   3.83333333 -0.64374197  0.49649123
  5.5         0.69298246  4.         -1.62539244  0.5         5.43333333
  0.70175439  4.06666667 -1.09482443  0.50350877  5.23333333  0.71052632
  4.26666667 -1.39725375]",1025.4537816047668
0.153304,[-0.3813014],"[ 0.49649123  5.5         0.69298246  4.         -1.62539244  0.5
  5.43333333  0.70175439  4.06666667 -1.09482443  0.50350877  5.23333333
  0.71052632  4.26666667 -1.39725375  0.5122807   5.26666667  0.71929825
  4.36666667 -1.3813014 ]",1025.5301146507263
0.1507520000000001,[0.26255563],"[ 0.5         5.43333333  0.70175439  4.06666667 -1.09482443  0.50350877
  5.23333333  0.71052632  4.26666667 -1.39725375  0.5122807   5.26666667
  0.71929825  4.36666667 -1.3813014   0.51754386  5.3         0.72631579
  4.53333333 -0.7374444 ]",1025.6099605560303
0.1456360000000001,[0.16197968],"[ 0.50350877  5.23333333  0.71052632  4.26666667 -1.39725375  0.5122807
  5.26666667  0.71929825  4.36666667 -1.3813014   0.51754386  5.3
  0.72631579  4.53333333 -0.7374444   0.52105263  5.4         0.72807018
  4.6        -0.83802032]",1025.6916420459747
0.1430800000000001,[0.7892417],"[ 0.5122807   5.26666667  0.71929825  4.36666667 -1.3813014   0.51754386
  5.3         0.72631579  4.53333333 -0.7374444   0.52105263  5.4
  0.72807018  4.6        -0.83802032  0.52280702  5.46666667  0.72631579
  4.4        -0.21075833]",1025.7702114582062
0.14562000000000008,[-0.81948197],"[ 0.51754386  5.3         0.72631579  4.53333333 -0.7374444   0.52105263
  5.4         0.72807018  4.6        -0.83802032  0.52280702  5.46666667
  0.72631579  4.4        -0.21075833  0.52280702  5.5         0.72631579
  4.33333333 -1.81948197]",1025.8555450439453
0.15579200000000004,[0.6890275],"[ 0.52105263  5.4         0.72807018  4.6        -0.83802032  0.52280702
  5.46666667  0.72631579  4.4        -0.21075833  0.52280702  5.5
  0.72631579  4.33333333 -1.81948197  0.52631579  5.66666667  0.72631579
  4.23333333 -0.31097251]",1025.9343438148499
0.15069600000000005,[0.3965936],"[ 0.52280702  5.46666667  0.72631579  4.4        -0.21075833  0.52280702
  5.5         0.72631579  4.33333333 -1.81948197  0.52631579  5.66666667
  0.72631579  4.23333333 -0.31097251  0.52807018  5.66666667  0.72807018
  4.36666667 -0.60340643]",1026.022922039032
0.14304400000000006,[-0.83232504],"[ 0.52280702  5.5         0.72631579  4.33333333 -1.81948197  0.52631579
  5.66666667  0.72631579  4.23333333 -0.31097251  0.52807018  5.66666667
  0.72807018  4.36666667 -0.60340643  0.53508772  5.8         0.73157895
  4.3        -1.83232498]",1026.0919468402863
0.14049600000000007,[0.7238294],"[ 0.52631579  5.66666667  0.72631579  4.23333333 -0.31097251  0.52807018
  5.66666667  0.72807018  4.36666667 -0.60340643  0.53508772  5.8
  0.73157895  4.3        -1.83232498  0.54210526  5.76666667  0.73859649
  4.2        -0.27617061]",1026.1726322174072
0.13285599999999997,[-0.7916941],"[ 0.52807018  5.66666667  0.72807018  4.36666667 -0.60340643  0.53508772
  5.8         0.73157895  4.3        -1.83232498  0.54210526  5.76666667
  0.73859649  4.2        -0.27617061  0.54385965  5.5         0.74736842
  4.3        -1.79169416]",1026.25452709198
0.13794399999999996,[0.6536518],"[ 0.53508772  5.8         0.73157895  4.3        -1.83232498  0.54210526
  5.76666667  0.73859649  4.2        -0.27617061  0.54385965  5.5
  0.74736842  4.3        -1.79169416  0.55087719  5.53333333  0.75263158
  4.16666667 -0.34634823]",1026.3300380706787
0.13539999999999996,[-0.17842163],"[ 0.54210526  5.76666667  0.73859649  4.2        -0.27617061  0.54385965
  5.5         0.74736842  4.3        -1.79169416  0.55087719  5.53333333
  0.75263158  4.16666667 -0.34634823  0.55614035  5.43333333  0.75789474
  4.13333333 -1.17842162]",1026.410052061081
0.125216,[0.51609236],"[ 0.54385965  5.5         0.74736842  4.3        -1.79169416  0.55087719
  5.53333333  0.75263158  4.16666667 -0.34634823  0.55614035  5.43333333
  0.75789474  4.13333333 -1.17842162  0.56140351  5.43333333  0.76140351
  4.         -0.48390764]",1026.4941382408142
0.13034,[-0.0585314],"[ 0.55087719  5.53333333  0.75263158  4.16666667 -0.34634823  0.55614035
  5.43333333  0.75789474  4.13333333 -1.17842162  0.56140351  5.43333333
  0.76140351  4.         -0.48390764  0.56666667  5.4         0.76491228
  3.9        -1.0585314 ]",1026.572547197342
0.14054,[-0.28056642],"[ 0.55614035  5.43333333  0.75789474  4.13333333 -1.17842162  0.56140351
  5.43333333  0.76140351  4.         -0.48390764  0.56666667  5.4
  0.76491228  3.9        -1.0585314   0.57192982  5.4         0.76666667
  3.76666667 -1.28056645]",1026.6528117656708
0.127784,[-0.3051884],"[ 0.56140351  5.43333333  0.76140351  4.         -0.48390764  0.56666667
  5.4         0.76491228  3.9        -1.0585314   0.57192982  5.4
  0.76666667  3.76666667 -1.28056645  0.57192982  5.33333333  0.77192982
  3.93333333 -1.30518842]",1026.7300941944122
0.11760800000000005,[0.05899921],"[ 0.56666667  5.4         0.76491228  3.9        -1.0585314   0.57192982
  5.4         0.76666667  3.76666667 -1.28056645  0.57192982  5.33333333
  0.77192982  3.93333333 -1.30518842  0.57368421  5.2         0.7754386
  4.         -0.94100082]",1026.8119144439697
0.12016400000000005,[-0.71745884],"[ 0.57192982  5.4         0.76666667  3.76666667 -1.28056645  0.57192982
  5.33333333  0.77192982  3.93333333 -1.30518842  0.57368421  5.2
  0.7754386   4.         -0.94100082  0.57894737  5.23333333  0.77894737
  3.96666667 -1.71745884]",1026.8901164531708
0.11760000000000004,[-0.28932974],"[ 0.57192982  5.33333333  0.77192982  3.93333333 -1.30518842  0.57368421
  5.2         0.7754386   4.         -0.94100082  0.57894737  5.23333333
  0.77894737  3.96666667 -1.71745884  0.58070175  5.23333333  0.78421053
  4.         -1.28932977]",1026.9739964008331
0.11504399999999992,[0.05843474],"[ 0.57368421  5.2         0.7754386   4.         -0.94100082  0.57894737
  5.23333333  0.77894737  3.96666667 -1.71745884  0.58070175  5.23333333
  0.78421053  4.         -1.28932977  0.58245614  5.03333333  0.78947368
  4.16666667 -0.94156528]",1027.0558609962463
0.10993999999999993,[0.29362383],"[ 0.57894737  5.23333333  0.77894737  3.96666667 -1.71745884  0.58070175
  5.23333333  0.78421053  4.         -1.28932977  0.58245614  5.03333333
  0.78947368  4.16666667 -0.94156528  0.5877193   5.          0.79473684
  4.06666667 -0.70637619]",1027.1311314105988
0.10993199999999992,[0.2629843],"[ 0.58070175  5.23333333  0.78421053  4.         -1.28932977  0.58245614
  5.03333333  0.78947368  4.16666667 -0.94156528  0.5877193   5.
  0.79473684  4.06666667 -0.70637619  0.59298246  5.1         0.79649123
  3.86666667 -0.73701572]",1027.2109944820404
0.10993999999999993,[-0.49636954],"[ 0.58245614  5.03333333  0.78947368  4.16666667 -0.94156528  0.5877193
  5.          0.79473684  4.06666667 -0.70637619  0.59298246  5.1
  0.79649123  3.86666667 -0.73701572  0.59649123  5.13333333  0.79824561
  3.83333333 -1.4963696 ]",1027.2931621074677
0.10739999999999994,[-0.8118447],"[ 0.5877193   5.          0.79473684  4.06666667 -0.70637619  0.59298246
  5.1         0.79649123  3.86666667 -0.73701572  0.59649123  5.13333333
  0.79824561  3.83333333 -1.4963696   0.59649123  5.06666667  0.8
  3.83333333 -1.81184471]",1027.371869802475
