reward,action,obs,time
,,"[0.         0.         0.         0.         0.         0.
 0.         0.         0.         0.         0.         0.
 0.         0.         0.         0.02982456 5.56666667 0.24561404
 5.46666667 0.        ]",4263.831967592239
0.0025319999999999995,[0.67928255],"[ 0.          0.          0.          0.          0.          0.
  0.          0.          0.          0.          0.02982456  5.56666667
  0.24561404  5.46666667  0.          0.03157895  5.76666667  0.24561404
  5.33333333 -0.32071745]",4263.931962013245
1.1999999999998123e-05,[0.5933428],"[ 0.          0.          0.          0.          0.          0.02982456
  5.56666667  0.24561404  5.46666667  0.          0.03157895  5.76666667
  0.24561404  5.33333333 -0.32071745  0.02982456  5.46666667  0.24561404
  5.5        -0.40665722]",4263.984440803528
0.0,[-0.24357107],"[ 0.02982456  5.56666667  0.24561404  5.46666667  0.          0.03157895
  5.76666667  0.24561404  5.33333333 -0.32071745  0.02982456  5.46666667
  0.24561404  5.5        -0.40665722  0.02982456  5.56666667  0.24561404
  5.43333333 -1.24357104]",4264.034574747086
0.0025559999999999958,[-0.83559453],"[ 0.03157895  5.76666667  0.24561404  5.33333333 -0.32071745  0.02982456
  5.46666667  0.24561404  5.5        -0.40665722  0.02982456  5.56666667
  0.24561404  5.43333333 -1.24357104  0.03157895  5.56666667  0.24561404
  5.43333333 -1.83559453]",4264.084665775299
0.0,[0.36001173],"[ 0.02982456  5.46666667  0.24561404  5.5        -0.40665722  0.02982456
  5.56666667  0.24561404  5.43333333 -1.24357104  0.03157895  5.56666667
  0.24561404  5.43333333 -1.83559453  0.02982456  5.56666667  0.24561404
  5.46666667 -0.6399883 ]",4264.135124921799
0.0025559999999999958,[-0.55903995],"[ 0.02982456  5.56666667  0.24561404  5.43333333 -1.24357104  0.03157895
  5.56666667  0.24561404  5.43333333 -1.83559453  0.02982456  5.56666667
  0.24561404  5.46666667 -0.6399883   0.03157895  5.56666667  0.24561404
  5.4        -1.55903995]",4264.185188055038
0.005095999999999996,[-0.32928383],"[ 0.03157895  5.56666667  0.24561404  5.43333333 -1.83559453  0.02982456
  5.56666667  0.24561404  5.46666667 -0.6399883   0.03157895  5.56666667
  0.24561404  5.4        -1.55903995  0.03333333  5.7         0.24561404
  5.33333333 -1.32928383]",4264.235404729843
0.0025599999999999998,[-0.45036054],"[ 0.02982456  5.56666667  0.24561404  5.46666667 -0.6399883   0.03157895
  5.56666667  0.24561404  5.4        -1.55903995  0.03333333  5.7
  0.24561404  5.33333333 -1.32928383  0.03157895  5.53333333  0.24736842
  5.5        -1.45036054]",4264.285604476929
0.005128000000000001,[-0.17015307],"[ 0.03157895  5.56666667  0.24561404  5.4        -1.55903995  0.03333333
  5.7         0.24561404  5.33333333 -1.32928383  0.03157895  5.53333333
  0.24736842  5.5        -1.45036054  0.03333333  5.43333333  0.24736842
  5.56666667 -1.17015302]",4264.336350917816
0.010248,[0.81354743],"[ 0.03333333  5.7         0.24561404  5.33333333 -1.32928383  0.03157895
  5.53333333  0.24736842  5.5        -1.45036054  0.03333333  5.43333333
  0.24736842  5.56666667 -1.17015302  0.03684211  5.36666667  0.25087719
  5.63333333 -0.18645257]",4264.3896589279175
0.017911999999999997,[0.46376613],"[ 0.03157895  5.53333333  0.24736842  5.5        -1.45036054  0.03333333
  5.43333333  0.24736842  5.56666667 -1.17015302  0.03684211  5.36666667
  0.25087719  5.63333333 -0.18645257  0.04210526  5.4         0.25614035
  5.63333333 -0.5362339 ]",4264.469755649567
0.02555199999999999,[-0.13466665],"[ 0.03333333  5.43333333  0.24736842  5.56666667 -1.17015302  0.03684211
  5.36666667  0.25087719  5.63333333 -0.18645257  0.04210526  5.4
  0.25614035  5.63333333 -0.5362339   0.04736842  5.63333333  0.26140351
  5.46666667 -1.13466668]",4264.5497610569
0.028107999999999994,[-0.78335077],"[ 0.03684211  5.36666667  0.25087719  5.63333333 -0.18645257  0.04210526
  5.4         0.25614035  5.63333333 -0.5362339   0.04736842  5.63333333
  0.26140351  5.46666667 -1.13466668  0.04912281  5.63333333  0.26315789
  5.4        -1.78335071]",4264.62979221344
0.033243999999999996,[0.54984355],"[ 0.04210526  5.4         0.25614035  5.63333333 -0.5362339   0.04736842
  5.63333333  0.26140351  5.46666667 -1.13466668  0.04912281  5.63333333
  0.26315789  5.4        -1.78335071  0.05263158  5.43333333  0.26491228
  5.56666667 -0.45015645]",4264.709670782089
0.038371999999999996,[-0.88212496],"[ 0.04736842  5.63333333  0.26140351  5.46666667 -1.13466668  0.04912281
  5.63333333  0.26315789  5.4        -1.78335071  0.05263158  5.43333333
  0.26491228  5.56666667 -0.45015645  0.05614035  5.3         0.26842105
  5.73333333 -1.8821249 ]",4264.789955854416
0.04601999999999999,[-0.10475928],"[ 0.04912281  5.63333333  0.26315789  5.4        -1.78335071  0.05263158
  5.43333333  0.26491228  5.56666667 -0.45015645  0.05614035  5.3
  0.26842105  5.73333333 -1.8821249   0.06140351  5.46666667  0.2754386
  5.63333333 -1.10475934]",4264.869747400284
0.056244,[-0.44927958],"[ 0.05263158  5.43333333  0.26491228  5.56666667 -0.45015645  0.05614035
  5.3         0.26842105  5.73333333 -1.8821249   0.06140351  5.46666667
  0.2754386   5.63333333 -1.10475934  0.06842105  5.46666667  0.28245614
  5.76666667 -1.44927955]",4264.949820756912
0.066472,[0.34355998],"[ 0.05614035  5.3         0.26842105  5.73333333 -1.8821249   0.06140351
  5.46666667  0.2754386   5.63333333 -1.10475934  0.06842105  5.46666667
  0.28245614  5.76666667 -1.44927955  0.0754386   5.43333333  0.28947368
  5.83333333 -0.65644002]",4265.029641151428
0.07924800000000001,[-0.2982942],"[ 0.06140351  5.46666667  0.2754386   5.63333333 -1.10475934  0.06842105
  5.46666667  0.28245614  5.76666667 -1.44927955  0.0754386   5.43333333
  0.28947368  5.83333333 -0.65644002  0.08421053  5.46666667  0.29824561
  5.83333333 -1.29829419]",4265.109803676605
0.08946000000000001,[-0.3026205],"[ 0.06842105  5.46666667  0.28245614  5.76666667 -1.44927955  0.0754386
  5.43333333  0.28947368  5.83333333 -0.65644002  0.08421053  5.46666667
  0.29824561  5.83333333 -1.29829419  0.09122807  5.56666667  0.30701754
  5.66666667 -1.30262053]",4265.18976187706
0.094612,[-0.8173829],"[ 0.0754386   5.43333333  0.28947368  5.83333333 -0.65644002  0.08421053
  5.46666667  0.29824561  5.83333333 -1.29829419  0.09122807  5.56666667
  0.30701754  5.66666667 -1.30262053  0.09649123  5.43333333  0.31052632
  5.73333333 -1.81738281]",4265.269783496857
0.10225599999999999,[-0.83642644],"[ 0.08421053  5.46666667  0.29824561  5.83333333 -1.29829419  0.09122807
  5.56666667  0.30701754  5.66666667 -1.30262053  0.09649123  5.43333333
  0.31052632  5.73333333 -1.81738281  0.1         5.33333333  0.31403509
  5.9        -1.8364265 ]",4265.343650102615
0.107392,[-0.61970776],"[ 0.09122807  5.56666667  0.30701754  5.66666667 -1.30262053  0.09649123
  5.43333333  0.31052632  5.73333333 -1.81738281  0.1         5.33333333
  0.31403509  5.9        -1.8364265   0.10350877  5.23333333  0.31578947
  6.13333333 -1.61970782]",4265.429862499237
0.10995200000000001,[0.50852257],"[ 0.09649123  5.43333333  0.31052632  5.73333333 -1.81738281  0.1
  5.33333333  0.31403509  5.9        -1.8364265   0.10350877  5.23333333
  0.31578947  6.13333333 -1.61970782  0.10701754  5.2         0.32105263
  6.23333333 -0.49147743]",4265.505472898483
0.11761200000000001,[-0.69209766],"[ 0.1         5.33333333  0.31403509  5.9        -1.8364265   0.10350877
  5.23333333  0.31578947  6.13333333 -1.61970782  0.10701754  5.2
  0.32105263  6.23333333 -0.49147743  0.11052632  5.26666667  0.32631579
  6.23333333 -1.69209766]",4265.585219621658
0.11756,[0.7259488],"[ 0.10350877  5.23333333  0.31578947  6.13333333 -1.61970782  0.10701754
  5.2         0.32105263  6.23333333 -0.49147743  0.11052632  5.26666667
  0.32631579  6.23333333 -1.69209766  0.1122807   5.7         0.33508772
  6.1        -0.27405119]",4265.667731046677
0.12012799999999998,[-0.8927467],"[ 0.10701754  5.2         0.32105263  6.23333333 -0.49147743  0.11052632
  5.26666667  0.32631579  6.23333333 -1.69209766  0.1122807   5.7
  0.33508772  6.1        -0.27405119  0.11578947  5.73333333  0.34035088
  6.23333333 -1.89274669]",4265.749338388443
0.161036,[-0.38846862],"[ 0.11052632  5.26666667  0.32631579  6.23333333 -1.69209766  0.1122807
  5.7         0.33508772  6.1        -0.27405119  0.11578947  5.73333333
  0.34035088  6.23333333 -1.89274669  0.14210526  5.46666667  0.34561404
  6.2        -1.38846862]",4265.829842329025
0.166136,[-0.50342363],"[ 0.1122807   5.7         0.33508772  6.1        -0.27405119  0.11578947
  5.73333333  0.34035088  6.23333333 -1.89274669  0.14210526  5.46666667
  0.34561404  6.2        -1.38846862  0.14736842  5.46666667  0.35087719
  6.36666667 -1.50342369]",4265.909966945648
0.166132,[-0.5741405],"[ 0.11578947  5.73333333  0.34035088  6.23333333 -1.89274669  0.14210526
  5.46666667  0.34561404  6.2        -1.38846862  0.14736842  5.46666667
  0.35087719  6.36666667 -1.50342369  0.15087719  5.43333333  0.35614035
  6.53333333 -1.57414055]",4265.991230964661
0.163576,[-0.36043262],"[ 0.14210526  5.46666667  0.34561404  6.2        -1.38846862  0.14736842
  5.46666667  0.35087719  6.36666667 -1.50342369  0.15087719  5.43333333
  0.35614035  6.53333333 -1.57414055  0.15438596  5.46666667  0.36140351
  6.63333333 -1.36043262]",4266.06974363327
0.16360000000000002,[-0.8661816],"[ 0.14736842  5.46666667  0.35087719  6.36666667 -1.50342369  0.15087719
  5.43333333  0.35614035  6.53333333 -1.57414055  0.15438596  5.46666667
  0.36140351  6.63333333 -1.36043262  0.15964912  5.5         0.36666667
  6.7        -1.86618161]",4266.149661540985
0.16871200000000003,[0.05066267],"[ 0.15087719  5.43333333  0.35614035  6.53333333 -1.57414055  0.15438596
  5.46666667  0.36140351  6.63333333 -1.36043262  0.15964912  5.5
  0.36666667  6.7        -1.86618161  0.16491228  5.5         0.37017544
  6.83333333 -0.9493373 ]",4266.229677438736
0.171248,[-0.43615896],"[ 0.15438596  5.46666667  0.36140351  6.63333333 -1.36043262  0.15964912
  5.5         0.36666667  6.7        -1.86618161  0.16491228  5.5
  0.37017544  6.83333333 -0.9493373   0.17017544  5.46666667  0.37017544
  6.96666667 -1.4361589 ]",4266.309858322144
0.16866,[0.6747987],"[ 0.15964912  5.5         0.36666667  6.7        -1.86618161  0.16491228
  5.5         0.37017544  6.83333333 -0.9493373   0.17017544  5.46666667
  0.37017544  6.96666667 -1.4361589   0.17192982  5.6         0.37368421
  6.93333333 -0.32520127]",4266.389704465866
0.16355599999999998,[-0.23341213],"[ 0.16491228  5.5         0.37017544  6.83333333 -0.9493373   0.17017544
  5.46666667  0.37017544  6.96666667 -1.4361589   0.17192982  5.6
  0.37368421  6.93333333 -0.32520127  0.17368421  5.7         0.37719298
  6.96666667 -1.23341215]",4266.469708204269
0.15842,[0.01801631],"[ 0.17017544  5.46666667  0.37017544  6.96666667 -1.4361589   0.17192982
  5.6         0.37368421  6.93333333 -0.32520127  0.17368421  5.7
  0.37719298  6.96666667 -1.23341215  0.17719298  5.9         0.38421053
  6.9        -0.98198366]",4266.5498304367065
0.15586000000000003,[0.74002624],"[ 0.17192982  5.6         0.37368421  6.93333333 -0.32520127  0.17368421
  5.7         0.37719298  6.96666667 -1.23341215  0.17719298  5.9
  0.38421053  6.9        -0.98198366  0.18245614  5.9         0.39122807
  7.         -0.25997376]",4266.6299023628235
0.15072800000000003,[-0.86537915],"[ 0.17368421  5.7         0.37719298  6.96666667 -1.23341215  0.17719298
  5.9         0.38421053  6.9        -0.98198366  0.18245614  5.9
  0.39122807  7.         -0.25997376  0.1877193   6.1         0.39824561
  6.96666667 -1.8653791 ]",4266.706743717194
0.14816,[-0.35420132],"[ 0.17719298  5.9         0.38421053  6.9        -0.98198366  0.18245614
  5.9         0.39122807  7.         -0.25997376  0.1877193   6.1
  0.39824561  6.96666667 -1.8653791   0.19298246  6.3         0.40701754
  6.83333333 -1.35420132]",4266.783075094223
0.145592,[-0.42973575],"[ 0.18245614  5.9         0.39122807  7.         -0.25997376  0.1877193
  6.1         0.39824561  6.96666667 -1.8653791   0.19298246  6.3
  0.40701754  6.83333333 -1.35420132  0.19649123  6.26666667  0.40701754
  7.03333333 -1.42973578]",4266.869096040726
0.14814800000000003,[0.02382278],"[ 0.1877193   6.1         0.39824561  6.96666667 -1.8653791   0.19298246
  6.3         0.40701754  6.83333333 -1.35420132  0.19649123  6.26666667
  0.40701754  7.03333333 -1.42973578  0.20175439  6.16666667  0.40877193
  7.26666667 -0.97617722]",4266.94988489151
0.153236,[-0.03072239],"[ 0.19298246  6.3         0.40701754  6.83333333 -1.35420132  0.19649123
  6.26666667  0.40701754  7.03333333 -1.42973578  0.20175439  6.16666667
  0.40877193  7.26666667 -0.97617722  0.20877193  6.26666667  0.41403509
  7.3        -1.03072238]",4267.029576063156
0.155772,[-0.5239132],"[ 0.19649123  6.26666667  0.40701754  7.03333333 -1.42973578  0.20175439
  6.16666667  0.40877193  7.26666667 -0.97617722  0.20877193  6.26666667
  0.41403509  7.3        -1.03072238  0.21403509  6.4         0.42280702
  7.3        -1.52391315]",4267.109845399857
0.163448,[0.0969351],"[ 0.20175439  6.16666667  0.40877193  7.26666667 -0.97617722  0.20877193
  6.26666667  0.41403509  7.3        -1.03072238  0.21403509  6.4
  0.42280702  7.3        -1.52391315  0.22280702  6.4         0.42982456
  7.5        -0.90306491]",4267.189815282822
0.171168,[-0.5097006],"[ 0.20877193  6.26666667  0.41403509  7.3        -1.03072238  0.21403509
  6.4         0.42280702  7.3        -1.52391315  0.22280702  6.4
  0.42982456  7.5        -0.90306491  0.22982456  6.4         0.43684211
  7.63333333 -1.50970054]",4267.269883394241
0.17370800000000006,[0.1772273],"[ 0.21403509  6.4         0.42280702  7.3        -1.52391315  0.22280702
  6.4         0.42982456  7.5        -0.90306491  0.22982456  6.4
  0.43684211  7.63333333 -1.50970054  0.23508772  6.56666667  0.44385965
  7.6        -0.82277268]",4267.349817991257
0.14555600000000005,[0.259767],"[ 0.22280702  6.4         0.42982456  7.5        -0.90306491  0.22982456
  6.4         0.43684211  7.63333333 -1.50970054  0.23508772  6.56666667
  0.44385965  7.6        -0.82277268  0.24210526  6.6         0.44736842
  7.73333333 -0.740233  ]",4267.429829835892
0.14042000000000002,[0.26762047],"[ 0.22982456  6.4         0.43684211  7.63333333 -1.50970054  0.23508772
  6.56666667  0.44385965  7.6        -0.82277268  0.24210526  6.6
  0.44736842  7.73333333 -0.740233    0.24385965  6.8         0.45263158
  7.66666667 -0.73237956]",4267.509703636169
0.14040000000000002,[-0.52869886],"[ 0.23508772  6.56666667  0.44385965  7.6        -0.82277268  0.24210526
  6.6         0.44736842  7.73333333 -0.740233    0.24385965  6.8
  0.45263158  7.66666667 -0.73237956  0.24736842  6.93333333  0.45964912
  7.63333333 -1.52869892]",4267.589608430862
0.142964,[-0.79881465],"[ 0.24210526  6.6         0.44736842  7.73333333 -0.740233    0.24385965
  6.8         0.45263158  7.66666667 -0.73237956  0.24736842  6.93333333
  0.45964912  7.63333333 -1.52869892  0.25263158  6.9         0.46315789
  7.7        -1.79881465]",4267.669699668884
0.14298799999999998,[-0.6489439],"[ 0.24385965  6.8         0.45263158  7.66666667 -0.73237956  0.24736842
  6.93333333  0.45964912  7.63333333 -1.52869892  0.25263158  6.9
  0.46315789  7.7        -1.79881465  0.25789474  6.73333333  0.46315789
  7.9        -1.6489439 ]",4267.7496654987335
0.14299199999999998,[-0.83732843],"[ 0.24736842  6.93333333  0.45964912  7.63333333 -1.52869892  0.25263158
  6.9         0.46315789  7.7        -1.79881465  0.25789474  6.73333333
  0.46315789  7.9        -1.6489439   0.26315789  6.7         0.46666667
  7.9        -1.83732843]",4267.829747438431
0.140428,[-0.23264728],"[ 0.25263158  6.9         0.46315789  7.7        -1.79881465  0.25789474
  6.73333333  0.46315789  7.9        -1.6489439   0.26315789  6.7
  0.46666667  7.9        -1.83732843  0.26666667  6.73333333  0.47017544
  7.93333333 -1.2326473 ]",4267.9098064899445
0.14299999999999996,[0.11344334],"[ 0.25789474  6.73333333  0.46315789  7.9        -1.6489439   0.26315789
  6.7         0.46666667  7.9        -1.83732843  0.26666667  6.73333333
  0.47017544  7.93333333 -1.2326473   0.27017544  6.73333333  0.47719298
  7.86666667 -0.88655668]",4267.9897837638855
0.145548,[-0.48203292],"[ 0.26315789  6.7         0.46666667  7.9        -1.83732843  0.26666667
  6.73333333  0.47017544  7.93333333 -1.2326473   0.27017544  6.73333333
  0.47719298  7.86666667 -0.88655668  0.27368421  6.9         0.48596491
  7.56666667 -1.4820329 ]",4268.069613933563
0.14556799999999998,[-0.07021679],"[ 0.26666667  6.73333333  0.47017544  7.93333333 -1.2326473   0.27017544
  6.73333333  0.47719298  7.86666667 -0.88655668  0.27368421  6.9
  0.48596491  7.56666667 -1.4820329   0.27719298  6.93333333  0.49122807
  7.46666667 -1.07021677]",4268.149814367294
0.14302399999999998,[-0.8241894],"[ 0.27017544  6.73333333  0.47719298  7.86666667 -0.88655668  0.27368421
  6.9         0.48596491  7.56666667 -1.4820329   0.27719298  6.93333333
  0.49122807  7.46666667 -1.07021677  0.28070175  6.83333333  0.49122807
  7.46666667 -1.82418942]",4268.22981095314
0.137936,[-0.83205694],"[ 0.27368421  6.9         0.48596491  7.56666667 -1.4820329   0.27719298
  6.93333333  0.49122807  7.46666667 -1.07021677  0.28070175  6.83333333
  0.49122807  7.46666667 -1.82418942  0.28245614  6.83333333  0.49298246
  7.4        -1.832057  ]",4268.309647321701
0.13542000000000004,[-0.5985968],"[ 0.27719298  6.93333333  0.49122807  7.46666667 -1.07021677  0.28070175
  6.83333333  0.49122807  7.46666667 -1.82418942  0.28245614  6.83333333
  0.49298246  7.4        -1.832057    0.28596491  6.7         0.49473684
  7.53333333 -1.59859681]",4268.389571905136
0.135424,[-0.8946903],"[ 0.28070175  6.83333333  0.49122807  7.46666667 -1.82418942  0.28245614
  6.83333333  0.49298246  7.4        -1.832057    0.28596491  6.7
  0.49473684  7.53333333 -1.59859681  0.28947368  6.63333333  0.49824561
  7.56666667 -1.89469028]",4268.469729185104
0.135416,[-0.8126793],"[ 0.28245614  6.83333333  0.49298246  7.4        -1.832057    0.28596491
  6.7         0.49473684  7.53333333 -1.59859681  0.28947368  6.63333333
  0.49824561  7.56666667 -1.89469028  0.29473684  6.6         0.50175439
  7.6        -1.81267929]",4268.549862861633
0.130328,[-0.7702221],"[ 0.28596491  6.7         0.49473684  7.53333333 -1.59859681  0.28947368
  6.63333333  0.49824561  7.56666667 -1.89469028  0.29473684  6.6
  0.50175439  7.6        -1.81267929  0.29824561  6.5         0.50526316
  7.63333333 -1.77022219]",4268.6297245025635
0.12779200000000002,[0.44223037],"[ 0.28947368  6.63333333  0.49824561  7.56666667 -1.89469028  0.29473684
  6.6         0.50175439  7.6        -1.81267929  0.29824561  6.5
  0.50526316  7.63333333 -1.77022219  0.30175439  6.46666667  0.50701754
  7.6        -0.55776966]",4268.709837913513
0.12012399999999994,[-0.9231524],"[ 0.29473684  6.6         0.50175439  7.6        -1.81267929  0.29824561
  6.5         0.50526316  7.63333333 -1.77022219  0.30175439  6.46666667
  0.50701754  7.6        -0.55776966  0.30526316  6.46666667  0.51052632
  7.53333333 -1.92315245]",4268.789710760117
0.10988800000000007,[0.24464963],"[ 0.29824561  6.5         0.50526316  7.63333333 -1.77022219  0.30175439
  6.46666667  0.50701754  7.6        -0.55776966  0.30526316  6.46666667
  0.51052632  7.53333333 -1.92315245  0.30526316  6.56666667  0.51403509
  7.36666667 -0.75535035]",4268.869769573212
0.10480799999999997,[-0.9665543],"[ 0.30175439  6.46666667  0.50701754  7.6        -0.55776966  0.30526316
  6.46666667  0.51052632  7.53333333 -1.92315245  0.30526316  6.56666667
  0.51403509  7.36666667 -0.75535035  0.30701754  6.46666667  0.51403509
  7.43333333 -1.96655428]",4268.949736118317
0.09713999999999995,[-0.02380781],"[ 0.30526316  6.46666667  0.51052632  7.53333333 -1.92315245  0.30526316
  6.56666667  0.51403509  7.36666667 -0.75535035  0.30701754  6.46666667
  0.51403509  7.43333333 -1.96655428  0.30877193  6.5         0.51578947
  7.4        -1.02380776]",4269.029675960541
0.09972799999999998,[-0.7309071],"[ 0.30526316  6.56666667  0.51403509  7.36666667 -0.75535035  0.30701754
  6.46666667  0.51403509  7.43333333 -1.96655428  0.30877193  6.5
  0.51578947  7.4        -1.02380776  0.3122807   6.43333333  0.51929825
  7.43333333 -1.73090708]",4269.109662294388
0.09973599999999999,[-0.76091146],"[ 0.30701754  6.46666667  0.51403509  7.43333333 -1.96655428  0.30877193
  6.5         0.51578947  7.4        -1.02380776  0.3122807   6.43333333
  0.51929825  7.43333333 -1.73090708  0.31578947  6.5         0.52280702
  7.43333333 -1.76091146]",4269.189700841904
0.099744,[-0.24915813],"[ 0.30877193  6.5         0.51578947  7.4        -1.02380776  0.3122807
  6.43333333  0.51929825  7.43333333 -1.73090708  0.31578947  6.5
  0.52280702  7.43333333 -1.76091146  0.32105263  6.4         0.52631579
  7.56666667 -1.24915814]",4269.268884420395
0.09972000000000003,[0.4062187],"[ 0.3122807   6.43333333  0.51929825  7.43333333 -1.73090708  0.31578947
  6.5         0.52280702  7.43333333 -1.76091146  0.32105263  6.4
  0.52631579  7.56666667 -1.24915814  0.32631579  6.43333333  0.53157895
  7.6        -0.59378129]",4269.344584703445
0.09458,[0.53676283],"[ 0.31578947  6.5         0.52280702  7.43333333 -1.76091146  0.32105263
  6.4         0.52631579  7.56666667 -1.24915814  0.32631579  6.43333333
  0.53157895  7.6        -0.59378129  0.32807018  6.63333333  0.53684211
  7.43333333 -0.46323717]",4269.4289021492
0.08944400000000002,[-0.04333216],"[ 0.32105263  6.4         0.52631579  7.56666667 -1.24915814  0.32631579
  6.43333333  0.53157895  7.6        -0.59378129  0.32807018  6.63333333
  0.53684211  7.43333333 -0.46323717  0.32807018  6.86666667  0.54210526
  7.26666667 -1.0433321 ]",4269.509523868561
0.08688400000000002,[-0.09448498],"[ 0.32631579  6.43333333  0.53157895  7.6        -0.59378129  0.32807018
  6.63333333  0.53684211  7.43333333 -0.46323717  0.32807018  6.86666667
  0.54210526  7.26666667 -1.0433321   0.32982456  6.9         0.54385965
  7.23333333 -1.09448493]",4269.589622497559
0.08692,[-0.8609775],"[ 0.32807018  6.63333333  0.53684211  7.43333333 -0.46323717  0.32807018
  6.86666667  0.54210526  7.26666667 -1.0433321   0.32982456  6.9
  0.54385965  7.23333333 -1.09448493  0.33333333  6.76666667  0.54385965
  7.26666667 -1.86097741]",4269.669791698456
0.084376,[-0.06776485],"[ 0.32807018  6.86666667  0.54210526  7.26666667 -1.0433321   0.32982456
  6.9         0.54385965  7.23333333 -1.09448493  0.33333333  6.76666667
  0.54385965  7.26666667 -1.86097741  0.33508772  6.7         0.54561404
  7.3        -1.06776488]",4269.749665021896
0.08693200000000001,[-0.799929],"[ 0.32982456  6.9         0.54385965  7.23333333 -1.09448493  0.33333333
  6.76666667  0.54385965  7.26666667 -1.86097741  0.33508772  6.7
  0.54561404  7.3        -1.06776488  0.34035088  6.6         0.54912281
  7.5        -1.79992902]",4269.829720020294
0.09458399999999995,[-0.81626624],"[ 0.33333333  6.76666667  0.54385965  7.26666667 -1.86097741  0.33508772
  6.7         0.54561404  7.3        -1.06776488  0.34035088  6.6
  0.54912281  7.5        -1.79992902  0.34736842  6.73333333  0.55614035
  7.53333333 -1.8162663 ]",4269.909634113312
0.09968799999999994,[0.21867304],"[ 0.33508772  6.7         0.54561404  7.3        -1.06776488  0.34035088
  6.6         0.54912281  7.5        -1.79992902  0.34736842  6.73333333
  0.55614035  7.53333333 -1.8162663   0.35438596  6.66666667  0.56140351
  7.66666667 -0.78132695]",4269.989650011063
0.102236,[-0.40781772],"[ 0.34035088  6.6         0.54912281  7.5        -1.79992902  0.34736842
  6.73333333  0.55614035  7.53333333 -1.8162663   0.35438596  6.66666667
  0.56140351  7.66666667 -0.78132695  0.35964912  6.66666667  0.56666667
  7.66666667 -1.40781772]",4270.069630146027
0.09965599999999997,[-0.8124058],"[ 0.34736842  6.73333333  0.55614035  7.53333333 -1.8162663   0.35438596
  6.66666667  0.56140351  7.66666667 -0.78132695  0.35964912  6.66666667
  0.56666667  7.66666667 -1.40781772  0.36315789  6.83333333  0.57192982
  7.56666667 -1.81240582]",4270.1498067379
0.09965199999999996,[-0.63898516],"[ 0.35438596  6.66666667  0.56140351  7.66666667 -0.78132695  0.35964912
  6.66666667  0.56666667  7.66666667 -1.40781772  0.36315789  6.83333333
  0.57192982  7.56666667 -1.81240582  0.36666667  6.76666667  0.57192982
  7.76666667 -1.63898516]",4270.229795455933
0.09965999999999997,[0.3554077],"[ 0.35964912  6.66666667  0.56666667  7.66666667 -1.40781772  0.36315789
  6.83333333  0.57192982  7.56666667 -1.81240582  0.36666667  6.76666667
  0.57192982  7.76666667 -1.63898516  0.37017544  6.66666667  0.57192982
  7.9        -0.64459229]",4270.308963060379
0.09964800000000001,[-0.25617844],"[ 0.36315789  6.83333333  0.57192982  7.56666667 -1.81240582  0.36666667
  6.76666667  0.57192982  7.76666667 -1.63898516  0.37017544  6.66666667
  0.57192982  7.9        -0.64459229  0.37368421  6.76666667  0.57719298
  7.86666667 -1.25617838]",4270.3894584178925
0.10474799999999995,[-0.7410193],"[ 0.36666667  6.76666667  0.57192982  7.76666667 -1.63898516  0.37017544
  6.66666667  0.57192982  7.9        -0.64459229  0.37368421  6.76666667
  0.57719298  7.86666667 -1.25617838  0.37719298  6.96666667  0.58596491
  7.8        -1.74101925]",4270.464698553085
0.114972,[-0.88511264],"[ 0.37017544  6.66666667  0.57192982  7.9        -0.64459229  0.37368421
  6.76666667  0.57719298  7.86666667 -1.25617838  0.37719298  6.96666667
  0.58596491  7.8        -1.74101925  0.38596491  6.86666667  0.58947368
  7.93333333 -1.88511264]",4270.543889284134
0.12266800000000004,[-0.67639375],"[ 0.37368421  6.76666667  0.57719298  7.86666667 -1.25617838  0.37719298
  6.96666667  0.58596491  7.8        -1.74101925  0.38596491  6.86666667
  0.58947368  7.93333333 -1.88511264  0.39298246  6.66666667  0.59473684
  7.9        -1.67639375]",4270.6235320568085
0.12266400000000004,[0.67576694],"[ 0.37719298  6.96666667  0.58596491  7.8        -1.74101925  0.38596491
  6.86666667  0.58947368  7.93333333 -1.88511264  0.39298246  6.66666667
  0.59473684  7.9        -1.67639375  0.39649123  6.63333333  0.59824561
  7.83333333 -0.32423306]",4270.707816362381
0.11754400000000002,[0.08489463],"[ 0.38596491  6.86666667  0.58947368  7.93333333 -1.88511264  0.39298246
  6.66666667  0.59473684  7.9        -1.67639375  0.39649123  6.63333333
  0.59824561  7.83333333 -0.32423306  0.39649123  6.76666667  0.60350877
  7.8        -0.91510534]",4270.78955078125
0.11495600000000002,[-0.19118677],"[ 0.39298246  6.66666667  0.59473684  7.9        -1.67639375  0.39649123
  6.63333333  0.59824561  7.83333333 -0.32423306  0.39649123  6.76666667
  0.60350877  7.8        -0.91510534  0.4         6.93333333  0.61052632
  7.56666667 -1.19118679]",4270.869953632355
0.11240800000000002,[0.3882707],"[ 0.39649123  6.63333333  0.59824561  7.83333333 -0.32423306  0.39649123
  6.76666667  0.60350877  7.8        -0.91510534  0.4         6.93333333
  0.61052632  7.56666667 -1.19118679  0.40350877  6.9         0.61403509
  7.5        -0.61172926]",4270.94973731041
0.11498800000000002,[0.23488301],"[ 0.39649123  6.76666667  0.60350877  7.8        -0.91510534  0.4
  6.93333333  0.61052632  7.56666667 -1.19118679  0.40350877  6.9
  0.61403509  7.5        -0.61172926  0.40701754  6.9         0.61754386
  7.43333333 -0.76511699]",4271.029724121094
0.11755199999999999,[-0.35111544],"[ 0.4         6.93333333  0.61052632  7.56666667 -1.19118679  0.40350877
  6.9         0.61403509  7.5        -0.61172926  0.40701754  6.9
  0.61754386  7.43333333 -0.76511699  0.40877193  7.06666667  0.62280702
  7.26666667 -1.35111547]",4271.109905958176
0.122672,[0.5813432],"[ 0.40350877  6.9         0.61403509  7.5        -0.61172926  0.40701754
  6.9         0.61754386  7.43333333 -0.76511699  0.40877193  7.06666667
  0.62280702  7.26666667 -1.35111547  0.41403509  7.03333333  0.62631579
  7.3        -0.41865683]",4271.189950942993
0.12266000000000006,[0.04199028],"[ 0.40701754  6.9         0.61754386  7.43333333 -0.76511699  0.40877193
  7.06666667  0.62280702  7.26666667 -1.35111547  0.41403509  7.03333333
  0.62631579  7.3        -0.41865683  0.41754386  7.          0.62807018
  7.3        -0.95800972]",4271.270020723343
0.12518800000000002,[-0.8039989],"[ 0.40877193  7.06666667  0.62280702  7.26666667 -1.35111547  0.41403509
  7.03333333  0.62631579  7.3        -0.41865683  0.41754386  7.
  0.62807018  7.3        -0.95800972  0.42105263  7.16666667  0.63508772
  7.06666667 -1.80399895]",4271.350424528122
0.12518800000000002,[-0.8482108],"[ 0.41403509  7.03333333  0.62631579  7.3        -0.41865683  0.41754386
  7.          0.62807018  7.3        -0.95800972  0.42105263  7.16666667
  0.63508772  7.06666667 -1.80399895  0.42631579  7.06666667  0.64035088
  7.06666667 -1.84821081]",4271.429876565933
0.12268000000000001,[-0.95843315],"[ 0.41754386  7.          0.62807018  7.3        -0.95800972  0.42105263
  7.16666667  0.63508772  7.06666667 -1.80399895  0.42631579  7.06666667
  0.64035088  7.06666667 -1.84821081  0.43157895  6.8         0.64210526
  7.3        -1.95843315]",4271.509885787964
0.12268400000000002,[-0.7667797],"[ 0.42105263  7.16666667  0.63508772  7.06666667 -1.80399895  0.42631579
  7.06666667  0.64035088  7.06666667 -1.84821081  0.43157895  6.8
  0.64210526  7.3        -1.95843315  0.43859649  6.7         0.64561404
  7.43333333 -1.76677966]",4271.589931964874
0.12524400000000002,[-0.41145855],"[ 0.42631579  7.06666667  0.64035088  7.06666667 -1.84821081  0.43157895
  6.8         0.64210526  7.3        -1.95843315  0.43859649  6.7
  0.64561404  7.43333333 -1.76677966  0.44561404  6.66666667  0.65263158
  7.5        -1.41145849]",4271.669557332993
0.13037600000000005,[-0.6635504],"[ 0.43157895  6.8         0.64210526  7.3        -1.95843315  0.43859649
  6.7         0.64561404  7.43333333 -1.76677966  0.44561404  6.66666667
  0.65263158  7.5        -1.41145849  0.45263158  6.66666667  0.65964912
  7.53333333 -1.66355038]",4271.749727725983
0.13548000000000004,[-0.16390112],"[ 0.43859649  6.7         0.64561404  7.43333333 -1.76677966  0.44561404
  6.66666667  0.65263158  7.5        -1.41145849  0.45263158  6.66666667
  0.65964912  7.53333333 -1.66355038  0.45964912  6.66666667  0.66666667
  7.6        -1.16390109]",4271.8254544734955
0.14058400000000004,[-0.3551379],"[ 0.44561404  6.66666667  0.65263158  7.5        -1.41145849  0.45263158
  6.66666667  0.65964912  7.53333333 -1.66355038  0.45964912  6.66666667
  0.66666667  7.6        -1.16390109  0.46666667  6.63333333  0.67192982
  7.63333333 -1.35513794]",4271.909525871277
0.13802800000000004,[-0.48048884],"[ 0.45263158  6.66666667  0.65964912  7.53333333 -1.66355038  0.45964912
  6.66666667  0.66666667  7.6        -1.16390109  0.46666667  6.63333333
  0.67192982  7.63333333 -1.35513794  0.46842105  6.73333333  0.6754386
  7.6        -1.48048878]",4271.989866733551
0.13550400000000007,[-0.8621446],"[ 0.45964912  6.66666667  0.66666667  7.6        -1.16390109  0.46666667
  6.63333333  0.67192982  7.63333333 -1.35513794  0.46842105  6.73333333
  0.6754386   7.6        -1.48048878  0.47017544  6.66666667  0.6754386
  7.7        -1.86214459]",4272.069915771484
0.12783599999999995,[-0.7542154],"[ 0.46666667  6.63333333  0.67192982  7.63333333 -1.35513794  0.46842105
  6.73333333  0.6754386   7.6        -1.48048878  0.47017544  6.66666667
  0.6754386   7.7        -1.86214459  0.47368421  6.56666667  0.67368421
  7.83333333 -1.75421548]",4272.150763988495
0.12270399999999992,[0.27598494],"[ 0.46842105  6.73333333  0.6754386   7.6        -1.48048878  0.47017544
  6.66666667  0.6754386   7.7        -1.86214459  0.47368421  6.56666667
  0.67368421  7.83333333 -1.75421548  0.47719298  6.53333333  0.6754386
  7.93333333 -0.72401506]",4272.229990243912
0.12012800000000001,[-0.11278988],"[ 0.47017544  6.66666667  0.6754386   7.7        -1.86214459  0.47368421
  6.56666667  0.67368421  7.83333333 -1.75421548  0.47719298  6.53333333
  0.6754386   7.93333333 -0.72401506  0.47894737  6.66666667  0.67894737
  7.93333333 -1.11278987]",4272.309720993042
0.12012,[0.06116223],"[ 0.47368421  6.56666667  0.67368421  7.83333333 -1.75421548  0.47719298
  6.53333333  0.6754386   7.93333333 -0.72401506  0.47894737  6.66666667
  0.67894737  7.93333333 -1.11278987  0.47894737  6.86666667  0.68421053
  7.86666667 -0.93883777]",4272.389909982681
0.12013600000000002,[-0.12018386],"[ 0.47719298  6.53333333  0.6754386   7.93333333 -0.72401506  0.47894737
  6.66666667  0.67894737  7.93333333 -1.11278987  0.47894737  6.86666667
  0.68421053  7.86666667 -0.93883777  0.48245614  6.9         0.68947368
  7.83333333 -1.12018383]",4272.469822645187
0.12268800000000002,[-0.2931329],"[ 0.47894737  6.66666667  0.67894737  7.93333333 -1.11278987  0.47894737
  6.86666667  0.68421053  7.86666667 -0.93883777  0.48245614  6.9
  0.68947368  7.83333333 -1.12018383  0.4877193   6.9         0.69298246
  7.8        -1.2931329 ]",4272.549760341644
0.12013600000000002,[-0.0052881],"[ 0.47894737  6.86666667  0.68421053  7.86666667 -0.93883777  0.48245614
  6.9         0.68947368  7.83333333 -1.12018383  0.4877193   6.9
  0.69298246  7.8        -1.2931329   0.48947368  6.86666667  0.69473684
  7.86666667 -1.00528812]",4272.633741617203
0.11758400000000002,[0.89332914],"[ 0.48245614  6.9         0.68947368  7.83333333 -1.12018383  0.4877193
  6.9         0.69298246  7.8        -1.2931329   0.48947368  6.86666667
  0.69473684  7.86666667 -1.00528812  0.48947368  7.          0.69649123
  7.9        -0.10667086]",4272.713620185852
0.1099,[0.42340657],"[ 0.4877193   6.9         0.69298246  7.8        -1.2931329   0.48947368
  6.86666667  0.69473684  7.86666667 -1.00528812  0.48947368  7.
  0.69649123  7.9        -0.10667086  0.48947368  7.1         0.69824561
  7.83333333 -0.5765934 ]",4272.793586969376
0.10731999999999997,[0.47646174],"[ 0.48947368  6.86666667  0.69473684  7.86666667 -1.00528812  0.48947368
  7.          0.69649123  7.9        -0.10667086  0.48947368  7.1
  0.69824561  7.83333333 -0.5765934   0.49122807  7.26666667  0.70175439
  7.63333333 -0.52353823]",4272.873562097549
0.10222399999999998,[-0.9332809],"[ 0.48947368  7.          0.69649123  7.9        -0.10667086  0.48947368
  7.1         0.69824561  7.83333333 -0.5765934   0.49122807  7.26666667
  0.70175439  7.63333333 -0.52353823  0.49122807  7.3         0.70350877
  7.56666667 -1.93328094]",4272.953674077988
0.09453599999999995,[-0.8867006],"[ 0.48947368  7.1         0.69824561  7.83333333 -0.5765934   0.49122807
  7.26666667  0.70175439  7.63333333 -0.52353823  0.49122807  7.3
  0.70350877  7.56666667 -1.93328094  0.49122807  7.36666667  0.70175439
  7.56666667 -1.88670063]",4273.032892942429
0.08685600000000004,[-0.64942634],"[ 0.49122807  7.26666667  0.70175439  7.63333333 -0.52353823  0.49122807
  7.3         0.70350877  7.56666667 -1.93328094  0.49122807  7.36666667
  0.70175439  7.56666667 -1.88670063  0.49122807  7.2         0.7
  7.76666667 -1.64942634]",4273.106920957565
0.08174800000000004,[0.09449156],"[ 0.49122807  7.3         0.70350877  7.56666667 -1.93328094  0.49122807
  7.36666667  0.70175439  7.56666667 -1.88670063  0.49122807  7.2
  0.7         7.76666667 -1.64942634  0.49473684  7.06666667  0.70175439
  7.9        -0.90550846]",4273.192794561386
0.07662400000000003,[-0.73547566],"[ 0.49122807  7.36666667  0.70175439  7.56666667 -1.88670063  0.49122807
  7.2         0.7         7.76666667 -1.64942634  0.49473684  7.06666667
  0.70175439  7.9        -0.90550846  0.49824561  7.13333333  0.70877193
  7.83333333 -1.73547566]",4273.2748939991
0.07916400000000001,[-0.20412095],"[ 0.49122807  7.2         0.7         7.76666667 -1.64942634  0.49473684
  7.06666667  0.70175439  7.9        -0.90550846  0.49824561  7.13333333
  0.70877193  7.83333333 -1.73547566  0.50701754  7.26666667  0.71754386
  7.73333333 -1.20412099]",4273.353564023972
0.07918400000000003,[-0.46015236],"[ 0.49473684  7.06666667  0.70175439  7.9        -0.90550846  0.49824561
  7.13333333  0.70877193  7.83333333 -1.73547566  0.50701754  7.26666667
  0.71754386  7.73333333 -1.20412099  0.51403509  7.1         0.72280702
  7.8        -1.46015239]",4273.433668375015
0.07407599999999992,[-0.91627],"[ 0.49824561  7.13333333  0.70877193  7.83333333 -1.73547566  0.50701754
  7.26666667  0.71754386  7.73333333 -1.20412099  0.51403509  7.1
  0.72280702  7.8        -1.46015239  0.51754386  7.03333333  0.72631579
  7.73333333 -1.91627002]",4273.513701677322
0.07665199999999994,[-0.16963527],"[ 0.50701754  7.26666667  0.71754386  7.73333333 -1.20412099  0.51403509
  7.1         0.72280702  7.8        -1.46015239  0.51754386  7.03333333
  0.72631579  7.73333333 -1.91627002  0.52105263  6.96666667  0.72807018
  7.76666667 -1.1696353 ]",4273.593613624573
0.07920399999999994,[-0.87000084],"[ 0.51403509  7.1         0.72280702  7.8        -1.46015239  0.51754386
  7.03333333  0.72631579  7.73333333 -1.91627002  0.52105263  6.96666667
  0.72807018  7.76666667 -1.1696353   0.5245614   6.93333333  0.72982456
  7.93333333 -1.87000084]",4273.673663854599
0.07918400000000003,[-0.19317795],"[ 0.51754386  7.03333333  0.72631579  7.73333333 -1.91627002  0.52105263
  6.96666667  0.72807018  7.76666667 -1.1696353   0.5245614   6.93333333
  0.72982456  7.93333333 -1.87000084  0.52807018  7.          0.73508772
  7.86666667 -1.19317794]",4273.753714799881
0.08174000000000003,[-0.0102785],"[ 0.52105263  6.96666667  0.72807018  7.76666667 -1.1696353   0.5245614
  6.93333333  0.72982456  7.93333333 -1.87000084  0.52807018  7.
  0.73508772  7.86666667 -1.19317794  0.53333333  6.96666667  0.74035088
  7.9        -1.01027846]",4273.833677530289
