reward,action,obs,time
,,"[0.         0.         0.         0.         0.         0.
 0.         0.         0.         0.         0.         0.
 0.         0.         0.         0.02982456 5.5        0.24385965
 5.5        0.        ]",750.7152872085571
0.0025240000000000054,[-0.72064215],"[ 0.          0.          0.          0.          0.          0.
  0.          0.          0.          0.          0.02982456  5.5
  0.24385965  5.5         0.          0.03157895  5.76666667  0.24385965
  5.36666667 -1.72064209]",750.7878351211548
4.000000000004e-06,[0.28104925],"[ 0.          0.          0.          0.          0.          0.02982456
  5.5         0.24385965  5.5         0.          0.03157895  5.76666667
  0.24385965  5.36666667 -1.72064209  0.02982456  5.46666667  0.24561404
  5.5        -0.71895075]",750.8481695652008
-1.1999999999998123e-05,[0.5041442],"[ 0.02982456  5.5         0.24385965  5.5         0.          0.03157895
  5.76666667  0.24385965  5.36666667 -1.72064209  0.02982456  5.46666667
  0.24561404  5.5        -0.71895075  0.02982456  5.6         0.24385965
  5.43333333 -0.49585581]",750.892320394516
0.0025440000000000046,[0.8645658],"[ 0.03157895  5.76666667  0.24385965  5.36666667 -1.72064209  0.02982456
  5.46666667  0.24561404  5.5        -0.71895075  0.02982456  5.6
  0.24385965  5.43333333 -0.49585581  0.03157895  5.6         0.24385965
  5.46666667 -0.13543421]",750.9487371444702
0.0025480000000000017,[-0.09783955],"[ 0.02982456  5.46666667  0.24561404  5.5        -0.71895075  0.02982456
  5.6         0.24385965  5.43333333 -0.49585581  0.03157895  5.6
  0.24385965  5.46666667 -0.13543421  0.03157895  5.56666667  0.24385965
  5.43333333 -1.09783959]",751.0056898593903
0.0025320000000000065,[-0.92419535],"[ 0.02982456  5.6         0.24385965  5.43333333 -0.49585581  0.03157895
  5.6         0.24385965  5.46666667 -0.13543421  0.03157895  5.56666667
  0.24385965  5.43333333 -1.09783959  0.03157895  5.7         0.24561404
  5.36666667 -1.92419529]",751.0495612621307
0.005076000000000004,[0.6839311],"[ 0.03157895  5.6         0.24385965  5.46666667 -0.13543421  0.03157895
  5.56666667  0.24385965  5.43333333 -1.09783959  0.03157895  5.7
  0.24561404  5.36666667 -1.92419529  0.03333333  5.8         0.24561404
  5.23333333 -0.31606889]",751.1314167976379
0.005076000000000004,[0.7620168],"[ 0.03157895  5.56666667  0.24385965  5.43333333 -1.09783959  0.03157895
  5.7         0.24561404  5.36666667 -1.92419529  0.03333333  5.8
  0.24561404  5.23333333 -0.31606889  0.03333333  5.8         0.24561404
  5.23333333 -0.23798323]",751.1858251094818
0.0025600000000000067,[0.92410165],"[ 0.03157895  5.7         0.24561404  5.36666667 -1.92419529  0.03333333
  5.8         0.24561404  5.23333333 -0.31606889  0.03333333  5.8
  0.24561404  5.23333333 -0.23798323  0.03157895  5.46666667  0.24736842
  5.6        -0.07589835]",751.2648918628693
0.012812000000000004,[-0.181263],"[ 0.03333333  5.8         0.24561404  5.23333333 -0.31606889  0.03333333
  5.8         0.24561404  5.23333333 -0.23798323  0.03157895  5.46666667
  0.24736842  5.6        -0.07589835  0.03859649  5.23333333  0.25087719
  5.8        -1.18126297]",751.3137481212616
0.023008,[-0.7889907],"[ 0.03333333  5.8         0.24561404  5.23333333 -0.23798323  0.03157895
  5.46666667  0.24736842  5.6        -0.07589835  0.03859649  5.23333333
  0.25087719  5.8        -1.18126297  0.04561404  5.46666667  0.25789474
  5.63333333 -1.78899074]",751.4125025272369
0.03576800000000001,[0.4558609],"[ 0.03157895  5.46666667  0.24736842  5.6        -0.07589835  0.03859649
  5.23333333  0.25087719  5.8        -1.18126297  0.04561404  5.46666667
  0.25789474  5.63333333 -1.78899074  0.05438596  5.63333333  0.26666667
  5.46666667 -0.54413909]",751.4473896026611
0.048568,[0.70831835],"[ 0.03859649  5.23333333  0.25087719  5.8        -1.18126297  0.04561404
  5.46666667  0.25789474  5.63333333 -1.78899074  0.05438596  5.63333333
  0.26666667  5.46666667 -0.54413909  0.06315789  5.46666667  0.2754386
  5.6        -0.29168165]",751.538736820221
0.063912,[-0.62872666],"[ 0.04561404  5.46666667  0.25789474  5.63333333 -1.78899074  0.05438596
  5.63333333  0.26666667  5.46666667 -0.54413909  0.06315789  5.46666667
  0.2754386   5.6        -0.29168165  0.07368421  5.4         0.28596491
  5.66666667 -1.62872672]",751.6275873184204
0.084324,[0.42618388],"[ 0.05438596  5.63333333  0.26666667  5.46666667 -0.54413909  0.06315789
  5.46666667  0.2754386   5.6        -0.29168165  0.07368421  5.4
  0.28596491  5.66666667 -1.62872672  0.0877193   5.7         0.3
  5.33333333 -0.57381612]",751.6890733242035
0.099668,[0.8657901],"[ 0.06315789  5.46666667  0.2754386   5.6        -0.29168165  0.07368421
  5.4         0.28596491  5.66666667 -1.62872672  0.0877193   5.7
  0.3         5.33333333 -0.57381612  0.09824561  5.63333333  0.31052632
  5.36666667 -0.13420987]",751.7700462341309
0.10989199999999999,[0.83527124],"[ 0.07368421  5.4         0.28596491  5.66666667 -1.62872672  0.0877193
  5.7         0.3         5.33333333 -0.57381612  0.09824561  5.63333333
  0.31052632  5.36666667 -0.13420987  0.10526316  5.63333333  0.32105263
  5.5        -0.16472876]",751.8549230098724
0.12773600000000002,[0.5612539],"[ 0.0877193   5.7         0.3         5.33333333 -0.57381612  0.09824561
  5.63333333  0.31052632  5.36666667 -0.13420987  0.10526316  5.63333333
  0.32105263  5.5        -0.16472876  0.11754386  6.03333333  0.32982456
  5.23333333 -0.43874609]",751.9333183765411
0.140492,[0.66056675],"[ 0.09824561  5.63333333  0.31052632  5.36666667 -0.13420987  0.10526316
  5.63333333  0.32105263  5.5        -0.16472876  0.11754386  6.03333333
  0.32982456  5.23333333 -0.43874609  0.12631579  6.23333333  0.33859649
  4.96666667 -0.33943325]",752.0164210796356
0.178864,[-0.47705108],"[ 0.10526316  5.63333333  0.32105263  5.5        -0.16472876  0.11754386
  6.03333333  0.32982456  5.23333333 -0.43874609  0.12631579  6.23333333
  0.33859649  4.96666667 -0.33943325  0.15263158  5.96666667  0.34561404
  4.76666667 -1.47705102]",752.0807311534882
0.18656,[-0.6778327],"[ 0.11754386  6.03333333  0.32982456  5.23333333 -0.43874609  0.12631579
  6.23333333  0.33859649  4.96666667 -0.33943325  0.15263158  5.96666667
  0.34561404  4.76666667 -1.47705102  0.15964912  6.          0.35263158
  4.56666667 -1.67783272]",752.1589894294739
0.191656,[-0.42876002],"[ 0.12631579  6.23333333  0.33859649  4.96666667 -0.33943325  0.15263158
  5.96666667  0.34561404  4.76666667 -1.47705102  0.15964912  6.
  0.35263158  4.56666667 -1.67783272  0.16140351  5.83333333  0.36315789
  4.63333333 -1.42876005]",752.2408657073975
0.19681200000000001,[0.20026806],"[ 0.15263158  5.96666667  0.34561404  4.76666667 -1.47705102  0.15964912
  6.          0.35263158  4.56666667 -1.67783272  0.16140351  5.83333333
  0.36315789  4.63333333 -1.42876005  0.16491228  5.6         0.37368421
  4.8        -0.79973197]",752.3210868835449
0.21214,[-0.5259949],"[ 0.15964912  6.          0.35263158  4.56666667 -1.67783272  0.16140351
  5.83333333  0.36315789  4.63333333 -1.42876005  0.16491228  5.6
  0.37368421  4.8        -0.79973197  0.17719298  5.66666667  0.38421053
  4.7        -1.5259949 ]",752.4040548801422
0.23003200000000001,[-0.96565014],"[ 0.16140351  5.83333333  0.36315789  4.63333333 -1.42876005  0.16491228
  5.6         0.37368421  4.8        -0.79973197  0.17719298  5.66666667
  0.38421053  4.7        -1.5259949   0.18947368  5.63333333  0.39473684
  4.56666667 -1.96565008]",752.482353925705
0.23775600000000002,[-0.4605054],"[ 0.16491228  5.6         0.37368421  4.8        -0.79973197  0.17719298
  5.66666667  0.38421053  4.7        -1.5259949   0.18947368  5.63333333
  0.39473684  4.56666667 -1.96565008  0.19473684  5.3         0.40701754
  4.73333333 -1.46050537]",752.5646324157715
0.24801999999999996,[0.12095203],"[ 0.17719298  5.66666667  0.38421053  4.7        -1.5259949   0.18947368
  5.63333333  0.39473684  4.56666667 -1.96565008  0.19473684  5.3
  0.40701754  4.73333333 -1.46050537  0.20350877  5.06666667  0.41754386
  4.8        -0.87904799]",752.6379120349884
0.26334799999999997,[0.33489376],"[ 0.18947368  5.63333333  0.39473684  4.56666667 -1.96565008  0.19473684
  5.3         0.40701754  4.73333333 -1.46050537  0.20350877  5.06666667
  0.41754386  4.8        -0.87904799  0.21403509  5.13333333  0.42807018
  4.63333333 -0.66510624]",752.7196500301361
0.28374,[-0.7512252],"[ 0.19473684  5.3         0.40701754  4.73333333 -1.46050537  0.20350877
  5.06666667  0.41754386  4.8        -0.87904799  0.21403509  5.13333333
  0.42807018  4.63333333 -0.66510624  0.22631579  5.26666667  0.43508772
  4.4        -1.75122523]",752.7999749183655
0.28371599999999997,[-0.1626601],"[ 0.20350877  5.06666667  0.41754386  4.8        -0.87904799  0.21403509
  5.13333333  0.42807018  4.63333333 -0.66510624  0.22631579  5.26666667
  0.43508772  4.4        -1.75122523  0.23333333  5.23333333  0.44210526
  4.4        -1.16266012]",752.881489276886
0.28121199999999996,[-0.7889142],"[ 0.21403509  5.13333333  0.42807018  4.63333333 -0.66510624  0.22631579
  5.26666667  0.43508772  4.4        -1.75122523  0.23333333  5.23333333
  0.44210526  4.4        -1.16266012  0.23859649  5.03333333  0.45087719
  4.5        -1.7889142 ]",752.9579844474792
0.283804,[0.5692809],"[ 0.22631579  5.26666667  0.43508772  4.4        -1.75122523  0.23333333
  5.23333333  0.44210526  4.4        -1.16266012  0.23859649  5.03333333
  0.45087719  4.5        -1.7889142   0.24912281  4.9         0.46140351
  4.46666667 -0.43071908]",753.0427572727203
0.28635200000000005,[0.81822944],"[ 0.23333333  5.23333333  0.44210526  4.4        -1.16266012  0.23859649
  5.03333333  0.45087719  4.5        -1.7889142   0.24912281  4.9
  0.46140351  4.46666667 -0.43071908  0.25964912  4.8         0.47368421
  4.5        -0.18177056]",753.1233627796173
0.291424,[-0.9594155],"[ 0.23859649  5.03333333  0.45087719  4.5        -1.7889142   0.24912281
  4.9         0.46140351  4.46666667 -0.43071908  0.25964912  4.8
  0.47368421  4.5        -0.18177056  0.27368421  5.06666667  0.48421053
  4.26666667 -1.95941544]",753.1979537010193
0.2863239999999999,[0.68816614],"[ 0.24912281  4.9         0.46140351  4.46666667 -0.43071908  0.25964912
  4.8         0.47368421  4.5        -0.18177056  0.27368421  5.06666667
  0.48421053  4.26666667 -1.95941544  0.28421053  5.26666667  0.48596491
  3.96666667 -0.31183386]",753.2847235202789
0.27355599999999997,[-0.02728846],"[ 0.25964912  4.8         0.47368421  4.5        -0.18177056  0.27368421
  5.06666667  0.48421053  4.26666667 -1.95941544  0.28421053  5.26666667
  0.48596491  3.96666667 -0.31183386  0.28596491  5.1         0.48947368
  3.9        -1.02728844]",753.3624005317688
0.27356400000000003,[-0.7133955],"[ 0.27368421  5.06666667  0.48421053  4.26666667 -1.95941544  0.28421053
  5.26666667  0.48596491  3.96666667 -0.31183386  0.28596491  5.1
  0.48947368  3.9        -1.02728844  0.29298246  5.03333333  0.49298246
  3.66666667 -1.71339548]",753.4384989738464
0.263404,[0.90610653],"[ 0.28421053  5.26666667  0.48596491  3.96666667 -0.31183386  0.28596491
  5.1         0.48947368  3.9        -1.02728844  0.29298246  5.03333333
  0.49298246  3.66666667 -1.71339548  0.29824561  4.9         0.50350877
  3.8        -0.09389347]",753.5207448005676
0.26343999999999995,[0.39776498],"[ 0.28596491  5.1         0.48947368  3.9        -1.02728844  0.29298246
  5.03333333  0.49298246  3.66666667 -1.71339548  0.29824561  4.9
  0.50350877  3.8        -0.09389347  0.30701754  4.8         0.51578947
  4.         -0.60223502]",753.6006996631622
0.248048,[-0.5484033],"[ 0.29298246  5.03333333  0.49298246  3.66666667 -1.71339548  0.29824561
  4.9         0.50350877  3.8        -0.09389347  0.30701754  4.8
  0.51578947  4.         -0.60223502  0.32280702  5.          0.52631579
  3.76666667 -1.54840326]",753.678435087204
0.24804400000000001,[0.99773175],"[ 2.98245614e-01  4.90000000e+00  5.03508772e-01  3.80000000e+00
 -9.38934684e-02  3.07017544e-01  4.80000000e+00  5.15789474e-01
  4.00000000e+00 -6.02235019e-01  3.22807018e-01  5.00000000e+00
  5.26315789e-01  3.76666667e+00 -1.54840326e+00  3.29824561e-01
  5.06666667e+00  5.31578947e-01  3.80000000e+00 -2.26825476e-03]",753.759697675705
0.250604,[-0.97955513],"[ 3.07017544e-01  4.80000000e+00  5.15789474e-01  4.00000000e+00
 -6.02235019e-01  3.22807018e-01  5.00000000e+00  5.26315789e-01
  3.76666667e+00 -1.54840326e+00  3.29824561e-01  5.06666667e+00
  5.31578947e-01  3.80000000e+00 -2.26825476e-03  3.33333333e-01
  4.86666667e+00  5.40350877e-01  4.00000000e+00 -1.97955513e+00]",753.8387076854706
0.258236,[-0.93699706],"[ 3.22807018e-01  5.00000000e+00  5.26315789e-01  3.76666667e+00
 -1.54840326e+00  3.29824561e-01  5.06666667e+00  5.31578947e-01
  3.80000000e+00 -2.26825476e-03  3.33333333e-01  4.86666667e+00
  5.40350877e-01  4.00000000e+00 -1.97955513e+00  3.42105263e-01
  4.93333333e+00  5.47368421e-01  3.86666667e+00 -1.93699706e+00]",753.9196832180023
0.248044,[0.5952564],"[ 3.29824561e-01  5.06666667e+00  5.31578947e-01  3.80000000e+00
 -2.26825476e-03  3.33333333e-01  4.86666667e+00  5.40350877e-01
  4.00000000e+00 -1.97955513e+00  3.42105263e-01  4.93333333e+00
  5.47368421e-01  3.86666667e+00 -1.93699706e+00  3.47368421e-01
  4.73333333e+00  5.57894737e-01  4.10000000e+00 -4.04743612e-01]",754.0006403923035
0.24039200000000002,[0.23267056],"[ 0.33333333  4.86666667  0.54035088  4.         -1.97955513  0.34210526
  4.93333333  0.54736842  3.86666667 -1.93699706  0.34736842  4.73333333
  0.55789474  4.1        -0.40474361  0.35438596  4.56666667  0.56842105
  4.36666667 -0.76732945]",754.0839121341705
0.242896,[-0.31257004],"[ 0.34210526  4.93333333  0.54736842  3.86666667 -1.93699706  0.34736842
  4.73333333  0.55789474  4.1        -0.40474361  0.35438596  4.56666667
  0.56842105  4.36666667 -0.76732945  0.36140351  4.66666667  0.5754386
  4.23333333 -1.3125701 ]",754.1606118679047
0.24287200000000003,[-0.5155165],"[ 0.34736842  4.73333333  0.55789474  4.1        -0.40474361  0.35438596
  4.56666667  0.56842105  4.36666667 -0.76732945  0.36140351  4.66666667
  0.5754386   4.23333333 -1.3125701   0.37017544  4.63333333  0.58245614
  4.13333333 -1.51551652]",754.2456593513489
0.2377880000000001,[-0.45070425],"[ 0.35438596  4.56666667  0.56842105  4.36666667 -0.76732945  0.36140351
  4.66666667  0.5754386   4.23333333 -1.3125701   0.37017544  4.63333333
  0.58245614  4.13333333 -1.51551652  0.37719298  4.46666667  0.59122807
  4.33333333 -1.45070422]",754.3190097808838
0.23780799999999996,[-0.54694736],"[ 0.36140351  4.66666667  0.5754386   4.23333333 -1.3125701   0.37017544
  4.63333333  0.58245614  4.13333333 -1.51551652  0.37719298  4.46666667
  0.59122807  4.33333333 -1.45070422  0.38947368  4.43333333  0.60526316
  4.43333333 -1.54694736]",754.3995399475098
0.24546799999999996,[0.80463636],"[ 0.37017544  4.63333333  0.58245614  4.13333333 -1.51551652  0.37719298
  4.46666667  0.59122807  4.33333333 -1.45070422  0.38947368  4.43333333
  0.60526316  4.43333333 -1.54694736  0.40175439  4.46666667  0.61578947
  4.5        -0.19536364]",754.4798059463501
0.25310400000000005,[0.26588267],"[ 0.37719298  4.46666667  0.59122807  4.33333333 -1.45070422  0.38947368
  4.43333333  0.60526316  4.43333333 -1.54694736  0.40175439  4.46666667
  0.61578947  4.5        -0.19536364  0.4122807   4.53333333  0.62631579
  4.53333333 -0.73411733]",754.5581209659576
0.24794,[0.8734353],"[ 0.38947368  4.43333333  0.60526316  4.43333333 -1.54694736  0.40175439
  4.46666667  0.61578947  4.5        -0.19536364  0.4122807   4.53333333
  0.62631579  4.53333333 -0.73411733  0.41929825  4.83333333  0.63157895
  4.36666667 -0.12656468]",754.6432995796204
0.23768799999999998,[0.86091197],"[ 0.40175439  4.46666667  0.61578947  4.5        -0.19536364  0.4122807
  4.53333333  0.62631579  4.53333333 -0.73411733  0.41929825  4.83333333
  0.63157895  4.36666667 -0.12656468  0.42280702  4.96666667  0.63157895
  4.23333333 -0.13908803]",754.7245860099792
0.22492400000000012,[0.2837908],"[ 0.4122807   4.53333333  0.62631579  4.53333333 -0.73411733  0.41929825
  4.83333333  0.63157895  4.36666667 -0.12656468  0.42280702  4.96666667
  0.63157895  4.23333333 -0.13908803  0.42807018  5.1         0.63333333
  4.         -0.71620917]",754.8138163089752
0.214724,[-0.99823713],"[ 0.41929825  4.83333333  0.63157895  4.36666667 -0.12656468  0.42280702
  4.96666667  0.63157895  4.23333333 -0.13908803  0.42807018  5.1
  0.63333333  4.         -0.71620917  0.43157895  5.1         0.63508772
  3.9        -1.99823713]",754.880777835846
0.21727600000000002,[-0.5626564],"[ 0.42280702  4.96666667  0.63157895  4.23333333 -0.13908803  0.42807018
  5.1         0.63333333  4.         -0.71620917  0.43157895  5.1
  0.63508772  3.9        -1.99823713  0.43508772  4.96666667  0.64035088
  3.96666667 -1.5626564 ]",754.9605917930603
0.20963199999999999,[-0.6428466],"[ 0.42807018  5.1         0.63333333  4.         -0.71620917  0.43157895
  5.1         0.63508772  3.9        -1.99823713  0.43508772  4.96666667
  0.64035088  3.96666667 -1.5626564   0.43684211  4.7         0.64912281
  4.1        -1.64284658]",755.0379972457886
0.2121880000000001,[0.65334755],"[ 0.43157895  5.1         0.63508772  3.9        -1.99823713  0.43508772
  4.96666667  0.64035088  3.96666667 -1.5626564   0.43684211  4.7
  0.64912281  4.1        -1.64284658  0.44385965  4.56666667  0.65789474
  4.16666667 -0.34665245]",755.1242537498474
0.21472800000000003,[-0.82751733],"[ 0.43508772  4.96666667  0.64035088  3.96666667 -1.5626564   0.43684211
  4.7         0.64912281  4.1        -1.64284658  0.44385965  4.56666667
  0.65789474  4.16666667 -0.34665245  0.45438596  4.6         0.66666667
  4.13333333 -1.82751727]",755.2013854980469
0.20451200000000003,[0.3920209],"[ 0.43684211  4.7         0.64912281  4.1        -1.64284658  0.44385965
  4.56666667  0.65789474  4.16666667 -0.34665245  0.45438596  4.6
  0.66666667  4.13333333 -1.82751727  0.46315789  4.73333333  0.67368421
  3.96666667 -0.60797906]",755.2785005569458
0.19686799999999993,[0.2325456],"[ 0.44385965  4.56666667  0.65789474  4.16666667 -0.34665245  0.45438596
  4.6         0.66666667  4.13333333 -1.82751727  0.46315789  4.73333333
  0.67368421  3.96666667 -0.60797906  0.46491228  4.6         0.67719298
  4.         -0.76745439]",755.3598051071167
0.19939599999999996,[0.31567684],"[ 0.45438596  4.6         0.66666667  4.13333333 -1.82751727  0.46315789
  4.73333333  0.67368421  3.96666667 -0.60797906  0.46491228  4.6
  0.67719298  4.         -0.76745439  0.47017544  4.63333333  0.68070175
  3.8        -0.68432319]",755.4409234523773
0.19682800000000006,[-0.00459632],"[ 0.46315789  4.73333333  0.67368421  3.96666667 -0.60797906  0.46491228
  4.6         0.67719298  4.         -0.76745439  0.47017544  4.63333333
  0.68070175  3.8        -0.68432319  0.47719298  4.8         0.68421053
  3.8        -1.00459635]",755.5205664634705
0.19424400000000008,[0.94145036],"[ 0.46491228  4.6         0.67719298  4.         -0.76745439  0.47017544
  4.63333333  0.68070175  3.8        -0.68432319  0.47719298  4.8
  0.68421053  3.8        -1.00459635  0.48070175  4.83333333  0.6877193
  3.9        -0.05854964]",755.6026093959808
0.19166000000000005,[0.5108948],"[ 0.47017544  4.63333333  0.68070175  3.8        -0.68432319  0.47719298
  4.8         0.68421053  3.8        -1.00459635  0.48070175  4.83333333
  0.6877193   3.9        -0.05854964  0.48596491  4.9         0.69122807
  3.9        -0.48910522]",755.6846339702606
0.19164800000000004,[-0.9049702],"[ 0.47719298  4.8         0.68421053  3.8        -1.00459635  0.48070175
  4.83333333  0.6877193   3.9        -0.05854964  0.48596491  4.9
  0.69122807  3.9        -0.48910522  0.49298246  5.1         0.69473684
  3.8        -1.90497017]",755.7675473690033
0.18142400000000003,[-0.22153783],"[ 0.48070175  4.83333333  0.6877193   3.9        -0.05854964  0.48596491
  4.9         0.69122807  3.9        -0.48910522  0.49298246  5.1
  0.69473684  3.8        -1.90497017  0.49473684  5.06666667  0.70175439
  4.         -1.22153783]",755.8433983325958
0.17631999999999992,[-0.5441794],"[ 0.48596491  4.9         0.69122807  3.9        -0.48910522  0.49298246
  5.1         0.69473684  3.8        -1.90497017  0.49473684  5.06666667
  0.70175439  4.         -1.22153783  0.49824561  4.83333333  0.70877193
  4.3        -1.54417944]",755.9228963851929
0.16354800000000003,[-0.24666534],"[ 0.49298246  5.1         0.69473684  3.8        -1.90497017  0.49473684
  5.06666667  0.70175439  4.         -1.22153783  0.49824561  4.83333333
  0.70877193  4.3        -1.54417944  0.50175439  4.73333333  0.71403509
  4.4        -1.24666536]",756.0078685283661
0.15588000000000002,[0.84380305],"[ 0.49473684  5.06666667  0.70175439  4.         -1.22153783  0.49824561
  4.83333333  0.70877193  4.3        -1.54417944  0.50175439  4.73333333
  0.71403509  4.4        -1.24666536  0.50877193  4.76666667  0.72105263
  4.6        -0.15619695]",756.0835018157959
0.1482,[-0.03888079],"[ 0.49824561  4.83333333  0.70877193  4.3        -1.54417944  0.50175439
  4.73333333  0.71403509  4.4        -1.24666536  0.50877193  4.76666667
  0.72105263  4.6        -0.15619695  0.51403509  4.93333333  0.7245614
  4.6        -1.03888083]",756.1675872802734
0.14566400000000002,[0.4866608],"[ 0.50175439  4.73333333  0.71403509  4.4        -1.24666536  0.50877193
  4.76666667  0.72105263  4.6        -0.15619695  0.51403509  4.93333333
  0.7245614   4.6        -1.03888083  0.51929825  5.06666667  0.72982456
  4.46666667 -0.51333916]",756.246523141861
0.14568800000000004,[0.00769517],"[ 0.50877193  4.76666667  0.72105263  4.6        -0.15619695  0.51403509
  4.93333333  0.7245614   4.6        -1.03888083  0.51929825  5.06666667
  0.72982456  4.46666667 -0.51333916  0.52280702  5.          0.73333333
  4.46666667 -0.99230486]",756.3220164775848
0.14313599999999993,[-0.0706503],"[ 0.51403509  4.93333333  0.7245614   4.6        -1.03888083  0.51929825
  5.06666667  0.72982456  4.46666667 -0.51333916  0.52280702  5.
  0.73333333  4.46666667 -0.99230486  0.52631579  5.1         0.73684211
  4.46666667 -1.07065034]",756.4052147865295
0.14569200000000004,[-0.03271368],"[ 0.51929825  5.06666667  0.72982456  4.46666667 -0.51333916  0.52280702
  5.          0.73333333  4.46666667 -0.99230486  0.52631579  5.1
  0.73684211  4.46666667 -1.07065034  0.53157895  5.1         0.74210526
  4.6        -1.03271365]",756.4918370246887
0.14566400000000002,[0.3913246],"[ 0.52280702  5.          0.73333333  4.46666667 -0.99230486  0.52631579
  5.1         0.73684211  4.46666667 -1.07065034  0.53157895  5.1
  0.74210526  4.6        -1.03271365  0.53508772  5.2         0.74736842
  4.7        -0.60867536]",756.5619604587555
0.15328399999999998,[-0.0398406],"[ 0.52631579  5.1         0.73684211  4.46666667 -1.07065034  0.53157895
  5.1         0.74210526  4.6        -1.03271365  0.53508772  5.2
  0.74736842  4.7        -0.60867536  0.54210526  5.33333333  0.75263158
  4.73333333 -1.03984058]",756.6522252559662
0.15070399999999995,[0.95836335],"[ 0.53157895  5.1         0.74210526  4.6        -1.03271365  0.53508772
  5.2         0.74736842  4.7        -0.60867536  0.54210526  5.33333333
  0.75263158  4.73333333 -1.03984058  0.54736842  5.4         0.75614035
  4.7        -0.04163665]",756.7289009094238
0.14048799999999995,[0.20105524],"[ 0.53508772  5.2         0.74736842  4.7        -0.60867536  0.54210526
  5.33333333  0.75263158  4.73333333 -1.03984058  0.54736842  5.4
  0.75614035  4.7        -0.04163665  0.55087719  5.36666667  0.75964912
  4.73333333 -0.79894477]",756.8171675205231
0.13792399999999994,[-0.20939228],"[ 0.54210526  5.33333333  0.75263158  4.73333333 -1.03984058  0.54736842
  5.4         0.75614035  4.7        -0.04163665  0.55087719  5.36666667
  0.75964912  4.73333333 -0.79894477  0.55789474  5.56666667  0.76140351
  4.53333333 -1.20939231]",756.8950817584991
0.13280400000000003,[-0.68227667],"[ 0.54736842  5.4         0.75614035  4.7        -0.04163665  0.55087719
  5.36666667  0.75964912  4.73333333 -0.79894477  0.55789474  5.56666667
  0.76140351  4.53333333 -1.20939231  0.55614035  5.5         0.76315789
  4.5        -1.68227673]",756.9761672019958
0.12260800000000005,[-0.31254274],"[ 0.55087719  5.36666667  0.75964912  4.73333333 -0.79894477  0.55789474
  5.56666667  0.76140351  4.53333333 -1.20939231  0.55614035  5.5
  0.76315789  4.5        -1.68227673  0.55438596  5.3         0.76491228
  4.66666667 -1.31254268]",757.0469954013824
0.11753599999999997,[-0.5355921],"[ 0.55789474  5.56666667  0.76140351  4.53333333 -1.20939231  0.55614035
  5.5         0.76315789  4.5        -1.68227673  0.55438596  5.3
  0.76491228  4.66666667 -1.31254268  0.55789474  5.13333333  0.77017544
  4.83333333 -1.53559208]",757.126827955246
0.12265199999999998,[-0.7673811],"[ 0.55614035  5.5         0.76315789  4.5        -1.68227673  0.55438596
  5.3         0.76491228  4.66666667 -1.31254268  0.55789474  5.13333333
  0.77017544  4.83333333 -1.53559208  0.56491228  5.13333333  0.77719298
  4.83333333 -1.76738107]",757.20849442482
0.1303439999999999,[-0.7775474],"[ 0.55438596  5.3         0.76491228  4.66666667 -1.31254268  0.55789474
  5.13333333  0.77017544  4.83333333 -1.53559208  0.56491228  5.13333333
  0.77719298  4.83333333 -1.76738107  0.5754386   5.          0.7877193
  5.         -1.77754736]",757.2947623729706
0.13293599999999994,[-0.6524756],"[ 0.55789474  5.13333333  0.77017544  4.83333333 -1.53559208  0.56491228
  5.13333333  0.77719298  4.83333333 -1.76738107  0.5754386   5.
  0.7877193   5.         -1.77754736  0.58421053  4.9         0.79473684
  5.1        -1.6524756 ]",757.3735930919647
0.13549599999999995,[0.5019282],"[ 0.56491228  5.13333333  0.77719298  4.83333333 -1.76738107  0.5754386
  5.          0.7877193   5.         -1.77754736  0.58421053  4.9
  0.79473684  5.1        -1.6524756   0.5877193   4.83333333  0.8
  5.1        -0.49807179]",757.4492189884186
0.13291200000000003,[0.25665507],"[ 0.5754386   5.          0.7877193   5.         -1.77754736  0.58421053
  4.9         0.79473684  5.1        -1.6524756   0.5877193   4.83333333
  0.8         5.1        -0.49807179  0.58947368  4.83333333  0.8
  5.06666667 -0.7433449 ]",757.527186870575
0.12775599999999998,[-0.71213984],"[ 0.58421053  4.9         0.79473684  5.1        -1.6524756   0.5877193
  4.83333333  0.8         5.1        -0.49807179  0.58947368  4.83333333
  0.8         5.06666667 -0.7433449   0.58947368  5.1         0.80175439
  4.9        -1.71213984]",757.6085441112518
0.11752399999999996,[0.3369611],"[ 0.5877193   4.83333333  0.8         5.1        -0.49807179  0.58947368
  4.83333333  0.8         5.06666667 -0.7433449   0.58947368  5.1
  0.80175439  4.9        -1.71213984  0.58947368  5.2         0.80175439
  4.93333333 -0.66303891]",757.6893796920776
0.1099,[-0.23604228],"[ 0.58947368  4.83333333  0.8         5.06666667 -0.7433449   0.58947368
  5.1         0.80175439  4.9        -1.71213984  0.58947368  5.2
  0.80175439  4.93333333 -0.66303891  0.58947368  5.          0.80175439
  5.1        -1.23604226]",757.7644522190094
0.112456,[0.8339894],"[ 0.58947368  5.1         0.80175439  4.9        -1.71213984  0.58947368
  5.2         0.80175439  4.93333333 -0.66303891  0.58947368  5.
  0.80175439  5.1        -1.23604226  0.59649123  5.13333333  0.80877193
  4.93333333 -0.16601062]",757.8539552688599
0.120112,[-0.86646056],"[ 0.58947368  5.2         0.80175439  4.93333333 -0.66303891  0.58947368
  5.          0.80175439  5.1        -1.23604226  0.59649123  5.13333333
  0.80877193  4.93333333 -0.16601062  0.60526316  5.16666667  0.81754386
  4.83333333 -1.86646056]",757.9292945861816
0.132884,[-0.07098774],"[ 0.58947368  5.          0.80175439  5.1        -1.23604226  0.59649123
  5.13333333  0.80877193  4.93333333 -0.16601062  0.60526316  5.16666667
  0.81754386  4.83333333 -1.86646056  0.61754386  5.33333333  0.82631579
  4.66666667 -1.0709877 ]",758.0040872097015
0.132892,[0.8440753],"[ 0.59649123  5.13333333  0.80877193  4.93333333 -0.16601062  0.60526316
  5.16666667  0.81754386  4.83333333 -1.86646056  0.61754386  5.33333333
  0.82631579  4.66666667 -1.0709877   0.62280702  5.26666667  0.83333333
  4.7        -0.15592468]",758.0819296836853
0.13801600000000003,[0.791259],"[ 0.60526316  5.16666667  0.81754386  4.83333333 -1.86646056  0.61754386
  5.33333333  0.82631579  4.66666667 -1.0709877   0.62280702  5.26666667
  0.83333333  4.7        -0.15592468  0.62982456  5.26666667  0.83859649
  4.73333333 -0.20874101]",758.1623327732086
0.14056400000000002,[0.5121953],"[ 0.61754386  5.33333333  0.82631579  4.66666667 -1.0709877   0.62280702
  5.26666667  0.83333333  4.7        -0.15592468  0.62982456  5.26666667
  0.83859649  4.73333333 -0.20874101  0.63859649  5.46666667  0.84210526
  4.4        -0.48780471]",758.2458901405334
0.14311200000000002,[0.9563109],"[ 0.62280702  5.26666667  0.83333333  4.7        -0.15592468  0.62982456
  5.26666667  0.83859649  4.73333333 -0.20874101  0.63859649  5.46666667
  0.84210526  4.4        -0.48780471  0.64561404  5.6         0.84561404
  4.2        -0.04368907]",758.3257949352264
0.145656,[0.78041565],"[ 0.62982456  5.26666667  0.83859649  4.73333333 -0.20874101  0.63859649
  5.46666667  0.84210526  4.4        -0.48780471  0.64561404  5.6
  0.84561404  4.2        -0.04368907  0.65087719  5.66666667  0.84561404
  4.06666667 -0.21958435]",758.401918888092
0.14055600000000001,[-0.7294603],"[ 0.63859649  5.46666667  0.84210526  4.4        -0.48780471  0.64561404
  5.6         0.84561404  4.2        -0.04368907  0.65087719  5.66666667
  0.84561404  4.06666667 -0.21958435  0.65438596  5.76666667  0.84385965
  3.86666667 -1.72946024]",758.5047955513
0.143108,[0.80218065],"[ 0.64561404  5.6         0.84561404  4.2        -0.04368907  0.65087719
  5.66666667  0.84561404  4.06666667 -0.21958435  0.65438596  5.76666667
  0.84385965  3.86666667 -1.72946024  0.65438596  5.73333333  0.84385965
  3.83333333 -0.19781935]",758.5727105140686
0.143104,[-0.81742686],"[ 0.65087719  5.66666667  0.84561404  4.06666667 -0.21958435  0.65438596
  5.76666667  0.84385965  3.86666667 -1.72946024  0.65438596  5.73333333
  0.84385965  3.83333333 -0.19781935  0.65263158  5.56666667  0.85263158
  4.06666667 -1.81742692]",758.6452398300171
0.14564,[-0.10056578],"[ 0.65438596  5.76666667  0.84385965  3.86666667 -1.72946024  0.65438596
  5.73333333  0.84385965  3.83333333 -0.19781935  0.65263158  5.56666667
  0.85263158  4.06666667 -1.81742692  0.65789474  5.56666667  0.85789474
  4.1        -1.10056579]",758.7231869697571
0.15073599999999998,[-0.7141185],"[ 0.65438596  5.73333333  0.84385965  3.83333333 -0.19781935  0.65263158
  5.56666667  0.85263158  4.06666667 -1.81742692  0.65789474  5.56666667
  0.85789474  4.1        -1.10056579  0.66842105  5.7         0.86140351
  3.86666667 -1.71411848]",758.8165426254272
0.14051200000000008,[0.45474654],"[ 0.65263158  5.56666667  0.85263158  4.06666667 -1.81742692  0.65789474
  5.56666667  0.85789474  4.1        -1.10056579  0.66842105  5.7
  0.86140351  3.86666667 -1.71411848  0.67192982  5.56666667  0.86842105
  3.96666667 -0.54525346]",758.8846211433411
0.13285599999999997,[-0.12725466],"[ 0.65789474  5.56666667  0.85789474  4.1        -1.10056579  0.66842105
  5.7         0.86140351  3.86666667 -1.71411848  0.67192982  5.56666667
  0.86842105  3.96666667 -0.54525346  0.6754386   5.36666667  0.87719298
  4.03333333 -1.12725472]",758.961916923523
0.14051599999999997,[0.19175142],"[ 0.66842105  5.7         0.86140351  3.86666667 -1.71411848  0.67192982
  5.56666667  0.86842105  3.96666667 -0.54525346  0.6754386   5.36666667
  0.87719298  4.03333333 -1.12725472  0.68421053  5.36666667  0.88245614
  3.9        -0.80824858]",759.048547744751
0.14817999999999998,[0.6584777],"[ 0.67192982  5.56666667  0.86842105  3.96666667 -0.54525346  0.6754386
  5.36666667  0.87719298  4.03333333 -1.12725472  0.68421053  5.36666667
  0.88245614  3.9        -0.80824858  0.69122807  5.4         0.8877193
  3.86666667 -0.34152228]",759.1280298233032
0.155856,[-0.31989944],"[ 0.6754386   5.36666667  0.87719298  4.03333333 -1.12725472  0.68421053
  5.36666667  0.88245614  3.9        -0.80824858  0.69122807  5.4
  0.8877193   3.86666667 -0.34152228  0.69649123  5.6         0.8877193
  3.83333333 -1.31989944]",759.2018821239471
0.153312,[-0.07072092],"[ 0.68421053  5.36666667  0.88245614  3.9        -0.80824858  0.69122807
  5.4         0.8877193   3.86666667 -0.34152228  0.69649123  5.6
  0.8877193   3.83333333 -1.31989944  0.69473684  5.6         0.8877193
  3.86666667 -1.07072091]",759.3018491268158
0.1456480000000001,[0.7460225],"[ 0.69122807  5.4         0.8877193   3.86666667 -0.34152228  0.69649123
  5.6         0.8877193   3.83333333 -1.31989944  0.69473684  5.6
  0.8877193   3.86666667 -1.07072091  0.68947368  5.36666667  0.88947368
  3.96666667 -0.25397748]",759.3697912693024
0.137992,[0.3458936],"[ 0.69649123  5.6         0.8877193   3.83333333 -1.31989944  0.69473684
  5.6         0.8877193   3.86666667 -1.07072091  0.68947368  5.36666667
  0.88947368  3.96666667 -0.25397748  0.69122807  5.4         0.89298246
  3.96666667 -0.65410638]",759.4446349143982
0.13540799999999997,[-0.9371346],"[ 0.69473684  5.6         0.8877193   3.86666667 -1.07072091  0.68947368
  5.36666667  0.88947368  3.96666667 -0.25397748  0.69122807  5.4
  0.89298246  3.96666667 -0.65410638  0.69824561  5.66666667  0.89298246
  3.9        -1.93713462]",759.5219659805298
0.12264799999999998,[0.36579472],"[ 0.68947368  5.36666667  0.88947368  3.96666667 -0.25397748  0.69122807
  5.4         0.89298246  3.96666667 -0.65410638  0.69824561  5.66666667
  0.89298246  3.9        -1.93713462  0.70175439  5.66666667  0.89824561
  4.03333333 -0.63420528]",759.6085722446442
0.115004,[-0.6794687],"[ 0.69122807  5.4         0.89298246  3.96666667 -0.65410638  0.69824561
  5.66666667  0.89298246  3.9        -1.93713462  0.70175439  5.66666667
  0.89824561  4.03333333 -0.63420528  0.70175439  5.4         0.90701754
  4.2        -1.67946863]",759.6870687007904
0.12012400000000001,[0.9007092],"[ 0.69824561  5.66666667  0.89298246  3.9        -1.93713462  0.70175439
  5.66666667  0.89824561  4.03333333 -0.63420528  0.70175439  5.4
  0.90701754  4.2        -1.67946863  0.7122807   5.33333333  0.91403509
  4.06666667 -0.09929079]",759.7685785293579
0.11760399999999993,[-0.10995264],"[ 0.70175439  5.66666667  0.89824561  4.03333333 -0.63420528  0.70175439
  5.4         0.90701754  4.2        -1.67946863  0.7122807   5.33333333
  0.91403509  4.06666667 -0.09929079  0.71929825  5.23333333  0.92280702
  4.13333333 -1.10995269]",759.8467557430267
0.12016400000000005,[-0.4116186],"[ 0.70175439  5.4         0.90701754  4.2        -1.67946863  0.7122807
  5.33333333  0.91403509  4.06666667 -0.09929079  0.71929825  5.23333333
  0.92280702  4.13333333 -1.10995269  0.72807018  5.33333333  0.93157895
  4.06666667 -1.41161859]",759.922468662262
0.11763200000000007,[-0.33580378],"[ 0.7122807   5.33333333  0.91403509  4.06666667 -0.09929079  0.71929825
  5.23333333  0.92280702  4.13333333 -1.10995269  0.72807018  5.33333333
  0.93157895  4.06666667 -1.41161859  0.73157895  5.2         0.93684211
  4.06666667 -1.33580375]",760.0069949626923
0.1151120000000001,[-0.3562433],"[ 0.71929825  5.23333333  0.92280702  4.13333333 -1.10995269  0.72807018
  5.33333333  0.93157895  4.06666667 -1.41161859  0.73157895  5.2
  0.93684211  4.06666667 -1.33580375  0.73333333  5.          0.94035088
  4.03333333 -1.35624337]",760.0831458568573
0.1227919999999999,[-0.5600679],"[ 0.72807018  5.33333333  0.93157895  4.06666667 -1.41161859  0.73157895
  5.2         0.93684211  4.06666667 -1.33580375  0.73333333  5.
  0.94035088  4.03333333 -1.35624337  0.73859649  4.86666667  0.94736842
  4.         -1.56006789]",760.1722776889801
0.133,[-0.64990294],"[ 0.73157895  5.2         0.93684211  4.06666667 -1.33580375  0.73333333
  5.          0.94035088  4.03333333 -1.35624337  0.73859649  4.86666667
  0.94736842  4.         -1.56006789  0.74385965  4.83333333  0.95263158
  4.1        -1.64990294]",760.2545793056488
0.1304479999999999,[-0.75758225],"[ 0.73333333  5.          0.94035088  4.03333333 -1.35624337  0.73859649
  4.86666667  0.94736842  4.         -1.56006789  0.74385965  4.83333333
  0.95263158  4.1        -1.64990294  0.74736842  4.8         0.95789474
  4.13333333 -1.75758219]",760.3266611099243
0.12026000000000003,[-0.9441515],"[ 0.73859649  4.86666667  0.94736842  4.         -1.56006789  0.74385965
  4.83333333  0.95263158  4.1        -1.64990294  0.74736842  4.8
  0.95789474  4.13333333 -1.75758219  0.75087719  4.63333333  0.96140351
  4.13333333 -1.94415152]",760.4036059379578
0.11770799999999992,[0.9639499],"[ 0.74385965  4.83333333  0.95263158  4.1        -1.64990294  0.74736842
  4.8         0.95789474  4.13333333 -1.75758219  0.75087719  4.63333333
  0.96140351  4.13333333 -1.94415152  0.75263158  4.46666667  0.96491228
  4.16666667 -0.03605008]",760.489501953125
0.11512400000000012,[0.6655319],"[ 0.74736842  4.8         0.95789474  4.13333333 -1.75758219  0.75087719
  4.63333333  0.96140351  4.13333333 -1.94415152  0.75263158  4.46666667
  0.96491228  4.16666667 -0.03605008  0.75438596  4.5         0.96666667
  4.16666667 -0.33446813]",760.5647587776184
0.10997599999999996,[-0.44947562],"[ 0.75087719  4.63333333  0.96140351  4.13333333 -1.94415152  0.75263158
  4.46666667  0.96491228  4.16666667 -0.03605008  0.75438596  4.5
  0.96666667  4.16666667 -0.33446813  0.75964912  4.8         0.97017544
  3.96666667 -1.44947565]",760.646368265152
0.10740400000000005,[-0.6043491],"[ 0.75263158  4.46666667  0.96491228  4.16666667 -0.03605008  0.75438596
  4.5         0.96666667  4.16666667 -0.33446813  0.75964912  4.8
  0.97017544  3.96666667 -1.44947565  0.76491228  4.96666667  0.97192982
  4.         -1.60434914]",760.7308826446533
