reward,action,obs,time
,,"[0.         0.         0.         0.         0.         0.
 0.         0.         0.         0.         0.         0.
 0.         0.         0.         0.03333333 5.96666667 0.24385965
 5.26666667 0.        ]",2418.9974551200867
-0.005063999999999999,[0.8049718],"[ 0.          0.          0.          0.          0.          0.
  0.          0.          0.          0.          0.03333333  5.96666667
  0.24385965  5.26666667  0.          0.02982456  5.56666667  0.24561404
  5.43333333 -0.19502819]",2419.094138145447
-0.0025360000000000035,[0.8347671],"[ 0.          0.          0.          0.          0.          0.03333333
  5.96666667  0.24385965  5.26666667  0.          0.02982456  5.56666667
  0.24561404  5.43333333 -0.19502819  0.03157895  5.8         0.24385965
  5.33333333 -0.1652329 ]",2419.1444590091705
-0.0025160000000000043,[0.84531146],"[ 0.03333333  5.96666667  0.24385965  5.26666667  0.          0.02982456
  5.56666667  0.24561404  5.43333333 -0.19502819  0.03157895  5.8
  0.24385965  5.33333333 -0.1652329   0.03157895  5.63333333  0.24561404
  5.43333333 -0.15468854]",2419.194564342499
-0.0025160000000000043,[-0.60103],"[ 0.02982456  5.56666667  0.24561404  5.43333333 -0.19502819  0.03157895
  5.8         0.24385965  5.33333333 -0.1652329   0.03157895  5.63333333
  0.24561404  5.43333333 -0.15468854  0.03157895  5.63333333  0.24561404
  5.43333333 -1.60102999]",2419.244692802429
-0.0025120000000000003,[-0.8087146],"[ 0.03157895  5.8         0.24385965  5.33333333 -0.1652329   0.03157895
  5.63333333  0.24561404  5.43333333 -0.15468854  0.03157895  5.63333333
  0.24561404  5.43333333 -1.60102999  0.03157895  5.6         0.24561404
  5.43333333 -1.80871463]",2419.2949833869934
-0.0025160000000000043,[0.03529518],"[ 0.03157895  5.63333333  0.24561404  5.43333333 -0.15468854  0.03157895
  5.63333333  0.24561404  5.43333333 -1.60102999  0.03157895  5.6
  0.24561404  5.43333333 -1.80871463  0.03157895  5.63333333  0.24561404
  5.4        -0.96470481]",2419.3451125621796
1.5999999999995185e-05,[-0.9874966],"[ 0.03157895  5.63333333  0.24561404  5.43333333 -1.60102999  0.03157895
  5.6         0.24561404  5.43333333 -1.80871463  0.03157895  5.63333333
  0.24561404  5.4        -0.96470481  0.03333333  5.83333333  0.24561404
  5.23333333 -1.98749661]",2419.3956484794617
0.002563999999999997,[-0.06321346],"[ 0.03157895  5.6         0.24561404  5.43333333 -1.80871463  0.03157895
  5.63333333  0.24561404  5.4        -0.96470481  0.03333333  5.83333333
  0.24561404  5.23333333 -1.98749661  0.03508772  5.9         0.24561404
  5.16666667 -1.06321347]",2419.4455971717834
2.8000000000000247e-05,[0.4486263],"[ 0.03157895  5.63333333  0.24561404  5.4        -0.96470481  0.03333333
  5.83333333  0.24561404  5.23333333 -1.98749661  0.03508772  5.9
  0.24561404  5.16666667 -1.06321347  0.03333333  5.73333333  0.24561404
  5.36666667 -0.55137372]",2419.495927810669
0.002607999999999999,[-0.4635815],"[ 0.03333333  5.83333333  0.24561404  5.23333333 -1.98749661  0.03508772
  5.9         0.24561404  5.16666667 -1.06321347  0.03333333  5.73333333
  0.24561404  5.36666667 -0.55137372  0.03508772  5.53333333  0.24736842
  5.56666667 -1.46358156]",2419.5462412834167
0.010276,[0.52235097],"[ 0.03508772  5.9         0.24561404  5.16666667 -1.06321347  0.03333333
  5.73333333  0.24561404  5.36666667 -0.55137372  0.03508772  5.53333333
  0.24736842  5.56666667 -1.46358156  0.04035088  5.53333333  0.25263158
  5.6        -0.47764903]",2419.609315633774
0.020487999999999992,[0.5392412],"[ 0.03333333  5.73333333  0.24561404  5.36666667 -0.55137372  0.03508772
  5.53333333  0.24736842  5.56666667 -1.46358156  0.04035088  5.53333333
  0.25263158  5.6        -0.47764903  0.04736842  5.63333333  0.25964912
  5.43333333 -0.46075881]",2419.6891326904297
0.03580799999999999,[-0.38959646],"[ 0.03508772  5.53333333  0.24736842  5.56666667 -1.46358156  0.04035088
  5.53333333  0.25263158  5.6        -0.47764903  0.04736842  5.63333333
  0.25964912  5.43333333 -0.46075881  0.05789474  5.76666667  0.27017544
  5.33333333 -1.38959646]",2419.768374681473
0.046036,[0.08440202],"[ 0.04035088  5.53333333  0.25263158  5.6        -0.47764903  0.04736842
  5.63333333  0.25964912  5.43333333 -0.46075881  0.05789474  5.76666667
  0.27017544  5.33333333 -1.38959646  0.06491228  5.73333333  0.27719298
  5.26666667 -0.91559798]",2419.8424141407013
0.05116800000000001,[-0.4806038],"[ 0.04736842  5.63333333  0.25964912  5.43333333 -0.46075881  0.05789474
  5.76666667  0.27017544  5.33333333 -1.38959646  0.06491228  5.73333333
  0.27719298  5.26666667 -0.91559798  0.06842105  5.56666667  0.28245614
  5.36666667 -1.48060381]",2419.9283452033997
0.056284000000000015,[0.4083414],"[ 0.05789474  5.76666667  0.27017544  5.33333333 -1.38959646  0.06491228
  5.73333333  0.27719298  5.26666667 -0.91559798  0.06842105  5.56666667
  0.28245614  5.36666667 -1.48060381  0.07192982  5.53333333  0.2877193
  5.33333333 -0.59165859]",2420.0092480182648
0.06651200000000002,[0.9904694],"[ 0.06491228  5.73333333  0.27719298  5.26666667 -0.91559798  0.06842105
  5.56666667  0.28245614  5.36666667 -1.48060381  0.07192982  5.53333333
  0.2877193   5.33333333 -0.59165859  0.07894737  5.5         0.29122807
  5.4        -0.0095306 ]",2420.090106010437
0.076688,[0.75780857],"[ 0.06842105  5.56666667  0.28245614  5.36666667 -1.48060381  0.07192982
  5.53333333  0.2877193   5.33333333 -0.59165859  0.07894737  5.5
  0.29122807  5.4        -0.0095306   0.08596491  5.9         0.29473684
  5.16666667 -0.24219143]",2420.169061899185
0.08688399999999999,[-0.48346972],"[ 0.07192982  5.53333333  0.2877193   5.33333333 -0.59165859  0.07894737
  5.5         0.29122807  5.4        -0.0095306   0.08596491  5.9
  0.29473684  5.16666667 -0.24219143  0.09298246  6.13333333  0.29649123
  4.9        -1.48346972]",2420.249118089676
0.09456,[0.84100163],"[ 0.07894737  5.5         0.29122807  5.4        -0.0095306   0.08596491
  5.9         0.29473684  5.16666667 -0.24219143  0.09298246  6.13333333
  0.29649123  4.9        -1.48346972  0.09824561  6.06666667  0.3
  4.76666667 -0.15899837]",2420.3290643692017
0.10476,[0.82849276],"[ 0.08596491  5.9         0.29473684  5.16666667 -0.24219143  0.09298246
  6.13333333  0.29649123  4.9        -1.48346972  0.09824561  6.06666667
  0.3         4.76666667 -0.15899837  0.10175439  5.86666667  0.30350877
  4.8        -0.17150724]",2420.409119129181
0.11500000000000002,[0.52919734],"[ 0.09298246  6.13333333  0.29649123  4.9        -1.48346972  0.09824561
  6.06666667  0.3         4.76666667 -0.15899837  0.10175439  5.86666667
  0.30350877  4.8        -0.17150724  0.11052632  5.96666667  0.30877193
  4.6        -0.47080266]",2420.489253759384
0.12773600000000002,[-0.11646264],"[ 0.09824561  6.06666667  0.3         4.76666667 -0.15899837  0.10175439
  5.86666667  0.30350877  4.8        -0.17150724  0.11052632  5.96666667
  0.30877193  4.6        -0.47080266  0.11929825  6.16666667  0.3122807
  4.3        -1.11646259]",2420.5691335201263
0.13030000000000003,[0.7923093],"[ 0.10175439  5.86666667  0.30350877  4.8        -0.17150724  0.11052632
  5.96666667  0.30877193  4.6        -0.47080266  0.11929825  6.16666667
  0.3122807   4.3        -1.11646259  0.12105263  6.1         0.31929825
  4.23333333 -0.20769072]",2420.6507964134216
0.132864,[-0.53310215],"[ 0.11052632  5.96666667  0.30877193  4.6        -0.47080266  0.11929825
  6.16666667  0.3122807   4.3        -1.11646259  0.12105263  6.1
  0.31929825  4.23333333 -0.20769072  0.12280702  6.          0.3245614
  4.13333333 -1.53310215]",2420.729135990143
0.178892,[0.3525271],"[ 0.11929825  6.16666667  0.3122807   4.3        -1.11646259  0.12105263
  6.1         0.31929825  4.23333333 -0.20769072  0.12280702  6.
  0.3245614   4.13333333 -1.53310215  0.15438596  5.86666667  0.32631579
  3.7        -0.64747286]",2420.8092036247253
0.18147600000000003,[0.59430695],"[ 0.12105263  6.1         0.31929825  4.23333333 -0.20769072  0.12280702
  6.          0.3245614   4.13333333 -1.53310215  0.15438596  5.86666667
  0.32631579  3.7        -0.64747286  0.15789474  5.83333333  0.32807018
  3.56666667 -0.40569305]",2420.889320373535
0.18402400000000002,[-0.36676684],"[ 0.12280702  6.          0.3245614   4.13333333 -1.53310215  0.15438596
  5.86666667  0.32631579  3.7        -0.64747286  0.15789474  5.83333333
  0.32807018  3.56666667 -0.40569305  0.16140351  5.96666667  0.32982456
  3.56666667 -1.36676681]",2420.968786239624
0.191668,[0.7899915],"[ 0.15438596  5.86666667  0.32631579  3.7        -0.64747286  0.15789474
  5.83333333  0.32807018  3.56666667 -0.40569305  0.16140351  5.96666667
  0.32982456  3.56666667 -1.36676681  0.16491228  6.          0.33157895
  3.6        -0.2100085 ]",2421.049183368683
0.186556,[-0.8349684],"[ 0.15789474  5.83333333  0.32807018  3.56666667 -0.40569305  0.16140351
  5.96666667  0.32982456  3.56666667 -1.36676681  0.16491228  6.
  0.33157895  3.6        -0.2100085   0.16315789  5.8         0.33684211
  3.6        -1.83496833]",2421.130185842514
0.18653999999999998,[-0.6019956],"[ 0.16140351  5.96666667  0.32982456  3.56666667 -1.36676681  0.16491228
  6.          0.33157895  3.6        -0.2100085   0.16315789  5.8
  0.33684211  3.6        -1.83496833  0.16842105  5.93333333  0.33859649
  3.6        -1.60199559]",2421.209244251251
0.17378,[-0.6530327],"[ 0.16491228  6.          0.33157895  3.6        -0.2100085   0.16315789
  5.8         0.33684211  3.6        -1.83496833  0.16842105  5.93333333
  0.33859649  3.6        -1.60199559  0.16666667  5.86666667  0.34385965
  3.7        -1.65303278]",2421.289030313492
0.15338000000000002,[-0.23834383],"[ 0.16315789  5.8         0.33684211  3.6        -1.83496833  0.16842105
  5.93333333  0.33859649  3.6        -1.60199559  0.16666667  5.86666667
  0.34385965  3.7        -1.65303278  0.16315789  5.6         0.35789474
  4.         -1.23834383]",2421.36905670166
0.15083200000000002,[-0.58973515],"[ 0.16842105  5.93333333  0.33859649  3.6        -1.60199559  0.16666667
  5.86666667  0.34385965  3.7        -1.65303278  0.16315789  5.6
  0.35789474  4.         -1.23834383  0.16842105  5.5         0.36666667
  4.06666667 -1.58973515]",2421.4492087364197
0.14826,[0.7855045],"[ 0.16666667  5.86666667  0.34385965  3.7        -1.65303278  0.16315789
  5.6         0.35789474  4.         -1.23834383  0.16842105  5.5
  0.36666667  4.06666667 -1.58973515  0.17017544  5.46666667  0.37368421
  4.1        -0.21449548]",2421.5289766788483
0.145712,[-0.670402],"[ 0.16315789  5.6         0.35789474  4.         -1.23834383  0.16842105
  5.5         0.36666667  4.06666667 -1.58973515  0.17017544  5.46666667
  0.37368421  4.1        -0.21449548  0.17192982  5.36666667  0.37719298
  4.16666667 -1.67040205]",2421.6109738349915
0.143136,[-0.11584134],"[ 0.16842105  5.5         0.36666667  4.06666667 -1.58973515  0.17017544
  5.46666667  0.37368421  4.1        -0.21449548  0.17192982  5.36666667
  0.37719298  4.16666667 -1.67040205  0.17719298  5.5         0.3754386
  4.03333333 -1.11584139]",2421.6886360645294
0.13042000000000004,[-0.43588153],"[ 0.17017544  5.46666667  0.37368421  4.1        -0.21449548  0.17192982
  5.36666667  0.37719298  4.16666667 -1.67040205  0.17719298  5.5
  0.3754386   4.03333333 -1.11584139  0.1754386   5.36666667  0.37719298
  4.13333333 -1.4358815 ]",2421.766762495041
0.12534399999999998,[-0.26098484],"[ 0.17192982  5.36666667  0.37719298  4.16666667 -1.67040205  0.17719298
  5.5         0.3754386   4.03333333 -1.11584139  0.1754386   5.36666667
  0.37719298  4.13333333 -1.4358815   0.17894737  5.3         0.38245614
  4.2        -1.2609849 ]",2421.842457294464
0.12533199999999997,[0.72436917],"[ 0.17719298  5.5         0.3754386   4.03333333 -1.11584139  0.1754386
  5.36666667  0.37719298  4.13333333 -1.4358815   0.17894737  5.3
  0.38245614  4.2        -1.2609849   0.18421053  5.33333333  0.3877193
  4.23333333 -0.27563083]",2421.927116394043
0.13040399999999994,[-0.3082655],"[ 0.1754386   5.36666667  0.37719298  4.13333333 -1.4358815   0.17894737
  5.3         0.38245614  4.2        -1.2609849   0.18421053  5.33333333
  0.3877193   4.23333333 -0.27563083  0.19122807  5.46666667  0.39473684
  4.2        -1.30826545]",2422.008845806122
0.1304,[-0.5643385],"[ 0.17894737  5.3         0.38245614  4.2        -1.2609849   0.18421053
  5.33333333  0.3877193   4.23333333 -0.27563083  0.19122807  5.46666667
  0.39473684  4.2        -1.30826545  0.2         5.6         0.39649123
  4.03333333 -1.56433845]",2422.0892453193665
0.115116,[0.8813964],"[ 0.18421053  5.33333333  0.3877193   4.23333333 -0.27563083  0.19122807
  5.46666667  0.39473684  4.2        -1.30826545  0.2         5.6
  0.39649123  4.03333333 -1.56433845  0.19824561  5.36666667  0.40175439
  4.13333333 -0.11860359]",2422.1693964004517
0.11257600000000001,[-0.48230204],"[ 0.19122807  5.46666667  0.39473684  4.2        -1.30826545  0.2
  5.6         0.39649123  4.03333333 -1.56433845  0.19824561  5.36666667
  0.40175439  4.13333333 -0.11860359  0.19824561  5.16666667  0.40526316
  4.23333333 -1.48230207]",2422.2491116523743
0.11767200000000003,[-0.8241916],"[ 0.2         5.6         0.39649123  4.03333333 -1.56433845  0.19824561
  5.36666667  0.40175439  4.13333333 -0.11860359  0.19824561  5.16666667
  0.40526316  4.23333333 -1.48230207  0.20350877  5.2         0.40877193
  4.         -1.82419157]",2422.3290836811066
0.07932399999999998,[0.40580034],"[ 0.19824561  5.36666667  0.40175439  4.13333333 -0.11860359  0.19824561
  5.16666667  0.40526316  4.23333333 -1.48230207  0.20350877  5.2
  0.40877193  4.         -1.82419157  0.20877193  5.13333333  0.41403509
  4.03333333 -0.59419966]",2422.409124135971
0.07935200000000003,[0.8556166],"[ 0.19824561  5.16666667  0.40526316  4.23333333 -1.48230207  0.20350877
  5.2         0.40877193  4.         -1.82419157  0.20877193  5.13333333
  0.41403509  4.03333333 -0.59419966  0.2122807   4.86666667  0.42280702
  4.26666667 -0.14438337]",2422.489242553711
0.08703999999999998,[-0.19780736],"[ 0.20350877  5.2         0.40877193  4.         -1.82419157  0.20877193
  5.13333333  0.41403509  4.03333333 -0.59419966  0.2122807   4.86666667
  0.42280702  4.26666667 -0.14438337  0.22105263  4.83333333  0.42982456
  4.03333333 -1.19780731]",2422.569051504135
0.09980799999999998,[-0.55107915],"[ 0.20877193  5.13333333  0.41403509  4.03333333 -0.59419966  0.2122807
  4.86666667  0.42280702  4.26666667 -0.14438337  0.22105263  4.83333333
  0.42982456  4.03333333 -1.19780731  0.23333333  4.96666667  0.43508772
  3.66666667 -1.55107915]",2422.649164915085
0.11000399999999999,[0.728274],"[ 0.2122807   4.86666667  0.42280702  4.26666667 -0.14438337  0.22105263
  4.83333333  0.42982456  4.03333333 -1.19780731  0.23333333  4.96666667
  0.43508772  3.66666667 -1.55107915  0.23859649  5.          0.44035088
  3.73333333 -0.27172601]",2422.7292466163635
0.10747200000000001,[0.5354568],"[ 0.22105263  4.83333333  0.42982456  4.03333333 -1.19780731  0.23333333
  4.96666667  0.43508772  3.66666667 -1.55107915  0.23859649  5.
  0.44035088  3.73333333 -0.27172601  0.24210526  4.93333333  0.44912281
  3.96666667 -0.46454322]",2422.8092041015625
0.125344,[-0.8621435],"[ 0.23333333  4.96666667  0.43508772  3.66666667 -1.55107915  0.23859649
  5.          0.44035088  3.73333333 -0.27172601  0.24210526  4.93333333
  0.44912281  3.96666667 -0.46454322  0.25263158  5.03333333  0.45614035
  3.76666667 -1.86214352]",2422.889211177826
0.14830000000000002,[-0.6080073],"[ 0.23859649  5.          0.44035088  3.73333333 -0.27172601  0.24210526
  4.93333333  0.44912281  3.96666667 -0.46454322  0.25263158  5.03333333
  0.45614035  3.76666667 -1.86214352  0.26491228  5.16666667  0.46315789
  3.7        -1.60800731]",2422.969131708145
0.14318800000000004,[0.32407308],"[ 0.24210526  4.93333333  0.44912281  3.96666667 -0.46454322  0.25263158
  5.03333333  0.45614035  3.76666667 -1.86214352  0.26491228  5.16666667
  0.46315789  3.7        -1.60800731  0.26666667  5.06666667  0.47368421
  4.06666667 -0.67592692]",2423.049212217331
0.148312,[-0.09390455],"[ 0.25263158  5.03333333  0.45614035  3.76666667 -1.86214352  0.26491228
  5.16666667  0.46315789  3.7        -1.60800731  0.26666667  5.06666667
  0.47368421  4.06666667 -0.67592692  0.27192982  4.93333333  0.48245614
  4.2        -1.0939045 ]",2423.129103422165
0.15851999999999997,[0.7169852],"[ 0.26491228  5.16666667  0.46315789  3.7        -1.60800731  0.26666667
  5.06666667  0.47368421  4.06666667 -0.67592692  0.27192982  4.93333333
  0.48245614  4.2        -1.0939045   0.28070175  4.96666667  0.48947368
  4.         -0.28301477]",2423.20911693573
0.163656,[0.7379073],"[ 0.26666667  5.06666667  0.47368421  4.06666667 -0.67592692  0.27192982
  4.93333333  0.48245614  4.2        -1.0939045   0.28070175  4.96666667
  0.48947368  4.         -0.28301477  0.28947368  4.9         0.49824561
  3.96666667 -0.26209271]",2423.2893908023834
0.18150400000000003,[-0.78737885],"[ 0.27192982  4.93333333  0.48245614  4.2        -1.0939045   0.28070175
  4.96666667  0.48947368  4.         -0.28301477  0.28947368  4.9
  0.49824561  3.96666667 -0.26209271  0.3         5.13333333  0.50350877
  3.83333333 -1.78737879]",2423.369104862213
0.18149200000000004,[-0.3917815],"[ 0.28070175  4.96666667  0.48947368  4.         -0.28301477  0.28947368
  4.9         0.49824561  3.96666667 -0.26209271  0.3         5.13333333
  0.50350877  3.83333333 -1.78737879  0.30350877  5.16666667  0.50350877
  3.66666667 -1.39178157]",2423.4484589099884
0.173856,[0.12028754],"[ 0.28947368  4.9         0.49824561  3.96666667 -0.26209271  0.3
  5.13333333  0.50350877  3.83333333 -1.78737879  0.30350877  5.16666667
  0.50350877  3.66666667 -1.39178157  0.30350877  4.93333333  0.50526316
  3.66666667 -0.87971246]",2423.529203414917
0.16877600000000004,[0.2318414],"[ 0.3         5.13333333  0.50350877  3.83333333 -1.78737879  0.30350877
  5.16666667  0.50350877  3.66666667 -1.39178157  0.30350877  4.93333333
  0.50526316  3.66666667 -0.87971246  0.30701754  4.8         0.51052632
  3.73333333 -0.76815861]",2423.608740091324
0.17132399999999998,[0.11911977],"[ 0.30350877  5.16666667  0.50350877  3.66666667 -1.39178157  0.30350877
  4.93333333  0.50526316  3.66666667 -0.87971246  0.30701754  4.8
  0.51052632  3.73333333 -0.76815861  0.31754386  5.          0.51754386
  3.66666667 -0.88088024]",2423.684822320938
0.18661999999999998,[0.52979285],"[ 0.30350877  4.93333333  0.50526316  3.66666667 -0.87971246  0.30701754
  4.8         0.51052632  3.73333333 -0.76815861  0.31754386  5.
  0.51754386  3.66666667 -0.88088024  0.32631579  5.1         0.5245614
  3.66666667 -0.47020715]",2423.762392759323
0.19425599999999998,[-0.01370515],"[ 0.30701754  4.8         0.51052632  3.73333333 -0.76815861  0.31754386
  5.          0.51754386  3.66666667 -0.88088024  0.32631579  5.1
  0.5245614   3.66666667 -0.47020715  0.33157895  5.16666667  0.53157895
  3.7        -1.01370513]",2423.8487873077393
0.19680799999999998,[0.54820305],"[ 0.31754386  5.          0.51754386  3.66666667 -0.88088024  0.32631579
  5.1         0.5245614   3.66666667 -0.47020715  0.33157895  5.16666667
  0.53157895  3.7        -1.01370513  0.33859649  5.23333333  0.53508772
  3.73333333 -0.45179695]",2423.929112672806
0.19169200000000003,[-0.20958169],"[ 0.32631579  5.1         0.5245614   3.66666667 -0.47020715  0.33157895
  5.16666667  0.53157895  3.7        -1.01370513  0.33859649  5.23333333
  0.53508772  3.73333333 -0.45179695  0.34035088  5.2         0.54210526
  3.86666667 -1.20958173]",2424.009157180786
0.19164799999999999,[0.9268048],"[ 0.33157895  5.16666667  0.53157895  3.7        -1.01370513  0.33859649
  5.23333333  0.53508772  3.73333333 -0.45179695  0.34035088  5.2
  0.54210526  3.86666667 -1.20958173  0.34385965  5.3         0.54385965
  3.86666667 -0.07319522]",2424.0891082286835
0.17631600000000003,[-0.26068607],"[ 0.33859649  5.23333333  0.53508772  3.73333333 -0.45179695  0.34035088
  5.2         0.54210526  3.86666667 -1.20958173  0.34385965  5.3
  0.54385965  3.86666667 -0.07319522  0.34210526  5.23333333  0.54561404
  4.         -1.26068604]",2424.16921710968
0.15843600000000002,[0.7884307],"[ 0.34035088  5.2         0.54210526  3.86666667 -1.20958173  0.34385965
  5.3         0.54385965  3.86666667 -0.07319522  0.34210526  5.23333333
  0.54561404  4.         -1.26068604  0.34210526  5.26666667  0.54210526
  3.9        -0.21156931]",2424.2490479946136
0.15078800000000003,[-0.519595],"[ 0.34385965  5.3         0.54385965  3.86666667 -0.07319522  0.34210526
  5.23333333  0.54561404  4.         -1.26068604  0.34210526  5.26666667
  0.54210526  3.9        -0.21156931  0.34210526  5.13333333  0.54561404
  3.9        -1.51959503]",2424.3292570114136
0.15077600000000002,[-0.9574756],"[ 0.34210526  5.23333333  0.54561404  4.         -1.26068604  0.34210526
  5.26666667  0.54210526  3.9        -0.21156931  0.34210526  5.13333333
  0.54561404  3.9        -1.51959503  0.34561404  5.16666667  0.54736842
  3.83333333 -1.95747566]",2424.4092535972595
0.13546800000000003,[-0.17299515],"[ 0.34210526  5.26666667  0.54210526  3.9        -0.21156931  0.34210526
  5.13333333  0.54561404  3.9        -1.51959503  0.34561404  5.16666667
  0.54736842  3.83333333 -1.95747566  0.34561404  5.03333333  0.55263158
  4.03333333 -1.17299509]",2424.489156961441
0.11762399999999995,[0.07124664],"[ 0.34210526  5.13333333  0.54561404  3.9        -1.51959503  0.34561404
  5.16666667  0.54736842  3.83333333 -1.95747566  0.34561404  5.03333333
  0.55263158  4.03333333 -1.17299509  0.34561404  4.76666667  0.55964912
  4.36666667 -0.92875338]",2424.5690886974335
0.12526799999999993,[0.79633206],"[ 0.34561404  5.16666667  0.54736842  3.83333333 -1.95747566  0.34561404
  5.03333333  0.55263158  4.03333333 -1.17299509  0.34561404  4.76666667
  0.55964912  4.36666667 -0.92875338  0.35263158  4.86666667  0.56666667
  4.33333333 -0.20366794]",2424.6490848064423
0.13288400000000006,[-0.60116804],"[ 0.34561404  5.03333333  0.55263158  4.03333333 -1.17299509  0.34561404
  4.76666667  0.55964912  4.36666667 -0.92875338  0.35263158  4.86666667
  0.56666667  4.33333333 -0.20366794  0.36315789  5.16666667  0.57192982
  4.16666667 -1.60116804]",2424.7292156219482
0.13542000000000004,[-0.7420654],"[ 0.34561404  4.76666667  0.55964912  4.36666667 -0.92875338  0.35263158
  4.86666667  0.56666667  4.33333333 -0.20366794  0.36315789  5.16666667
  0.57192982  4.16666667 -1.60116804  0.37368421  5.36666667  0.57368421
  4.03333333 -1.74206543]",2424.8088748455048
0.12520399999999993,[-0.44591638],"[ 0.35263158  4.86666667  0.56666667  4.33333333 -0.20366794  0.36315789
  5.16666667  0.57192982  4.16666667 -1.60116804  0.37368421  5.36666667
  0.57368421  4.03333333 -1.74206543  0.3754386   5.23333333  0.57894737
  4.13333333 -1.44591641]",2424.889098405838
0.11249199999999997,[0.36539942],"[ 0.36315789  5.16666667  0.57192982  4.16666667 -1.60116804  0.37368421
  5.36666667  0.57368421  4.03333333 -1.74206543  0.3754386   5.23333333
  0.57894737  4.13333333 -1.44591641  0.37719298  4.9         0.58947368
  4.26666667 -0.63460058]",2424.9688682556152
0.122716,[-0.17160219],"[ 0.37368421  5.36666667  0.57368421  4.03333333 -1.74206543  0.3754386
  5.23333333  0.57894737  4.13333333 -1.44591641  0.37719298  4.9
  0.58947368  4.26666667 -0.63460058  0.3877193   4.93333333  0.59824561
  4.23333333 -1.17160225]",2425.0490527153015
0.13801600000000003,[-0.96089566],"[ 0.3754386   5.23333333  0.57894737  4.13333333 -1.44591641  0.37719298
  4.9         0.58947368  4.26666667 -0.63460058  0.3877193   4.93333333
  0.59824561  4.23333333 -1.17160225  0.39824561  5.          0.60701754
  4.06666667 -1.96089566]",2425.128719806671
0.13802800000000004,[0.52148646],"[ 0.37719298  4.9         0.58947368  4.26666667 -0.63460058  0.3877193
  4.93333333  0.59824561  4.23333333 -1.17160225  0.39824561  5.
  0.60701754  4.06666667 -1.96089566  0.40175439  4.76666667  0.61403509
  4.2        -0.47851354]",2425.2091178894043
0.13042399999999998,[0.14400263],"[ 0.3877193   4.93333333  0.59824561  4.23333333 -1.17160225  0.39824561
  5.          0.60701754  4.06666667 -1.96089566  0.40175439  4.76666667
  0.61403509  4.2        -0.47851354  0.40701754  4.43333333  0.62280702
  4.3        -0.85599738]",2425.289093732834
0.13298,[-0.6269002],"[ 0.39824561  5.          0.60701754  4.06666667 -1.96089566  0.40175439
  4.76666667  0.61403509  4.2        -0.47851354  0.40701754  4.43333333
  0.62280702  4.3        -0.85599738  0.41754386  4.53333333  0.63157895
  4.1        -1.6269002 ]",2425.3690531253815
0.143208,[0.1432205],"[ 0.40175439  4.76666667  0.61403509  4.2        -0.47851354  0.40701754
  4.43333333  0.62280702  4.3        -0.85599738  0.41754386  4.53333333
  0.63157895  4.1        -1.6269002   0.42982456  4.56666667  0.64035088
  4.03333333 -0.85677952]",2425.4481687545776
0.14067600000000002,[-0.04376448],"[ 0.40701754  4.43333333  0.62280702  4.3        -0.85599738  0.41754386
  4.53333333  0.63157895  4.1        -1.6269002   0.42982456  4.56666667
  0.64035088  4.03333333 -0.85677952  0.43508772  4.43333333  0.65087719
  4.2        -1.04376447]",2425.5232243537903
0.15088400000000002,[0.8828068],"[ 0.41754386  4.53333333  0.63157895  4.1        -1.6269002   0.42982456
  4.56666667  0.64035088  4.03333333 -0.85677952  0.43508772  4.43333333
  0.65087719  4.2        -1.04376447  0.44385965  4.53333333  0.65789474
  4.03333333 -0.11719322]",2425.6024849414825
0.16111600000000004,[-0.31144837],"[ 0.42982456  4.56666667  0.64035088  4.03333333 -0.85677952  0.43508772
  4.43333333  0.65087719  4.2        -1.04376447  0.44385965  4.53333333
  0.65789474  4.03333333 -0.11719322  0.45438596  4.56666667  0.66491228
  3.86666667 -1.31144834]",2425.6855974197388
0.17897600000000002,[0.9077029],"[ 0.43508772  4.43333333  0.65087719  4.2        -1.04376447  0.44385965
  4.53333333  0.65789474  4.03333333 -0.11719322  0.45438596  4.56666667
  0.66491228  3.86666667 -1.31144834  0.46491228  4.76666667  0.67368421
  3.76666667 -0.09229708]",2425.769054412842
0.18920000000000003,[-0.11351381],"[ 0.44385965  4.53333333  0.65789474  4.03333333 -0.11719322  0.45438596
  4.56666667  0.66491228  3.86666667 -1.31144834  0.46491228  4.76666667
  0.67368421  3.76666667 -0.09229708  0.47192982  4.8         0.68070175
  3.9        -1.11351383]",2425.849084854126
0.19939600000000002,[0.5856396],"[ 0.45438596  4.56666667  0.66491228  3.86666667 -1.31144834  0.46491228
  4.76666667  0.67368421  3.76666667 -0.09229708  0.47192982  4.8
  0.68070175  3.9        -1.11351383  0.47894737  4.9         0.68421053
  3.8        -0.4143604 ]",2425.929058074951
0.19939600000000002,[0.70538193],"[ 0.46491228  4.76666667  0.67368421  3.76666667 -0.09229708  0.47192982
  4.8         0.68070175  3.9        -1.11351383  0.47894737  4.9
  0.68421053  3.8        -0.4143604   0.48245614  4.93333333  0.6877193
  3.9        -0.29461807]",2426.0088663101196
0.20704000000000003,[-0.5755527],"[ 0.47192982  4.8         0.68070175  3.9        -1.11351383  0.47894737
  4.9         0.68421053  3.8        -0.4143604   0.48245614  4.93333333
  0.6877193   3.9        -0.29461807  0.4877193   5.          0.69298246
  3.96666667 -1.5755527 ]",2426.0891482830048
0.21466400000000005,[-0.71450365],"[ 0.47894737  4.9         0.68421053  3.8        -0.4143604   0.48245614
  4.93333333  0.6877193   3.9        -0.29461807  0.4877193   5.
  0.69298246  3.96666667 -1.5755527   0.49298246  5.1         0.69824561
  3.96666667 -1.71450365]",2426.169109106064
0.20702000000000007,[0.7108857],"[ 0.48245614  4.93333333  0.6877193   3.9        -0.29461807  0.4877193
  5.          0.69298246  3.96666667 -1.5755527   0.49298246  5.1
  0.69824561  3.96666667 -1.71450365  0.49473684  5.          0.70175439
  4.06666667 -0.2891143 ]",2426.2491426467896
0.19174799999999992,[-0.7431177],"[ 0.4877193   5.          0.69298246  3.96666667 -1.5755527   0.49298246
  5.1         0.69824561  3.96666667 -1.71450365  0.49473684  5.
  0.70175439  4.06666667 -0.2891143   0.49473684  4.76666667  0.70701754
  4.36666667 -1.74311769]",2426.354558467865
0.18665599999999993,[0.84817386],"[ 0.49298246  5.1         0.69824561  3.96666667 -1.71450365  0.49473684
  5.          0.70175439  4.06666667 -0.2891143   0.49473684  4.76666667
  0.70701754  4.36666667 -1.74311769  0.50175439  4.8         0.71403509
  4.46666667 -0.15182614]",2426.4090914726257
0.196832,[-0.6052542],"[ 0.49473684  5.          0.70175439  4.06666667 -0.2891143   0.49473684
  4.76666667  0.70701754  4.36666667 -1.74311769  0.50175439  4.8
  0.71403509  4.46666667 -0.15182614  0.51052632  5.06666667  0.71929825
  4.23333333 -1.60525417]",2426.4904067516327
0.20443999999999996,[0.5016124],"[ 0.49473684  4.76666667  0.70701754  4.36666667 -1.74311769  0.50175439
  4.8         0.71403509  4.46666667 -0.15182614  0.51052632  5.06666667
  0.71929825  4.23333333 -1.60525417  0.51754386  5.23333333  0.72280702
  4.06666667 -0.49838758]",2426.569261074066
0.19421199999999994,[-0.34295592],"[ 0.50175439  4.8         0.71403509  4.46666667 -0.15182614  0.51052632
  5.06666667  0.71929825  4.23333333 -1.60525417  0.51754386  5.23333333
  0.72280702  4.06666667 -0.49838758  0.52105263  5.3         0.72280702
  3.93333333 -1.34295595]",2426.6490762233734
0.18399199999999993,[-0.6847326],"[ 0.51052632  5.06666667  0.71929825  4.23333333 -1.60525417  0.51754386
  5.23333333  0.72280702  4.06666667 -0.49838758  0.52105263  5.3
  0.72280702  3.93333333 -1.34295595  0.5245614   5.33333333  0.7245614
  3.86666667 -1.68473268]",2426.7291238307953
0.1865239999999999,[-0.39877045],"[ 0.51754386  5.23333333  0.72280702  4.06666667 -0.49838758  0.52105263
  5.3         0.72280702  3.93333333 -1.34295595  0.5245614   5.33333333
  0.7245614   3.86666667 -1.68473268  0.52982456  5.3         0.73333333
  3.96666667 -1.39877045]",2426.8093435764313
0.1865,[-0.0439205],"[ 0.52105263  5.3         0.72280702  3.93333333 -1.34295595  0.5245614
  5.33333333  0.7245614   3.86666667 -1.68473268  0.52982456  5.3
  0.73333333  3.96666667 -1.39877045  0.53508772  5.16666667  0.74385965
  4.23333333 -1.04392052]",2426.8891236782074
0.181392,[-0.03904366],"[ 0.5245614   5.33333333  0.7245614   3.86666667 -1.68473268  0.52982456
  5.3         0.73333333  3.96666667 -1.39877045  0.53508772  5.16666667
  0.74385965  4.23333333 -1.04392052  0.54210526  5.23333333  0.74736842
  4.16666667 -1.03904366]",2426.9692392349243
0.173732,[0.5981392],"[ 0.52982456  5.3         0.73333333  3.96666667 -1.39877045  0.53508772
  5.16666667  0.74385965  4.23333333 -1.04392052  0.54210526  5.23333333
  0.74736842  4.16666667 -1.03904366  0.54912281  5.2         0.75263158
  4.         -0.40186077]",2427.049213886261
0.17371999999999999,[0.21725725],"[ 0.53508772  5.16666667  0.74385965  4.23333333 -1.04392052  0.54210526
  5.23333333  0.74736842  4.16666667 -1.03904366  0.54912281  5.2
  0.75263158  4.         -0.40186077  0.55438596  5.16666667  0.75789474
  3.86666667 -0.78274274]",2427.1294164657593
0.171168,[-0.13032363],"[ 0.54210526  5.23333333  0.74736842  4.16666667 -1.03904366  0.54912281
  5.2         0.75263158  4.         -0.40186077  0.55438596  5.16666667
  0.75789474  3.86666667 -0.78274274  0.56140351  5.23333333  0.75964912
  3.8        -1.13032365]",2427.209123849869
0.15584399999999998,[-0.49633572],"[ 0.54912281  5.2         0.75263158  4.         -0.40186077  0.55438596
  5.16666667  0.75789474  3.86666667 -0.78274274  0.56140351  5.23333333
  0.75964912  3.8        -1.13032365  0.56140351  5.16666667  0.76491228
  3.93333333 -1.49633574]",2427.2891058921814
0.140548,[-0.44644675],"[ 0.55438596  5.16666667  0.75789474  3.86666667 -0.78274274  0.56140351
  5.23333333  0.75964912  3.8        -1.13032365  0.56140351  5.16666667
  0.76491228  3.93333333 -1.49633574  0.56140351  5.03333333  0.76842105
  4.06666667 -1.44644678]",2427.3691325187683
0.132892,[-0.33284086],"[ 0.56140351  5.23333333  0.75964912  3.8        -1.13032365  0.56140351
  5.16666667  0.76491228  3.93333333 -1.49633574  0.56140351  5.03333333
  0.76842105  4.06666667 -1.44644678  0.56315789  4.96666667  0.77192982
  4.23333333 -1.33284092]",2427.4492535591125
0.1277919999999999,[-0.35983378],"[ 0.56140351  5.16666667  0.76491228  3.93333333 -1.49633574  0.56140351
  5.03333333  0.76842105  4.06666667 -1.44644678  0.56315789  4.96666667
  0.77192982  4.23333333 -1.33284092  0.56666667  4.96666667  0.77719298
  4.33333333 -1.35983372]",2427.528606891632
0.1277999999999999,[-0.8067587],"[ 0.56140351  5.03333333  0.76842105  4.06666667 -1.44644678  0.56315789
  4.96666667  0.77192982  4.23333333 -1.33284092  0.56666667  4.96666667
  0.77719298  4.33333333 -1.35983372  0.57017544  4.93333333  0.78070175
  4.4        -1.80675864]",2427.6031749248505
0.12526799999999993,[0.06188173],"[ 0.56315789  4.96666667  0.77192982  4.23333333 -1.33284092  0.56666667
  4.96666667  0.77719298  4.33333333 -1.35983372  0.57017544  4.93333333
  0.78070175  4.4        -1.80675864  0.57368421  4.8         0.78596491
  4.5        -0.93811828]",2427.68834233284
0.12272399999999994,[-0.03940133],"[ 0.56666667  4.96666667  0.77719298  4.33333333 -1.35983372  0.57017544
  4.93333333  0.78070175  4.4        -1.80675864  0.57368421  4.8
  0.78596491  4.5        -0.93811828  0.57719298  4.8         0.78947368
  4.56666667 -1.03940129]",2427.7690818309784
0.1252399999999999,[-0.06233883],"[ 0.57017544  4.93333333  0.78070175  4.4        -1.80675864  0.57368421
  4.8         0.78596491  4.5        -0.93811828  0.57719298  4.8
  0.78947368  4.56666667 -1.03940129  0.58070175  5.03333333  0.79122807
  4.46666667 -1.06233883]",2427.849049806595
0.12520399999999998,[-0.47022143],"[ 0.57368421  4.8         0.78596491  4.5        -0.93811828  0.57719298
  4.8         0.78947368  4.56666667 -1.03940129  0.58070175  5.03333333
  0.79122807  4.46666667 -1.06233883  0.58070175  5.1         0.79122807
  4.5        -1.4702214 ]",2427.9291532039642
0.11243199999999998,[-0.02998533],"[ 0.57719298  4.8         0.78947368  4.56666667 -1.03940129  0.58070175
  5.03333333  0.79122807  4.46666667 -1.06233883  0.58070175  5.1
  0.79122807  4.5        -1.4702214   0.57894737  5.06666667  0.79122807
  4.53333333 -1.02998531]",2428.0090119838715
0.099692,[-0.6675949],"[ 0.58070175  5.03333333  0.79122807  4.46666667 -1.06233883  0.58070175
  5.1         0.79122807  4.5        -1.4702214   0.57894737  5.06666667
  0.79122807  4.53333333 -1.02998531  0.57894737  5.          0.79122807
  4.56666667 -1.66759491]",2428.089150428772
0.09970000000000001,[0.01838242],"[ 0.58070175  5.1         0.79122807  4.5        -1.4702214   0.57894737
  5.06666667  0.79122807  4.53333333 -1.02998531  0.57894737  5.
  0.79122807  4.56666667 -1.66759491  0.58596491  5.1         0.79649123
  4.5        -0.98161757]",2428.1690945625305
0.10228000000000004,[0.92232525],"[ 0.57894737  5.06666667  0.79122807  4.53333333 -1.02998531  0.57894737
  5.          0.79122807  4.56666667 -1.66759491  0.58596491  5.1
  0.79649123  4.5        -0.98161757  0.59122807  4.96666667  0.80526316
  4.7        -0.07767475]",2428.2490088939667
0.10481600000000002,[0.2573982],"[ 0.57894737  5.          0.79122807  4.56666667 -1.66759491  0.58596491
  5.1         0.79649123  4.5        -0.98161757  0.59122807  4.96666667
  0.80526316  4.7        -0.07767475  0.59649123  5.16666667  0.80701754
  4.56666667 -0.74260181]",2428.3292274475098
0.10478399999999999,[-0.98084766],"[ 0.58596491  5.1         0.79649123  4.5        -0.98161757  0.59122807
  4.96666667  0.80526316  4.7        -0.07767475  0.59649123  5.16666667
  0.80701754  4.56666667 -0.74260181  0.60175439  5.4         0.80701754
  4.26666667 -1.9808476 ]",2428.409014225006
0.09711199999999998,[0.7144966],"[ 0.59122807  4.96666667  0.80526316  4.7        -0.07767475  0.59649123
  5.16666667  0.80701754  4.56666667 -0.74260181  0.60175439  5.4
  0.80701754  4.26666667 -1.9808476   0.60175439  5.3         0.80701754
  4.23333333 -0.28550339]",2428.4886417388916
0.086928,[-0.5270513],"[ 0.59649123  5.16666667  0.80701754  4.56666667 -0.74260181  0.60175439
  5.4         0.80701754  4.26666667 -1.9808476   0.60175439  5.3
  0.80701754  4.23333333 -0.28550339  0.60175439  5.03333333  0.8122807
  4.46666667 -1.52705133]",2428.569168806076
0.084368,[0.4051175],"[ 0.60175439  5.4         0.80701754  4.26666667 -1.9808476   0.60175439
  5.3         0.80701754  4.23333333 -0.28550339  0.60175439  5.03333333
  0.8122807   4.46666667 -1.52705133  0.60701754  5.03333333  0.81929825
  4.46666667 -0.59488249]",2428.6490869522095
0.092032,[-0.63602185],"[ 0.60175439  5.3         0.80701754  4.23333333 -0.28550339  0.60175439
  5.03333333  0.8122807   4.46666667 -1.52705133  0.60701754  5.03333333
  0.81929825  4.46666667 -0.59488249  0.61754386  5.03333333  0.82807018
  4.43333333 -1.63602185]",2428.729125022888
0.09714,[-0.4608843],"[ 0.60175439  5.03333333  0.8122807   4.46666667 -1.52705133  0.60701754
  5.03333333  0.81929825  4.46666667 -0.59488249  0.61754386  5.03333333
  0.82807018  4.43333333 -1.63602185  0.62807018  5.13333333  0.83684211
  4.33333333 -1.46088433]",2428.8091266155243
0.10482799999999992,[0.7899801],"[ 0.60701754  5.03333333  0.81929825  4.46666667 -0.59488249  0.61754386
  5.03333333  0.82807018  4.43333333 -1.63602185  0.62807018  5.13333333
  0.83684211  4.33333333 -1.46088433  0.63333333  4.9         0.84561404
  4.4        -0.21001989]",2428.889395236969
0.11249599999999993,[0.56587327],"[ 0.61754386  5.03333333  0.82807018  4.43333333 -1.63602185  0.62807018
  5.13333333  0.83684211  4.33333333 -1.46088433  0.63333333  4.9
  0.84561404  4.4        -0.21001989  0.63859649  4.76666667  0.85087719
  4.33333333 -0.43412673]",2428.9691207408905
