reward,action,obs,time
,,"[0.         0.         0.         0.         0.         0.
 0.         0.         0.         0.         0.         0.
 0.         0.         0.         0.03508772 5.76666667 0.24912281
 5.53333333 0.        ]",3183.715203523636
-0.002579999999999999,[0.71985257],"[ 0.          0.          0.          0.          0.          0.
  0.          0.          0.          0.          0.03508772  5.76666667
  0.24912281  5.53333333  0.          0.03333333  5.96666667  0.24385965
  5.23333333 -0.28014743]",3183.8113627433777
-0.005103999999999997,[0.5253349],"[ 0.          0.          0.          0.          0.          0.03508772
  5.76666667  0.24912281  5.53333333  0.          0.03333333  5.96666667
  0.24385965  5.23333333 -0.28014743  0.03157895  5.7         0.24385965
  5.4        -0.47466511]",3183.8653213977814
-0.0051119999999999985,[-0.79844177],"[ 0.03508772  5.76666667  0.24912281  5.53333333  0.          0.03333333
  5.96666667  0.24385965  5.23333333 -0.28014743  0.03157895  5.7
  0.24385965  5.4        -0.47466511  0.03157895  5.76666667  0.24385965
  5.36666667 -1.79844177]",3183.911967754364
-0.0051119999999999985,[-0.72981155],"[ 0.03333333  5.96666667  0.24385965  5.23333333 -0.28014743  0.03157895
  5.7         0.24385965  5.4        -0.47466511  0.03157895  5.76666667
  0.24385965  5.36666667 -1.79844177  0.03157895  5.76666667  0.24385965
  5.36666667 -1.72981155]",3183.967631816864
-0.0051119999999999985,[-0.937438],"[ 0.03157895  5.7         0.24385965  5.4        -0.47466511  0.03157895
  5.76666667  0.24385965  5.36666667 -1.79844177  0.03157895  5.76666667
  0.24385965  5.36666667 -1.72981155  0.03157895  5.76666667  0.24561404
  5.36666667 -1.93743801]",3184.0179102420807
-0.0025599999999999998,[0.10099911],"[ 0.03157895  5.76666667  0.24385965  5.36666667 -1.79844177  0.03157895
  5.76666667  0.24385965  5.36666667 -1.72981155  0.03157895  5.76666667
  0.24561404  5.36666667 -1.93743801  0.03333333  5.8         0.24385965
  5.33333333 -0.89900088]",3184.0680844783783
-0.002568000000000001,[-0.8706814],"[ 0.03157895  5.76666667  0.24385965  5.36666667 -1.72981155  0.03157895
  5.76666667  0.24561404  5.36666667 -1.93743801  0.03333333  5.8
  0.24385965  5.33333333 -0.89900088  0.03333333  5.86666667  0.24561404
  5.26666667 -1.87068141]",3184.118552684784
-0.005091999999999999,[0.4436488],"[ 0.03157895  5.76666667  0.24561404  5.36666667 -1.93743801  0.03333333
  5.8         0.24385965  5.33333333 -0.89900088  0.03333333  5.86666667
  0.24561404  5.26666667 -1.87068141  0.03157895  5.6         0.24736842
  5.56666667 -0.55635118]",3184.1687109470367
0.002607999999999999,[-0.47765434],"[ 0.03333333  5.8         0.24385965  5.33333333 -0.89900088  0.03333333
  5.86666667  0.24561404  5.26666667 -1.87068141  0.03157895  5.6
  0.24736842  5.56666667 -0.55635118  0.03684211  5.33333333  0.25087719
  5.73333333 -1.47765434]",3184.21897315979
0.010271999999999996,[0.5399082],"[ 0.03333333  5.86666667  0.24561404  5.26666667 -1.87068141  0.03157895
  5.6         0.24736842  5.56666667 -0.55635118  0.03684211  5.33333333
  0.25087719  5.73333333 -1.47765434  0.04210526  5.36666667  0.25614035
  5.73333333 -0.46009183]",3184.269340991974
0.017932000000000003,[0.640005],"[ 0.03157895  5.6         0.24736842  5.56666667 -0.55635118  0.03684211
  5.33333333  0.25087719  5.73333333 -1.47765434  0.04210526  5.36666667
  0.25614035  5.73333333 -0.46009183  0.04736842  5.43333333  0.26140351
  5.66666667 -0.35999501]",3184.345274925232
0.028132,[0.7178705],"[ 0.03684211  5.33333333  0.25087719  5.73333333 -1.47765434  0.04210526
  5.36666667  0.25614035  5.73333333 -0.46009183  0.04736842  5.43333333
  0.26140351  5.66666667 -0.35999501  0.05438596  5.63333333  0.27017544
  5.56666667 -0.28212953]",3184.42525100708
0.038335999999999995,[-0.97625643],"[ 0.04210526  5.36666667  0.25614035  5.73333333 -0.46009183  0.04736842
  5.43333333  0.26140351  5.66666667 -0.35999501  0.05438596  5.63333333
  0.27017544  5.56666667 -0.28212953  0.06140351  5.8         0.2754386
  5.33333333 -1.97625637]",3184.505287885666
0.046004,[-0.14940667],"[ 0.04736842  5.43333333  0.26140351  5.66666667 -0.35999501  0.05438596
  5.63333333  0.27017544  5.56666667 -0.28212953  0.06140351  5.8
  0.2754386   5.33333333 -1.97625637  0.06666667  5.8         0.27894737
  5.23333333 -1.14940667]",3184.5854518413544
0.048575999999999994,[0.23258471],"[ 0.05438596  5.63333333  0.27017544  5.56666667 -0.28212953  0.06140351
  5.8         0.2754386   5.33333333 -1.97625637  0.06666667  5.8
  0.27894737  5.23333333 -1.14940667  0.06842105  5.66666667  0.28070175
  5.33333333 -0.76741529]",3184.6700387001038
0.053683999999999996,[-0.28087518],"[ 0.06140351  5.8         0.2754386   5.33333333 -1.97625637  0.06666667
  5.8         0.27894737  5.23333333 -1.14940667  0.06842105  5.66666667
  0.28070175  5.33333333 -0.76741529  0.07192982  5.7         0.28421053
  5.36666667 -1.28087521]",3184.738685131073
0.063892,[-0.7678984],"[ 0.06666667  5.8         0.27894737  5.23333333 -1.14940667  0.06842105
  5.66666667  0.28070175  5.33333333 -0.76741529  0.07192982  5.7
  0.28421053  5.36666667 -1.28087521  0.07894737  5.83333333  0.28947368
  5.33333333 -1.76789832]",3184.8195445537567
0.071584,[0.9016227],"[ 0.06842105  5.66666667  0.28070175  5.33333333 -0.76741529  0.07192982
  5.7         0.28421053  5.36666667 -1.28087521  0.07894737  5.83333333
  0.28947368  5.33333333 -1.76789832  0.08421053  5.63333333  0.29824561
  5.5        -0.09837729]",3184.904849052429
0.08438,[-0.5477969],"[ 0.07192982  5.7         0.28421053  5.36666667 -1.28087521  0.07894737
  5.83333333  0.28947368  5.33333333 -1.76789832  0.08421053  5.63333333
  0.29824561  5.5        -0.09837729  0.09298246  5.5         0.30526316
  5.63333333 -1.54779696]",3184.9853818416595
0.094584,[-0.10662133],"[ 0.07894737  5.83333333  0.28947368  5.33333333 -1.76789832  0.08421053
  5.63333333  0.29824561  5.5        -0.09837729  0.09298246  5.5
  0.30526316  5.63333333 -1.54779696  0.1         5.66666667  0.31403509
  5.33333333 -1.10662127]",3185.0653038024902
0.10483999999999997,[-0.02338698],"[ 0.08421053  5.63333333  0.29824561  5.5        -0.09837729  0.09298246
  5.5         0.30526316  5.63333333 -1.54779696  0.1         5.66666667
  0.31403509  5.33333333 -1.10662127  0.10526316  5.6         0.32105263
  5.3        -1.02338696]",3185.145435810089
0.115036,[0.5402688],"[ 0.09298246  5.5         0.30526316  5.63333333 -1.54779696  0.1
  5.66666667  0.31403509  5.33333333 -1.10662127  0.10526316  5.6
  0.32105263  5.3        -1.02338696  0.11052632  5.56666667  0.32807018
  5.3        -0.45973122]",3185.224967479706
0.12267999999999998,[0.5729791],"[ 0.1         5.66666667  0.31403509  5.33333333 -1.10662127  0.10526316
  5.6         0.32105263  5.3        -1.02338696  0.11052632  5.56666667
  0.32807018  5.3        -0.45973122  0.11578947  5.83333333  0.33684211
  5.2        -0.42702091]",3185.305244207382
0.163596,[0.20887913],"[ 0.10526316  5.6         0.32105263  5.3        -1.02338696  0.11052632
  5.56666667  0.32807018  5.3        -0.45973122  0.11578947  5.83333333
  0.33684211  5.2        -0.42702091  0.14385965  5.66666667  0.34561404
  5.         -0.79112089]",3185.38530421257
0.16870799999999997,[-0.57715684],"[ 0.11052632  5.56666667  0.32807018  5.3        -0.45973122  0.11578947
  5.83333333  0.33684211  5.2        -0.42702091  0.14385965  5.66666667
  0.34561404  5.         -0.79112089  0.14736842  5.66666667  0.35087719
  4.9        -1.57715678]",3185.4647057056427
0.16871999999999998,[0.6864182],"[ 0.11578947  5.83333333  0.33684211  5.2        -0.42702091  0.14385965
  5.66666667  0.34561404  5.         -0.79112089  0.14736842  5.66666667
  0.35087719  4.9        -1.57715678  0.14912281  5.6         0.35438596
  4.96666667 -0.31358182]",3185.545228242874
0.171296,[0.5812274],"[ 0.14385965  5.66666667  0.34561404  5.         -0.79112089  0.14736842
  5.66666667  0.35087719  4.9        -1.57715678  0.14912281  5.6
  0.35438596  4.96666667 -0.31358182  0.15087719  5.5         0.36140351
  5.1        -0.41877258]",3185.6251435279846
0.18402400000000002,[-0.8533158],"[ 0.14736842  5.66666667  0.35087719  4.9        -1.57715678  0.14912281
  5.6         0.35438596  4.96666667 -0.31358182  0.15087719  5.5
  0.36140351  5.1        -0.41877258  0.15789474  5.66666667  0.36491228
  4.93333333 -1.85331583]",3185.6996364593506
0.186528,[-0.06552575],"[ 0.14912281  5.6         0.35438596  4.96666667 -0.31358182  0.15087719
  5.5         0.36140351  5.1        -0.41877258  0.15789474  5.66666667
  0.36491228  4.93333333 -1.85331583  0.16491228  5.83333333  0.37017544
  4.66666667 -1.06552577]",3185.778939962387
0.189104,[-0.6098752],"[ 0.15087719  5.5         0.36140351  5.1        -0.41877258  0.15789474
  5.66666667  0.36491228  4.93333333 -1.85331583  0.16491228  5.83333333
  0.37017544  4.66666667 -1.06552577  0.17192982  5.7         0.37719298
  4.66666667 -1.6098752 ]",3185.8633666038513
0.189136,[0.31155416],"[ 0.15789474  5.66666667  0.36491228  4.93333333 -1.85331583  0.16491228
  5.83333333  0.37017544  4.66666667 -1.06552577  0.17192982  5.7
  0.37719298  4.66666667 -1.6098752   0.17719298  5.5         0.38596491
  4.7        -0.68844581]",3185.9450356960297
0.19428799999999996,[-0.1513379],"[ 0.16491228  5.83333333  0.37017544  4.66666667 -1.06552577  0.17192982
  5.7         0.37719298  4.66666667 -1.6098752   0.17719298  5.5
  0.38596491  4.7        -0.68844581  0.1877193   5.36666667  0.39824561
  4.63333333 -1.15133786]",3186.0252146720886
0.20452000000000004,[0.2952886],"[ 0.17192982  5.7         0.37719298  4.66666667 -1.6098752   0.17719298
  5.5         0.38596491  4.7        -0.68844581  0.1877193   5.36666667
  0.39824561  4.63333333 -1.15133786  0.20175439  5.46666667  0.40701754
  4.36666667 -0.70471144]",3186.105140209198
0.20708000000000001,[0.75554216],"[ 0.17719298  5.5         0.38596491  4.7        -0.68844581  0.1877193
  5.36666667  0.39824561  4.63333333 -1.15133786  0.20175439  5.46666667
  0.40701754  4.36666667 -0.70471144  0.20877193  5.43333333  0.41403509
  4.26666667 -0.24445784]",3186.1854174137115
0.21727600000000002,[-0.22601113],"[ 0.1877193   5.36666667  0.39824561  4.63333333 -1.15133786  0.20175439
  5.46666667  0.40701754  4.36666667 -0.70471144  0.20877193  5.43333333
  0.41403509  4.26666667 -0.24445784  0.21754386  5.53333333  0.41578947
  4.1        -1.22601116]",3186.2627906799316
0.222392,[0.04412225],"[ 0.20175439  5.46666667  0.40701754  4.36666667 -0.70471144  0.20877193
  5.43333333  0.41403509  4.26666667 -0.24445784  0.21754386  5.53333333
  0.41578947  4.1        -1.22601116  0.2245614   5.53333333  0.41578947
  3.8        -0.95587772]",3186.338598012924
0.21475999999999998,[-0.03247668],"[ 0.20877193  5.43333333  0.41403509  4.26666667 -0.24445784  0.21754386
  5.53333333  0.41578947  4.1        -1.22601116  0.2245614   5.53333333
  0.41578947  3.8        -0.95587772  0.22631579  5.36666667  0.41929825
  3.7        -1.03247666]",3186.4199821949005
0.214744,[-0.75982004],"[ 0.21754386  5.53333333  0.41578947  4.1        -1.22601116  0.2245614
  5.53333333  0.41578947  3.8        -0.95587772  0.22631579  5.36666667
  0.41929825  3.7        -1.03247666  0.23157895  5.3         0.4245614
  3.66666667 -1.75981998]",3186.499419927597
0.20963200000000004,[0.8965009],"[ 0.2245614   5.53333333  0.41578947  3.8        -0.95587772  0.22631579
  5.36666667  0.41929825  3.7        -1.03247666  0.23157895  5.3
  0.4245614   3.66666667 -1.75981998  0.23684211  5.16666667  0.43333333
  3.66666667 -0.10349911]",3186.583464384079
0.207124,[-0.3436768],"[ 0.22631579  5.36666667  0.41929825  3.7        -1.03247666  0.23157895
  5.3         0.4245614   3.66666667 -1.75981998  0.23684211  5.16666667
  0.43333333  3.66666667 -0.10349911  0.24210526  4.93333333  0.44561404
  3.7        -1.34367681]",3186.6634109020233
0.21222000000000002,[-0.19344418],"[ 0.23157895  5.3         0.4245614   3.66666667 -1.75981998  0.23684211
  5.16666667  0.43333333  3.66666667 -0.10349911  0.24210526  4.93333333
  0.44561404  3.7        -1.34367681  0.25087719  5.          0.45087719
  3.66666667 -1.19344413]",3186.743460416794
0.20711200000000002,[0.6093427],"[ 0.23684211  5.16666667  0.43333333  3.66666667 -0.10349911  0.24210526
  4.93333333  0.44561404  3.7        -1.34367681  0.25087719  5.
  0.45087719  3.66666667 -1.19344413  0.25263158  4.93333333  0.45614035
  3.73333333 -0.39065731]",3186.825380086899
0.20969600000000002,[-0.12811305],"[ 0.24210526  4.93333333  0.44561404  3.7        -1.34367681  0.25087719
  5.          0.45087719  3.66666667 -1.19344413  0.25263158  4.93333333
  0.45614035  3.73333333 -0.39065731  0.25964912  4.96666667  0.46140351
  3.66666667 -1.12811303]",3186.901999473572
0.17898000000000003,[0.06724557],"[ 0.25087719  5.          0.45087719  3.66666667 -1.19344413  0.25263158
  4.93333333  0.45614035  3.73333333 -0.39065731  0.25964912  4.96666667
  0.46140351  3.66666667 -1.12811303  0.26666667  5.16666667  0.46491228
  3.7        -0.93275446]",3186.985496520996
0.17388000000000003,[0.2265171],"[ 0.25263158  4.93333333  0.45614035  3.73333333 -0.39065731  0.25964912
  4.96666667  0.46140351  3.66666667 -1.12811303  0.26666667  5.16666667
  0.46491228  3.7        -0.93275446  0.26666667  5.06666667  0.47017544
  3.9        -0.77348292]",3187.0598635673523
0.17387599999999998,[0.16656467],"[ 0.25964912  4.96666667  0.46140351  3.66666667 -1.12811303  0.26666667
  5.16666667  0.46491228  3.7        -0.93275446  0.26666667  5.06666667
  0.47017544  3.9        -0.77348292  0.26842105  5.03333333  0.4754386
  4.         -0.8334353 ]",3187.145492076874
0.17641999999999997,[-0.6187308],"[ 0.26666667  5.16666667  0.46491228  3.7        -0.93275446  0.26666667
  5.06666667  0.47017544  3.9        -0.77348292  0.26842105  5.03333333
  0.4754386   4.         -0.8334353   0.27192982  5.03333333  0.47894737
  4.03333333 -1.61873078]",3187.2254791259766
0.16877199999999998,[-0.6920861],"[ 0.26666667  5.06666667  0.47017544  3.9        -0.77348292  0.26842105
  5.03333333  0.4754386   4.         -0.8334353   0.27192982  5.03333333
  0.47894737  4.03333333 -1.61873078  0.27368421  5.03333333  0.48245614
  4.2        -1.6920861 ]",3187.305376768112
0.158592,[-0.917381],"[ 0.26842105  5.03333333  0.4754386   4.         -0.8334353   0.27192982
  5.03333333  0.47894737  4.03333333 -1.61873078  0.27368421  5.03333333
  0.48245614  4.2        -1.6920861   0.27368421  4.83333333  0.48947368
  4.5        -1.91738105]",3187.38560628891
0.153484,[-0.7498702],"[ 0.27192982  5.03333333  0.47894737  4.03333333 -1.61873078  0.27368421
  5.03333333  0.48245614  4.2        -1.6920861   0.27368421  4.83333333
  0.48947368  4.5        -1.91738105  0.27719298  4.66666667  0.49298246
  4.7        -1.74987018]",3187.4654400348663
0.15090399999999998,[-0.3219142],"[ 0.27368421  5.03333333  0.48245614  4.2        -1.6920861   0.27368421
  4.83333333  0.48947368  4.5        -1.91738105  0.27719298  4.66666667
  0.49298246  4.7        -1.74987018  0.28070175  4.66666667  0.49649123
  4.86666667 -1.3219142 ]",3187.545350074768
0.14064799999999997,[-0.95531154],"[ 0.27368421  4.83333333  0.48947368  4.5        -1.91738105  0.27719298
  4.66666667  0.49298246  4.7        -1.74987018  0.28070175  4.66666667
  0.49649123  4.86666667 -1.3219142   0.28421053  4.8         0.49824561
  5.03333333 -1.95531154]",3187.625344276428
0.12019600000000001,[0.6475903],"[ 0.27719298  4.66666667  0.49298246  4.7        -1.74987018  0.28070175
  4.66666667  0.49649123  4.86666667 -1.3219142   0.28421053  4.8
  0.49824561  5.03333333 -1.95531154  0.28421053  4.93333333  0.5
  5.13333333 -0.35240972]",3187.7055990695953
0.11253599999999997,[0.32816157],"[ 0.28070175  4.66666667  0.49649123  4.86666667 -1.3219142   0.28421053
  4.8         0.49824561  5.03333333 -1.95531154  0.28421053  4.93333333
  0.5         5.13333333 -0.35240972  0.28596491  4.83333333  0.49824561
  5.43333333 -0.6718384 ]",3187.7854192256927
0.10230399999999999,[0.5546899],"[ 0.28421053  4.8         0.49824561  5.03333333 -1.95531154  0.28421053
  4.93333333  0.5         5.13333333 -0.35240972  0.28596491  4.83333333
  0.49824561  5.43333333 -0.6718384   0.2877193   5.          0.50175439
  5.4        -0.44531012]",3187.8653795719147
0.09971199999999997,[0.09771016],"[ 0.28421053  4.93333333  0.5         5.13333333 -0.35240972  0.28596491
  4.83333333  0.49824561  5.43333333 -0.6718384   0.2877193   5.
  0.50175439  5.4        -0.44531012  0.29298246  5.3         0.50701754
  5.16666667 -0.90228987]",3187.9456264972687
0.104796,[-0.34605208],"[ 0.28596491  4.83333333  0.49824561  5.43333333 -0.6718384   0.2877193
  5.          0.50175439  5.4        -0.44531012  0.29298246  5.3
  0.50701754  5.16666667 -0.90228987  0.29824561  5.36666667  0.51052632
  5.1        -1.34605205]",3188.0254192352295
0.099684,[-0.8164847],"[ 0.2877193   5.          0.50175439  5.4        -0.44531012  0.29298246
  5.3         0.50701754  5.16666667 -0.90228987  0.29824561  5.36666667
  0.51052632  5.1        -1.34605205  0.3         5.3         0.51403509
  5.2        -1.81648469]",3188.105200767517
0.099688,[-0.74915373],"[ 0.29298246  5.3         0.50701754  5.16666667 -0.90228987  0.29824561
  5.36666667  0.51052632  5.1        -1.34605205  0.3         5.3
  0.51403509  5.2        -1.81648469  0.30526316  5.13333333  0.51929825
  5.4        -1.74915373]",3188.185199022293
0.10222799999999999,[0.9157342],"[ 0.29824561  5.36666667  0.51052632  5.1        -1.34605205  0.3
  5.3         0.51403509  5.2        -1.81648469  0.30526316  5.13333333
  0.51929825  5.4        -1.74915373  0.3122807   5.03333333  0.52631579
  5.56666667 -0.08426583]",3188.2652492523193
0.09967599999999999,[-0.7438882],"[ 0.3         5.3         0.51403509  5.2        -1.81648469  0.30526316
  5.13333333  0.51929825  5.4        -1.74915373  0.3122807   5.03333333
  0.52631579  5.56666667 -0.08426583  0.31929825  5.06666667  0.53157895
  5.6        -1.74388814]",3188.344598054886
0.10220399999999996,[0.8542159],"[ 0.30526316  5.13333333  0.51929825  5.4        -1.74915373  0.3122807
  5.03333333  0.52631579  5.56666667 -0.08426583  0.31929825  5.06666667
  0.53157895  5.6        -1.74388814  0.32280702  5.23333333  0.53684211
  5.5        -0.14578408]",3188.4254055023193
0.09453599999999995,[-0.404976],"[ 0.3122807   5.03333333  0.52631579  5.56666667 -0.08426583  0.31929825
  5.06666667  0.53157895  5.6        -1.74388814  0.32280702  5.23333333
  0.53684211  5.5        -0.14578408  0.3245614   5.26666667  0.53859649
  5.53333333 -1.40497601]",3188.5047595500946
0.08943599999999996,[0.84509695],"[ 0.31929825  5.06666667  0.53157895  5.6        -1.74388814  0.32280702
  5.23333333  0.53684211  5.5        -0.14578408  0.3245614   5.26666667
  0.53859649  5.53333333 -1.40497601  0.32807018  5.36666667  0.54210526
  5.5        -0.15490305]",3188.581657886505
0.09708799999999995,[-0.50619334],"[ 0.32280702  5.23333333  0.53684211  5.5        -0.14578408  0.3245614
  5.26666667  0.53859649  5.53333333 -1.40497601  0.32807018  5.36666667
  0.54210526  5.5        -0.15490305  0.33333333  5.4         0.54561404
  5.5        -1.5061934 ]",3188.658677339554
0.099632,[0.5517023],"[ 0.3245614   5.26666667  0.53859649  5.53333333 -1.40497601  0.32807018
  5.36666667  0.54210526  5.5        -0.15490305  0.33333333  5.4
  0.54561404  5.5        -1.5061934   0.33684211  5.46666667  0.55263158
  5.53333333 -0.44829768]",3188.7434208393097
0.10218799999999999,[-0.8608221],"[ 0.32807018  5.36666667  0.54210526  5.5        -0.15490305  0.33333333
  5.4         0.54561404  5.5        -1.5061934   0.33684211  5.46666667
  0.55263158  5.53333333 -0.44829768  0.34210526  5.46666667  0.55614035
  5.6        -1.86082208]",3188.8252005577087
0.10728800000000001,[-0.6381644],"[ 0.33333333  5.4         0.54561404  5.5        -1.5061934   0.33684211
  5.46666667  0.55263158  5.53333333 -0.44829768  0.34210526  5.46666667
  0.55614035  5.6        -1.86082208  0.34736842  5.56666667  0.56315789
  5.56666667 -1.6381644 ]",3188.905460834503
0.11750400000000001,[-0.313857],"[ 0.33684211  5.46666667  0.55263158  5.53333333 -0.44829768  0.34210526
  5.46666667  0.55614035  5.6        -1.86082208  0.34736842  5.56666667
  0.56315789  5.56666667 -1.6381644   0.35438596  5.43333333  0.56666667
  5.7        -1.31385696]",3188.985301733017
0.12005200000000005,[-0.737167],"[ 0.34210526  5.46666667  0.55614035  5.6        -1.86082208  0.34736842
  5.56666667  0.56315789  5.56666667 -1.6381644   0.35438596  5.43333333
  0.56666667  5.7        -1.31385696  0.35964912  5.33333333  0.57192982
  5.83333333 -1.737167  ]",3189.065383195877
0.12004800000000004,[-0.67386913],"[ 0.34736842  5.56666667  0.56315789  5.56666667 -1.6381644   0.35438596
  5.43333333  0.56666667  5.7        -1.31385696  0.35964912  5.33333333
  0.57192982  5.83333333 -1.737167    0.36315789  5.36666667  0.5754386
  5.86666667 -1.67386913]",3189.1453540325165
0.12263200000000007,[-0.716938],"[ 0.35438596  5.43333333  0.56666667  5.7        -1.31385696  0.35964912
  5.33333333  0.57192982  5.83333333 -1.737167    0.36315789  5.36666667
  0.5754386   5.86666667 -1.67386913  0.36842105  5.26666667  0.57894737
  6.03333333 -1.71693802]",3189.2253470420837
0.13031999999999994,[0.83974063],"[ 0.35964912  5.33333333  0.57192982  5.83333333 -1.737167    0.36315789
  5.36666667  0.5754386   5.86666667 -1.67386913  0.36842105  5.26666667
  0.57894737  6.03333333 -1.71693802  0.37368421  5.23333333  0.58245614
  6.13333333 -0.16025937]",3189.3054926395416
0.13285999999999998,[-0.34085628],"[ 0.36315789  5.36666667  0.5754386   5.86666667 -1.67386913  0.36842105
  5.26666667  0.57894737  6.03333333 -1.71693802  0.37368421  5.23333333
  0.58245614  6.13333333 -0.16025937  0.37719298  5.26666667  0.58596491
  6.2        -1.34085631]",3189.3853669166565
0.13540800000000003,[-0.77911115],"[ 0.36842105  5.26666667  0.57894737  6.03333333 -1.71693802  0.37368421
  5.23333333  0.58245614  6.13333333 -0.16025937  0.37719298  5.26666667
  0.58596491  6.2        -1.34085631  0.38070175  5.5         0.59298246
  6.         -1.77911115]",3189.465444087982
0.13031600000000004,[0.02704832],"[ 0.37368421  5.23333333  0.58245614  6.13333333 -0.16025937  0.37719298
  5.26666667  0.58596491  6.2        -1.34085631  0.38070175  5.5
  0.59298246  6.         -1.77911115  0.38245614  5.63333333  0.59649123
  5.9        -0.97295165]",3189.545424938202
0.13034000000000007,[0.32307002],"[ 0.37719298  5.26666667  0.58596491  6.2        -1.34085631  0.38070175
  5.5         0.59298246  6.         -1.77911115  0.38245614  5.63333333
  0.59649123  5.9        -0.97295165  0.3877193   5.5         0.59649123
  6.13333333 -0.67692995]",3189.6446962356567
0.13288000000000005,[-0.5761621],"[ 0.38070175  5.5         0.59298246  6.         -1.77911115  0.38245614
  5.63333333  0.59649123  5.9        -0.97295165  0.3877193   5.5
  0.59649123  6.13333333 -0.67692995  0.39122807  5.56666667  0.60175439
  6.23333333 -1.5761621 ]",3189.705512046814
0.13795600000000002,[-0.4264002],"[ 0.38245614  5.63333333  0.59649123  5.9        -0.97295165  0.3877193
  5.5         0.59649123  6.13333333 -0.67692995  0.39122807  5.56666667
  0.60175439  6.23333333 -1.5761621   0.4         5.7         0.6122807
  6.16666667 -1.42640018]",3189.7855939865112
0.14561999999999997,[0.30474183],"[ 0.3877193   5.5         0.59649123  6.13333333 -0.67692995  0.39122807
  5.56666667  0.60175439  6.23333333 -1.5761621   0.4         5.7
  0.6122807   6.16666667 -1.42640018  0.4122807   5.63333333  0.62280702
  6.3        -0.69525814]",3189.8654961586
0.15073599999999998,[0.5360536],"[ 0.39122807  5.56666667  0.60175439  6.23333333 -1.5761621   0.4
  5.7         0.6122807   6.16666667 -1.42640018  0.4122807   5.63333333
  0.62280702  6.3        -0.69525814  0.42280702  5.63333333  0.63157895
  6.43333333 -0.4639464 ]",3189.9443368911743
0.15839199999999998,[-0.8587262],"[ 0.4         5.7         0.6122807   6.16666667 -1.42640018  0.4122807
  5.63333333  0.62280702  6.3        -0.69525814  0.42280702  5.63333333
  0.63157895  6.43333333 -0.4639464   0.43157895  5.9         0.64385965
  6.3        -1.85872626]",3190.020210981369
0.16605199999999998,[-0.7972571],"[ 0.4122807   5.63333333  0.62280702  6.3        -0.69525814  0.42280702
  5.63333333  0.63157895  6.43333333 -0.4639464   0.43157895  5.9
  0.64385965  6.3        -1.85872626  0.43859649  6.          0.65087719
  6.16666667 -1.79725718]",3190.0989184379578
0.168632,[-0.66732633],"[ 0.42280702  5.63333333  0.63157895  6.43333333 -0.4639464   0.43157895
  5.9         0.64385965  6.3        -1.85872626  0.43859649  6.
  0.65087719  6.16666667 -1.79725718  0.44385965  5.9         0.65438596
  6.36666667 -1.66732633]",3190.1833074092865
0.16865200000000002,[0.01473584],"[ 0.43157895  5.9         0.64385965  6.3        -1.85872626  0.43859649
  6.          0.65087719  6.16666667 -1.79725718  0.44385965  5.9
  0.65438596  6.36666667 -1.66732633  0.44912281  5.76666667  0.65614035
  6.63333333 -0.98526418]",3190.263684272766
0.17376000000000003,[-0.9151038],"[ 0.43859649  6.          0.65087719  6.16666667 -1.79725718  0.44385965
  5.9         0.65438596  6.36666667 -1.66732633  0.44912281  5.76666667
  0.65614035  6.63333333 -0.98526418  0.45614035  5.86666667  0.66315789
  6.7        -1.91510379]",3190.345280647278
0.17885600000000001,[0.557276],"[ 0.44385965  5.9         0.65438596  6.36666667 -1.66732633  0.44912281
  5.76666667  0.65614035  6.63333333 -0.98526418  0.45614035  5.86666667
  0.66315789  6.7        -1.91510379  0.46491228  6.          0.67368421
  6.7        -0.44272399]",3190.425220012665
0.18910000000000005,[-0.5016292],"[ 0.44912281  5.76666667  0.65614035  6.63333333 -0.98526418  0.45614035
  5.86666667  0.66315789  6.7        -1.91510379  0.46491228  6.
  0.67368421  6.7        -0.44272399  0.47719298  5.93333333  0.68421053
  6.93333333 -1.50162911]",3190.504903316498
0.19674400000000003,[0.3794827],"[ 0.45614035  5.86666667  0.66315789  6.7        -1.91510379  0.46491228
  6.          0.67368421  6.7        -0.44272399  0.47719298  5.93333333
  0.68421053  6.93333333 -1.50162911  0.48947368  6.          0.69649123
  7.03333333 -0.62051731]",3190.585391521454
0.20695200000000002,[0.5873728],"[ 0.46491228  6.          0.67368421  6.7        -0.44272399  0.47719298
  5.93333333  0.68421053  6.93333333 -1.50162911  0.48947368  6.
  0.69649123  7.03333333 -0.62051731  0.50175439  6.03333333  0.70701754
  7.06666667 -0.41262722]",3190.6652748584747
0.21204399999999998,[0.7720489],"[ 0.47719298  5.93333333  0.68421053  6.93333333 -1.50162911  0.48947368
  6.          0.69649123  7.03333333 -0.62051731  0.50175439  6.03333333
  0.70701754  7.06666667 -0.41262722  0.50877193  6.23333333  0.71754386
  6.96666667 -0.22795111]",3190.7454404830933
0.211996,[-0.35383216],"[ 0.48947368  6.          0.69649123  7.03333333 -0.62051731  0.50175439
  6.03333333  0.70701754  7.06666667 -0.41262722  0.50877193  6.23333333
  0.71754386  6.96666667 -0.22795111  0.51403509  6.53333333  0.7245614
  6.83333333 -1.35383213]",3190.8252832889557
0.21198000000000006,[-0.38061965],"[ 0.50175439  6.03333333  0.70701754  7.06666667 -0.41262722  0.50877193
  6.23333333  0.71754386  6.96666667 -0.22795111  0.51403509  6.53333333
  0.7245614   6.83333333 -1.35383213  0.51929825  6.63333333  0.72982456
  6.8        -1.38061965]",3190.90948677063
0.21199600000000007,[-0.390876],"[ 0.50877193  6.23333333  0.71754386  6.96666667 -0.22795111  0.51403509
  6.53333333  0.7245614   6.83333333 -1.35383213  0.51929825  6.63333333
  0.72982456  6.8        -1.38061965  0.52280702  6.53333333  0.73333333
  6.96666667 -1.39087605]",3190.989231109619
0.214588,[-0.97229934],"[ 0.51403509  6.53333333  0.7245614   6.83333333 -1.35383213  0.51929825
  6.63333333  0.72982456  6.8        -1.38061965  0.52280702  6.53333333
  0.73333333  6.96666667 -1.39087605  0.52807018  6.46666667  0.73684211
  7.13333333 -1.97229934]",3191.069464445114
0.22227200000000003,[0.10797436],"[ 0.51929825  6.63333333  0.72982456  6.8        -1.38061965  0.52280702
  6.53333333  0.73333333  6.96666667 -1.39087605  0.52807018  6.46666667
  0.73684211  7.13333333 -1.97229934  0.53508772  6.46666667  0.74385965
  7.26666667 -0.89202565]",3191.1492438316345
0.2299279999999999,[-0.4894686],"[ 0.52280702  6.53333333  0.73333333  6.96666667 -1.39087605  0.52807018
  6.46666667  0.73684211  7.13333333 -1.97229934  0.53508772  6.46666667
  0.74385965  7.26666667 -0.89202565  0.54561404  6.43333333  0.75087719
  7.53333333 -1.48946857]",3191.22922706604
0.24013999999999988,[-0.08291792],"[ 0.52807018  6.46666667  0.73684211  7.13333333 -1.97229934  0.53508772
  6.46666667  0.74385965  7.26666667 -0.89202565  0.54561404  6.43333333
  0.75087719  7.53333333 -1.48946857  0.55614035  6.6         0.76140351
  7.6        -1.08291793]",3191.309278488159
0.24270399999999995,[-0.6948583],"[ 0.53508772  6.46666667  0.74385965  7.26666667 -0.89202565  0.54561404
  6.43333333  0.75087719  7.53333333 -1.48946857  0.55614035  6.6
  0.76140351  7.6        -1.08291793  0.56666667  6.66666667  0.77192982
  7.63333333 -1.69485831]",3191.3892221450806
0.23758400000000002,[0.652135],"[ 0.54561404  6.43333333  0.75087719  7.53333333 -1.48946857  0.55614035
  6.6         0.76140351  7.6        -1.08291793  0.56666667  6.66666667
  0.77192982  7.63333333 -1.69485831  0.5754386   6.66666667  0.77894737
  7.66666667 -0.34786499]",3191.469264984131
0.22736400000000004,[-0.91162574],"[ 0.55614035  6.6         0.76140351  7.6        -1.08291793  0.56666667
  6.66666667  0.77192982  7.63333333 -1.69485831  0.5754386   6.66666667
  0.77894737  7.66666667 -0.34786499  0.57894737  6.63333333  0.78245614
  7.8        -1.91162574]",3191.5493845939636
0.21714799999999998,[0.00569409],"[ 0.56666667  6.66666667  0.77192982  7.63333333 -1.69485831  0.5754386
  6.66666667  0.77894737  7.66666667 -0.34786499  0.57894737  6.63333333
  0.78245614  7.8        -1.91162574  0.58070175  6.83333333  0.7877193
  7.76666667 -0.99430591]",3191.6293597221375
0.21459999999999999,[-0.5000825],"[ 0.5754386   6.66666667  0.77894737  7.66666667 -0.34786499  0.57894737
  6.63333333  0.78245614  7.8        -1.91162574  0.58070175  6.83333333
  0.7877193   7.76666667 -0.99430591  0.58596491  6.86666667  0.79122807
  7.86666667 -1.50008249]",3191.7092571258545
0.217144,[-0.55875003],"[ 0.57894737  6.63333333  0.78245614  7.8        -1.91162574  0.58070175
  6.83333333  0.7877193   7.76666667 -0.99430591  0.58596491  6.86666667
  0.79122807  7.86666667 -1.50008249  0.59298246  6.86666667  0.79824561
  7.93333333 -1.55875003]",3191.7895233631134
0.21968800000000002,[0.784611],"[ 0.58070175  6.83333333  0.7877193   7.76666667 -0.99430591  0.58596491
  6.86666667  0.79122807  7.86666667 -1.50008249  0.59298246  6.86666667
  0.79824561  7.93333333 -1.55875003  0.6         6.83333333  0.80350877
  7.9        -0.21538901]",3191.86945772171
0.21714000000000003,[0.294029],"[ 0.58596491  6.86666667  0.79122807  7.86666667 -1.50008249  0.59298246
  6.86666667  0.79824561  7.93333333 -1.55875003  0.6         6.83333333
  0.80350877  7.9        -0.21538901  0.60526316  6.86666667  0.81052632
  7.86666667 -0.705971  ]",3191.9494144916534
0.20944399999999996,[0.5917896],"[ 0.59298246  6.86666667  0.79824561  7.93333333 -1.55875003  0.6
  6.83333333  0.80350877  7.9        -0.21538901  0.60526316  6.86666667
  0.81052632  7.86666667 -0.705971    0.60877193  7.23333333  0.81929825
  7.7        -0.4082104 ]",3192.0292077064514
0.19919199999999992,[-0.45915958],"[ 0.6         6.83333333  0.80350877  7.9        -0.21538901  0.60526316
  6.86666667  0.81052632  7.86666667 -0.705971    0.60877193  7.23333333
  0.81929825  7.7        -0.4082104   0.61403509  7.4         0.82631579
  7.46666667 -1.45915961]",3192.1093707084656
0.19153199999999992,[0.6533519],"[ 0.60526316  6.86666667  0.81052632  7.86666667 -0.705971    0.60877193
  7.23333333  0.81929825  7.7        -0.4082104   0.61403509  7.4
  0.82631579  7.46666667 -1.45915961  0.62105263  7.4         0.82982456
  7.3        -0.3466481 ]",3192.189186811447
0.17365199999999992,[-0.48072216],"[ 0.60877193  7.23333333  0.81929825  7.7        -0.4082104   0.61403509
  7.4         0.82631579  7.46666667 -1.45915961  0.62105263  7.4
  0.82982456  7.3        -0.3466481   0.62105263  7.33333333  0.83333333
  7.33333333 -1.48072219]",3192.269169807434
0.16599199999999992,[0.14050756],"[ 0.61403509  7.4         0.82631579  7.46666667 -1.45915961  0.62105263
  7.4         0.82982456  7.3        -0.3466481   0.62105263  7.33333333
  0.83333333  7.33333333 -1.48072219  0.62280702  7.46666667  0.83333333
  7.23333333 -0.85949242]",3192.3488731384277
0.16092399999999996,[-0.7003529],"[ 0.62105263  7.4         0.82982456  7.3        -0.3466481   0.62105263
  7.33333333  0.83333333  7.33333333 -1.48072219  0.62280702  7.46666667
  0.83333333  7.23333333 -0.85949242  0.6245614   7.4         0.83684211
  7.2        -1.70035291]",3192.4272096157074
0.16605199999999998,[-0.00983507],"[ 0.62105263  7.33333333  0.83333333  7.33333333 -1.48072219  0.62280702
  7.46666667  0.83333333  7.23333333 -0.85949242  0.6245614   7.4
  0.83684211  7.2        -1.70035291  0.63333333  7.36666667  0.84385965
  7.13333333 -1.00983512]",3192.5034942626953
0.171168,[0.20555517],"[ 0.62280702  7.46666667  0.83333333  7.23333333 -0.85949242  0.6245614
  7.4         0.83684211  7.2        -1.70035291  0.63333333  7.36666667
  0.84385965  7.13333333 -1.00983512  0.64035088  7.23333333  0.85263158
  7.16666667 -0.7944448 ]",3192.5833117961884
0.17625599999999997,[-0.5585178],"[ 0.6245614   7.4         0.83684211  7.2        -1.70035291  0.63333333
  7.36666667  0.84385965  7.13333333 -1.00983512  0.64035088  7.23333333
  0.85263158  7.16666667 -0.7944448   0.64912281  7.36666667  0.85964912
  7.03333333 -1.55851781]",3192.6675310134888
0.17370399999999997,[-0.44091603],"[ 0.63333333  7.36666667  0.84385965  7.13333333 -1.00983512  0.64035088
  7.23333333  0.85263158  7.16666667 -0.7944448   0.64912281  7.36666667
  0.85964912  7.03333333 -1.55851781  0.65438596  7.33333333  0.86491228
  6.86666667 -1.44091606]",3192.747551679611
0.166064,[0.34964243],"[ 0.64035088  7.23333333  0.85263158  7.16666667 -0.7944448   0.64912281
  7.36666667  0.85964912  7.03333333 -1.55851781  0.65438596  7.33333333
  0.86491228  6.86666667 -1.44091606  0.65964912  7.06666667  0.87192982
  6.96666667 -0.6503576 ]",3192.8289506435394
0.158412,[0.06909662],"[ 0.64912281  7.36666667  0.85964912  7.03333333 -1.55851781  0.65438596
  7.33333333  0.86491228  6.86666667 -1.44091606  0.65964912  7.06666667
  0.87192982  6.96666667 -0.6503576   0.66491228  7.1         0.8754386
  6.9        -0.93090338]",3192.909466981888
0.1507320000000001,[-0.1543694],"[ 0.65438596  7.33333333  0.86491228  6.86666667 -1.44091606  0.65964912
  7.06666667  0.87192982  6.96666667 -0.6503576   0.66491228  7.1
  0.8754386   6.9        -0.93090338  0.67017544  7.26666667  0.88070175
  6.66666667 -1.15436935]",3192.989331483841
0.14563199999999998,[0.5141102],"[ 0.65964912  7.06666667  0.87192982  6.96666667 -0.6503576   0.66491228
  7.1         0.8754386   6.9        -0.93090338  0.67017544  7.26666667
  0.88070175  6.66666667 -1.15436935  0.6754386   7.16666667  0.88596491
  6.6        -0.48588979]",3193.069397211075
0.150744,[-0.9518914],"[ 0.66491228  7.1         0.8754386   6.9        -0.93090338  0.67017544
  7.26666667  0.88070175  6.66666667 -1.15436935  0.6754386   7.16666667
  0.88596491  6.6        -0.48588979  0.68245614  7.13333333  0.89298246
  6.53333333 -1.95189142]",3193.149354457855
0.163532,[0.8239613],"[ 0.67017544  7.26666667  0.88070175  6.66666667 -1.15436935  0.6754386
  7.16666667  0.88596491  6.6        -0.48588979  0.68245614  7.13333333
  0.89298246  6.53333333 -1.95189142  0.69298246  7.26666667  0.9
  6.3        -0.17603868]",3193.2294080257416
0.16610800000000003,[0.7244842],"[ 0.6754386   7.16666667  0.88596491  6.6        -0.48588979  0.68245614
  7.13333333  0.89298246  6.53333333 -1.95189142  0.69298246  7.26666667
  0.9         6.3        -0.17603868  0.7         7.13333333  0.90701754
  6.3        -0.27551579]",3193.3092770576477
0.16610399999999992,[-0.52294326],"[ 0.68245614  7.13333333  0.89298246  6.53333333 -1.95189142  0.69298246
  7.26666667  0.9         6.3        -0.17603868  0.7         7.13333333
  0.90701754  6.3        -0.27551579  0.70701754  7.16666667  0.9122807
  6.1        -1.52294326]",3193.389319419861
0.17120000000000002,[-0.84234524],"[ 0.69298246  7.26666667  0.9         6.3        -0.17603868  0.7
  7.13333333  0.90701754  6.3        -0.27551579  0.70701754  7.16666667
  0.9122807   6.1        -1.52294326  0.71754386  7.26666667  0.91403509
  5.76666667 -1.84234524]",3193.469277381897
0.16611600000000004,[-0.96759945],"[ 0.7         7.13333333  0.90701754  6.3        -0.27551579  0.70701754
  7.16666667  0.9122807   6.1        -1.52294326  0.71754386  7.26666667
  0.91403509  5.76666667 -1.84234524  0.71929825  7.06666667  0.92105263
  5.76666667 -1.96759939]",3193.549365758896
0.166196,[0.34291464],"[ 0.70701754  7.16666667  0.9122807   6.1        -1.52294326  0.71754386
  7.26666667  0.91403509  5.76666667 -1.84234524  0.71929825  7.06666667
  0.92105263  5.76666667 -1.96759939  0.72280702  6.76666667  0.93333333
  6.03333333 -0.65708536]",3193.629311323166
0.17134799999999994,[0.06308995],"[ 0.71754386  7.26666667  0.91403509  5.76666667 -1.84234524  0.71929825
  7.06666667  0.92105263  5.76666667 -1.96759939  0.72280702  6.76666667
  0.93333333  6.03333333 -0.65708536  0.73157895  6.6         0.94210526
  6.06666667 -0.93691003]",3193.7063579559326
