reward,action,obs,time
,,"[0.         0.         0.         0.         0.         0.
 0.         0.         0.         0.         0.         0.
 0.         0.         0.         0.03157895 5.7        0.24561404
 5.4        0.        ]",3100.5732505321503
0.0025279999999999955,[-0.06229172],"[ 0.          0.          0.          0.          0.          0.
  0.          0.          0.          0.          0.03157895  5.7
  0.24561404  5.4         0.          0.03333333  5.93333333  0.24385965
  5.26666667 -1.06229174]",3100.6466290950775
7.999999999994123e-06,[0.05539533],"[ 0.          0.          0.          0.          0.          0.03157895
  5.7         0.24561404  5.4         0.          0.03333333  5.93333333
  0.24385965  5.26666667 -1.06229174  0.03157895  5.63333333  0.24561404
  5.4        -0.94460469]",3100.7012000083923
-8.000000000001062e-06,[-0.26809898],"[ 0.03157895  5.7         0.24561404  5.4         0.          0.03333333
  5.93333333  0.24385965  5.26666667 -1.06229174  0.03157895  5.63333333
  0.24561404  5.4        -0.94460469  0.03157895  5.76666667  0.24561404
  5.36666667 -1.26809895]",3100.74822306633
-8.000000000001062e-06,[0.15277873],"[ 0.03333333  5.93333333  0.24385965  5.26666667 -1.06229174  0.03157895
  5.63333333  0.24561404  5.4        -0.94460469  0.03157895  5.76666667
  0.24561404  5.36666667 -1.26809895  0.03157895  5.76666667  0.24561404
  5.36666667 -0.84722126]",3100.8035781383514
-8.000000000001062e-06,[0.6276897],"[ 0.03157895  5.63333333  0.24561404  5.4        -0.94460469  0.03157895
  5.76666667  0.24561404  5.36666667 -1.26809895  0.03157895  5.76666667
  0.24561404  5.36666667 -0.84722126  0.03157895  5.76666667  0.24561404
  5.36666667 -0.37231028]",3100.8539202213287
-4.000000000004e-06,[0.59656304],"[ 0.03157895  5.76666667  0.24561404  5.36666667 -1.26809895  0.03157895
  5.76666667  0.24561404  5.36666667 -0.84722126  0.03157895  5.76666667
  0.24561404  5.36666667 -0.37231028  0.03157895  5.73333333  0.24561404
  5.36666667 -0.40343696]",3100.9039714336395
0.0,[-0.7930414],"[ 0.03157895  5.76666667  0.24561404  5.36666667 -0.84722126  0.03157895
  5.76666667  0.24561404  5.36666667 -0.37231028  0.03157895  5.73333333
  0.24561404  5.36666667 -0.40343696  0.03157895  5.7         0.24561404
  5.4        -1.79304147]",3100.954206943512
0.0025439999999999977,[0.74121153],"[ 0.03157895  5.76666667  0.24561404  5.36666667 -0.37231028  0.03157895
  5.73333333  0.24561404  5.36666667 -0.40343696  0.03157895  5.7
  0.24561404  5.4        -1.79304147  0.03333333  5.8         0.24561404
  5.3        -0.25878847]",3101.0046379566193
0.007635999999999997,[-0.29003194],"[ 0.03157895  5.73333333  0.24561404  5.36666667 -0.40343696  0.03157895
  5.7         0.24561404  5.4        -1.79304147  0.03333333  5.8
  0.24561404  5.3        -0.25878847  0.03684211  5.96666667  0.24561404
  5.1        -1.29003191]",3101.054789543152
0.007635999999999997,[-0.7890276],"[ 0.03157895  5.7         0.24561404  5.4        -1.79304147  0.03333333
  5.8         0.24561404  5.3        -0.25878847  0.03684211  5.96666667
  0.24561404  5.1        -1.29003191  0.03684211  5.96666667  0.24561404
  5.13333333 -1.78902757]",3101.117769241333
0.007639999999999994,[-0.42400208],"[ 0.03333333  5.8         0.24561404  5.3        -0.25878847  0.03684211
  5.96666667  0.24561404  5.1        -1.29003191  0.03684211  5.96666667
  0.24561404  5.13333333 -1.78902757  0.03684211  5.93333333  0.24561404
  5.13333333 -1.42400205]",3101.197727203369
0.01022,[0.40402845],"[ 0.03684211  5.96666667  0.24561404  5.1        -1.29003191  0.03684211
  5.96666667  0.24561404  5.13333333 -1.78902757  0.03684211  5.93333333
  0.24561404  5.13333333 -1.42400205  0.03859649  5.73333333  0.24912281
  5.33333333 -0.59597158]",3101.2775495052338
0.015331999999999998,[-0.26791465],"[ 0.03684211  5.96666667  0.24561404  5.13333333 -1.78902757  0.03684211
  5.93333333  0.24561404  5.13333333 -1.42400205  0.03859649  5.73333333
  0.24912281  5.33333333 -0.59597158  0.04210526  5.73333333  0.25263158
  5.36666667 -1.26791465]",3101.35791182518
0.025536000000000003,[-0.8621865],"[ 0.03684211  5.93333333  0.24561404  5.13333333 -1.42400205  0.03859649
  5.73333333  0.24912281  5.33333333 -0.59597158  0.04210526  5.73333333
  0.25263158  5.36666667 -1.26791465  0.04912281  5.9         0.25789474
  5.16666667 -1.86218643]",3101.437735080719
0.030671999999999987,[0.1252583],"[ 0.03859649  5.73333333  0.24912281  5.33333333 -0.59597158  0.04210526
  5.73333333  0.25263158  5.36666667 -1.26791465  0.04912281  5.9
  0.25789474  5.16666667 -1.86218643  0.05263158  5.7         0.26315789
  5.26666667 -0.87474167]",3101.5143468379974
0.038368,[-0.79908466],"[ 0.04210526  5.73333333  0.25263158  5.36666667 -1.26791465  0.04912281
  5.9         0.25789474  5.16666667 -1.86218643  0.05263158  5.7
  0.26315789  5.26666667 -0.87474167  0.05789474  5.46666667  0.27192982
  5.46666667 -1.79908466]",3101.595207452774
0.048587999999999985,[0.7467021],"[ 0.04912281  5.9         0.25789474  5.16666667 -1.86218643  0.05263158
  5.7         0.26315789  5.26666667 -0.87474167  0.05789474  5.46666667
  0.27192982  5.46666667 -1.79908466  0.06491228  5.5         0.27894737
  5.36666667 -0.25329792]",3101.6707077026367
0.058824,[-0.7999799],"[ 0.05263158  5.7         0.26315789  5.26666667 -0.87474167  0.05789474
  5.46666667  0.27192982  5.46666667 -1.79908466  0.06491228  5.5
  0.27894737  5.36666667 -0.25329792  0.07192982  5.4         0.28596491
  5.4        -1.79997993]",3101.753006219864
0.071596,[-0.7000881],"[ 0.05789474  5.46666667  0.27192982  5.46666667 -1.79908466  0.06491228
  5.5         0.27894737  5.36666667 -0.25329792  0.07192982  5.4
  0.28596491  5.4        -1.79997993  0.08070175  5.46666667  0.29473684
  5.36666667 -1.70008802]",3101.8373596668243
0.08438399999999999,[0.44261727],"[ 0.06491228  5.5         0.27894737  5.36666667 -0.25329792  0.07192982
  5.4         0.28596491  5.4        -1.79997993  0.08070175  5.46666667
  0.29473684  5.36666667 -1.70008802  0.08947368  5.4         0.30350877
  5.53333333 -0.5573827 ]",3101.9174859523773
0.09209200000000002,[-0.44726637],"[ 0.07192982  5.4         0.28596491  5.4        -1.79997993  0.08070175
  5.46666667  0.29473684  5.36666667 -1.70008802  0.08947368  5.4
  0.30350877  5.53333333 -0.5573827   0.09649123  5.3         0.3122807
  5.63333333 -1.44726634]",3101.997356891632
0.10482000000000002,[0.29551762],"[ 0.08070175  5.46666667  0.29473684  5.36666667 -1.70008802  0.08947368
  5.4         0.30350877  5.53333333 -0.5573827   0.09649123  5.3
  0.3122807   5.63333333 -1.44726634  0.10350877  5.43333333  0.32105263
  5.46666667 -0.70448238]",3102.077297449112
0.10995200000000001,[0.5688802],"[ 0.08947368  5.4         0.30350877  5.53333333 -0.5573827   0.09649123
  5.3         0.3122807   5.63333333 -1.44726634  0.10350877  5.43333333
  0.32105263  5.46666667 -0.70448238  0.10701754  5.4         0.32807018
  5.46666667 -0.4311198 ]",3102.1576664447784
0.12014399999999999,[-0.05823657],"[ 0.09649123  5.3         0.3122807   5.63333333 -1.44726634  0.10350877
  5.43333333  0.32105263  5.46666667 -0.70448238  0.10701754  5.4
  0.32807018  5.46666667 -0.4311198   0.11403509  5.66666667  0.33508772
  5.26666667 -1.0582366 ]",3102.2375457286835
0.127784,[-0.70940447],"[ 0.10350877  5.43333333  0.32105263  5.46666667 -0.70448238  0.10701754
  5.4         0.32807018  5.46666667 -0.4311198   0.11403509  5.66666667
  0.33508772  5.26666667 -1.0582366   0.11929825  5.9         0.34035088
  5.16666667 -1.70940447]",3102.3174612522125
0.16106,[-0.02415448],"[ 0.10701754  5.4         0.32807018  5.46666667 -0.4311198   0.11403509
  5.66666667  0.33508772  5.26666667 -1.0582366   0.11929825  5.9
  0.34035088  5.16666667 -1.70940447  0.14210526  5.46666667  0.34912281
  5.3        -1.02415442]",3102.3976788520813
0.168736,[0.3978061],"[ 0.11403509  5.66666667  0.33508772  5.26666667 -1.0582366   0.11929825
  5.9         0.34035088  5.16666667 -1.70940447  0.14210526  5.46666667
  0.34912281  5.3        -1.02415442  0.14736842  5.36666667  0.35614035
  5.43333333 -0.60219389]",3102.47744679451
0.1764,[0.47238442],"[ 0.11929825  5.9         0.34035088  5.16666667 -1.70940447  0.14210526
  5.46666667  0.34912281  5.3        -1.02415442  0.14736842  5.36666667
  0.35614035  5.43333333 -0.60219389  0.15438596  5.5         0.36666667
  5.23333333 -0.52761555]",3102.5574145317078
0.18918,[-0.58174396],"[ 0.14210526  5.46666667  0.34912281  5.3        -1.02415442  0.14736842
  5.36666667  0.35614035  5.43333333 -0.60219389  0.15438596  5.5
  0.36666667  5.23333333 -0.52761555  0.16666667  5.66666667  0.37719298
  5.03333333 -1.58174396]",3102.6375863552094
0.19940399999999997,[0.25027728],"[ 0.14736842  5.36666667  0.35614035  5.43333333 -0.60219389  0.15438596
  5.5         0.36666667  5.23333333 -0.52761555  0.16666667  5.66666667
  0.37719298  5.03333333 -1.58174396  0.17368421  5.66666667  0.38596491
  5.         -0.74972272]",3102.717287540436
0.20964,[-0.74621314],"[ 0.15438596  5.5         0.36666667  5.23333333 -0.52761555  0.16666667
  5.66666667  0.37719298  5.03333333 -1.58174396  0.17368421  5.66666667
  0.38596491  5.         -0.74972272  0.18070175  5.53333333  0.39298246
  5.1        -1.7462132 ]",3102.797160387039
0.219836,[0.08202237],"[ 0.16666667  5.66666667  0.37719298  5.03333333 -1.58174396  0.17368421
  5.66666667  0.38596491  5.         -0.74972272  0.18070175  5.53333333
  0.39298246  5.1        -1.7462132   0.18947368  5.56666667  0.4
  4.96666667 -0.91797763]",3102.877424955368
0.224964,[-0.56214225],"[ 0.17368421  5.66666667  0.38596491  5.         -0.74972272  0.18070175
  5.53333333  0.39298246  5.1        -1.7462132   0.18947368  5.56666667
  0.4         4.96666667 -0.91797763  0.19649123  5.43333333  0.41052632
  4.96666667 -1.56214225]",3102.9574568271637
0.22753600000000002,[-0.19338168],"[ 0.18070175  5.53333333  0.39298246  5.1        -1.7462132   0.18947368
  5.56666667  0.4         4.96666667 -0.91797763  0.19649123  5.43333333
  0.41052632  4.96666667 -1.56214225  0.20526316  5.46666667  0.41929825
  4.96666667 -1.19338167]",3103.037521839142
0.235184,[0.20775563],"[ 0.18947368  5.56666667  0.4         4.96666667 -0.91797763  0.19649123
  5.43333333  0.41052632  4.96666667 -1.56214225  0.20526316  5.46666667
  0.41929825  4.96666667 -1.19338167  0.21403509  5.43333333  0.42807018
  5.03333333 -0.79224437]",3103.117301940918
0.24026799999999998,[-0.8855615],"[ 0.19649123  5.43333333  0.41052632  4.96666667 -1.56214225  0.20526316
  5.46666667  0.41929825  4.96666667 -1.19338167  0.21403509  5.43333333
  0.42807018  5.03333333 -0.79224437  0.22280702  5.43333333  0.43684211
  4.9        -1.88556147]",3103.1968145370483
0.24027199999999996,[0.02620723],"[ 0.20526316  5.46666667  0.41929825  4.96666667 -1.19338167  0.21403509
  5.43333333  0.42807018  5.03333333 -0.79224437  0.22280702  5.43333333
  0.43684211  4.9        -1.88556147  0.22982456  5.43333333  0.44210526
  4.73333333 -0.97379279]",3103.2772085666656
0.23773600000000003,[-0.31315416],"[ 0.21403509  5.43333333  0.42807018  5.03333333 -0.79224437  0.22280702
  5.43333333  0.43684211  4.9        -1.88556147  0.22982456  5.43333333
  0.44210526  4.73333333 -0.97379279  0.23508772  5.16666667  0.44912281
  4.83333333 -1.31315422]",3103.3573231697083
0.235188,[0.45059812],"[ 0.22280702  5.43333333  0.43684211  4.9        -1.88556147  0.22982456
  5.43333333  0.44210526  4.73333333 -0.97379279  0.23508772  5.16666667
  0.44912281  4.83333333 -1.31315422  0.24210526  5.16666667  0.45614035
  4.76666667 -0.54940188]",3103.4373252391815
0.23262,[-0.7575656],"[ 0.22982456  5.43333333  0.44210526  4.73333333 -0.97379279  0.23508772
  5.16666667  0.44912281  4.83333333 -1.31315422  0.24210526  5.16666667
  0.45614035  4.76666667 -0.54940188  0.24912281  5.2         0.46315789
  4.73333333 -1.75756562]",3103.517606496811
0.237712,[-0.10836901],"[ 0.23508772  5.16666667  0.44912281  4.83333333 -1.31315422  0.24210526
  5.16666667  0.45614035  4.76666667 -0.54940188  0.24912281  5.2
  0.46315789  4.73333333 -1.75756562  0.25964912  5.26666667  0.47017544
  4.56666667 -1.10836899]",3103.597659111023
0.24030800000000002,[-0.6423427],"[ 0.24210526  5.16666667  0.45614035  4.76666667 -0.54940188  0.24912281
  5.2         0.46315789  4.73333333 -1.75756562  0.25964912  5.26666667
  0.47017544  4.56666667 -1.10836899  0.26842105  5.06666667  0.47894737
  4.6        -1.64234269]",3103.6774163246155
0.245432,[-0.00853127],"[ 0.24912281  5.2         0.46315789  4.73333333 -1.75756562  0.25964912
  5.26666667  0.47017544  4.56666667 -1.10836899  0.26842105  5.06666667
  0.47894737  4.6        -1.64234269  0.2754386   4.93333333  0.4877193
  4.63333333 -1.00853133]",3103.7575974464417
0.24547200000000005,[-0.5790925],"[ 0.25964912  5.26666667  0.47017544  4.56666667 -1.10836899  0.26842105
  5.06666667  0.47894737  4.6        -1.64234269  0.2754386   4.93333333
  0.4877193   4.63333333 -1.00853133  0.28245614  4.86666667  0.49824561
  4.66666667 -1.5790925 ]",3103.837468147278
0.25060400000000005,[0.69630086],"[ 0.26842105  5.06666667  0.47894737  4.6        -1.64234269  0.2754386
  4.93333333  0.4877193   4.63333333 -1.00853133  0.28245614  4.86666667
  0.49824561  4.66666667 -1.5790925   0.29122807  4.93333333  0.50526316
  4.6        -0.30369914]",3103.917631149292
0.227556,[0.25061882],"[ 0.2754386   4.93333333  0.4877193   4.63333333 -1.00853133  0.28245614
  4.86666667  0.49824561  4.66666667 -1.5790925   0.29122807  4.93333333
  0.50526316  4.6        -0.30369914  0.29824561  4.86666667  0.5122807
  4.66666667 -0.74938118]",3103.9974689483643
0.23008800000000001,[0.6722245],"[ 0.28245614  4.86666667  0.49824561  4.66666667 -1.5790925   0.29122807
  4.93333333  0.50526316  4.6        -0.30369914  0.29824561  4.86666667
  0.5122807   4.66666667 -0.74938118  0.30526316  4.96666667  0.51754386
  4.46666667 -0.32777548]",3104.0774397850037
0.23009600000000002,[-0.8678403],"[ 0.29122807  4.93333333  0.50526316  4.6        -0.30369914  0.29824561
  4.86666667  0.5122807   4.66666667 -0.74938118  0.30526316  4.96666667
  0.51754386  4.46666667 -0.32777548  0.3122807   5.03333333  0.52280702
  4.26666667 -1.86784029]",3104.1575000286102
0.225,[0.11020271],"[ 0.29824561  4.86666667  0.5122807   4.66666667 -0.74938118  0.30526316
  4.96666667  0.51754386  4.46666667 -0.32777548  0.3122807   5.03333333
  0.52280702  4.26666667 -1.86784029  0.32105263  5.06666667  0.52807018
  4.13333333 -0.88979727]",3104.2374436855316
0.21990800000000013,[-0.04317528],"[ 0.30526316  4.96666667  0.51754386  4.46666667 -0.32777548  0.3122807
  5.03333333  0.52280702  4.26666667 -1.86784029  0.32105263  5.06666667
  0.52807018  4.13333333 -0.88979727  0.3245614   4.9         0.53333333
  4.16666667 -1.04317522]",3104.3174295425415
0.21733999999999995,[0.81880295],"[ 0.3122807   5.03333333  0.52280702  4.26666667 -1.86784029  0.32105263
  5.06666667  0.52807018  4.13333333 -0.88979727  0.3245614   4.9
  0.53333333  4.16666667 -1.04317522  0.32982456  4.86666667  0.54035088
  4.1        -0.18119705]",3104.397484779358
0.21734,[-0.4063919],"[ 0.32105263  5.06666667  0.52807018  4.13333333 -0.88979727  0.3245614
  4.9         0.53333333  4.16666667 -1.04317522  0.32982456  4.86666667
  0.54035088  4.1        -0.18119705  0.33859649  4.9         0.54736842
  4.         -1.40639186]",3104.477583169937
0.224976,[-0.20389615],"[ 0.3245614   4.9         0.53333333  4.16666667 -1.04317522  0.32982456
  4.86666667  0.54035088  4.1        -0.18119705  0.33859649  4.9
  0.54736842  4.         -1.40639186  0.35087719  5.03333333  0.55438596
  3.76666667 -1.20389616]",3104.557294368744
0.217332,[-0.6057324],"[ 0.32982456  4.86666667  0.54035088  4.1        -0.18119705  0.33859649
  4.9         0.54736842  4.         -1.40639186  0.35087719  5.03333333
  0.55438596  3.76666667 -1.20389616  0.35438596  4.86666667  0.55964912
  3.8        -1.60573244]",3104.637568473816
0.209692,[-0.05022256],"[ 0.33859649  4.9         0.54736842  4.         -1.40639186  0.35087719
  5.03333333  0.55438596  3.76666667 -1.20389616  0.35438596  4.86666667
  0.55964912  3.8        -1.60573244  0.35789474  4.6         0.56842105
  3.83333333 -1.05022252]",3104.717487335205
0.204596,[-0.67547476],"[ 0.35087719  5.03333333  0.55438596  3.76666667 -1.20389616  0.35438596
  4.86666667  0.55964912  3.8        -1.60573244  0.35789474  4.6
  0.56842105  3.83333333 -1.05022252  0.36315789  4.46666667  0.5754386
  3.86666667 -1.67547476]",3104.8165583610535
0.20714400000000005,[0.76356536],"[ 0.35438596  4.86666667  0.55964912  3.8        -1.60573244  0.35789474
  4.6         0.56842105  3.83333333 -1.05022252  0.36315789  4.46666667
  0.5754386   3.86666667 -1.67547476  0.37192982  4.53333333  0.58245614
  3.8        -0.23643464]",3104.8707513809204
0.20966,[-0.8743067],"[ 0.35789474  4.6         0.56842105  3.83333333 -1.05022252  0.36315789
  4.46666667  0.5754386   3.86666667 -1.67547476  0.37192982  4.53333333
  0.58245614  3.8        -0.23643464  0.37894737  4.6         0.58947368
  3.73333333 -1.87430668]",3104.9523661136627
0.20708400000000005,[0.6275158],"[ 0.36315789  4.46666667  0.5754386   3.86666667 -1.67547476  0.37192982
  4.53333333  0.58245614  3.8        -0.23643464  0.37894737  4.6
  0.58947368  3.73333333 -1.87430668  0.38421053  4.76666667  0.59122807
  3.73333333 -0.37248421]",3105.0309870243073
0.20452800000000004,[0.23149414],"[ 0.37192982  4.53333333  0.58245614  3.8        -0.23643464  0.37894737
  4.6         0.58947368  3.73333333 -1.87430668  0.38421053  4.76666667
  0.59122807  3.73333333 -0.37248421  0.38947368  4.8         0.59473684
  3.76666667 -0.76850587]",3105.1114270687103
0.19430800000000004,[-0.6561675],"[ 0.37894737  4.6         0.58947368  3.73333333 -1.87430668  0.38421053
  4.76666667  0.59122807  3.73333333 -0.37248421  0.38947368  4.8
  0.59473684  3.76666667 -0.76850587  0.39298246  4.83333333  0.6
  3.86666667 -1.65616751]",3105.190711736679
0.18662000000000006,[0.97415763],"[ 0.38421053  4.76666667  0.59122807  3.73333333 -0.37248421  0.38947368
  4.8         0.59473684  3.76666667 -0.76850587  0.39298246  4.83333333
  0.6         3.86666667 -1.65616751  0.39649123  4.8         0.60701754
  4.13333333 -0.02584237]",3105.2705879211426
0.17640799999999995,[0.38453886],"[ 0.38947368  4.8         0.59473684  3.76666667 -0.76850587  0.39298246
  4.83333333  0.6         3.86666667 -1.65616751  0.39649123  4.8
  0.60701754  4.13333333 -0.02584237  0.39649123  4.56666667  0.61052632
  4.5        -0.61546111]",3105.350702524185
0.17127599999999993,[0.6571992],"[ 0.39298246  4.83333333  0.6         3.86666667 -1.65616751  0.39649123
  4.8         0.60701754  4.13333333 -0.02584237  0.39649123  4.56666667
  0.61052632  4.5        -0.61546111  0.4         4.66666667  0.61578947
  4.5        -0.3428008 ]",3105.430623292923
0.16614800000000002,[-0.46363565],"[ 0.39649123  4.8         0.60701754  4.13333333 -0.02584237  0.39649123
  4.56666667  0.61052632  4.5        -0.61546111  0.4         4.66666667
  0.61578947  4.5        -0.3428008   0.40526316  4.86666667  0.61754386
  4.33333333 -1.46363568]",3105.5109169483185
0.16357600000000005,[0.950069],"[ 0.39649123  4.56666667  0.61052632  4.5        -0.61546111  0.4
  4.66666667  0.61578947  4.5        -0.3428008   0.40526316  4.86666667
  0.61754386  4.33333333 -1.46363568  0.41052632  4.93333333  0.62280702
  4.36666667 -0.04993099]",3105.5913105010986
0.15848000000000007,[-0.8113911],"[ 0.4         4.66666667  0.61578947  4.5        -0.3428008   0.40526316
  4.86666667  0.61754386  4.33333333 -1.46363568  0.41052632  4.93333333
  0.62280702  4.36666667 -0.04993099  0.41403509  4.9         0.62631579
  4.5        -1.81139112]",3105.6753962039948
0.15847200000000006,[-0.53221184],"[ 0.40526316  4.86666667  0.61754386  4.33333333 -1.46363568  0.41052632
  4.93333333  0.62280702  4.36666667 -0.04993099  0.41403509  4.9
  0.62631579  4.5        -1.81139112  0.42105263  5.03333333  0.63333333
  4.43333333 -1.53221178]",3105.7553918361664
0.15592399999999995,[-0.9008952],"[ 0.41052632  4.93333333  0.62280702  4.36666667 -0.04993099  0.41403509
  4.9         0.62631579  4.5        -1.81139112  0.42105263  5.03333333
  0.63333333  4.43333333 -1.53221178  0.42807018  5.          0.64035088
  4.56666667 -1.90089512]",3105.831513404846
0.16102799999999995,[-0.55519915],"[ 0.41403509  4.9         0.62631579  4.5        -1.81139112  0.42105263
  5.03333333  0.63333333  4.43333333 -1.53221178  0.42807018  5.
  0.64035088  4.56666667 -1.90089512  0.43508772  4.9         0.64736842
  4.96666667 -1.55519915]",3105.910760641098
0.161024,[-0.63810605],"[ 0.42105263  5.03333333  0.63333333  4.43333333 -1.53221178  0.42807018
  5.          0.64035088  4.56666667 -1.90089512  0.43508772  4.9
  0.64736842  4.96666667 -1.55519915  0.44035088  4.9         0.65438596
  5.2        -1.63810611]",3105.990918159485
0.155912,[-0.8321713],"[ 0.42807018  5.          0.64035088  4.56666667 -1.90089512  0.43508772
  4.9         0.64736842  4.96666667 -1.55519915  0.44035088  4.9
  0.65438596  5.2        -1.63810611  0.44561404  4.93333333  0.65789474
  5.3        -1.83217132]",3106.0753824710846
0.14571199999999995,[0.8005036],"[ 0.43508772  4.9         0.64736842  4.96666667 -1.55519915  0.44035088
  4.9         0.65438596  5.2        -1.63810611  0.44561404  4.93333333
  0.65789474  5.3        -1.83217132  0.45087719  4.86666667  0.66140351
  5.43333333 -0.19949639]",3106.1572828292847
0.14569200000000004,[-0.8286725],"[ 0.44035088  4.9         0.65438596  5.2        -1.63810611  0.44561404
  4.93333333  0.65789474  5.3        -1.83217132  0.45087719  4.86666667
  0.66140351  5.43333333 -0.19949639  0.45438596  4.86666667  0.66666667
  5.46666667 -1.82867253]",3106.2367703914642
0.145648,[-0.2026069],"[ 0.44561404  4.93333333  0.65789474  5.3        -1.83217132  0.45087719
  4.86666667  0.66140351  5.43333333 -0.19949639  0.45438596  4.86666667
  0.66666667  5.46666667 -1.82867253  0.45789474  4.96666667  0.67017544
  5.33333333 -1.20260692]",3106.317357778549
0.14307599999999998,[-0.65788937],"[ 0.45087719  4.86666667  0.66140351  5.43333333 -0.19949639  0.45438596
  4.86666667  0.66666667  5.46666667 -1.82867253  0.45789474  4.96666667
  0.67017544  5.33333333 -1.20260692  0.46140351  4.96666667  0.67368421
  5.46666667 -1.65788937]",3106.3918886184692
0.140532,[0.688893],"[ 0.45438596  4.86666667  0.66666667  5.46666667 -1.82867253  0.45789474
  4.96666667  0.67017544  5.33333333 -1.20260692  0.46140351  4.96666667
  0.67368421  5.46666667 -1.65788937  0.46842105  4.93333333  0.67894737
  5.6        -0.31110698]",3106.4772946834564
0.14054,[-0.8884787],"[ 0.45789474  4.96666667  0.67017544  5.33333333 -1.20260692  0.46140351
  4.96666667  0.67368421  5.46666667 -1.65788937  0.46842105  4.93333333
  0.67894737  5.6        -0.31110698  0.4754386   4.93333333  0.68421053
  5.7        -1.88847876]",3106.552567720413
0.143096,[0.7281337],"[ 0.46140351  4.96666667  0.67368421  5.46666667 -1.65788937  0.46842105
  4.93333333  0.67894737  5.6        -0.31110698  0.4754386   4.93333333
  0.68421053  5.7        -1.88847876  0.48245614  5.1         0.69473684
  5.56666667 -0.27186632]",3106.631072282791
0.1431,[0.89085996],"[ 0.46842105  4.93333333  0.67894737  5.6        -0.31110698  0.4754386
  4.93333333  0.68421053  5.7        -1.88847876  0.48245614  5.1
  0.69473684  5.56666667 -0.27186632  0.4877193   5.1         0.69824561
  5.7        -0.10914004]",3106.7154088020325
0.14307599999999998,[-0.4057561],"[ 0.4754386   4.93333333  0.68421053  5.7        -1.88847876  0.48245614
  5.1         0.69473684  5.56666667 -0.27186632  0.4877193   5.1
  0.69824561  5.7        -0.10914004  0.49122807  5.33333333  0.70350877
  5.56666667 -1.40575612]",3106.791165828705
0.14814799999999995,[0.6482988],"[ 0.48245614  5.1         0.69473684  5.56666667 -0.27186632  0.4877193
  5.1         0.69824561  5.7        -0.10914004  0.49122807  5.33333333
  0.70350877  5.56666667 -1.40575612  0.49824561  5.63333333  0.71052632
  5.36666667 -0.3517012 ]",3106.875366449356
0.15323200000000003,[-0.07151436],"[ 0.4877193   5.1         0.69824561  5.7        -0.10914004  0.49122807
  5.33333333  0.70350877  5.56666667 -1.40575612  0.49824561  5.63333333
  0.71052632  5.36666667 -0.3517012   0.50175439  5.63333333  0.71403509
  5.36666667 -1.07151437]",3106.951437473297
0.15834400000000004,[0.38941118],"[ 0.49122807  5.33333333  0.70350877  5.56666667 -1.40575612  0.49824561
  5.63333333  0.71052632  5.36666667 -0.3517012   0.50175439  5.63333333
  0.71403509  5.36666667 -1.07151437  0.50877193  5.73333333  0.71929825
  5.36666667 -0.61058879]",3107.03071975708
0.15836799999999995,[0.3455301],"[ 0.49824561  5.63333333  0.71052632  5.36666667 -0.3517012   0.50175439
  5.63333333  0.71403509  5.36666667 -1.07151437  0.50877193  5.73333333
  0.71929825  5.36666667 -0.61058879  0.51403509  5.73333333  0.72631579
  5.33333333 -0.65446991]",3107.1174397468567
0.16347999999999996,[0.17983499],"[ 0.50175439  5.63333333  0.71403509  5.36666667 -1.07151437  0.50877193
  5.73333333  0.71929825  5.36666667 -0.61058879  0.51403509  5.73333333
  0.72631579  5.33333333 -0.65446991  0.52280702  5.8         0.73333333
  5.2        -0.82016504]",3107.1916556358337
0.17113999999999996,[-0.93778265],"[ 0.50877193  5.73333333  0.71929825  5.36666667 -0.61058879  0.51403509
  5.73333333  0.72631579  5.33333333 -0.65446991  0.52280702  5.8
  0.73333333  5.2        -0.82016504  0.53157895  5.83333333  0.74035088
  5.16666667 -1.93778265]",3107.275324344635
0.16605599999999998,[-0.4149539],"[ 0.51403509  5.73333333  0.72631579  5.33333333 -0.65446991  0.52280702
  5.8         0.73333333  5.2        -0.82016504  0.53157895  5.83333333
  0.74035088  5.16666667 -1.93778265  0.53508772  5.73333333  0.74736842
  5.23333333 -1.41495395]",3107.3553586006165
0.1609600000000001,[-0.90512556],"[ 0.52280702  5.8         0.73333333  5.2        -0.82016504  0.53157895
  5.83333333  0.74035088  5.16666667 -1.93778265  0.53508772  5.73333333
  0.74736842  5.23333333 -1.41495395  0.53859649  5.56666667  0.74912281
  5.43333333 -1.90512562]",3107.430899620056
0.15328399999999998,[0.56264585],"[ 0.53157895  5.83333333  0.74035088  5.16666667 -1.93778265  0.53508772
  5.73333333  0.74736842  5.23333333 -1.41495395  0.53859649  5.56666667
  0.74912281  5.43333333 -1.90512562  0.54035088  5.53333333  0.75263158
  5.53333333 -0.43735415]",3107.515528678894
0.153296,[-0.5578258],"[ 0.53508772  5.73333333  0.74736842  5.23333333 -1.41495395  0.53859649
  5.56666667  0.74912281  5.43333333 -1.90512562  0.54035088  5.53333333
  0.75263158  5.53333333 -0.43735415  0.54561404  5.43333333  0.75614035
  5.6        -1.5578258 ]",3107.597321510315
0.15072799999999997,[0.92371136],"[ 0.53859649  5.56666667  0.74912281  5.43333333 -1.90512562  0.54035088
  5.53333333  0.75263158  5.53333333 -0.43735415  0.54561404  5.43333333
  0.75614035  5.6        -1.5578258   0.54912281  5.56666667  0.76315789
  5.46666667 -0.07628864]",3107.6717505455017
0.15071999999999997,[-0.36980057],"[ 0.54035088  5.53333333  0.75263158  5.53333333 -0.43735415  0.54561404
  5.43333333  0.75614035  5.6        -1.5578258   0.54912281  5.56666667
  0.76315789  5.46666667 -0.07628864  0.55438596  5.56666667  0.76666667
  5.5        -1.36980057]",3107.7547068595886
0.15326399999999996,[0.09834734],"[ 0.54561404  5.43333333  0.75614035  5.6        -1.5578258   0.54912281
  5.56666667  0.76315789  5.46666667 -0.07628864  0.55438596  5.56666667
  0.76666667  5.5        -1.36980057  0.55964912  5.66666667  0.77017544
  5.36666667 -0.90165269]",3107.839408159256
0.15583599999999997,[-0.66029],"[ 0.54912281  5.56666667  0.76315789  5.46666667 -0.07628864  0.55438596
  5.56666667  0.76666667  5.5        -1.36980057  0.55964912  5.66666667
  0.77017544  5.36666667 -0.90165269  0.56491228  5.63333333  0.77719298
  5.33333333 -1.66029   ]",3107.9156045913696
0.16095199999999998,[0.40744123],"[ 0.55438596  5.56666667  0.76666667  5.5        -1.36980057  0.55964912
  5.66666667  0.77017544  5.36666667 -0.90165269  0.56491228  5.63333333
  0.77719298  5.33333333 -1.66029     0.57192982  5.6         0.78421053
  5.33333333 -0.59255874]",3107.999373435974
0.16096,[0.10124515],"[ 0.55964912  5.66666667  0.77017544  5.36666667 -0.90165269  0.56491228
  5.63333333  0.77719298  5.33333333 -1.66029     0.57192982  5.6
  0.78421053  5.33333333 -0.59255874  0.57894737  5.5         0.79122807
  5.43333333 -0.89875484]",3108.0764348506927
0.15839199999999998,[-0.15230966],"[ 0.56491228  5.63333333  0.77719298  5.33333333 -1.66029     0.57192982
  5.6         0.78421053  5.33333333 -0.59255874  0.57894737  5.5
  0.79122807  5.43333333 -0.89875484  0.58421053  5.6         0.79473684
  5.3        -1.15230966]",3108.159358739853
0.153296,[-0.31832957],"[ 0.57192982  5.6         0.78421053  5.33333333 -0.59255874  0.57894737
  5.5         0.79122807  5.43333333 -0.89875484  0.58421053  5.6
  0.79473684  5.3        -1.15230966  0.5877193   5.63333333  0.79824561
  5.16666667 -1.31832957]",3108.241457939148
0.150748,[0.4609127],"[ 0.57894737  5.5         0.79122807  5.43333333 -0.89875484  0.58421053
  5.6         0.79473684  5.3        -1.15230966  0.5877193   5.63333333
  0.79824561  5.16666667 -1.31832957  0.59122807  5.56666667  0.80175439
  5.23333333 -0.5390873 ]",3108.321417093277
0.15332800000000002,[0.54043686],"[ 0.58421053  5.6         0.79473684  5.3        -1.15230966  0.5877193
  5.63333333  0.79824561  5.16666667 -1.31832957  0.59122807  5.56666667
  0.80175439  5.23333333 -0.5390873   0.59649123  5.6         0.80701754
  5.16666667 -0.45956314]",3108.3950729370117
0.15589600000000003,[0.5538647],"[ 0.5877193   5.63333333  0.79824561  5.16666667 -1.31832957  0.59122807
  5.56666667  0.80175439  5.23333333 -0.5390873   0.59649123  5.6
  0.80701754  5.16666667 -0.45956314  0.60526316  5.8         0.8122807
  4.9        -0.44613528]",3108.4812412261963
0.15844400000000003,[0.125286],"[ 0.59122807  5.56666667  0.80175439  5.23333333 -0.5390873   0.59649123
  5.6         0.80701754  5.16666667 -0.45956314  0.60526316  5.8
  0.8122807   4.9        -0.44613528  0.61052632  5.86666667  0.81403509
  4.73333333 -0.87471402]",3108.561200618744
0.15590000000000004,[0.5724688],"[ 0.59649123  5.6         0.80701754  5.16666667 -0.45956314  0.60526316
  5.8         0.8122807   4.9        -0.44613528  0.61052632  5.86666667
  0.81403509  4.73333333 -0.87471402  0.61578947  5.86666667  0.81754386
  4.66666667 -0.42753118]",3108.635288476944
0.15079600000000004,[0.16880994],"[ 0.60526316  5.8         0.8122807   4.9        -0.44613528  0.61052632
  5.86666667  0.81403509  4.73333333 -0.87471402  0.61578947  5.86666667
  0.81754386  4.66666667 -0.42753118  0.61754386  5.8         0.82105263
  4.56666667 -0.83119005]",3108.721334218979
0.14568800000000004,[-0.34797066],"[ 0.61052632  5.86666667  0.81403509  4.73333333 -0.87471402  0.61578947
  5.86666667  0.81754386  4.66666667 -0.42753118  0.61754386  5.8
  0.82105263  4.56666667 -0.83119005  0.62280702  5.83333333  0.82280702
  4.4        -1.34797072]",3108.801428079605
0.13803599999999994,[0.96052593],"[ 0.61578947  5.86666667  0.81754386  4.66666667 -0.42753118  0.61754386
  5.8         0.82105263  4.56666667 -0.83119005  0.62280702  5.83333333
  0.82280702  4.4        -1.34797072  0.62631579  5.73333333  0.82807018
  4.43333333 -0.03947407]",3108.874666452408
0.13803599999999994,[0.4182893],"[ 0.61754386  5.8         0.82105263  4.56666667 -0.83119005  0.62280702
  5.83333333  0.82280702  4.4        -1.34797072  0.62631579  5.73333333
  0.82807018  4.43333333 -0.03947407  0.62982456  5.63333333  0.83333333
  4.46666667 -0.5817107 ]",3108.9547839164734
0.1456679999999999,[-0.513355],"[ 0.62280702  5.83333333  0.82280702  4.4        -1.34797072  0.62631579
  5.73333333  0.82807018  4.43333333 -0.03947407  0.62982456  5.63333333
  0.83333333  4.46666667 -0.5817107   0.63859649  5.76666667  0.83333333
  4.13333333 -1.51335502]",3109.035677909851
0.14822800000000003,[0.7162285],"[ 0.62631579  5.73333333  0.82807018  4.43333333 -0.03947407  0.62982456
  5.63333333  0.83333333  4.46666667 -0.5817107   0.63859649  5.76666667
  0.83333333  4.13333333 -1.51335502  0.64210526  5.7         0.83508772
  3.93333333 -0.28377151]",3109.119364500046
0.14057200000000003,[-0.6132469],"[ 0.62982456  5.63333333  0.83333333  4.46666667 -0.5817107   0.63859649
  5.76666667  0.83333333  4.13333333 -1.51335502  0.64210526  5.7
  0.83508772  3.93333333 -0.28377151  0.64210526  5.5         0.84035088
  3.96666667 -1.61324692]",3109.195552110672
0.14570000000000005,[0.07555713],"[ 0.63859649  5.76666667  0.83333333  4.13333333 -1.51335502  0.64210526
  5.7         0.83508772  3.93333333 -0.28377151  0.64210526  5.5
  0.84035088  3.96666667 -1.61324692  0.64912281  5.5         0.84385965
  3.83333333 -0.92444289]",3109.2793271541595
0.14314800000000005,[-0.92551583],"[ 0.64210526  5.7         0.83508772  3.93333333 -0.28377151  0.64210526
  5.5         0.84035088  3.96666667 -1.61324692  0.64912281  5.5
  0.84385965  3.83333333 -0.92444289  0.65263158  5.46666667  0.85087719
  3.93333333 -1.92551589]",3109.3593459129333
0.14316400000000007,[0.3562883],"[ 0.64210526  5.5         0.84035088  3.96666667 -1.61324692  0.64912281
  5.5         0.84385965  3.83333333 -0.92444289  0.65263158  5.46666667
  0.85087719  3.93333333 -1.92551589  0.65789474  5.43333333  0.85789474
  3.96666667 -0.64371169]",3109.4412789344788
0.14062799999999998,[-0.3092052],"[ 0.64912281  5.5         0.84385965  3.83333333 -0.92444289  0.65263158
  5.46666667  0.85087719  3.93333333 -1.92551589  0.65789474  5.43333333
  0.85789474  3.96666667 -0.64371169  0.66140351  5.23333333  0.86666667
  4.06666667 -1.30920517]",3109.521495103836
0.13807199999999997,[-0.6532887],"[ 0.65263158  5.46666667  0.85087719  3.93333333 -1.92551589  0.65789474
  5.43333333  0.85789474  3.96666667 -0.64371169  0.66140351  5.23333333
  0.86666667  4.06666667 -1.30920517  0.66666667  5.2         0.87017544
  3.96666667 -1.65328872]",3109.601382255554
0.13295999999999997,[-0.79003763],"[ 0.65789474  5.43333333  0.85789474  3.96666667 -0.64371169  0.66140351
  5.23333333  0.86666667  4.06666667 -1.30920517  0.66666667  5.2
  0.87017544  3.96666667 -1.65328872  0.67017544  5.1         0.8754386
  3.96666667 -1.79003763]",3109.6813685894012
0.12788,[0.4366267],"[ 0.66140351  5.23333333  0.86666667  4.06666667 -1.30920517  0.66666667
  5.2         0.87017544  3.96666667 -1.65328872  0.67017544  5.1
  0.8754386   3.96666667 -1.79003763  0.67192982  4.93333333  0.88070175
  4.1        -0.56337333]",3109.761379480362
0.125336,[-0.54526734],"[ 0.66666667  5.2         0.87017544  3.96666667 -1.65328872  0.67017544
  5.1         0.8754386   3.96666667 -1.79003763  0.67192982  4.93333333
  0.88070175  4.1        -0.56337333  0.67368421  4.86666667  0.88245614
  4.1        -1.54526734]",3109.841244697571
0.12531199999999998,[-0.56944597],"[ 0.67017544  5.1         0.8754386   3.96666667 -1.79003763  0.67192982
  4.93333333  0.88070175  4.1        -0.56337333  0.67368421  4.86666667
  0.88245614  4.1        -1.54526734  0.67719298  5.          0.88421053
  3.9        -1.56944597]",3109.921380996704
0.11765999999999999,[0.00730224],"[ 0.67192982  4.93333333  0.88070175  4.1        -0.56337333  0.67368421
  4.86666667  0.88245614  4.1        -1.54526734  0.67719298  5.
  0.88421053  3.9        -1.56944597  0.67719298  4.9         0.88596491
  4.         -0.99269778]",3110.0011780261993
0.10747200000000001,[-0.50961757],"[ 0.67368421  4.86666667  0.88245614  4.1        -1.54526734  0.67719298
  5.          0.88421053  3.9        -1.56944597  0.67719298  4.9
  0.88596491  4.         -0.99269778  0.67894737  4.8         0.89122807
  4.16666667 -1.50961757]",3110.0813372135162
0.11258799999999991,[0.20109649],"[ 0.67719298  5.          0.88421053  3.9        -1.56944597  0.67719298
  4.9         0.88596491  4.         -0.99269778  0.67894737  4.8
  0.89122807  4.16666667 -1.50961757  0.6877193   4.83333333  0.89824561
  4.06666667 -0.79890352]",3110.1607959270477
0.11769999999999992,[0.18274999],"[ 0.67719298  4.9         0.88596491  4.         -0.99269778  0.67894737
  4.8         0.89122807  4.16666667 -1.50961757  0.6877193   4.83333333
  0.89824561  4.06666667 -0.79890352  0.69649123  4.83333333  0.90701754
  4.2        -0.81725001]",3110.2407989501953
0.127896,[0.50295246],"[ 0.67894737  4.8         0.89122807  4.16666667 -1.50961757  0.6877193
  4.83333333  0.89824561  4.06666667 -0.79890352  0.69649123  4.83333333
  0.90701754  4.2        -0.81725001  0.70526316  5.          0.91403509
  4.16666667 -0.49704754]",3110.3212127685547
0.127892,[-0.92049074],"[ 0.6877193   4.83333333  0.89824561  4.06666667 -0.79890352  0.69649123
  4.83333333  0.90701754  4.2        -0.81725001  0.70526316  5.
  0.91403509  4.16666667 -0.49704754  0.71052632  5.06666667  0.91578947
  4.         -1.92049074]",3110.40123128891
0.1253320000000001,[0.9496695],"[ 0.69649123  4.83333333  0.90701754  4.2        -0.81725001  0.70526316
  5.          0.91403509  4.16666667 -0.49704754  0.71052632  5.06666667
  0.91578947  4.         -1.92049074  0.7122807   5.          0.91754386
  3.9        -0.05033052]",3110.4812326431274
0.11767600000000011,[-0.19562176],"[ 0.70526316  5.          0.91403509  4.16666667 -0.49704754  0.71052632
  5.06666667  0.91578947  4.         -1.92049074  0.7122807   5.
  0.91754386  3.9        -0.05033052  0.71052632  4.8         0.92105263
  4.03333333 -1.19562173]",3110.561383485794
