reward,action,obs,time
,,"[0.         0.         0.         0.         0.         0.
 0.         0.         0.         0.         0.         0.
 0.         0.         0.         0.03157895 5.8        0.24561404
 5.33333333 0.        ]",2253.310619831085
2.8000000000000247e-05,[0.7608596],"[ 0.          0.          0.          0.          0.          0.
  0.          0.          0.          0.          0.03157895  5.8
  0.24561404  5.33333333  0.          0.03157895  5.56666667  0.24561404
  5.43333333 -0.23914039]",2253.4051883220673
-3.9999999999970615e-06,[0.21337251],"[ 0.          0.          0.          0.          0.          0.03157895
  5.8         0.24561404  5.33333333  0.          0.03157895  5.56666667
  0.24561404  5.43333333 -0.23914039  0.03157895  5.83333333  0.24385965
  5.33333333 -0.78662747]",2253.454731941223
-0.0025319999999999995,[-0.5681721],"[ 0.03157895  5.8         0.24561404  5.33333333  0.          0.03157895
  5.56666667  0.24561404  5.43333333 -0.23914039  0.03157895  5.83333333
  0.24385965  5.33333333 -0.78662747  0.02982456  5.6         0.24561404
  5.43333333 -1.5681721 ]",2253.5083346366882
-0.0025319999999999995,[-0.32484174],"[ 0.03157895  5.56666667  0.24561404  5.43333333 -0.23914039  0.03157895
  5.83333333  0.24385965  5.33333333 -0.78662747  0.02982456  5.6
  0.24561404  5.43333333 -1.5681721   0.02982456  5.6         0.24561404
  5.43333333 -1.32484174]",2253.5550463199615
2.4000000000003185e-05,[-0.7165097],"[ 0.03157895  5.83333333  0.24385965  5.33333333 -0.78662747  0.02982456
  5.6         0.24561404  5.43333333 -1.5681721   0.02982456  5.6
  0.24561404  5.43333333 -1.32484174  0.03157895  5.6         0.24561404
  5.43333333 -1.7165097 ]",2253.6065690517426
1.9999999999999185e-05,[0.8817179],"[ 0.02982456  5.6         0.24561404  5.43333333 -1.5681721   0.02982456
  5.6         0.24561404  5.43333333 -1.32484174  0.03157895  5.6
  0.24561404  5.43333333 -1.7165097   0.03157895  5.63333333  0.24561404
  5.4        -0.11828208]",2253.6620638370514
2.4000000000003185e-05,[0.91281354],"[ 0.02982456  5.6         0.24561404  5.43333333 -1.32484174  0.03157895
  5.6         0.24561404  5.43333333 -1.7165097   0.03157895  5.63333333
  0.24561404  5.4        -0.11828208  0.03157895  5.6         0.24561404
  5.46666667 -0.08718646]",2253.712515115738
0.002607999999999999,[-0.77681184],"[ 0.03157895  5.6         0.24561404  5.43333333 -1.7165097   0.03157895
  5.63333333  0.24561404  5.4        -0.11828208  0.03157895  5.6
  0.24561404  5.46666667 -0.08718646  0.03333333  5.36666667  0.24736842
  5.66666667 -1.77681184]",2253.7627160549164
0.005156000000000001,[-0.7567756],"[ 0.03157895  5.63333333  0.24561404  5.4        -0.11828208  0.03157895
  5.6         0.24561404  5.46666667 -0.08718646  0.03333333  5.36666667
  0.24736842  5.66666667 -1.77681184  0.03508772  5.43333333  0.24912281
  5.66666667 -1.75677562]",2253.806286096573
0.007679999999999999,[-0.78352],"[ 0.03157895  5.6         0.24561404  5.46666667 -0.08718646  0.03333333
  5.36666667  0.24736842  5.66666667 -1.77681184  0.03508772  5.43333333
  0.24912281  5.66666667 -1.75677562  0.03684211  5.7         0.25087719
  5.36666667 -1.78351998]",2253.8687238693237
0.010244000000000003,[0.43918076],"[ 0.03333333  5.36666667  0.24736842  5.66666667 -1.77681184  0.03508772
  5.43333333  0.24912281  5.66666667 -1.75677562  0.03684211  5.7
  0.25087719  5.36666667 -1.78351998  0.03859649  5.63333333  0.25087719
  5.4        -0.56081927]",2253.953113794327
0.015384000000000004,[-0.08345445],"[ 0.03508772  5.43333333  0.24912281  5.66666667 -1.75677562  0.03684211
  5.7         0.25087719  5.36666667 -1.78351998  0.03859649  5.63333333
  0.25087719  5.4        -0.56081927  0.04210526  5.4         0.25263158
  5.63333333 -1.08345449]",2254.033243894577
0.02558800000000001,[0.94299453],"[ 0.03684211  5.7         0.25087719  5.36666667 -1.78351998  0.03859649
  5.63333333  0.25087719  5.4        -0.56081927  0.04210526  5.4
  0.25263158  5.63333333 -1.08345449  0.04912281  5.56666667  0.25964912
  5.5        -0.05700547]",2254.112974882126
0.04346800000000001,[0.7159976],"[ 0.03859649  5.63333333  0.25087719  5.4        -0.56081927  0.04210526
  5.4         0.25263158  5.63333333 -1.08345449  0.04912281  5.56666667
  0.25964912  5.5        -0.05700547  0.06140351  5.66666667  0.27192982
  5.4        -0.28400242]",2254.1931068897247
0.058784,[-0.19990098],"[ 0.04210526  5.4         0.25263158  5.63333333 -1.08345449  0.04912281
  5.56666667  0.25964912  5.5        -0.05700547  0.06140351  5.66666667
  0.27192982  5.4        -0.28400242  0.07192982  5.83333333  0.28421053
  5.2        -1.19990098]",2254.272972345352
0.07411200000000001,[-0.9314503],"[ 0.04912281  5.56666667  0.25964912  5.5        -0.05700547  0.06140351
  5.66666667  0.27192982  5.4        -0.28400242  0.07192982  5.83333333
  0.28421053  5.2        -1.19990098  0.08245614  5.9         0.29298246
  5.1        -1.93145037]",2254.3531239032745
0.07669600000000001,[0.63622916],"[ 0.06140351  5.66666667  0.27192982  5.4        -0.28400242  0.07192982
  5.83333333  0.28421053  5.2        -1.19990098  0.08245614  5.9
  0.29298246  5.1        -1.93145037  0.08421053  5.66666667  0.29824561
  5.23333333 -0.36377084]",2254.4333803653717
0.081844,[-0.9717606],"[ 0.07192982  5.83333333  0.28421053  5.2        -1.19990098  0.08245614
  5.9         0.29298246  5.1        -1.93145037  0.08421053  5.66666667
  0.29824561  5.23333333 -0.36377084  0.0877193   5.36666667  0.30175439
  5.5        -1.97176051]",2254.5091831684113
0.089508,[-0.24526396],"[ 0.08245614  5.9         0.29298246  5.1        -1.93145037  0.08421053
  5.66666667  0.29824561  5.23333333 -0.36377084  0.0877193   5.36666667
  0.30175439  5.5        -1.97176051  0.09298246  5.4         0.30526316
  5.46666667 -1.24526393]",2254.5870864391327
0.09973200000000002,[0.7358879],"[ 0.08421053  5.66666667  0.29824561  5.23333333 -0.36377084  0.0877193
  5.36666667  0.30175439  5.5        -1.97176051  0.09298246  5.4
  0.30526316  5.46666667 -1.24526393  0.1         5.4         0.31403509
  5.5        -0.26411211]",2254.6711344718933
0.10991200000000001,[0.0211799],"[ 0.0877193   5.36666667  0.30175439  5.5        -1.97176051  0.09298246
  5.4         0.30526316  5.46666667 -1.24526393  0.1         5.4
  0.31403509  5.5        -0.26411211  0.10701754  5.53333333  0.32631579
  5.5        -0.97882009]",2254.751090526581
0.12014399999999999,[0.8225012],"[ 0.09298246  5.4         0.30526316  5.46666667 -1.24526393  0.1
  5.4         0.31403509  5.5        -0.26411211  0.10701754  5.53333333
  0.32631579  5.5        -0.97882009  0.11403509  5.73333333  0.33684211
  5.26666667 -0.17749882]",2254.826420068741
0.16614800000000002,[-0.51907563],"[ 0.1         5.4         0.31403509  5.5        -0.26411211  0.10701754
  5.53333333  0.32631579  5.5        -0.97882009  0.11403509  5.73333333
  0.33684211  5.26666667 -0.17749882  0.14385965  5.53333333  0.34736842
  5.16666667 -1.51907563]",2254.9073770046234
0.17380800000000002,[0.6416329],"[ 0.10701754  5.53333333  0.32631579  5.5        -0.97882009  0.11403509
  5.73333333  0.33684211  5.26666667 -0.17749882  0.14385965  5.53333333
  0.34736842  5.16666667 -1.51907563  0.14912281  5.6         0.35438596
  4.93333333 -0.35836709]",2254.991090774536
0.17636800000000002,[-0.08061884],"[ 0.11403509  5.73333333  0.33684211  5.26666667 -0.17749882  0.14385965
  5.53333333  0.34736842  5.16666667 -1.51907563  0.14912281  5.6
  0.35438596  4.93333333 -0.35836709  0.15263158  5.56666667  0.35964912
  4.93333333 -1.08061886]",2255.072770833969
0.18402,[-0.35648403],"[ 0.14385965  5.53333333  0.34736842  5.16666667 -1.51907563  0.14912281
  5.6         0.35438596  4.93333333 -0.35836709  0.15263158  5.56666667
  0.35964912  4.93333333 -1.08061886  0.15789474  5.73333333  0.36491228
  4.9        -1.35648406]",2255.152294397354
0.186584,[0.9337848],"[ 0.14912281  5.6         0.35438596  4.93333333 -0.35836709  0.15263158
  5.56666667  0.35964912  4.93333333 -1.08061886  0.15789474  5.73333333
  0.36491228  4.9        -1.35648406  0.15964912  5.63333333  0.37017544
  5.         -0.06621522]",2255.2298929691315
0.19423600000000002,[0.29593495],"[ 0.15263158  5.56666667  0.35964912  4.93333333 -1.08061886  0.15789474
  5.73333333  0.36491228  4.9        -1.35648406  0.15964912  5.63333333
  0.37017544  5.         -0.06621522  0.16666667  5.53333333  0.37894737
  5.03333333 -0.70406508]",2255.3063049316406
0.20956800000000003,[0.57074225],"[ 0.15789474  5.73333333  0.36491228  4.9        -1.35648406  0.15964912
  5.63333333  0.37017544  5.         -0.06621522  0.16666667  5.53333333
  0.37894737  5.03333333 -0.70406508  0.17894737  5.63333333  0.38596491
  4.76666667 -0.42925775]",2255.3869109153748
0.22237200000000001,[0.5425017],"[ 0.15964912  5.63333333  0.37017544  5.         -0.06621522  0.16666667
  5.53333333  0.37894737  5.03333333 -0.70406508  0.17894737  5.63333333
  0.38596491  4.76666667 -0.42925775  0.18947368  5.7         0.39473684
  4.56666667 -0.45749831]",2255.4711096286774
0.23258,[-0.56586105],"[ 0.16666667  5.53333333  0.37894737  5.03333333 -0.70406508  0.17894737
  5.63333333  0.38596491  4.76666667 -0.42925775  0.18947368  5.7
  0.39473684  4.56666667 -0.45749831  0.19824561  5.76666667  0.4
  4.4        -1.56586099]",2255.55287027359
0.23255600000000004,[0.47167417],"[ 0.17894737  5.63333333  0.38596491  4.76666667 -0.42925775  0.18947368
  5.7         0.39473684  4.56666667 -0.45749831  0.19824561  5.76666667
  0.4         4.4        -1.56586099  0.20175439  5.73333333  0.40350877
  4.33333333 -0.5283258 ]",2255.6328279972076
0.22238800000000003,[-0.2644561],"[ 0.18947368  5.7         0.39473684  4.56666667 -0.45749831  0.19824561
  5.76666667  0.4         4.4        -1.56586099  0.20175439  5.73333333
  0.40350877  4.33333333 -0.5283258   0.20175439  5.43333333  0.40877193
  4.4        -1.26445603]",2255.7132863998413
0.212176,[0.864314],"[ 0.19824561  5.76666667  0.4         4.4        -1.56586099  0.20175439
  5.73333333  0.40350877  4.33333333 -0.5283258   0.20175439  5.43333333
  0.40877193  4.4        -1.26445603  0.20701754  5.43333333  0.4122807
  4.26666667 -0.13568598]",2255.7930121421814
0.20964400000000002,[0.544406],"[ 0.20175439  5.73333333  0.40350877  4.33333333 -0.5283258   0.20175439
  5.43333333  0.40877193  4.4        -1.26445603  0.20701754  5.43333333
  0.4122807   4.26666667 -0.13568598  0.21578947  5.4         0.41929825
  4.16666667 -0.455594  ]",2255.87287569046
0.20964,[-0.8056184],"[ 0.20175439  5.43333333  0.40877193  4.4        -1.26445603  0.20701754
  5.43333333  0.4122807   4.26666667 -0.13568598  0.21578947  5.4
  0.41929825  4.16666667 -0.455594    0.22631579  5.5         0.42280702
  3.96666667 -1.80561841]",2255.952958345413
0.219836,[0.61449015],"[ 0.20701754  5.43333333  0.4122807   4.26666667 -0.13568598  0.21578947
  5.4         0.41929825  4.16666667 -0.455594    0.22631579  5.5
  0.42280702  3.96666667 -1.80561841  0.23508772  5.5         0.42631579
  3.73333333 -0.38550985]",2256.032860994339
0.21727600000000008,[0.90597486],"[ 0.21578947  5.4         0.41929825  4.16666667 -0.455594    0.22631579
  5.5         0.42280702  3.96666667 -1.80561841  0.23508772  5.5
  0.42631579  3.73333333 -0.38550985  0.23684211  5.23333333  0.43333333
  3.7        -0.09402514]",2256.113008737564
0.219828,[-0.4884012],"[ 0.22631579  5.5         0.42280702  3.96666667 -1.80561841  0.23508772
  5.5         0.42631579  3.73333333 -0.38550985  0.23684211  5.23333333
  0.43333333  3.7        -0.09402514  0.24385965  5.3         0.43684211
  3.63333333 -1.48840117]",2256.1930437088013
0.224904,[0.52158904],"[ 0.23508772  5.5         0.42631579  3.73333333 -0.38550985  0.23684211
  5.23333333  0.43333333  3.7        -0.09402514  0.24385965  5.3
  0.43684211  3.63333333 -1.48840117  0.25438596  5.6         0.44035088
  3.66666667 -0.47841096]",2256.273107767105
0.21725599999999998,[-0.39393625],"[ 0.23684211  5.23333333  0.43333333  3.7        -0.09402514  0.24385965
  5.3         0.43684211  3.63333333 -1.48840117  0.25438596  5.6
  0.44035088  3.66666667 -0.47841096  0.25614035  5.56666667  0.44561404
  3.76666667 -1.39393628]",2256.352923154831
0.2172840000000001,[-0.83508736],"[ 0.24385965  5.3         0.43684211  3.63333333 -1.48840117  0.25438596
  5.6         0.44035088  3.66666667 -0.47841096  0.25614035  5.56666667
  0.44561404  3.76666667 -1.39393628  0.26315789  5.53333333  0.45263158
  3.76666667 -1.8350873 ]",2256.430347919464
0.17383599999999996,[-0.9242853],"[ 0.25438596  5.6         0.44035088  3.66666667 -0.47841096  0.25614035
  5.56666667  0.44561404  3.76666667 -1.39393628  0.26315789  5.53333333
  0.45263158  3.76666667 -1.8350873   0.26315789  5.3         0.46491228
  3.9        -1.92428529]",2256.5130803585052
0.17132399999999995,[-0.19907513],"[ 0.25614035  5.56666667  0.44561404  3.76666667 -1.39393628  0.26315789
  5.53333333  0.45263158  3.76666667 -1.8350873   0.26315789  5.3
  0.46491228  3.9        -1.92428529  0.26666667  5.          0.47719298
  4.23333333 -1.1990751 ]",2256.5924293994904
0.17387999999999998,[0.95216024],"[ 0.26315789  5.53333333  0.45263158  3.76666667 -1.8350873   0.26315789
  5.3         0.46491228  3.9        -1.92428529  0.26666667  5.
  0.47719298  4.23333333 -1.1990751   0.27192982  4.96666667  0.48421053
  4.4        -0.04783976]",2256.674499988556
0.17643999999999996,[0.15672351],"[ 0.26315789  5.3         0.46491228  3.9        -1.92428529  0.26666667
  5.          0.47719298  4.23333333 -1.1990751   0.27192982  4.96666667
  0.48421053  4.4        -0.04783976  0.27894737  5.1         0.48947368
  4.33333333 -0.8432765 ]",2256.7530636787415
0.184076,[-0.5477332],"[ 0.26666667  5.          0.47719298  4.23333333 -1.1990751   0.27192982
  4.96666667  0.48421053  4.4        -0.04783976  0.27894737  5.1
  0.48947368  4.33333333 -0.8432765   0.28596491  5.26666667  0.48947368
  4.06666667 -1.54773319]",2256.833119392395
0.17385199999999995,[0.9775216],"[ 0.27192982  4.96666667  0.48421053  4.4        -0.04783976  0.27894737
  5.1         0.48947368  4.33333333 -0.8432765   0.28596491  5.26666667
  0.48947368  4.06666667 -1.54773319  0.28596491  5.16666667  0.48947368
  4.03333333 -0.0224784 ]",2256.912966489792
0.15854800000000002,[-0.4832086],"[ 0.27894737  5.1         0.48947368  4.33333333 -0.8432765   0.28596491
  5.26666667  0.48947368  4.06666667 -1.54773319  0.28596491  5.16666667
  0.48947368  4.03333333 -0.0224784   0.2877193   5.          0.49649123
  4.16666667 -1.48320866]",2256.995359182358
0.158536,[-0.12042604],"[ 0.28596491  5.26666667  0.48947368  4.06666667 -1.54773319  0.28596491
  5.16666667  0.48947368  4.03333333 -0.0224784   0.2877193   5.
  0.49649123  4.16666667 -1.48320866  0.29824561  5.16666667  0.50350877
  4.06666667 -1.12042606]",2257.07301568985
0.16364800000000002,[0.58050835],"[ 0.28596491  5.16666667  0.48947368  4.03333333 -0.0224784   0.2877193
  5.          0.49649123  4.16666667 -1.48320866  0.29824561  5.16666667
  0.50350877  4.06666667 -1.12042606  0.31052632  5.23333333  0.51578947
  4.13333333 -0.41949165]",2257.1531097888947
0.17386799999999997,[0.6499313],"[ 0.2877193   5.          0.49649123  4.16666667 -1.48320866  0.29824561
  5.16666667  0.50350877  4.06666667 -1.12042606  0.31052632  5.23333333
  0.51578947  4.13333333 -0.41949165  0.32105263  5.23333333  0.52807018
  4.2        -0.35006869]",2257.2330272197723
0.19426,[0.6488637],"[ 0.29824561  5.16666667  0.50350877  4.06666667 -1.12042606  0.31052632
  5.23333333  0.51578947  4.13333333 -0.41949165  0.32105263  5.23333333
  0.52807018  4.2        -0.35006869  0.33508772  5.4         0.53333333
  3.9        -0.35113633]",2257.307759284973
0.196816,[0.43765208],"[ 0.31052632  5.23333333  0.51578947  4.13333333 -0.41949165  0.32105263
  5.23333333  0.52807018  4.2        -0.35006869  0.33508772  5.4
  0.53333333  3.9        -0.35113633  0.34210526  5.4         0.53508772
  3.7        -0.56234789]",2257.3929359912872
0.186584,[0.81052214],"[ 0.32105263  5.23333333  0.52807018  4.2        -0.35006869  0.33508772
  5.4         0.53333333  3.9        -0.35113633  0.34210526  5.4
  0.53508772  3.7        -0.56234789  0.34385965  5.43333333  0.53508772
  3.7        -0.18947786]",2257.4729940891266
0.17125199999999996,[0.32404938],"[ 0.33508772  5.4         0.53333333  3.9        -0.35113633  0.34210526
  5.4         0.53508772  3.7        -0.56234789  0.34385965  5.43333333
  0.53508772  3.7        -0.18947786  0.34385965  5.5         0.53333333
  3.66666667 -0.67595065]",2257.5529906749725
0.16102,[-0.3016601],"[ 0.34210526  5.4         0.53508772  3.7        -0.56234789  0.34385965
  5.43333333  0.53508772  3.7        -0.18947786  0.34385965  5.5
  0.53333333  3.66666667 -0.67595065  0.34561404  5.56666667  0.53333333
  3.66666667 -1.30166006]",2257.633006811142
0.15589199999999998,[-0.08919459],"[ 0.34385965  5.43333333  0.53508772  3.7        -0.18947786  0.34385965
  5.5         0.53333333  3.66666667 -0.67595065  0.34561404  5.56666667
  0.53333333  3.66666667 -1.30166006  0.34385965  5.43333333  0.53859649
  3.8        -1.08919454]",2257.7132177352905
0.1457,[0.8907419],"[ 0.34385965  5.5         0.53333333  3.66666667 -0.67595065  0.34561404
  5.56666667  0.53333333  3.66666667 -1.30166006  0.34385965  5.43333333
  0.53859649  3.8        -1.08919454  0.34385965  5.23333333  0.54561404
  4.         -0.10925812]",2257.7929451465607
0.13806400000000002,[-0.6935009],"[ 0.34561404  5.56666667  0.53333333  3.66666667 -1.30166006  0.34385965
  5.43333333  0.53859649  3.8        -1.08919454  0.34385965  5.23333333
  0.54561404  4.         -0.10925812  0.34912281  5.26666667  0.55087719
  3.96666667 -1.69350088]",2257.873027563095
0.148264,[-0.08880376],"[ 0.34385965  5.43333333  0.53859649  3.8        -1.08919454  0.34385965
  5.23333333  0.54561404  4.         -0.10925812  0.34912281  5.26666667
  0.55087719  3.96666667 -1.69350088  0.35789474  5.43333333  0.55263158
  3.76666667 -1.08880377]",2257.953022003174
0.140596,[0.13862792],"[ 0.34385965  5.23333333  0.54561404  4.         -0.10925812  0.34912281
  5.26666667  0.55087719  3.96666667 -1.69350088  0.35789474  5.43333333
  0.55263158  3.76666667 -1.08880377  0.35964912  5.4         0.55614035
  3.83333333 -0.86137211]",2258.033143758774
0.14057600000000003,[-0.8104908],"[ 0.34912281  5.26666667  0.55087719  3.96666667 -1.69350088  0.35789474
  5.43333333  0.55263158  3.76666667 -1.08880377  0.35964912  5.4
  0.55614035  3.83333333 -0.86137211  0.35964912  5.33333333  0.55789474
  3.9        -1.81049085]",2258.112919807434
0.14054000000000005,[0.12778926],"[ 0.35789474  5.43333333  0.55263158  3.76666667 -1.08880377  0.35964912
  5.4         0.55614035  3.83333333 -0.86137211  0.35964912  5.33333333
  0.55789474  3.9        -1.81049085  0.36315789  5.33333333  0.55964912
  3.86666667 -0.87221074]",2258.1929683685303
0.13544000000000006,[-0.07427796],"[ 0.35964912  5.4         0.55614035  3.83333333 -0.86137211  0.35964912
  5.33333333  0.55789474  3.9        -1.81049085  0.36315789  5.33333333
  0.55964912  3.86666667 -0.87221074  0.36491228  5.2         0.56666667
  4.03333333 -1.074278  ]",2258.2731189727783
0.13544000000000006,[-0.17252837],"[ 0.35964912  5.33333333  0.55789474  3.9        -1.81049085  0.36315789
  5.33333333  0.55964912  3.86666667 -0.87221074  0.36491228  5.2
  0.56666667  4.03333333 -1.074278    0.37192982  5.33333333  0.57192982
  3.96666667 -1.17252839]",2258.3788011074066
0.13290799999999997,[0.1344069],"[ 0.36315789  5.33333333  0.55964912  3.86666667 -0.87221074  0.36491228
  5.2         0.56666667  4.03333333 -1.074278    0.37192982  5.33333333
  0.57192982  3.96666667 -1.17252839  0.37719298  5.3         0.57719298
  3.93333333 -0.86559308]",2258.4328939914703
0.13802399999999998,[0.3942356],"[ 0.36491228  5.2         0.56666667  4.03333333 -1.074278    0.37192982
  5.33333333  0.57192982  3.96666667 -1.17252839  0.37719298  5.3
  0.57719298  3.93333333 -0.86559308  0.38070175  5.16666667  0.58421053
  3.86666667 -0.60576439]",2258.51958155632
0.14311599999999997,[0.00114657],"[ 0.37192982  5.33333333  0.57192982  3.96666667 -1.17252839  0.37719298
  5.3         0.57719298  3.93333333 -0.86559308  0.38070175  5.16666667
  0.58421053  3.86666667 -0.60576439  0.38596491  5.16666667  0.58596491
  3.73333333 -0.99885345]",2258.5929687023163
0.13035599999999997,[-0.2819745],"[ 0.37719298  5.3         0.57719298  3.93333333 -0.86559308  0.38070175
  5.16666667  0.58421053  3.86666667 -0.60576439  0.38596491  5.16666667
  0.58596491  3.73333333 -0.99885345  0.3877193   5.16666667  0.5877193
  3.73333333 -1.28197455]",2258.676100254059
0.11247599999999995,[0.20389318],"[ 0.38070175  5.16666667  0.58421053  3.86666667 -0.60576439  0.38596491
  5.16666667  0.58596491  3.73333333 -0.99885345  0.3877193   5.16666667
  0.5877193   3.73333333 -1.28197455  0.3877193   5.13333333  0.5877193
  3.73333333 -0.79610682]",2258.746284008026
0.09459600000000001,[-0.8521293],"[ 0.38596491  5.16666667  0.58596491  3.73333333 -0.99885345  0.3877193
  5.16666667  0.5877193   3.73333333 -1.28197455  0.3877193   5.13333333
  0.5877193   3.73333333 -0.79610682  0.38596491  5.03333333  0.5877193
  3.73333333 -1.85212922]",2258.8328919410706
0.076716,[-0.6462904],"[ 0.3877193   5.16666667  0.5877193   3.73333333 -1.28197455  0.3877193
  5.13333333  0.5877193   3.73333333 -0.79610682  0.38596491  5.03333333
  0.5877193   3.73333333 -1.85212922  0.3877193   5.1         0.5877193
  3.7        -1.64629042]",2258.9173848629
0.06650800000000001,[-0.23148604],"[ 0.3877193   5.13333333  0.5877193   3.73333333 -0.79610682  0.38596491
  5.03333333  0.5877193   3.73333333 -1.85212922  0.3877193   5.1
  0.5877193   3.7        -1.64629042  0.3877193   4.96666667  0.59298246
  3.93333333 -1.23148608]",2258.988562107086
0.06397600000000003,[-0.40573546],"[ 0.38596491  5.03333333  0.5877193   3.73333333 -1.85212922  0.3877193
  5.1         0.5877193   3.7        -1.64629042  0.3877193   4.96666667
  0.59298246  3.93333333 -1.23148608  0.3877193   4.8         0.59824561
  4.1        -1.40573549]",2259.066948890686
0.07164400000000004,[0.47728547],"[ 0.3877193   5.1         0.5877193   3.7        -1.64629042  0.3877193
  4.96666667  0.59298246  3.93333333 -1.23148608  0.3877193   4.8
  0.59824561  4.1        -1.40573549  0.39298246  4.86666667  0.60175439
  4.13333333 -0.5227145 ]",2259.1469943523407
0.07420000000000004,[0.39459],"[ 0.3877193   4.96666667  0.59298246  3.93333333 -1.23148608  0.3877193
  4.8         0.59824561  4.1        -1.40573549  0.39298246  4.86666667
  0.60175439  4.13333333 -0.5227145   0.39649123  4.93333333  0.60526316
  4.16666667 -0.60540998]",2259.2311713695526
0.08438400000000001,[0.12033183],"[ 0.3877193   4.8         0.59824561  4.1        -1.40573549  0.39298246
  4.86666667  0.60175439  4.13333333 -0.5227145   0.39649123  4.93333333
  0.60526316  4.16666667 -0.60540998  0.40175439  5.13333333  0.60701754
  4.         -0.87966818]",2259.3136551380157
0.084364,[0.7731521],"[ 0.39298246  4.86666667  0.60175439  4.13333333 -0.5227145   0.39649123
  4.93333333  0.60526316  4.16666667 -0.60540998  0.40175439  5.13333333
  0.60701754  4.         -0.87966818  0.40175439  5.1         0.60701754
  3.9        -0.22684789]",2259.3930723667145
0.076704,[0.70317554],"[ 0.39649123  4.93333333  0.60526316  4.16666667 -0.60540998  0.40175439
  5.13333333  0.60701754  4.         -0.87966818  0.40175439  5.1
  0.60701754  3.9        -0.22684789  0.40175439  5.06666667  0.60701754
  3.86666667 -0.29682446]",2259.473261117935
0.07414399999999999,[-0.7789262],"[ 0.40175439  5.13333333  0.60701754  4.         -0.87966818  0.40175439
  5.1         0.60701754  3.9        -0.22684789  0.40175439  5.06666667
  0.60701754  3.86666667 -0.29682446  0.40877193  5.26666667  0.60526316
  3.7        -1.77892613]",2259.5531368255615
0.07668799999999998,[-0.80451924],"[ 0.40175439  5.1         0.60701754  3.9        -0.22684789  0.40175439
  5.06666667  0.60701754  3.86666667 -0.29682446  0.40877193  5.26666667
  0.60526316  3.7        -1.77892613  0.4122807   5.33333333  0.60877193
  3.8        -1.80451918]",2259.6329448223114
0.07159199999999999,[-0.9552201],"[ 0.40175439  5.06666667  0.60701754  3.86666667 -0.29682446  0.40877193
  5.26666667  0.60526316  3.7        -1.77892613  0.4122807   5.33333333
  0.60877193  3.8        -1.80451918  0.40877193  5.13333333  0.61403509
  4.03333333 -1.9552201 ]",2259.712988138199
0.06396400000000002,[-0.15611938],"[ 0.40877193  5.26666667  0.60526316  3.7        -1.77892613  0.4122807
  5.33333333  0.60877193  3.8        -1.80451918  0.40877193  5.13333333
  0.61403509  4.03333333 -1.9552201   0.40701754  4.8         0.61929825
  4.36666667 -1.15611935]",2259.79332447052
0.0639559999999999,[-0.98719126],"[ 0.4122807   5.33333333  0.60877193  3.8        -1.80451918  0.40877193
  5.13333333  0.61403509  4.03333333 -1.9552201   0.40701754  4.8
  0.61929825  4.36666667 -1.15611935  0.40877193  4.73333333  0.62280702
  4.56666667 -1.9871912 ]",2259.8731503486633
0.0639559999999999,[-0.79949826],"[ 0.40877193  5.13333333  0.61403509  4.03333333 -1.9552201   0.40701754
  4.8         0.61929825  4.36666667 -1.15611935  0.40877193  4.73333333
  0.62280702  4.56666667 -1.9871912   0.41578947  4.86666667  0.62982456
  4.63333333 -1.79949832]",2259.953049659729
0.06140800000000002,[-0.30925056],"[ 0.40701754  4.8         0.61929825  4.36666667 -1.15611935  0.40877193
  4.73333333  0.62280702  4.56666667 -1.9871912   0.41578947  4.86666667
  0.62982456  4.63333333 -1.79949832  0.41929825  4.76666667  0.63333333
  4.83333333 -1.30925059]",2260.033076763153
0.061404000000000014,[0.01648172],"[ 0.40877193  4.73333333  0.62280702  4.56666667 -1.9871912   0.41578947
  4.86666667  0.62982456  4.63333333 -1.79949832  0.41929825  4.76666667
  0.63333333  4.83333333 -1.30925059  0.42280702  4.66666667  0.63508772
  5.         -0.9835183 ]",2260.112465620041
0.061392,[-0.88858026],"[ 0.41578947  4.86666667  0.62982456  4.63333333 -1.79949832  0.41929825
  4.76666667  0.63333333  4.83333333 -1.30925059  0.42280702  4.66666667
  0.63508772  5.         -0.9835183   0.42807018  4.76666667  0.64035088
  4.9        -1.88858032]",2260.1931500434875
0.06906000000000001,[0.7988071],"[ 0.41929825  4.76666667  0.63333333  4.83333333 -1.30925059  0.42280702
  4.66666667  0.63508772  5.         -0.9835183   0.42807018  4.76666667
  0.64035088  4.9        -1.88858032  0.43508772  4.76666667  0.64736842
  4.9        -0.20119292]",2260.272463798523
0.07674000000000003,[0.03176527],"[ 0.42280702  4.66666667  0.63508772  5.         -0.9835183   0.42807018
  4.76666667  0.64035088  4.9        -1.88858032  0.43508772  4.76666667
  0.64736842  4.9        -0.20119292  0.44035088  4.63333333  0.65263158
  5.16666667 -0.96823472]",2260.353348970413
0.08438000000000001,[0.12640803],"[ 0.42807018  4.76666667  0.64035088  4.9        -1.88858032  0.43508772
  4.76666667  0.64736842  4.9        -0.20119292  0.44035088  4.63333333
  0.65263158  5.16666667 -0.96823472  0.44385965  4.76666667  0.65614035
  5.2        -0.87359196]",2260.4331872463226
0.086928,[-0.43679592],"[ 0.43508772  4.76666667  0.64736842  4.9        -0.20119292  0.44035088
  4.63333333  0.65263158  5.16666667 -0.96823472  0.44385965  4.76666667
  0.65614035  5.2        -0.87359196  0.44736842  4.9         0.66140351
  5.1        -1.43679595]",2260.5131464004517
0.097136,[-0.7630134],"[ 0.44035088  4.63333333  0.65263158  5.16666667 -0.96823472  0.44385965
  4.76666667  0.65614035  5.2        -0.87359196  0.44736842  4.9
  0.66140351  5.1        -1.43679595  0.45438596  4.9         0.66842105
  5.1        -1.76301336]",2260.593222618103
0.107352,[0.13363235],"[ 0.44385965  4.76666667  0.65614035  5.2        -0.87359196  0.44736842
  4.9         0.66140351  5.1        -1.43679595  0.45438596  4.9
  0.66842105  5.1        -1.76301336  0.46140351  4.8         0.67368421
  5.33333333 -0.86636764]",2260.672857761383
0.10991200000000001,[0.80165726],"[ 0.44736842  4.9         0.66140351  5.1        -1.43679595  0.45438596
  4.9         0.66842105  5.1        -1.76301336  0.46140351  4.8
  0.67368421  5.33333333 -0.86636764  0.46842105  4.83333333  0.67719298
  5.53333333 -0.19834274]",2260.753096103668
0.10732799999999998,[0.74126166],"[ 0.45438596  4.9         0.66842105  5.1        -1.76301336  0.46140351
  4.8         0.67368421  5.33333333 -0.86636764  0.46842105  4.83333333
  0.67719298  5.53333333 -0.19834274  0.47017544  5.13333333  0.68596491
  5.4        -0.25873834]",2260.83310174942
0.11243199999999998,[0.7459262],"[ 0.46140351  4.8         0.67368421  5.33333333 -0.86636764  0.46842105
  4.83333333  0.67719298  5.53333333 -0.19834274  0.47017544  5.13333333
  0.68596491  5.4        -0.25873834  0.47894737  5.4         0.68947368
  5.06666667 -0.2540738 ]",2260.913205385208
0.12008399999999997,[-0.86626804],"[ 0.46842105  4.83333333  0.67719298  5.53333333 -0.19834274  0.47017544
  5.13333333  0.68596491  5.4        -0.25873834  0.47894737  5.4
  0.68947368  5.06666667 -0.2540738   0.48421053  5.5         0.69298246
  4.83333333 -1.86626804]",2260.9931468963623
0.12518399999999996,[-0.10639079],"[ 0.47017544  5.13333333  0.68596491  5.4        -0.25873834  0.47894737
  5.4         0.68947368  5.06666667 -0.2540738   0.48421053  5.5
  0.69298246  4.83333333 -1.86626804  0.4877193   5.56666667  0.69473684
  4.73333333 -1.10639083]",2261.073227405548
0.11755199999999999,[-0.6047517],"[ 0.47894737  5.4         0.68947368  5.06666667 -0.2540738   0.48421053
  5.5         0.69298246  4.83333333 -1.86626804  0.4877193   5.56666667
  0.69473684  4.73333333 -1.10639083  0.48947368  5.46666667  0.7
  4.83333333 -1.60475171]",2261.15314245224
0.12268400000000002,[-0.7052283],"[ 0.48421053  5.5         0.69298246  4.83333333 -1.86626804  0.4877193
  5.56666667  0.69473684  4.73333333 -1.10639083  0.48947368  5.46666667
  0.7         4.83333333 -1.60475171  0.49649123  5.36666667  0.70877193
  4.93333333 -1.70522833]",2261.2329597473145
0.13801200000000002,[0.65664697],"[ 0.4877193   5.56666667  0.69473684  4.73333333 -1.10639083  0.48947368
  5.46666667  0.7         4.83333333 -1.60475171  0.49649123  5.36666667
  0.70877193  4.93333333 -1.70522833  0.50350877  5.23333333  0.71754386
  5.         -0.34335303]",2261.313055038452
0.1482039999999999,[-0.81337214],"[ 0.48947368  5.46666667  0.7         4.83333333 -1.60475171  0.49649123
  5.36666667  0.70877193  4.93333333 -1.70522833  0.50350877  5.23333333
  0.71754386  5.         -0.34335303  0.50877193  5.16666667  0.72280702
  5.06666667 -1.81337214]",2261.3932881355286
0.1583920000000001,[0.33582774],"[ 0.49649123  5.36666667  0.70877193  4.93333333 -1.70522833  0.50350877
  5.23333333  0.71754386  5.         -0.34335303  0.50877193  5.16666667
  0.72280702  5.06666667 -1.81337214  0.51754386  5.4         0.72807018
  4.86666667 -0.66417229]",2261.4909331798553
0.1558560000000001,[0.64562726],"[ 0.50350877  5.23333333  0.71754386  5.         -0.34335303  0.50877193
  5.16666667  0.72280702  5.06666667 -1.81337214  0.51754386  5.4
  0.72807018  4.86666667 -0.66417229  0.52280702  5.36666667  0.73333333
  4.8        -0.35437274]",2261.5532233715057
0.15587600000000001,[0.8458818],"[ 0.50877193  5.16666667  0.72280702  5.06666667 -1.81337214  0.51754386
  5.4         0.72807018  4.86666667 -0.66417229  0.52280702  5.36666667
  0.73333333  4.8        -0.35437274  0.52631579  5.1         0.73859649
  5.         -0.15411818]",2261.633026599884
0.158408,[0.84759593],"[ 0.51754386  5.4         0.72807018  4.86666667 -0.66417229  0.52280702
  5.36666667  0.73333333  4.8        -0.35437274  0.52631579  5.1
  0.73859649  5.         -0.15411818  0.53157895  5.2         0.74561404
  4.9        -0.15240407]",2261.713339805603
0.16860799999999998,[0.66932714],"[ 0.52280702  5.36666667  0.73333333  4.8        -0.35437274  0.52631579
  5.1         0.73859649  5.         -0.15411818  0.53157895  5.2
  0.74561404  4.9        -0.15240407  0.54385965  5.5         0.74912281
  4.5        -0.33067286]",2261.7933197021484
0.17115199999999997,[-0.0420019],"[ 0.52631579  5.1         0.73859649  5.         -0.15411818  0.53157895
  5.2         0.74561404  4.9        -0.15240407  0.54385965  5.5
  0.74912281  4.5        -0.33067286  0.55263158  5.6         0.75438596
  4.26666667 -1.04200184]",2261.8731768131256
0.17369199999999996,[0.33693624],"[ 0.53157895  5.2         0.74561404  4.9        -0.15240407  0.54385965
  5.5         0.74912281  4.5        -0.33067286  0.55263158  5.6
  0.75438596  4.26666667 -1.04200184  0.55964912  5.6         0.75789474
  4.13333333 -0.66306376]",2261.9529962539673
0.176284,[0.33062696],"[ 0.54385965  5.5         0.74912281  4.5        -0.33067286  0.55263158
  5.6         0.75438596  4.26666667 -1.04200184  0.55964912  5.6
  0.75789474  4.13333333 -0.66306376  0.56491228  5.43333333  0.76491228
  4.03333333 -0.66937304]",2262.0330712795258
0.18652000000000002,[0.01128816],"[ 0.55263158  5.6         0.75438596  4.26666667 -1.04200184  0.55964912
  5.6         0.75789474  4.13333333 -0.66306376  0.56491228  5.43333333
  0.76491228  4.03333333 -0.66937304  0.5754386   5.46666667  0.77017544
  3.83333333 -0.98871183]",2262.1130335330963
0.189068,[0.8405721],"[ 0.55964912  5.6         0.75789474  4.13333333 -0.66306376  0.56491228
  5.43333333  0.76491228  4.03333333 -0.66937304  0.5754386   5.46666667
  0.77017544  3.83333333 -0.98871183  0.58421053  5.53333333  0.77719298
  3.8        -0.15942788]",2262.1934711933136
0.181388,[-0.742949],"[ 0.56491228  5.43333333  0.76491228  4.03333333 -0.66937304  0.5754386
  5.46666667  0.77017544  3.83333333 -0.98871183  0.58421053  5.53333333
  0.77719298  3.8        -0.15942788  0.58596491  5.53333333  0.78070175
  3.83333333 -1.74294901]",2262.2731149196625
0.18137199999999998,[-0.30796728],"[ 0.5754386   5.46666667  0.77017544  3.83333333 -0.98871183  0.58421053
  5.53333333  0.77719298  3.8        -0.15942788  0.58596491  5.53333333
  0.78070175  3.83333333 -1.74294901  0.59298246  5.7         0.78070175
  3.8        -1.30796731]",2262.353124856949
0.17630800000000002,[0.43922782],"[ 0.58421053  5.53333333  0.77719298  3.8        -0.15942788  0.58596491
  5.53333333  0.78070175  3.83333333 -1.74294901  0.59298246  5.7
  0.78070175  3.8        -1.30796731  0.59122807  5.6         0.78596491
  3.93333333 -0.56077218]",2262.43301820755
0.16358000000000006,[-0.00624],"[ 0.58596491  5.53333333  0.78070175  3.83333333 -1.74294901  0.59298246
  5.7         0.78070175  3.8        -1.30796731  0.59122807  5.6
  0.78596491  3.93333333 -0.56077218  0.59122807  5.43333333  0.79298246
  4.13333333 -1.00624001]",2262.512629032135
0.16357600000000005,[0.5978768],"[ 0.59298246  5.7         0.78070175  3.8        -1.30796731  0.59122807
  5.6         0.78596491  3.93333333 -0.56077218  0.59122807  5.43333333
  0.79298246  4.13333333 -1.00624001  0.59649123  5.56666667  0.79473684
  4.06666667 -0.40212321]",2262.586344718933
0.16613600000000006,[-0.5106843],"[ 0.59122807  5.6         0.78596491  3.93333333 -0.56077218  0.59122807
  5.43333333  0.79298246  4.13333333 -1.00624001  0.59649123  5.56666667
  0.79473684  4.06666667 -0.40212321  0.60175439  5.6         0.8
  4.1        -1.51068425]",2262.6663649082184
0.17124000000000006,[0.6367099],"[ 0.59122807  5.43333333  0.79298246  4.13333333 -1.00624001  0.59649123
  5.56666667  0.79473684  4.06666667 -0.40212321  0.60175439  5.6
  0.8         4.1        -1.51068425  0.60701754  5.56666667  0.80526316
  4.03333333 -0.36329007]",2262.7478494644165
0.16357599999999994,[0.16727544],"[ 0.59649123  5.56666667  0.79473684  4.06666667 -0.40212321  0.60175439
  5.6         0.8         4.1        -1.51068425  0.60701754  5.56666667
  0.80526316  4.03333333 -0.36329007  0.60877193  5.43333333  0.81052632
  4.06666667 -0.83272457]",2262.826637029648
0.16355599999999992,[0.4844606],"[ 0.60175439  5.6         0.8         4.1        -1.51068425  0.60701754
  5.56666667  0.80526316  4.03333333 -0.36329007  0.60877193  5.43333333
  0.81052632  4.06666667 -0.83272457  0.61578947  5.46666667  0.8122807
  3.9        -0.51553941]",2262.9111359119415
0.16354000000000002,[0.42298323],"[ 0.60701754  5.56666667  0.80526316  4.03333333 -0.36329007  0.60877193
  5.43333333  0.81052632  4.06666667 -0.83272457  0.61578947  5.46666667
  0.8122807   3.9        -0.51553941  0.62105263  5.53333333  0.81578947
  3.86666667 -0.57701677]",2262.990861415863
0.1558799999999999,[-0.89924765],"[ 0.60877193  5.43333333  0.81052632  4.06666667 -0.83272457  0.61578947
  5.46666667  0.8122807   3.9        -0.51553941  0.62105263  5.53333333
  0.81578947  3.86666667 -0.57701677  0.6245614   5.7         0.81403509
  3.83333333 -1.89924765]",2263.07301902771
0.1456519999999999,[0.70495343],"[ 0.61578947  5.46666667  0.8122807   3.9        -0.51553941  0.62105263
  5.53333333  0.81578947  3.86666667 -0.57701677  0.6245614   5.7
  0.81403509  3.83333333 -1.89924765  0.62280702  5.7         0.81578947
  3.9        -0.29504657]",2263.153294324875
0.13286799999999999,[-0.72730803],"[ 0.62105263  5.53333333  0.81578947  3.86666667 -0.57701677  0.6245614
  5.7         0.81403509  3.83333333 -1.89924765  0.62280702  5.7
  0.81578947  3.9        -0.29504657  0.61754386  5.46666667  0.81929825
  4.06666667 -1.72730803]",2263.2331097126007
0.132872,[-0.33197415],"[ 0.6245614   5.7         0.81403509  3.83333333 -1.89924765  0.62280702
  5.7         0.81578947  3.9        -0.29504657  0.61754386  5.46666667
  0.81929825  4.06666667 -1.72730803  0.62280702  5.53333333  0.82105263
  4.03333333 -1.33197415]",2263.3130679130554
