reward,action,obs,time
,,"[0.         0.         0.         0.         0.         0.
 0.         0.         0.         0.         0.         0.
 0.         0.         0.         0.03157895 5.9        0.24385965
 5.26666667 0.        ]",4718.495540380478
2.8000000000000247e-05,[0.4174343],"[ 0.          0.          0.          0.          0.          0.
  0.          0.          0.          0.          0.03157895  5.9
  0.24385965  5.26666667  0.          0.03157895  5.66666667  0.24561404
  5.4        -0.58256567]",4718.590906620026
3.9999999999970615e-06,[0.5310846],"[ 0.          0.          0.          0.          0.          0.03157895
  5.9         0.24385965  5.26666667  0.          0.03157895  5.66666667
  0.24561404  5.4        -0.58256567  0.03157895  5.86666667  0.24385965
  5.3        -0.4689154 ]",4718.6543073654175
2.4000000000003185e-05,[0.79366815],"[ 0.03157895  5.9         0.24385965  5.26666667  0.          0.03157895
  5.66666667  0.24561404  5.4        -0.58256567  0.03157895  5.86666667
  0.24385965  5.3        -0.4689154   0.03157895  5.7         0.24561404
  5.36666667 -0.20633185]",4718.705116510391
2.4000000000003185e-05,[0.5251801],"[ 0.03157895  5.66666667  0.24561404  5.4        -0.58256567  0.03157895
  5.86666667  0.24385965  5.3        -0.4689154   0.03157895  5.7
  0.24561404  5.36666667 -0.20633185  0.03157895  5.7         0.24385965
  5.36666667 -0.4748199 ]",4718.799922943115
1.6000000000002124e-05,[-0.50447726],"[ 0.03157895  5.86666667  0.24385965  5.3        -0.4689154   0.03157895
  5.7         0.24561404  5.36666667 -0.20633185  0.03157895  5.7
  0.24385965  5.36666667 -0.4748199   0.03157895  5.76666667  0.24561404
  5.33333333 -1.50447726]",4718.846809625626
0.0025599999999999998,[-0.38891834],"[ 0.03157895  5.7         0.24561404  5.36666667 -0.20633185  0.03157895
  5.7         0.24385965  5.36666667 -0.4748199   0.03157895  5.76666667
  0.24561404  5.33333333 -1.50447726  0.03333333  5.86666667  0.24561404
  5.23333333 -1.3889184 ]",4718.901567220688
0.005103999999999997,[-0.30429548],"[ 0.03157895  5.7         0.24385965  5.36666667 -0.4748199   0.03157895
  5.76666667  0.24561404  5.33333333 -1.50447726  0.03333333  5.86666667
  0.24561404  5.23333333 -1.3889184   0.03508772  5.96666667  0.24561404
  5.13333333 -1.30429554]",4718.952298402786
0.0051,[-0.9412317],"[ 0.03157895  5.76666667  0.24561404  5.33333333 -1.50447726  0.03333333
  5.86666667  0.24561404  5.23333333 -1.3889184   0.03508772  5.96666667
  0.24561404  5.13333333 -1.30429554  0.03508772  6.          0.24385965
  5.13333333 -1.94123173]",4719.002405405045
0.002571999999999998,[-0.09483033],"[ 0.03333333  5.86666667  0.24561404  5.23333333 -1.3889184   0.03508772
  5.96666667  0.24561404  5.13333333 -1.30429554  0.03508772  6.
  0.24385965  5.13333333 -1.94123173  0.03333333  5.76666667  0.24561404
  5.36666667 -1.09483027]",4719.0526213645935
0.0077040000000000025,[0.41959158],"[ 0.03508772  5.96666667  0.24561404  5.13333333 -1.30429554  0.03508772
  6.          0.24385965  5.13333333 -1.94123173  0.03333333  5.76666667
  0.24561404  5.36666667 -1.09483027  0.03684211  5.6         0.24912281
  5.53333333 -0.58040845]",4719.103150129318
0.012828,[-0.34732237],"[ 0.03508772  6.          0.24385965  5.13333333 -1.94123173  0.03333333
  5.76666667  0.24561404  5.36666667 -1.09483027  0.03684211  5.6
  0.24912281  5.53333333 -0.58040845  0.04035088  5.5         0.25438596
  5.6        -1.34732234]",4719.181733131409
0.023035999999999994,[-0.04300197],"[ 0.03333333  5.76666667  0.24561404  5.36666667 -1.09483027  0.03684211
  5.6         0.24912281  5.53333333 -0.58040845  0.04035088  5.5
  0.25438596  5.6        -1.34732234  0.04736842  5.63333333  0.25964912
  5.46666667 -1.04300201]",4719.261729478836
0.030711999999999996,[0.21292843],"[ 0.03684211  5.6         0.24912281  5.53333333 -0.58040845  0.04035088
  5.5         0.25438596  5.6        -1.34732234  0.04736842  5.63333333
  0.25964912  5.46666667 -1.04300201  0.05263158  5.56666667  0.26666667
  5.5        -0.78707159]",4719.34180521965
0.038376,[-0.9666141],"[ 0.04035088  5.5         0.25438596  5.6        -1.34732234  0.04736842
  5.63333333  0.25964912  5.46666667 -1.04300201  0.05263158  5.56666667
  0.26666667  5.5        -0.78707159  0.05789474  5.6         0.27192982
  5.43333333 -1.96661413]",4719.421792268753
0.046043999999999995,[-0.85077107],"[ 0.04736842  5.63333333  0.25964912  5.46666667 -1.04300201  0.05263158
  5.56666667  0.26666667  5.5        -0.78707159  0.05789474  5.6
  0.27192982  5.43333333 -1.96661413  0.06315789  5.6         0.27719298
  5.36666667 -1.85077107]",4719.501766204834
0.05118400000000001,[0.55840695],"[ 0.05263158  5.56666667  0.26666667  5.5        -0.78707159  0.05789474
  5.6         0.27192982  5.43333333 -1.96661413  0.06315789  5.6
  0.27719298  5.36666667 -1.85077107  0.06666667  5.36666667  0.28070175
  5.66666667 -0.44159305]",4719.581814050674
0.05886000000000001,[-0.8084438],"[ 0.05789474  5.6         0.27192982  5.43333333 -1.96661413  0.06315789
  5.6         0.27719298  5.36666667 -1.85077107  0.06666667  5.36666667
  0.28070175  5.66666667 -0.44159305  0.07192982  5.3         0.28421053
  5.83333333 -1.80844378]",4719.661636829376
0.063948,[0.05109413],"[ 0.06315789  5.6         0.27719298  5.36666667 -1.85077107  0.06666667
  5.36666667  0.28070175  5.66666667 -0.44159305  0.07192982  5.3
  0.28421053  5.83333333 -1.80844378  0.0754386   5.5         0.28947368
  5.8        -0.94890589]",4719.74210190773
0.07418000000000001,[0.06879955],"[ 0.06666667  5.36666667  0.28070175  5.66666667 -0.44159305  0.07192982
  5.3         0.28421053  5.83333333 -1.80844378  0.0754386   5.5
  0.28947368  5.8        -0.94890589  0.08245614  5.43333333  0.29473684
  5.9        -0.93120044]",4719.8216762542725
0.08950400000000001,[0.68314976],"[ 0.07192982  5.3         0.28421053  5.83333333 -1.80844378  0.0754386
  5.5         0.28947368  5.8        -0.94890589  0.08245614  5.43333333
  0.29473684  5.9        -0.93120044  0.09298246  5.53333333  0.30526316
  5.83333333 -0.31685024]",4719.901944875717
0.09968800000000001,[-0.68157125],"[ 0.0754386   5.5         0.28947368  5.8        -0.94890589  0.08245614
  5.43333333  0.29473684  5.9        -0.93120044  0.09298246  5.53333333
  0.30526316  5.83333333 -0.31685024  0.1         5.63333333  0.31578947
  5.66666667 -1.68157125]",4719.98174238205
0.109924,[-0.08463439],"[ 0.08245614  5.43333333  0.29473684  5.9        -0.93120044  0.09298246
  5.53333333  0.30526316  5.83333333 -0.31685024  0.1         5.63333333
  0.31578947  5.66666667 -1.68157125  0.10701754  5.73333333  0.3245614
  5.5        -1.08463442]",4720.061991930008
0.11247199999999999,[-0.37438014],"[ 0.09298246  5.53333333  0.30526316  5.83333333 -0.31685024  0.1
  5.63333333  0.31578947  5.66666667 -1.68157125  0.10701754  5.73333333
  0.3245614   5.5        -1.08463442  0.10877193  5.63333333  0.32807018
  5.6        -1.37438011]",4720.141793012619
0.11504400000000001,[-0.57572025],"[ 0.1         5.63333333  0.31578947  5.66666667 -1.68157125  0.10701754
  5.73333333  0.3245614   5.5        -1.08463442  0.10877193  5.63333333
  0.32807018  5.6        -1.37438011  0.11052632  5.5         0.33333333
  5.76666667 -1.57572031]",4720.221791028976
0.12021200000000003,[-0.161341],"[ 0.10701754  5.73333333  0.3245614   5.5        -1.08463442  0.10877193
  5.63333333  0.32807018  5.6        -1.37438011  0.11052632  5.5
  0.33333333  5.76666667 -1.57572031  0.11403509  5.1         0.33684211
  5.93333333 -1.16134095]",4720.301801681519
0.158528,[-0.8209527],"[ 0.10877193  5.63333333  0.32807018  5.6        -1.37438011  0.11052632
  5.5         0.33333333  5.76666667 -1.57572031  0.11403509  5.1
  0.33684211  5.93333333 -1.16134095  0.14210526  5.4         0.34385965
  5.96666667 -1.82095265]",4720.38152551651
0.16109199999999999,[0.7579659],"[ 0.11052632  5.5         0.33333333  5.76666667 -1.57572031  0.11403509
  5.1         0.33684211  5.93333333 -1.16134095  0.14210526  5.4
  0.34385965  5.96666667 -1.82095265  0.14561404  5.43333333  0.35087719
  6.         -0.24203408]",4720.461709737778
0.16877200000000003,[-0.59692836],"[ 0.11403509  5.1         0.33684211  5.93333333 -1.16134095  0.14210526
  5.4         0.34385965  5.96666667 -1.82095265  0.14561404  5.43333333
  0.35087719  6.         -0.24203408  0.15087719  5.36666667  0.35789474
  6.16666667 -1.59692836]",4720.541764259338
0.17639200000000002,[-0.5899472],"[ 0.14210526  5.4         0.34385965  5.96666667 -1.82095265  0.14561404
  5.43333333  0.35087719  6.         -0.24203408  0.15087719  5.36666667
  0.35789474  6.16666667 -1.59692836  0.15438596  5.53333333  0.36491228
  6.16666667 -1.58994722]",4720.621740579605
0.17893600000000004,[0.8762918],"[ 0.14561404  5.43333333  0.35087719  6.         -0.24203408  0.15087719
  5.36666667  0.35789474  6.16666667 -1.59692836  0.15438596  5.53333333
  0.36491228  6.16666667 -1.58994722  0.15964912  5.46666667  0.37017544
  6.3        -0.12370819]",4720.701771736145
0.18147600000000003,[-0.8509466],"[ 0.15087719  5.36666667  0.35789474  6.16666667 -1.59692836  0.15438596
  5.53333333  0.36491228  6.16666667 -1.58994722  0.15964912  5.46666667
  0.37017544  6.3        -0.12370819  0.16491228  5.5         0.3754386
  6.4        -1.85094666]",4720.7817299366
0.17891200000000002,[0.732148],"[ 0.15438596  5.53333333  0.36491228  6.16666667 -1.58994722  0.15964912
  5.46666667  0.37017544  6.3        -0.12370819  0.16491228  5.5
  0.3754386   6.4        -1.85094666  0.17017544  5.7         0.38245614
  6.26666667 -0.26785201]",4720.861998319626
0.18402400000000002,[-0.59137845],"[ 0.15964912  5.46666667  0.37017544  6.3        -0.12370819  0.16491228
  5.5         0.3754386   6.4        -1.85094666  0.17017544  5.7
  0.38245614  6.26666667 -0.26785201  0.17894737  5.63333333  0.38947368
  6.3        -1.59137845]",4720.941753149033
0.18657200000000002,[-0.15485892],"[ 0.16491228  5.5         0.3754386   6.4        -1.85094666  0.17017544
  5.7         0.38245614  6.26666667 -0.26785201  0.17894737  5.63333333
  0.38947368  6.3        -1.59137845  0.18596491  5.73333333  0.39824561
  6.26666667 -1.15485895]",4721.021797418594
0.19168800000000003,[0.46336374],"[ 0.17017544  5.7         0.38245614  6.26666667 -0.26785201  0.17894737
  5.63333333  0.38947368  6.3        -1.59137845  0.18596491  5.73333333
  0.39824561  6.26666667 -1.15485895  0.19473684  5.7         0.40701754
  6.36666667 -0.53663623]",4721.101691961288
0.19420400000000002,[0.93967015],"[ 0.17894737  5.63333333  0.38947368  6.3        -1.59137845  0.18596491
  5.73333333  0.39824561  6.26666667 -1.15485895  0.19473684  5.7
  0.40701754  6.36666667 -0.53663623  0.2         5.8         0.41403509
  6.36666667 -0.06032985]",4721.1777555942535
0.19671599999999997,[-0.67248267],"[ 0.18596491  5.73333333  0.39824561  6.26666667 -1.15485895  0.19473684
  5.7         0.40701754  6.36666667 -0.53663623  0.2         5.8
  0.41403509  6.36666667 -0.06032985  0.20701754  6.1         0.42280702
  6.13333333 -1.67248273]",4721.255935430527
0.20182800000000004,[-0.88561624],"[ 0.19473684  5.7         0.40701754  6.36666667 -0.53663623  0.2
  5.8         0.41403509  6.36666667 -0.06032985  0.20701754  6.1
  0.42280702  6.13333333 -1.67248273  0.21403509  6.3         0.42807018
  6.         -1.8856163 ]",4721.3357491493225
0.19416799999999998,[-0.729535],"[ 0.2         5.8         0.41403509  6.36666667 -0.06032985  0.20701754
  6.1         0.42280702  6.13333333 -1.67248273  0.21403509  6.3
  0.42807018  6.         -1.8856163   0.21578947  6.16666667  0.43157895
  6.16666667 -1.72953498]",4721.419979095459
0.18909200000000004,[0.05742781],"[ 0.20701754  6.1         0.42280702  6.13333333 -1.67248273  0.21403509
  6.3         0.42807018  6.         -1.8856163   0.21578947  6.16666667
  0.43157895  6.16666667 -1.72953498  0.22280702  5.96666667  0.43333333
  6.5        -0.94257218]",4721.5014724731445
0.18654800000000002,[0.3397806],"[ 0.21403509  6.3         0.42807018  6.         -1.8856163   0.21578947
  6.16666667  0.43157895  6.16666667 -1.72953498  0.22280702  5.96666667
  0.43333333  6.5        -0.94257218  0.22807018  5.96666667  0.43859649
  6.6        -0.66021943]",4721.581946849823
0.19164000000000003,[-0.73217595],"[ 0.21578947  6.16666667  0.43157895  6.16666667 -1.72953498  0.22280702
  5.96666667  0.43333333  6.5        -0.94257218  0.22807018  5.96666667
  0.43859649  6.6        -0.66021943  0.23859649  6.23333333  0.45087719
  6.43333333 -1.73217595]",4721.6617596149445
0.20695200000000002,[-0.13807938],"[ 0.22280702  5.96666667  0.43333333  6.5        -0.94257218  0.22807018
  5.96666667  0.43859649  6.6        -0.66021943  0.23859649  6.23333333
  0.45087719  6.43333333 -1.73217595  0.25087719  6.33333333  0.46491228
  6.43333333 -1.1380794 ]",4721.74178647995
0.222292,[-0.02815106],"[ 0.22807018  5.96666667  0.43859649  6.6        -0.66021943  0.23859649
  6.23333333  0.45087719  6.43333333 -1.73217595  0.25087719  6.33333333
  0.46491228  6.43333333 -1.1380794   0.26315789  6.16666667  0.47719298
  6.63333333 -1.02815104]",4721.8218467235565
0.23246800000000004,[-0.53470033],"[ 0.23859649  6.23333333  0.45087719  6.43333333 -1.73217595  0.25087719
  6.33333333  0.46491228  6.43333333 -1.1380794   0.26315789  6.16666667
  0.47719298  6.63333333 -1.02815104  0.27368421  6.16666667  0.4877193
  6.6        -1.53470039]",4721.901969432831
0.19927999999999998,[-0.1479661],"[ 0.25087719  6.33333333  0.46491228  6.43333333 -1.1380794   0.26315789
  6.16666667  0.47719298  6.63333333 -1.02815104  0.27368421  6.16666667
  0.4877193   6.6        -1.53470039  0.27894737  6.13333333  0.49298246
  6.56666667 -1.14796615]",4721.9818568229675
0.20439999999999997,[0.10315756],"[ 0.26315789  6.16666667  0.47719298  6.63333333 -1.02815104  0.27368421
  6.16666667  0.4877193   6.6        -1.53470039  0.27894737  6.13333333
  0.49298246  6.56666667 -1.14796615  0.28596491  6.1         0.49824561
  6.66666667 -0.89684242]",4722.061811923981
0.20436800000000002,[-0.07765138],"[ 0.27368421  6.16666667  0.4877193   6.6        -1.53470039  0.27894737
  6.13333333  0.49298246  6.56666667 -1.14796615  0.28596491  6.1
  0.49824561  6.66666667 -0.89684242  0.29122807  6.3         0.50526316
  6.7        -1.07765138]",4722.137600660324
0.21459999999999999,[-0.04491804],"[ 0.27894737  6.13333333  0.49298246  6.56666667 -1.14796615  0.28596491
  6.1         0.49824561  6.66666667 -0.89684242  0.29122807  6.3
  0.50526316  6.7        -1.07765138  0.30175439  6.4         0.51403509
  6.7        -1.04491806]",4722.215165138245
0.21714799999999998,[0.47326967],"[ 0.28596491  6.1         0.49824561  6.66666667 -0.89684242  0.29122807
  6.3         0.50526316  6.7        -1.07765138  0.30175439  6.4
  0.51403509  6.7        -1.04491806  0.30877193  6.4         0.52280702
  6.73333333 -0.5267303 ]",4722.303049325943
0.21969599999999997,[-0.30980507],"[ 0.29122807  6.3         0.50526316  6.7        -1.07765138  0.30175439
  6.4         0.51403509  6.7        -1.04491806  0.30877193  6.4
  0.52280702  6.73333333 -0.5267303   0.31578947  6.5         0.52982456
  6.63333333 -1.30980504]",4722.381793260574
0.217152,[0.49382487],"[ 0.30175439  6.4         0.51403509  6.7        -1.04491806  0.30877193
  6.4         0.52280702  6.73333333 -0.5267303   0.31578947  6.5
  0.52982456  6.63333333 -1.30980504  0.31929825  6.6         0.53508772
  6.56666667 -0.50617516]",4722.4624190330505
0.21459200000000003,[0.17995024],"[ 0.30877193  6.4         0.52280702  6.73333333 -0.5267303   0.31578947
  6.5         0.52982456  6.63333333 -1.30980504  0.31929825  6.6
  0.53508772  6.56666667 -0.50617516  0.32631579  6.56666667  0.53859649
  6.7        -0.82004976]",4722.54184961319
0.21202800000000002,[-0.8792773],"[ 0.31578947  6.5         0.52982456  6.63333333 -1.30980504  0.31929825
  6.6         0.53508772  6.56666667 -0.50617516  0.32631579  6.56666667
  0.53859649  6.7        -0.82004976  0.33157895  6.73333333  0.54561404
  6.66666667 -1.87927723]",4722.621857881546
0.20692,[0.34271923],"[ 0.31929825  6.6         0.53508772  6.56666667 -0.50617516  0.32631579
  6.56666667  0.53859649  6.7        -0.82004976  0.33157895  6.73333333
  0.54561404  6.66666667 -1.87927723  0.33684211  6.66666667  0.55263158
  6.66666667 -0.6572808 ]",4722.702147245407
0.21206799999999998,[-0.41939902],"[ 0.32631579  6.56666667  0.53859649  6.7        -0.82004976  0.33157895
  6.73333333  0.54561404  6.66666667 -1.87927723  0.33684211  6.66666667
  0.55263158  6.66666667 -0.6572808   0.34561404  6.46666667  0.55789474
  6.83333333 -1.41939902]",4722.781799316406
0.21465199999999998,[0.8451919],"[ 0.33157895  6.73333333  0.54561404  6.66666667 -1.87927723  0.33684211
  6.66666667  0.55263158  6.66666667 -0.6572808   0.34561404  6.46666667
  0.55789474  6.83333333 -1.41939902  0.35438596  6.53333333  0.56666667
  6.8        -0.1548081 ]",4722.862902164459
0.214668,[-0.1505965],"[ 0.33684211  6.66666667  0.55263158  6.66666667 -0.6572808   0.34561404
  6.46666667  0.55789474  6.83333333 -1.41939902  0.35438596  6.53333333
  0.56666667  6.8        -0.1548081   0.36140351  6.6         0.57368421
  6.8        -1.1505965 ]",4722.941781282425
0.2223,[-0.781514],"[ 0.34561404  6.46666667  0.55789474  6.83333333 -1.41939902  0.35438596
  6.53333333  0.56666667  6.8        -0.1548081   0.36140351  6.6
  0.57368421  6.8        -1.1505965   0.36842105  6.76666667  0.58070175
  6.7        -1.78151393]",4723.021242141724
0.22228799999999999,[0.09085073],"[ 0.35438596  6.53333333  0.56666667  6.8        -0.1548081   0.36140351
  6.6         0.57368421  6.8        -1.1505965   0.36842105  6.76666667
  0.58070175  6.7        -1.78151393  0.3754386   6.66666667  0.5877193
  6.83333333 -0.90914929]",4723.101745128632
0.22230399999999997,[0.5976007],"[ 0.36140351  6.6         0.57368421  6.8        -1.1505965   0.36842105
  6.76666667  0.58070175  6.7        -1.78151393  0.3754386   6.66666667
  0.5877193   6.83333333 -0.90914929  0.38070175  6.53333333  0.59298246
  7.         -0.4023993 ]",4723.181988239288
0.21464,[-0.42475095],"[ 0.36842105  6.76666667  0.58070175  6.7        -1.78151393  0.3754386
  6.66666667  0.5877193   6.83333333 -0.90914929  0.38070175  6.53333333
  0.59298246  7.         -0.4023993   0.38596491  6.76666667  0.59824561
  6.83333333 -1.42475092]",4723.261784553528
0.20952,[0.42861712],"[ 0.3754386   6.66666667  0.5877193   6.83333333 -0.90914929  0.38070175
  6.53333333  0.59298246  7.         -0.4023993   0.38596491  6.76666667
  0.59824561  6.83333333 -1.42475092  0.39473684  6.93333333  0.60701754
  6.66666667 -0.57138288]",4723.342038393021
0.204392,[-0.6472994],"[ 0.38070175  6.53333333  0.59298246  7.         -0.4023993   0.38596491
  6.76666667  0.59824561  6.83333333 -1.42475092  0.39473684  6.93333333
  0.60701754  6.66666667 -0.57138288  0.40350877  6.9         0.61578947
  6.7        -1.64729941]",4723.42205953598
0.20694400000000002,[-0.25087595],"[ 0.38596491  6.76666667  0.59824561  6.83333333 -1.42475092  0.39473684
  6.93333333  0.60701754  6.66666667 -0.57138288  0.40350877  6.9
  0.61578947  6.7        -1.64729941  0.41578947  6.93333333  0.62807018
  6.6        -1.25087595]",4723.501773357391
0.21461999999999995,[-0.6750921],"[ 0.39473684  6.93333333  0.60701754  6.66666667 -0.57138288  0.40350877
  6.9         0.61578947  6.7        -1.64729941  0.41578947  6.93333333
  0.62807018  6.6        -1.25087595  0.42631579  6.83333333  0.64035088
  6.63333333 -1.6750921 ]",4723.581956386566
0.21718399999999996,[-0.209324],"[ 0.40350877  6.9         0.61578947  6.7        -1.64729941  0.41578947
  6.93333333  0.62807018  6.6        -1.25087595  0.42631579  6.83333333
  0.64035088  6.63333333 -1.6750921   0.43508772  6.73333333  0.64736842
  6.73333333 -1.209324  ]",4723.661748886108
0.22232,[-0.11049603],"[ 0.41578947  6.93333333  0.62807018  6.6        -1.25087595  0.42631579
  6.83333333  0.64035088  6.63333333 -1.6750921   0.43508772  6.73333333
  0.64736842  6.73333333 -1.209324    0.44385965  6.73333333  0.65614035
  6.83333333 -1.11049604]",4723.7417867183685
0.21976,[-0.45473626],"[ 0.42631579  6.83333333  0.64035088  6.63333333 -1.6750921   0.43508772
  6.73333333  0.64736842  6.73333333 -1.209324    0.44385965  6.73333333
  0.65614035  6.83333333 -1.11049604  0.45263158  6.86666667  0.66491228
  6.76666667 -1.45473623]",4723.821768760681
0.21977200000000002,[-0.46158051],"[ 0.43508772  6.73333333  0.64736842  6.73333333 -1.209324    0.44385965
  6.73333333  0.65614035  6.83333333 -1.11049604  0.45263158  6.86666667
  0.66491228  6.76666667 -1.45473623  0.45964912  6.76666667  0.67192982
  6.76666667 -1.46158051]",4723.90195274353
0.214684,[0.008827],"[ 0.44385965  6.73333333  0.65614035  6.83333333 -1.11049604  0.45263158
  6.86666667  0.66491228  6.76666667 -1.45473623  0.45964912  6.76666667
  0.67192982  6.76666667 -1.46158051  0.46315789  6.66666667  0.6754386
  6.83333333 -0.99117303]",4723.982167720795
0.21469199999999997,[-0.4768134],"[ 0.45263158  6.86666667  0.66491228  6.76666667 -1.45473623  0.45964912
  6.76666667  0.67192982  6.76666667 -1.46158051  0.46315789  6.66666667
  0.6754386   6.83333333 -0.99117303  0.46666667  6.7         0.67894737
  6.73333333 -1.47681344]",4724.061894893646
0.21468000000000004,[0.19115666],"[ 0.45964912  6.76666667  0.67192982  6.76666667 -1.46158051  0.46315789
  6.66666667  0.6754386   6.83333333 -0.99117303  0.46666667  6.7
  0.67894737  6.73333333 -1.47681344  0.47368421  6.76666667  0.68596491
  6.7        -0.80884337]",4724.142138004303
0.21470400000000006,[0.3147531],"[ 0.46315789  6.66666667  0.6754386   6.83333333 -0.99117303  0.46666667
  6.7         0.67894737  6.73333333 -1.47681344  0.47368421  6.76666667
  0.68596491  6.7        -0.80884337  0.47894737  6.73333333  0.69298246
  6.83333333 -0.68524694]",4724.221910953522
0.22234000000000004,[0.37238014],"[ 0.46666667  6.7         0.67894737  6.73333333 -1.47681344  0.47368421
  6.76666667  0.68596491  6.7        -0.80884337  0.47894737  6.73333333
  0.69298246  6.83333333 -0.68524694  0.48947368  6.93333333  0.7
  6.66666667 -0.62761986]",4724.306291818619
0.22230800000000003,[0.54939246],"[ 0.47368421  6.76666667  0.68596491  6.7        -0.80884337  0.47894737
  6.73333333  0.69298246  6.83333333 -0.68524694  0.48947368  6.93333333
  0.7         6.66666667 -0.62761986  0.49824561  7.          0.70701754
  6.46666667 -0.45060754]",4724.385678291321
0.21720000000000006,[-0.51857805],"[ 0.47894737  6.73333333  0.69298246  6.83333333 -0.68524694  0.48947368
  6.93333333  0.7         6.66666667 -0.62761986  0.49824561  7.
  0.70701754  6.46666667 -0.45060754  0.50350877  7.03333333  0.7122807
  6.36666667 -1.51857805]",4724.465796709061
0.21209200000000009,[-0.32248393],"[ 0.48947368  6.93333333  0.7         6.66666667 -0.62761986  0.49824561
  7.          0.70701754  6.46666667 -0.45060754  0.50350877  7.03333333
  0.7122807   6.36666667 -1.51857805  0.50701754  7.06666667  0.71578947
  6.33333333 -1.3224839 ]",4724.545935869217
0.20446,[-0.95559996],"[ 0.49824561  7.          0.70701754  6.46666667 -0.45060754  0.50350877
  7.03333333  0.7122807   6.36666667 -1.51857805  0.50701754  7.06666667
  0.71578947  6.33333333 -1.3224839   0.50877193  6.93333333  0.71929825
  6.46666667 -1.95560002]",4724.628406763077
0.19935999999999998,[0.12101026],"[ 0.50350877  7.03333333  0.7122807   6.36666667 -1.51857805  0.50701754
  7.06666667  0.71578947  6.33333333 -1.3224839   0.50877193  6.93333333
  0.71929825  6.46666667 -1.95560002  0.5122807   6.73333333  0.7245614
  6.6        -0.87898976]",4724.7057321071625
0.19935999999999998,[-0.5299165],"[ 0.50701754  7.06666667  0.71578947  6.33333333 -1.3224839   0.50877193
  6.93333333  0.71929825  6.46666667 -1.95560002  0.5122807   6.73333333
  0.7245614   6.6        -0.87898976  0.51754386  6.6         0.72982456
  6.76666667 -1.52991652]",4724.785740852356
0.19938,[0.58242404],"[ 0.50877193  6.93333333  0.71929825  6.46666667 -1.95560002  0.5122807
  6.73333333  0.7245614   6.6        -0.87898976  0.51754386  6.6
  0.72982456  6.76666667 -1.52991652  0.52280702  6.66666667  0.73508772
  6.7        -0.41757596]",4724.8591022491455
0.19939600000000002,[0.9162234],"[ 0.5122807   6.73333333  0.7245614   6.6        -0.87898976  0.51754386
  6.6         0.72982456  6.76666667 -1.52991652  0.52280702  6.66666667
  0.73508772  6.7        -0.41757596  0.53157895  6.7         0.74385965
  6.63333333 -0.08377659]",4724.939161777496
0.20191599999999998,[-0.908779],"[ 0.51754386  6.6         0.72982456  6.76666667 -1.52991652  0.52280702
  6.66666667  0.73508772  6.7        -0.41757596  0.53157895  6.7
  0.74385965  6.63333333 -0.08377659  0.54210526  6.96666667  0.75087719
  6.36666667 -1.90877903]",4725.019198417664
0.19423999999999997,[-0.02941852],"[ 0.52280702  6.66666667  0.73508772  6.7        -0.41757596  0.53157895
  6.7         0.74385965  6.63333333 -0.08377659  0.54210526  6.96666667
  0.75087719  6.36666667 -1.90877903  0.54912281  7.06666667  0.75263158
  6.1        -1.02941847]",4725.099721670151
0.17890800000000007,[-0.66746104],"[ 0.53157895  6.7         0.74385965  6.63333333 -0.08377659  0.54210526
  6.96666667  0.75087719  6.36666667 -1.90877903  0.54912281  7.06666667
  0.75263158  6.1        -1.02941847  0.54912281  6.93333333  0.75614035
  6.13333333 -1.66746104]",4725.179727077484
0.16868800000000006,[0.56898],"[ 0.54210526  6.96666667  0.75087719  6.36666667 -1.90877903  0.54912281
  7.06666667  0.75263158  6.1        -1.02941847  0.54912281  6.93333333
  0.75614035  6.13333333 -1.66746104  0.55087719  6.8         0.75964912
  6.2        -0.43102002]",4725.263979434967
0.16358799999999996,[-0.12825832],"[ 0.54912281  7.06666667  0.75263158  6.1        -1.02941847  0.54912281
  6.93333333  0.75614035  6.13333333 -1.66746104  0.55087719  6.8
  0.75964912  6.2        -0.43102002  0.55614035  6.7         0.76666667
  6.33333333 -1.12825835]",4725.345011949539
0.16870399999999997,[-0.48193496],"[ 0.54912281  6.93333333  0.75614035  6.13333333 -1.66746104  0.55087719
  6.8         0.75964912  6.2        -0.43102002  0.55614035  6.7
  0.76666667  6.33333333 -1.12825835  0.56842105  6.8         0.7754386
  6.16666667 -1.48193502]",4725.419140338898
0.17381599999999997,[-0.14575079],"[ 0.55087719  6.8         0.75964912  6.2        -0.43102002  0.55614035
  6.7         0.76666667  6.33333333 -1.12825835  0.56842105  6.8
  0.7754386   6.16666667 -1.48193502  0.57894737  6.7         0.7877193
  6.13333333 -1.14575076]",4725.4994304180145
0.18148799999999998,[0.42519668],"[ 0.55614035  6.7         0.76666667  6.33333333 -1.12825835  0.56842105
  6.8         0.7754386   6.16666667 -1.48193502  0.57894737  6.7
  0.7877193   6.13333333 -1.14575076  0.5877193   6.56666667  0.79824561
  6.16666667 -0.57480335]",4725.5839030742645
0.19169999999999998,[-0.23713598],"[ 0.56842105  6.8         0.7754386   6.16666667 -1.48193502  0.57894737
  6.7         0.7877193   6.13333333 -1.14575076  0.5877193   6.56666667
  0.79824561  6.16666667 -0.57480335  0.59824561  6.7         0.80526316
  5.96666667 -1.23713601]",4725.665396928787
0.18914799999999998,[-0.23669702],"[ 0.57894737  6.7         0.7877193   6.13333333 -1.14575076  0.5877193
  6.56666667  0.79824561  6.16666667 -0.57480335  0.59824561  6.7
  0.80526316  5.96666667 -1.23713601  0.60350877  6.73333333  0.80877193
  5.8        -1.23669696]",4725.746008872986
0.184052,[-0.44540644],"[ 0.5877193   6.56666667  0.79824561  6.16666667 -0.57480335  0.59824561
  6.7         0.80526316  5.96666667 -1.23713601  0.60350877  6.73333333
  0.80877193  5.8        -1.23669696  0.60526316  6.56666667  0.81403509
  5.83333333 -1.44540644]",4725.819493055344
0.17387199999999992,[0.39826664],"[ 0.59824561  6.7         0.80526316  5.96666667 -1.23713601  0.60350877
  6.73333333  0.80877193  5.8        -1.23669696  0.60526316  6.56666667
  0.81403509  5.83333333 -1.44540644  0.60877193  6.4         0.81929825
  5.86666667 -0.60173333]",4725.900940179825
0.17131999999999992,[0.23873222],"[ 0.60350877  6.73333333  0.80877193  5.8        -1.23669696  0.60526316
  6.56666667  0.81403509  5.83333333 -1.44540644  0.60877193  6.4
  0.81929825  5.86666667 -0.60173333  0.61578947  6.43333333  0.82631579
  5.83333333 -0.76126778]",4725.9792511463165
0.17642399999999991,[-0.83891654],"[ 0.60526316  6.56666667  0.81403509  5.83333333 -1.44540644  0.60877193
  6.4         0.81929825  5.86666667 -0.60173333  0.61578947  6.43333333
  0.82631579  5.83333333 -0.76126778  0.6245614   6.53333333  0.83157895
  5.6        -1.83891654]",4726.063875198364
0.18155199999999994,[-0.7361937],"[ 0.60877193  6.4         0.81929825  5.86666667 -0.60173333  0.61578947
  6.43333333  0.82631579  5.83333333 -0.76126778  0.6245614   6.53333333
  0.83157895  5.6        -1.83891654  0.63157895  6.43333333  0.83859649
  5.5        -1.73619366]",4726.1409792900085
0.18668000000000007,[-0.05435996],"[ 0.61578947  6.43333333  0.82631579  5.83333333 -0.76126778  0.6245614
  6.53333333  0.83157895  5.6        -1.83891654  0.63157895  6.43333333
  0.83859649  5.5        -1.73619366  0.63684211  6.16666667  0.84736842
  5.66666667 -1.05435991]",4726.22391295433
0.19434000000000007,[-0.12280998],"[ 0.6245614   6.53333333  0.83157895  5.6        -1.83891654  0.63157895
  6.43333333  0.83859649  5.5        -1.73619366  0.63684211  6.16666667
  0.84736842  5.66666667 -1.05435991  0.64561404  6.03333333  0.85614035
  5.7        -1.12281001]",4726.303847789764
0.19687199999999994,[-0.6722873],"[ 0.63157895  6.43333333  0.83859649  5.5        -1.73619366  0.63684211
  6.16666667  0.84736842  5.66666667 -1.05435991  0.64561404  6.03333333
  0.85614035  5.7        -1.12281001  0.65263158  6.1         0.86491228
  5.53333333 -1.67228723]",4726.379848718643
0.19944799999999996,[-0.05128302],"[ 0.63684211  6.16666667  0.84736842  5.66666667 -1.05435991  0.64561404
  6.03333333  0.85614035  5.7        -1.12281001  0.65263158  6.1
  0.86491228  5.53333333 -1.67228723  0.65964912  6.          0.87192982
  5.53333333 -1.051283  ]",4726.459235429764
0.19946399999999997,[0.13401748],"[ 0.64561404  6.03333333  0.85614035  5.7        -1.12281001  0.65263158
  6.1         0.86491228  5.53333333 -1.67228723  0.65964912  6.
  0.87192982  5.53333333 -1.051283    0.66842105  5.9         0.87894737
  5.63333333 -0.86598253]",4726.54386973381
0.196932,[0.7123219],"[ 0.65263158  6.1         0.86491228  5.53333333 -1.67228723  0.65964912
  6.          0.87192982  5.53333333 -1.051283    0.66842105  5.9
  0.87894737  5.63333333 -0.86598253  0.67719298  5.96666667  0.88947368
  5.46666667 -0.28767812]",4726.6201729774475
0.199496,[-0.8379524],"[ 0.65964912  6.          0.87192982  5.53333333 -1.051283    0.66842105
  5.9         0.87894737  5.63333333 -0.86598253  0.67719298  5.96666667
  0.88947368  5.46666667 -0.28767812  0.68596491  6.          0.89473684
  5.2        -1.83795238]",4726.703978538513
0.20969599999999988,[-0.34272712],"[ 0.66842105  5.9         0.87894737  5.63333333 -0.86598253  0.67719298
  5.96666667  0.88947368  5.46666667 -0.28767812  0.68596491  6.
  0.89473684  5.2        -1.83795238  0.69298246  6.06666667  0.89824561
  4.96666667 -1.34272718]",4726.78546500206
0.2122599999999999,[0.39125925],"[ 0.67719298  5.96666667  0.88947368  5.46666667 -0.28767812  0.68596491
  6.          0.89473684  5.2        -1.83795238  0.69298246  6.06666667
  0.89824561  4.96666667 -1.34272718  0.69649123  5.86666667  0.90526316
  5.03333333 -0.60874075]",4726.865713119507
0.214812,[-0.8020636],"[ 0.68596491  6.          0.89473684  5.2        -1.83795238  0.69298246
  6.06666667  0.89824561  4.96666667 -1.34272718  0.69649123  5.86666667
  0.90526316  5.03333333 -0.60874075  0.70350877  5.8         0.91403509
  5.06666667 -1.80206358]",4726.945736408234
0.21226000000000003,[0.31380814],"[ 0.69298246  6.06666667  0.89824561  4.96666667 -1.34272718  0.69649123
  5.86666667  0.90526316  5.03333333 -0.60874075  0.70350877  5.8
  0.91403509  5.06666667 -1.80206358  0.71403509  5.86666667  0.92105263
  4.83333333 -0.68619186]",4727.0194392204285
0.209708,[0.38013965],"[ 0.69649123  5.86666667  0.90526316  5.03333333 -0.60874075  0.70350877
  5.8         0.91403509  5.06666667 -1.80206358  0.71403509  5.86666667
  0.92105263  4.83333333 -0.68619186  0.72280702  5.73333333  0.93157895
  4.8        -0.61986035]",4727.103954315186
0.214804,[0.7326328],"[ 0.70350877  5.8         0.91403509  5.06666667 -1.80206358  0.71403509
  5.86666667  0.92105263  4.83333333 -0.68619186  0.72280702  5.73333333
  0.93157895  4.8        -0.61986035  0.73508772  5.73333333  0.94035088
  4.63333333 -0.26736718]",4727.18390250206
0.2173639999999999,[0.67061186],"[ 0.71403509  5.86666667  0.92105263  4.83333333 -0.68619186  0.72280702
  5.73333333  0.93157895  4.8        -0.61986035  0.73508772  5.73333333
  0.94035088  4.63333333 -0.26736718  0.74736842  5.83333333  0.94736842
  4.36666667 -0.32938814]",4727.263845920563
0.22247999999999987,[0.586841],"[ 0.72280702  5.73333333  0.93157895  4.8        -0.61986035  0.73508772
  5.73333333  0.94035088  4.63333333 -0.26736718  0.74736842  5.83333333
  0.94736842  4.36666667 -0.32938814  0.75614035  5.83333333  0.95087719
  4.13333333 -0.41315901]",4727.345315694809
0.227576,[0.40146512],"[ 0.73508772  5.73333333  0.94035088  4.63333333 -0.26736718  0.74736842
  5.83333333  0.94736842  4.36666667 -0.32938814  0.75614035  5.83333333
  0.95087719  4.13333333 -0.41315901  0.76140351  5.8         0.95263158
  3.96666667 -0.59853488]",4727.420025587082
0.2250000000000001,[-0.06865624],"[ 0.74736842  5.83333333  0.94736842  4.36666667 -0.32938814  0.75614035
  5.83333333  0.95087719  4.13333333 -0.41315901  0.76140351  5.8
  0.95263158  3.96666667 -0.59853488  0.76315789  5.8         0.95438596
  3.9        -1.06865621]",4727.499251365662
0.214784,[-0.82031095],"[ 0.75614035  5.83333333  0.95087719  4.13333333 -0.41315901  0.76140351
  5.8         0.95263158  3.96666667 -0.59853488  0.76315789  5.8
  0.95438596  3.9        -1.06865621  0.76315789  5.76666667  0.95614035
  3.93333333 -1.82031095]",4727.5839302539825
0.1994800000000001,[0.00956028],"[ 0.76140351  5.8         0.95263158  3.96666667 -0.59853488  0.76315789
  5.8         0.95438596  3.9        -1.06865621  0.76315789  5.76666667
  0.95614035  3.93333333 -1.82031095  0.76140351  5.6         0.96140351
  4.03333333 -0.99043971]",4727.666449546814
0.1918240000000001,[-0.10062514],"[ 0.76315789  5.8         0.95438596  3.9        -1.06865621  0.76315789
  5.76666667  0.95614035  3.93333333 -1.82031095  0.76140351  5.6
  0.96140351  4.03333333 -0.99043971  0.76315789  5.4         0.96666667
  4.13333333 -1.10062516]",4727.739400148392
0.19434399999999996,[-0.20230822],"[ 0.76315789  5.76666667  0.95614035  3.93333333 -1.82031095  0.76140351
  5.6         0.96140351  4.03333333 -0.99043971  0.76315789  5.4
  0.96666667  4.13333333 -1.10062516  0.77017544  5.43333333  0.96842105
  3.96666667 -1.20230818]",4727.823968172073
0.18410000000000004,[-0.55935574],"[ 0.76140351  5.6         0.96140351  4.03333333 -0.99043971  0.76315789
  5.4         0.96666667  4.13333333 -1.10062516  0.77017544  5.43333333
  0.96842105  3.96666667 -1.20230818  0.77192982  5.46666667  0.97192982
  3.96666667 -1.55935574]",4727.906727552414
0.17389600000000005,[0.63113236],"[ 0.76315789  5.4         0.96666667  4.13333333 -1.10062516  0.77017544
  5.43333333  0.96842105  3.96666667 -1.20230818  0.77192982  5.46666667
  0.97192982  3.96666667 -1.55935574  0.77192982  5.36666667  0.9754386
  4.03333333 -0.36886764]",4727.98651766777
0.16622799999999993,[0.66165364],"[ 0.77017544  5.43333333  0.96842105  3.96666667 -1.20230818  0.77192982
  5.46666667  0.97192982  3.96666667 -1.55935574  0.77192982  5.36666667
  0.9754386   4.03333333 -0.36886764  0.77368421  5.26666667  0.97719298
  4.         -0.33834636]",4728.065968990326
0.163632,[0.69043946],"[ 0.77192982  5.46666667  0.97192982  3.96666667 -1.55935574  0.77192982
  5.36666667  0.9754386   4.03333333 -0.36886764  0.77368421  5.26666667
  0.97719298  4.         -0.33834636  0.78070175  5.5         0.97719298
  3.9        -0.30956054]",4728.145326375961
0.15594799999999998,[-0.41389713],"[ 0.77192982  5.36666667  0.9754386   4.03333333 -0.36886764  0.77368421
  5.26666667  0.97719298  4.         -0.33834636  0.78070175  5.5
  0.97719298  3.9        -0.30956054  0.78421053  5.7         0.97894737
  3.96666667 -1.41389716]",4728.2192578315735
0.14316800000000007,[0.10131654],"[ 0.77368421  5.26666667  0.97719298  4.         -0.33834636  0.78070175
  5.5         0.97719298  3.9        -0.30956054  0.78421053  5.7
  0.97894737  3.96666667 -1.41389716  0.78421053  5.73333333  0.98070175
  4.03333333 -0.89868343]",4728.303928375244
0.1304120000000002,[0.39014882],"[ 0.78070175  5.5         0.97719298  3.9        -0.30956054  0.78421053
  5.7         0.97894737  3.96666667 -1.41389716  0.78421053  5.73333333
  0.98070175  4.03333333 -0.89868343  0.78245614  5.6         0.98421053
  4.2        -0.60985118]",4728.385551929474
0.13293200000000005,[0.5435308],"[ 0.78421053  5.7         0.97894737  3.96666667 -1.41389716  0.78421053
  5.73333333  0.98070175  4.03333333 -0.89868343  0.78245614  5.6
  0.98421053  4.2        -0.60985118  0.7877193   5.7         0.9877193
  4.23333333 -0.45646918]",4728.459295749664
0.13034400000000002,[0.3113725],"[ 0.78421053  5.73333333  0.98070175  4.03333333 -0.89868343  0.78245614
  5.6         0.98421053  4.2        -0.60985118  0.7877193   5.7
  0.9877193   4.23333333 -0.45646918  0.79298246  5.9         0.98947368
  4.2        -0.68862748]",4728.539155960083
