reward,action,obs,time
,,"[0.         0.         0.         0.         0.         0.
 0.         0.         0.         0.         0.         0.
 0.         0.         0.         0.02982456 5.46666667 0.24385965
 5.5        0.        ]",1260.2516086101532
0.0025280000000000025,[-0.36350247],"[ 0.          0.          0.          0.          0.          0.
  0.          0.          0.          0.          0.02982456  5.46666667
  0.24385965  5.5         0.          0.03157895  5.7         0.24561404
  5.4        -1.3635025 ]",1260.3289258480072
3.9999999999970615e-06,[0.21479972],"[ 0.          0.          0.          0.          0.          0.02982456
  5.46666667  0.24385965  5.5         0.          0.03157895  5.7
  0.24561404  5.4        -1.3635025   0.02982456  5.43333333  0.24385965
  5.53333333 -0.7852003 ]",1260.3833413124084
-1.1999999999998123e-05,[-0.79821706],"[ 0.02982456  5.46666667  0.24385965  5.5         0.          0.03157895
  5.7         0.24561404  5.4        -1.3635025   0.02982456  5.43333333
  0.24385965  5.53333333 -0.7852003   0.02982456  5.56666667  0.24385965
  5.46666667 -1.79821706]",1260.4297747612
-8.000000000001062e-06,[-0.68825597],"[ 0.03157895  5.7         0.24561404  5.4        -1.3635025   0.02982456
  5.43333333  0.24385965  5.53333333 -0.7852003   0.02982456  5.56666667
  0.24385965  5.46666667 -1.79821706  0.02982456  5.53333333  0.24561404
  5.46666667 -1.68825603]",1260.4793801307678
-8.000000000001062e-06,[-0.9789625],"[ 0.02982456  5.43333333  0.24385965  5.53333333 -0.7852003   0.02982456
  5.56666667  0.24385965  5.46666667 -1.79821706  0.02982456  5.53333333
  0.24561404  5.46666667 -1.68825603  0.02982456  5.53333333  0.24385965
  5.5        -1.97896242]",1260.5298237800598
-4.000000000004e-06,[0.7249767],"[ 0.02982456  5.56666667  0.24385965  5.46666667 -1.79821706  0.02982456
  5.53333333  0.24561404  5.46666667 -1.68825603  0.02982456  5.53333333
  0.24385965  5.5        -1.97896242  0.02982456  5.5         0.24561404
  5.46666667 -0.27502328]",1260.579262971878
0.0,[0.9623208],"[ 0.02982456  5.53333333  0.24561404  5.46666667 -1.68825603  0.02982456
  5.53333333  0.24385965  5.5        -1.97896242  0.02982456  5.5
  0.24561404  5.46666667 -0.27502328  0.02982456  5.46666667  0.24561404
  5.5        -0.0376792 ]",1260.6356213092804
0.005148,[-0.08436899],"[ 0.02982456  5.53333333  0.24385965  5.5        -1.97896242  0.02982456
  5.5         0.24561404  5.46666667 -0.27502328  0.02982456  5.46666667
  0.24561404  5.5        -0.0376792   0.03333333  5.16666667  0.24561404
  5.8        -1.08436894]",1260.683175086975
0.010259999999999998,[-0.6224396],"[ 0.02982456  5.5         0.24561404  5.46666667 -0.27502328  0.02982456
  5.46666667  0.24561404  5.5        -0.0376792   0.03333333  5.16666667
  0.24561404  5.8        -1.08436894  0.03684211  5.16666667  0.24912281
  5.8        -1.62243962]",1260.7305524349213
0.015348,[-0.9657229],"[ 0.02982456  5.46666667  0.24561404  5.5        -0.0376792   0.03333333
  5.16666667  0.24561404  5.8        -1.08436894  0.03684211  5.16666667
  0.24912281  5.8        -1.62243962  0.04035088  5.36666667  0.25438596
  5.6        -1.96572292]",1260.8105387687683
0.023040000000000005,[0.8053452],"[ 0.03333333  5.16666667  0.24561404  5.8        -1.08436894  0.03684211
  5.16666667  0.24912281  5.8        -1.62243962  0.04035088  5.36666667
  0.25438596  5.6        -1.96572292  0.04561404  5.16666667  0.25614035
  5.83333333 -0.19465482]",1260.8958892822266
0.035832,[0.6517083],"[ 0.03684211  5.16666667  0.24912281  5.8        -1.62243962  0.04035088
  5.36666667  0.25438596  5.6        -1.96572292  0.04561404  5.16666667
  0.25614035  5.83333333 -0.19465482  0.05438596  5.06666667  0.26140351
  6.         -0.3482917 ]",1260.9708380699158
0.046023999999999995,[-0.29190406],"[ 0.04035088  5.36666667  0.25438596  5.6        -1.96572292  0.04561404
  5.16666667  0.25614035  5.83333333 -0.19465482  0.05438596  5.06666667
  0.26140351  6.         -0.3482917   0.06140351  5.33333333  0.27192982
  5.86666667 -1.29190409]",1261.0664229393005
0.058775999999999995,[0.8082666],"[ 0.04561404  5.16666667  0.25614035  5.83333333 -0.19465482  0.05438596
  5.06666667  0.26140351  6.         -0.3482917   0.06140351  5.33333333
  0.27192982  5.86666667 -1.29190409  0.07017544  5.56666667  0.28421053
  5.6        -0.19173342]",1261.1300055980682
0.076676,[0.20957081],"[ 0.05438596  5.06666667  0.26140351  6.         -0.3482917   0.06140351
  5.33333333  0.27192982  5.86666667 -1.29190409  0.07017544  5.56666667
  0.28421053  5.6        -0.19173342  0.08245614  5.5         0.29473684
  5.7        -0.79042917]",1261.2101526260376
0.091984,[-0.5522642],"[ 0.06140351  5.33333333  0.27192982  5.86666667 -1.29190409  0.07017544
  5.56666667  0.28421053  5.6        -0.19173342  0.08245614  5.5
  0.29473684  5.7        -0.79042917  0.09298246  5.73333333  0.30526316
  5.53333333 -1.55226421]",1261.290053844452
0.107304,[0.24696818],"[ 0.07017544  5.56666667  0.28421053  5.6        -0.19173342  0.08245614
  5.5         0.29473684  5.7        -0.79042917  0.09298246  5.73333333
  0.30526316  5.53333333 -1.55226421  0.10350877  5.86666667  0.31578947
  5.36666667 -0.75303185]",1261.370813369751
0.11244399999999999,[-0.85558015],"[ 0.08245614  5.5         0.29473684  5.7        -0.79042917  0.09298246
  5.73333333  0.30526316  5.53333333 -1.55226421  0.10350877  5.86666667
  0.31578947  5.36666667 -0.75303185  0.10701754  5.63333333  0.3245614
  5.5        -1.85558009]",1261.452577829361
0.120116,[0.70757246],"[ 0.09298246  5.73333333  0.30526316  5.53333333 -1.55226421  0.10350877
  5.86666667  0.31578947  5.36666667 -0.75303185  0.10701754  5.63333333
  0.3245614   5.5        -1.85558009  0.1122807   5.6         0.33333333
  5.6        -0.29242754]",1261.5365018844604
0.161012,[-0.9999797],"[ 0.10350877  5.86666667  0.31578947  5.36666667 -0.75303185  0.10701754
  5.63333333  0.3245614   5.5        -1.85558009  0.1122807   5.6
  0.33333333  5.6        -0.29242754  0.14035088  5.6         0.34385965
  5.8        -1.99997973]",1261.6106872558594
0.171272,[-0.47033995],"[ 0.10701754  5.63333333  0.3245614   5.5        -1.85558009  0.1122807
  5.6         0.33333333  5.6        -0.29242754  0.14035088  5.6
  0.34385965  5.8        -1.99997973  0.14912281  5.53333333  0.35614035
  5.73333333 -1.47034001]",1261.6968922615051
0.186552,[-0.49128836],"[ 0.1122807   5.6         0.33333333  5.6        -0.29242754  0.14035088
  5.6         0.34385965  5.8        -1.99997973  0.14912281  5.53333333
  0.35614035  5.73333333 -1.47034001  0.15789474  5.73333333  0.36842105
  5.53333333 -1.49128842]",1261.7705488204956
0.20192799999999997,[0.75653213],"[ 0.14035088  5.6         0.34385965  5.8        -1.99997973  0.14912281
  5.53333333  0.35614035  5.73333333 -1.47034001  0.15789474  5.73333333
  0.36842105  5.53333333 -1.49128842  0.16842105  5.53333333  0.38070175
  5.7        -0.24346787]",1261.8500230312347
0.21725999999999995,[-0.6257479],"[ 0.14912281  5.53333333  0.35614035  5.73333333 -1.47034001  0.15789474
  5.73333333  0.36842105  5.53333333 -1.49128842  0.16842105  5.53333333
  0.38070175  5.7        -0.24346787  0.17894737  5.53333333  0.39298246
  5.73333333 -1.62574792]",1261.9299795627594
0.23769199999999996,[-0.15716675],"[ 0.15789474  5.73333333  0.36842105  5.53333333 -1.49128842  0.16842105
  5.53333333  0.38070175  5.7        -0.24346787  0.17894737  5.53333333
  0.39298246  5.73333333 -1.62574792  0.19298246  5.66666667  0.40701754
  5.5        -1.15716672]",1262.0101690292358
0.253032,[0.98850363],"[ 0.16842105  5.53333333  0.38070175  5.7        -0.24346787  0.17894737
  5.53333333  0.39298246  5.73333333 -1.62574792  0.19298246  5.66666667
  0.40701754  5.5        -1.15716672  0.20350877  5.6         0.41929825
  5.56666667 -0.01149637]",1262.0901412963867
0.2709039999999999,[0.6665186],"[ 0.17894737  5.53333333  0.39298246  5.73333333 -1.62574792  0.19298246
  5.66666667  0.40701754  5.5        -1.15716672  0.20350877  5.6
  0.41929825  5.56666667 -0.01149637  0.21578947  5.73333333  0.42982456
  5.53333333 -0.33348137]",1262.170027256012
0.28617599999999993,[-0.707374],"[ 0.19298246  5.66666667  0.40701754  5.5        -1.15716672  0.20350877
  5.6         0.41929825  5.56666667 -0.01149637  0.21578947  5.73333333
  0.42982456  5.53333333 -0.33348137  0.22982456  5.96666667  0.44035088
  5.3        -1.70737398]",1262.255973815918
0.29384399999999994,[-0.9197377],"[ 0.20350877  5.6         0.41929825  5.56666667 -0.01149637  0.21578947
  5.73333333  0.42982456  5.53333333 -0.33348137  0.22982456  5.96666667
  0.44035088  5.3        -1.70737398  0.23859649  5.96666667  0.44912281
  5.16666667 -1.9197377 ]",1262.3303368091583
0.29901199999999994,[-0.04025854],"[ 0.21578947  5.73333333  0.42982456  5.53333333 -0.33348137  0.22982456
  5.96666667  0.44035088  5.3        -1.70737398  0.23859649  5.96666667
  0.44912281  5.16666667 -1.9197377   0.24561404  5.7         0.45789474
  5.33333333 -1.04025853]",1262.4105684757233
0.304116,[-0.06689092],"[ 0.22982456  5.96666667  0.44035088  5.3        -1.70737398  0.23859649
  5.96666667  0.44912281  5.16666667 -1.9197377   0.24561404  5.7
  0.45789474  5.33333333 -1.04025853  0.25438596  5.56666667  0.46842105
  5.53333333 -1.06689095]",1262.4975717067719
0.30920000000000003,[-0.6252321],"[ 0.23859649  5.96666667  0.44912281  5.16666667 -1.9197377   0.24561404
  5.7         0.45789474  5.33333333 -1.04025853  0.25438596  5.56666667
  0.46842105  5.53333333 -1.06689095  0.26666667  5.7         0.47894737
  5.43333333 -1.6252321 ]",1262.570110321045
0.31690399999999996,[0.6597437],"[ 0.24561404  5.7         0.45789474  5.33333333 -1.04025853  0.25438596
  5.56666667  0.46842105  5.53333333 -1.06689095  0.26666667  5.7
  0.47894737  5.43333333 -1.6252321   0.27894737  5.66666667  0.49298246
  5.46666667 -0.34025627]",1262.658391714096
0.324616,[-0.17360365],"[ 0.25438596  5.56666667  0.46842105  5.53333333 -1.06689095  0.26666667
  5.7         0.47894737  5.43333333 -1.6252321   0.27894737  5.66666667
  0.49298246  5.46666667 -0.34025627  0.29298246  5.53333333  0.50701754
  5.6        -1.17360365]",1262.7302494049072
0.327152,[-0.174393],"[ 0.26666667  5.7         0.47894737  5.43333333 -1.6252321   0.27894737
  5.66666667  0.49298246  5.46666667 -0.34025627  0.29298246  5.53333333
  0.50701754  5.6        -1.17360365  0.30701754  5.63333333  0.52105263
  5.4        -1.17439294]",1262.8101234436035
0.32975199999999993,[0.62573653],"[ 0.27894737  5.66666667  0.49298246  5.46666667 -0.34025627  0.29298246
  5.53333333  0.50701754  5.6        -1.17360365  0.30701754  5.63333333
  0.52105263  5.4        -1.17439294  0.31929825  5.5         0.53333333
  5.3        -0.37426347]",1262.8909213542938
0.32976400000000006,[0.47790343],"[ 0.29298246  5.53333333  0.50701754  5.6        -1.17360365  0.30701754
  5.63333333  0.52105263  5.4        -1.17439294  0.31929825  5.5
  0.53333333  5.3        -0.37426347  0.32982456  5.53333333  0.54210526
  5.16666667 -0.52209657]",1262.9698157310486
0.339932,[0.7073139],"[ 0.30701754  5.63333333  0.52105263  5.4        -1.17439294  0.31929825
  5.5         0.53333333  5.3        -0.37426347  0.32982456  5.53333333
  0.54210526  5.16666667 -0.52209657  0.34035088  5.76666667  0.54912281
  4.9        -0.2926861 ]",1263.0519154071808
0.347584,[0.31833544],"[ 0.31929825  5.5         0.53333333  5.3        -0.37426347  0.32982456
  5.53333333  0.54210526  5.16666667 -0.52209657  0.34035088  5.76666667
  0.54912281  4.9        -0.2926861   0.35087719  5.86666667  0.55438596
  4.76666667 -0.68166459]",1263.1388099193573
0.31179999999999997,[-0.27919757],"[ 0.32982456  5.53333333  0.54210526  5.16666667 -0.52209657  0.34035088
  5.76666667  0.54912281  4.9        -0.2926861   0.35087719  5.86666667
  0.55438596  4.76666667 -0.68166459  0.35438596  5.86666667  0.55789474
  4.66666667 -1.27919757]",1263.2164859771729
0.30413999999999997,[-0.49815002],"[ 0.34035088  5.76666667  0.54912281  4.9        -0.2926861   0.35087719
  5.86666667  0.55438596  4.76666667 -0.68166459  0.35438596  5.86666667
  0.55789474  4.66666667 -1.27919757  0.35789474  5.73333333  0.56315789
  4.66666667 -1.49814999]",1263.2910342216492
0.29908,[-0.29687378],"[ 0.35087719  5.86666667  0.55438596  4.76666667 -0.68166459  0.35438596
  5.86666667  0.55789474  4.66666667 -1.27919757  0.35789474  5.73333333
  0.56315789  4.66666667 -1.49814999  0.36315789  5.5         0.57192982
  4.73333333 -1.29687381]",1263.37087225914
0.29905600000000004,[0.59340817],"[ 0.35438596  5.86666667  0.55789474  4.66666667 -1.27919757  0.35789474
  5.73333333  0.56315789  4.66666667 -1.49814999  0.36315789  5.5
  0.57192982  4.73333333 -1.29687381  0.37368421  5.5         0.58245614
  4.73333333 -0.40659183]",1263.4500958919525
0.3016,[-0.9827772],"[ 0.35789474  5.73333333  0.56315789  4.66666667 -1.49814999  0.36315789
  5.5         0.57192982  4.73333333 -1.29687381  0.37368421  5.5
  0.58245614  4.73333333 -0.40659183  0.38596491  5.6         0.59122807
  4.66666667 -1.98277712]",1263.5301625728607
0.293936,[-0.942634],"[ 0.36315789  5.5         0.57192982  4.73333333 -1.29687381  0.37368421
  5.5         0.58245614  4.73333333 -0.40659183  0.38596491  5.6
  0.59122807  4.66666667 -1.98277712  0.39473684  5.7         0.59649123
  4.43333333 -1.94263399]",1263.6125574111938
0.2786319999999999,[0.41031015],"[ 0.37368421  5.5         0.58245614  4.73333333 -0.40659183  0.38596491
  5.6         0.59122807  4.66666667 -1.98277712  0.39473684  5.7
  0.59649123  4.43333333 -1.94263399  0.39473684  5.36666667  0.60350877
  4.53333333 -0.58968985]",1263.699470281601
0.26336,[0.36418816],"[ 0.38596491  5.6         0.59122807  4.66666667 -1.98277712  0.39473684
  5.7         0.59649123  4.43333333 -1.94263399  0.39473684  5.36666667
  0.60350877  4.53333333 -0.58968985  0.39649123  4.96666667  0.60877193
  4.63333333 -0.63581181]",1263.7699825763702
0.255708,[0.21321617],"[ 0.39473684  5.7         0.59649123  4.43333333 -1.94263399  0.39473684
  5.36666667  0.60350877  4.53333333 -0.58968985  0.39649123  4.96666667
  0.60877193  4.63333333 -0.63581181  0.40526316  5.06666667  0.61578947
  4.43333333 -0.78678381]",1263.8561434745789
0.26079600000000003,[-0.81239045],"[ 0.39473684  5.36666667  0.60350877  4.53333333 -0.58968985  0.39649123
  4.96666667  0.60877193  4.63333333 -0.63581181  0.40526316  5.06666667
  0.61578947  4.43333333 -0.78678381  0.41754386  5.26666667  0.6245614
  4.2        -1.81239045]",1263.9301586151123
0.2633320000000001,[0.22194533],"[ 0.39649123  4.96666667  0.60877193  4.63333333 -0.63581181  0.40526316
  5.06666667  0.61578947  4.43333333 -0.78678381  0.41754386  5.26666667
  0.6245614   4.2        -1.81239045  0.42631579  5.16666667  0.63333333
  4.23333333 -0.77805465]",1264.0187153816223
0.260792,[-0.19077246],"[ 0.40526316  5.06666667  0.61578947  4.43333333 -0.78678381  0.41754386
  5.26666667  0.6245614   4.2        -1.81239045  0.42631579  5.16666667
  0.63333333  4.23333333 -0.77805465  0.43333333  4.9         0.64385965
  4.26666667 -1.19077241]",1264.090120792389
0.263368,[0.3353164],"[ 0.41754386  5.26666667  0.6245614   4.2        -1.81239045  0.42631579
  5.16666667  0.63333333  4.23333333 -0.77805465  0.43333333  4.9
  0.64385965  4.26666667 -1.19077241  0.44736842  4.86666667  0.65614035
  4.         -0.66468358]",1264.1701793670654
0.2659160000000001,[-0.73902506],"[ 0.42631579  5.16666667  0.63333333  4.23333333 -0.77805465  0.43333333
  4.9         0.64385965  4.26666667 -1.19077241  0.44736842  4.86666667
  0.65614035  4.         -0.66468358  0.46140351  4.9         0.66666667
  3.86666667 -1.73902512]",1264.2497985363007
0.25822,[-0.11172832],"[ 0.43333333  4.9         0.64385965  4.26666667 -1.19077241  0.44736842
  4.86666667  0.65614035  4.         -0.66468358  0.46140351  4.9
  0.66666667  3.86666667 -1.73902512  0.47017544  5.          0.6754386
  3.83333333 -1.11172831]",1264.3302648067474
0.242924,[-0.10174364],"[ 0.44736842  4.86666667  0.65614035  4.         -0.66468358  0.46140351
  4.9         0.66666667  3.86666667 -1.73902512  0.47017544  5.
  0.6754386   3.83333333 -1.11172831  0.47368421  4.76666667  0.68070175
  3.9        -1.1017437 ]",1264.4181790351868
0.23013999999999993,[-0.2620522],"[ 0.46140351  4.9         0.66666667  3.86666667 -1.73902512  0.47017544
  5.          0.6754386   3.83333333 -1.11172831  0.47368421  4.76666667
  0.68070175  3.9        -1.1017437   0.47719298  4.66666667  0.68596491
  3.8        -1.26205218]",1264.4901826381683
0.22247999999999993,[0.4302423],"[ 0.47017544  5.          0.6754386   3.83333333 -1.11172831  0.47368421
  4.76666667  0.68070175  3.9        -1.1017437   0.47719298  4.66666667
  0.68596491  3.8        -1.26205218  0.48245614  4.63333333  0.69122807
  3.86666667 -0.5697577 ]",1264.5764033794403
0.21738799999999997,[-0.69178474],"[ 0.47368421  4.76666667  0.68070175  3.9        -1.1017437   0.47719298
  4.66666667  0.68596491  3.8        -1.26205218  0.48245614  4.63333333
  0.69122807  3.86666667 -0.5697577   0.48947368  4.7         0.69824561
  3.9        -1.69178474]",1264.6508433818817
0.214832,[-0.2424116],"[ 0.47719298  4.66666667  0.68596491  3.8        -1.26205218  0.48245614
  4.63333333  0.69122807  3.86666667 -0.5697577   0.48947368  4.7
  0.69824561  3.9        -1.69178474  0.49824561  4.8         0.70526316
  3.8        -1.24241161]",1264.7301635742188
0.21230400000000005,[-0.02903417],"[ 0.48245614  4.63333333  0.69122807  3.86666667 -0.5697577   0.48947368
  4.7         0.69824561  3.9        -1.69178474  0.49824561  4.8
  0.70526316  3.8        -1.24241161  0.5         4.56666667  0.7122807
  4.03333333 -1.02903414]",1264.810655593872
0.21740800000000005,[-0.9847164],"[ 0.48947368  4.7         0.69824561  3.9        -1.69178474  0.49824561
  4.8         0.70526316  3.8        -1.24241161  0.5         4.56666667
  0.7122807   4.03333333 -1.02903414  0.50701754  4.5         0.71929825
  4.06666667 -1.98471642]",1264.890150308609
0.22248800000000007,[-0.21117565],"[ 0.49824561  4.8         0.70526316  3.8        -1.24241161  0.5
  4.56666667  0.7122807   4.03333333 -1.02903414  0.50701754  4.5
  0.71929825  4.06666667 -1.98471642  0.51578947  4.53333333  0.72807018
  4.16666667 -1.21117568]",1264.9708330631256
0.21484799999999993,[-0.6204162],"[ 0.5         4.56666667  0.7122807   4.03333333 -1.02903414  0.50701754
  4.5         0.71929825  4.06666667 -1.98471642  0.51578947  4.53333333
  0.72807018  4.16666667 -1.21117568  0.52105263  4.3         0.73333333
  4.46666667 -1.62041616]",1265.0503149032593
0.20207999999999995,[0.47054422],"[ 0.50701754  4.5         0.71929825  4.06666667 -1.98471642  0.51578947
  4.53333333  0.72807018  4.16666667 -1.21117568  0.52105263  4.3
  0.73333333  4.46666667 -1.62041616  0.5245614   4.3         0.73684211
  4.53333333 -0.52945578]",1265.1301357746124
0.19697999999999993,[0.6995615],"[ 0.51578947  4.53333333  0.72807018  4.16666667 -1.21117568  0.52105263
  4.3         0.73333333  4.46666667 -1.62041616  0.5245614   4.3
  0.73684211  4.53333333 -0.52945578  0.52982456  4.3         0.74210526
  4.56666667 -0.30043852]",1265.2103056907654
0.207132,[-0.6037588],"[ 0.52105263  4.3         0.73333333  4.46666667 -1.62041616  0.5245614
  4.3         0.73684211  4.53333333 -0.52945578  0.52982456  4.3
  0.74210526  4.56666667 -0.30043852  0.53684211  4.56666667  0.74912281
  4.36666667 -1.60375881]",1265.2969763278961
0.214732,[-0.13241796],"[ 0.5245614   4.3         0.73684211  4.53333333 -0.52945578  0.52982456
  4.3         0.74210526  4.56666667 -0.30043852  0.53684211  4.56666667
  0.74912281  4.36666667 -1.60375881  0.54385965  4.73333333  0.75438596
  4.26666667 -1.13241792]",1265.3765814304352
0.20453199999999994,[0.12354188],"[ 0.52982456  4.3         0.74210526  4.56666667 -0.30043852  0.53684211
  4.56666667  0.74912281  4.36666667 -1.60375881  0.54385965  4.73333333
  0.75438596  4.26666667 -1.13241792  0.54561404  4.63333333  0.75964912
  4.43333333 -0.87645811]",1265.4597358703613
0.19687999999999994,[0.9907042],"[ 0.53684211  4.56666667  0.74912281  4.36666667 -1.60375881  0.54385965
  4.73333333  0.75438596  4.26666667 -1.13241792  0.54561404  4.63333333
  0.75964912  4.43333333 -0.87645811  0.55263158  4.7         0.76491228
  4.46666667 -0.00929582]",1265.5337715148926
0.1993999999999999,[-0.4355042],"[ 0.54385965  4.73333333  0.75438596  4.26666667 -1.13241792  0.54561404
  4.63333333  0.75964912  4.43333333 -0.87645811  0.55263158  4.7
  0.76491228  4.46666667 -0.00929582  0.56315789  4.9         0.77368421
  4.36666667 -1.4355042 ]",1265.6100797653198
0.20701199999999997,[0.9234277],"[ 0.54561404  4.63333333  0.75964912  4.43333333 -0.87645811  0.55263158
  4.7         0.76491228  4.46666667 -0.00929582  0.56315789  4.9
  0.77368421  4.36666667 -1.4355042   0.5754386   5.1         0.78245614
  4.26666667 -0.0765723 ]",1265.6908679008484
0.19167999999999996,[-0.9516029],"[ 0.55263158  4.7         0.76491228  4.46666667 -0.00929582  0.56315789
  4.9         0.77368421  4.36666667 -1.4355042   0.5754386   5.1
  0.78245614  4.26666667 -0.0765723   0.57894737  5.03333333  0.7877193
  4.3        -1.95160294]",1265.7701482772827
0.17889999999999995,[0.332999],"[ 0.56315789  4.9         0.77368421  4.36666667 -1.4355042   0.5754386
  5.1         0.78245614  4.26666667 -0.0765723   0.57894737  5.03333333
  0.7877193   4.3        -1.95160294  0.58421053  5.06666667  0.79122807
  4.2        -0.66700101]",1265.8499851226807
0.17636399999999997,[-0.75037616],"[ 0.5754386   5.1         0.78245614  4.26666667 -0.0765723   0.57894737
  5.03333333  0.7877193   4.3        -1.95160294  0.58421053  5.06666667
  0.79122807  4.2        -0.66700101  0.59122807  5.          0.79824561
  4.2        -1.75037622]",1265.9365363121033
0.18145199999999995,[0.49113107],"[ 0.57894737  5.03333333  0.7877193   4.3        -1.95160294  0.58421053
  5.06666667  0.79122807  4.2        -0.66700101  0.59122807  5.
  0.79824561  4.2        -1.75037622  0.59824561  4.96666667  0.80701754
  4.23333333 -0.50886893]",1266.015887260437
0.18145200000000006,[0.51612616],"[ 0.58421053  5.06666667  0.79122807  4.2        -0.66700101  0.59122807
  5.          0.79824561  4.2        -1.75037622  0.59824561  4.96666667
  0.80701754  4.23333333 -0.50886893  0.60175439  4.86666667  0.8122807
  4.36666667 -0.48387384]",1266.090903520584
0.18654000000000004,[-0.7317742],"[ 0.59122807  5.          0.79824561  4.2        -1.75037622  0.59824561
  4.96666667  0.80701754  4.23333333 -0.50886893  0.60175439  4.86666667
  0.8122807   4.36666667 -0.48387384  0.61052632  5.03333333  0.81754386
  4.16666667 -1.73177421]",1266.1761286258698
0.18398800000000004,[0.7854128],"[ 0.59824561  4.96666667  0.80701754  4.23333333 -0.50886893  0.60175439
  4.86666667  0.8122807   4.36666667 -0.48387384  0.61052632  5.03333333
  0.81754386  4.16666667 -1.73177421  0.61578947  5.06666667  0.82105263
  3.96666667 -0.21458721]",1266.2559413909912
0.17890400000000006,[0.9986746],"[ 6.01754386e-01  4.86666667e+00  8.12280702e-01  4.36666667e+00
 -4.83873844e-01  6.10526316e-01  5.03333333e+00  8.17543860e-01
  4.16666667e+00 -1.73177421e+00  6.15789474e-01  5.06666667e+00
  8.21052632e-01  3.96666667e+00 -2.14587212e-01  6.21052632e-01
  4.93333333e+00  8.29824561e-01  4.06666667e+00 -1.32542849e-03]",1266.3339407444
0.19163600000000003,[0.38633177],"[ 6.10526316e-01  5.03333333e+00  8.17543860e-01  4.16666667e+00
 -1.73177421e+00  6.15789474e-01  5.06666667e+00  8.21052632e-01
  3.96666667e+00 -2.14587212e-01  6.21052632e-01  4.93333333e+00
  8.29824561e-01  4.06666667e+00 -1.32542849e-03  6.31578947e-01
  5.10000000e+00  8.35087719e-01  3.86666667e+00 -6.13668203e-01]",1266.4102334976196
0.19926,[0.33454007],"[ 6.15789474e-01  5.06666667e+00  8.21052632e-01  3.96666667e+00
 -2.14587212e-01  6.21052632e-01  4.93333333e+00  8.29824561e-01
  4.06666667e+00 -1.32542849e-03  6.31578947e-01  5.10000000e+00
  8.35087719e-01  3.86666667e+00 -6.13668203e-01  6.43859649e-01
  5.40000000e+00  8.42105263e-01  3.90000000e+00 -6.65459931e-01]",1266.4921736717224
0.194148,[-0.6184946],"[ 6.21052632e-01  4.93333333e+00  8.29824561e-01  4.06666667e+00
 -1.32542849e-03  6.31578947e-01  5.10000000e+00  8.35087719e-01
  3.86666667e+00 -6.13668203e-01  6.43859649e-01  5.40000000e+00
  8.42105263e-01  3.90000000e+00 -6.65459931e-01  6.49122807e-01
  5.43333333e+00  8.49122807e-01  4.03333333e+00 -1.61849451e+00]",1266.5718252658844
0.19412800000000008,[-0.67113894],"[ 0.63157895  5.1         0.83508772  3.86666667 -0.6136682   0.64385965
  5.4         0.84210526  3.9        -0.66545993  0.64912281  5.43333333
  0.84912281  4.03333333 -1.61849451  0.65438596  5.36666667  0.85614035
  4.1        -1.671139  ]",1266.6508266925812
0.1916,[0.06728448],"[ 0.64385965  5.4         0.84210526  3.9        -0.66545993  0.64912281
  5.43333333  0.84912281  4.03333333 -1.61849451  0.65438596  5.36666667
  0.85614035  4.1        -1.671139    0.65614035  5.13333333  0.86491228
  4.43333333 -0.93271554]",1266.7300000190735
0.194156,[-0.785402],"[ 0.64912281  5.43333333  0.84912281  4.03333333 -1.61849451  0.65438596
  5.36666667  0.85614035  4.1        -1.671139    0.65614035  5.13333333
  0.86491228  4.43333333 -0.93271554  0.66315789  5.13333333  0.87368421
  4.56666667 -1.78540206]",1266.8100008964539
0.19417600000000002,[0.22280894],"[ 0.65438596  5.36666667  0.85614035  4.1        -1.671139    0.65614035
  5.13333333  0.86491228  4.43333333 -0.93271554  0.66315789  5.13333333
  0.87368421  4.56666667 -1.78540206  0.67017544  5.23333333  0.88070175
  4.53333333 -0.77719104]",1266.8900566101074
0.18654799999999994,[0.7806551],"[ 0.65614035  5.13333333  0.86491228  4.43333333 -0.93271554  0.66315789
  5.13333333  0.87368421  4.56666667 -1.78540206  0.67017544  5.23333333
  0.88070175  4.53333333 -0.77719104  0.67192982  5.06666667  0.88596491
  4.7        -0.21934491]",1266.9701511859894
0.19418800000000003,[0.9326884],"[ 0.66315789  5.13333333  0.87368421  4.56666667 -1.78540206  0.67017544
  5.23333333  0.88070175  4.53333333 -0.77719104  0.67192982  5.06666667
  0.88596491  4.7        -0.21934491  0.67894737  5.2         0.88947368
  4.56666667 -0.06731158]",1267.0507521629333
0.199276,[-0.30283257],"[ 0.67017544  5.23333333  0.88070175  4.53333333 -0.77719104  0.67192982
  5.06666667  0.88596491  4.7        -0.21934491  0.67894737  5.2
  0.88947368  4.56666667 -0.06731158  0.68947368  5.46666667  0.89122807
  4.2        -1.3028326 ]",1267.1361134052277
0.194172,[0.26890174],"[ 0.67192982  5.06666667  0.88596491  4.7        -0.21934491  0.67894737
  5.2         0.88947368  4.56666667 -0.06731158  0.68947368  5.46666667
  0.89122807  4.2        -1.3028326   0.69649123  5.6         0.89473684
  4.06666667 -0.73109829]",1267.2166953086853
0.18141200000000013,[-0.4015839],"[ 0.67894737  5.2         0.88947368  4.56666667 -0.06731158  0.68947368
  5.46666667  0.89122807  4.2        -1.3028326   0.69649123  5.6
  0.89473684  4.06666667 -0.73109829  0.7         5.63333333  0.9
  4.13333333 -1.40158391]",1267.3007011413574
0.18396400000000002,[-0.03073502],"[ 0.68947368  5.46666667  0.89122807  4.2        -1.3028326   0.69649123
  5.6         0.89473684  4.06666667 -0.73109829  0.7         5.63333333
  0.9         4.13333333 -1.40158391  0.70526316  5.6         0.90526316
  4.13333333 -1.03073502]",1267.3798220157623
0.18398000000000014,[0.66024226],"[ 0.69649123  5.6         0.89473684  4.06666667 -0.73109829  0.7
  5.63333333  0.9         4.13333333 -1.40158391  0.70526316  5.6
  0.90526316  4.13333333 -1.03073502  0.71052632  5.5         0.91403509
  4.16666667 -0.33975774]",1267.4540615081787
0.19673200000000002,[-0.4356204],"[ 0.7         5.63333333  0.9         4.13333333 -1.40158391  0.70526316
  5.6         0.90526316  4.13333333 -1.03073502  0.71052632  5.5
  0.91403509  4.16666667 -0.33975774  0.72631579  5.66666667  0.92280702
  4.03333333 -1.43562043]",1267.5349521636963
0.1992719999999999,[0.09920122],"[ 0.70526316  5.6         0.90526316  4.13333333 -1.03073502  0.71052632
  5.5         0.91403509  4.16666667 -0.33975774  0.72631579  5.66666667
  0.92280702  4.03333333 -1.43562043  0.73508772  5.76666667  0.92631579
  3.93333333 -0.9007988 ]",1267.6143221855164
0.194168,[-0.6629219],"[ 0.71052632  5.5         0.91403509  4.16666667 -0.33975774  0.72631579
  5.66666667  0.92280702  4.03333333 -1.43562043  0.73508772  5.76666667
  0.92631579  3.93333333 -0.9007988   0.73508772  5.6         0.93157895
  4.03333333 -1.66292191]",1267.6986951828003
0.18143200000000004,[-0.2613256],"[ 0.72631579  5.66666667  0.92280702  4.03333333 -1.43562043  0.73508772
  5.76666667  0.92631579  3.93333333 -0.9007988   0.73508772  5.6
  0.93157895  4.03333333 -1.66292191  0.73508772  5.4         0.93508772
  3.96666667 -1.2613256 ]",1267.775587797165
0.17634800000000006,[-0.9341826],"[ 0.73508772  5.76666667  0.92631579  3.93333333 -0.9007988   0.73508772
  5.6         0.93157895  4.03333333 -1.66292191  0.73508772  5.4
  0.93508772  3.96666667 -1.2613256   0.73684211  5.2         0.94035088
  4.06666667 -1.93418264]",1267.8543922901154
0.17122399999999993,[0.7577728],"[ 0.73508772  5.6         0.93157895  4.03333333 -1.66292191  0.73508772
  5.4         0.93508772  3.96666667 -1.2613256   0.73684211  5.2
  0.94035088  4.06666667 -1.93418264  0.73859649  5.16666667  0.94736842
  4.16666667 -0.2422272 ]",1267.9340422153473
0.16103599999999996,[-0.49075407],"[ 0.73508772  5.4         0.93508772  3.96666667 -1.2613256   0.73684211
  5.2         0.94035088  4.06666667 -1.93418264  0.73859649  5.16666667
  0.94736842  4.16666667 -0.2422272   0.74210526  5.03333333  0.95087719
  4.3        -1.49075413]",1268.0241861343384
0.15084799999999998,[-0.44141257],"[ 0.73684211  5.2         0.94035088  4.06666667 -1.93418264  0.73859649
  5.16666667  0.94736842  4.16666667 -0.2422272   0.74210526  5.03333333
  0.95087719  4.3        -1.49075413  0.74736842  5.03333333  0.95614035
  4.13333333 -1.44141257]",1268.0977053642273
0.148312,[-0.97270614],"[ 0.73859649  5.16666667  0.94736842  4.16666667 -0.2422272   0.74210526
  5.03333333  0.95087719  4.3        -1.49075413  0.74736842  5.03333333
  0.95614035  4.13333333 -1.44141257  0.75087719  4.9         0.96140351
  4.16666667 -1.97270608]",1268.178141593933
0.14832,[-0.04845649],"[ 0.74210526  5.03333333  0.95087719  4.3        -1.49075413  0.74736842
  5.03333333  0.95614035  4.13333333 -1.44141257  0.75087719  4.9
  0.96140351  4.16666667 -1.97270608  0.75614035  4.76666667  0.96666667
  4.26666667 -1.04845655]",1268.2579011917114
0.1534040000000001,[0.1510682],"[ 0.74736842  5.03333333  0.95614035  4.13333333 -1.44141257  0.75087719
  4.9         0.96140351  4.16666667 -1.97270608  0.75614035  4.76666667
  0.96666667  4.26666667 -1.04845655  0.76140351  4.76666667  0.97368421
  4.36666667 -0.84893179]",1268.3341352939606
0.15337200000000006,[0.36817908],"[ 0.75087719  4.9         0.96140351  4.16666667 -1.97270608  0.75614035
  4.76666667  0.96666667  4.26666667 -1.04845655  0.76140351  4.76666667
  0.97368421  4.36666667 -0.84893179  0.76842105  5.03333333  0.97719298
  4.2        -0.63182092]",1268.4155316352844
0.15080799999999994,[0.63831955],"[ 0.75614035  4.76666667  0.96666667  4.26666667 -1.04845655  0.76140351
  4.76666667  0.97368421  4.36666667 -0.84893179  0.76842105  5.03333333
  0.97719298  4.2        -0.63182092  0.77368421  5.2         0.97894737
  4.03333333 -0.36168045]",1268.5014278888702
0.15333599999999992,[-0.19724609],"[ 0.76140351  4.76666667  0.97368421  4.36666667 -0.84893179  0.76842105
  5.03333333  0.97719298  4.2        -0.63182092  0.77368421  5.2
  0.97894737  4.03333333 -0.36168045  0.77719298  5.26666667  0.97894737
  3.93333333 -1.19724607]",1268.57861495018
0.14568000000000003,[0.774427],"[ 0.76842105  5.03333333  0.97719298  4.2        -0.63182092  0.77368421
  5.2         0.97894737  4.03333333 -0.36168045  0.77719298  5.26666667
  0.97894737  3.93333333 -1.19724607  0.77894737  5.3         0.98245614
  3.96666667 -0.225573  ]",1268.6546173095703
0.13549999999999995,[-0.6134178],"[ 0.77368421  5.2         0.97894737  4.03333333 -0.36168045  0.77719298
  5.26666667  0.97894737  3.93333333 -1.19724607  0.77894737  5.3
  0.98245614  3.96666667 -0.225573    0.78245614  5.2         0.9877193
  4.06666667 -1.61341786]",1268.7409715652466
0.13550799999999996,[-0.08497187],"[ 0.77719298  5.26666667  0.97894737  3.93333333 -1.19724607  0.77894737
  5.3         0.98245614  3.96666667 -0.225573    0.78245614  5.2
  0.9877193   4.06666667 -1.61341786  0.78947368  5.26666667  0.99298246
  3.96666667 -1.0849719 ]",1268.8223276138306
0.13552399999999998,[0.5240743],"[ 0.77894737  5.3         0.98245614  3.96666667 -0.225573    0.78245614
  5.2         0.9877193   4.06666667 -1.61341786  0.78947368  5.26666667
  0.99298246  3.96666667 -1.0849719   0.79298246  5.16666667  1.
  4.06666667 -0.47592568]",1268.901273727417
0.13296400000000008,[0.36725268],"[ 0.78245614  5.2         0.9877193   4.06666667 -1.61341786  0.78947368
  5.26666667  0.99298246  3.96666667 -1.0849719   0.79298246  5.16666667
  1.          4.06666667 -0.47592568  0.79649123  5.16666667  1.00350877
  4.03333333 -0.63274729]",1268.9803686141968
0.13804799999999995,[0.2911472],"[ 0.78947368  5.26666667  0.99298246  3.96666667 -1.0849719   0.79298246
  5.16666667  1.          4.06666667 -0.47592568  0.79649123  5.16666667
  1.00350877  4.03333333 -0.63274729  0.80526316  5.3         1.00526316
  3.9        -0.70885277]",1269.0556716918945
0.11761200000000005,[0.9317298],"[ 0.79298246  5.16666667  1.          4.06666667 -0.47592568  0.79649123
  5.16666667  1.00350877  4.03333333 -0.63274729  0.80526316  5.3
  1.00526316  3.9        -0.70885277  0.80701754  5.36666667  1.00877193
  4.         -0.06827021]",1269.1378152370453
0.10994400000000004,[0.03706392],"[ 0.79649123  5.16666667  1.00350877  4.03333333 -0.63274729  0.80526316
  5.3         1.00526316  3.9        -0.70885277  0.80701754  5.36666667
  1.00877193  4.         -0.06827021  0.81052632  5.46666667  1.01052632
  3.96666667 -0.9629361 ]",1269.219307899475
0.11502400000000002,[0.86885947],"[ 0.80526316  5.3         1.00526316  3.9        -0.70885277  0.80701754
  5.36666667  1.00877193  4.         -0.06827021  0.81052632  5.46666667
  1.01052632  3.96666667 -0.9629361   0.81403509  5.56666667  1.01052632
  3.9        -0.13114053]",1269.2996366024017
0.11499599999999988,[-0.37663603],"[ 0.80701754  5.36666667  1.00877193  4.         -0.06827021  0.81052632
  5.46666667  1.01052632  3.96666667 -0.9629361   0.81403509  5.56666667
  1.01052632  3.9        -0.13114053  0.81403509  5.6         1.01403509
  4.1        -1.37663603]",1269.3747599124908
0.11751599999999995,[-0.965249],"[ 0.81052632  5.46666667  1.01052632  3.96666667 -0.9629361   0.81403509
  5.56666667  1.01052632  3.9        -0.13114053  0.81403509  5.6
  1.01403509  4.1        -1.37663603  0.81754386  5.7         1.01403509
  4.1        -1.96524906]",1269.459506034851
0.11241600000000007,[0.37651426],"[ 0.81403509  5.56666667  1.01052632  3.9        -0.13114053  0.81403509
  5.6         1.01403509  4.1        -1.37663603  0.81754386  5.7
  1.01403509  4.1        -1.96524906  0.81578947  5.56666667  1.01929825
  4.3        -0.62348574]",1269.5442335605621
0.10732399999999997,[0.40398744],"[ 0.81403509  5.6         1.01403509  4.1        -1.37663603  0.81754386
  5.7         1.01403509  4.1        -1.96524906  0.81578947  5.56666667
  1.01929825  4.3        -0.62348574  0.81578947  5.26666667  1.02807018
  4.63333333 -0.59601259]",1269.6141185760498
0.11241999999999996,[0.02277592],"[ 0.81754386  5.7         1.01403509  4.1        -1.96524906  0.81578947
  5.56666667  1.01929825  4.3        -0.62348574  0.81578947  5.26666667
  1.02807018  4.63333333 -0.59601259  0.8245614   5.4         1.03333333
  4.5        -0.97722405]",1269.6998636722565
0.12006000000000006,[0.5661489],"[ 0.81578947  5.56666667  1.01929825  4.3        -0.62348574  0.81578947
  5.26666667  1.02807018  4.63333333 -0.59601259  0.8245614   5.4
  1.03333333  4.5        -0.97722405  0.83333333  5.5         1.03859649
  4.33333333 -0.43385112]",1269.7840538024902
0.12259599999999993,[-0.4353338],"[ 0.81578947  5.26666667  1.02807018  4.63333333 -0.59601259  0.8245614
  5.4         1.03333333  4.5        -0.97722405  0.83333333  5.5
  1.03859649  4.33333333 -0.43385112  0.84035088  5.53333333  1.04561404
  4.3        -1.43533373]",1269.8584055900574
0.12769600000000003,[-0.5247253],"[ 0.8245614   5.4         1.03333333  4.5        -0.97722405  0.83333333
  5.5         1.03859649  4.33333333 -0.43385112  0.84035088  5.53333333
  1.04561404  4.3        -1.43533373  0.84912281  5.63333333  1.04912281
  4.16666667 -1.52472532]",1269.934895515442
0.12008400000000008,[-0.01384318],"[ 0.83333333  5.5         1.03859649  4.33333333 -0.43385112  0.84035088
  5.53333333  1.04561404  4.3        -1.43533373  0.84912281  5.63333333
  1.04912281  4.16666667 -1.52472532  0.85087719  5.43333333  1.05614035
  4.23333333 -1.01384318]",1270.014048576355
0.12012,[0.6191496],"[ 0.84035088  5.53333333  1.04561404  4.3        -1.43533373  0.84912281
  5.63333333  1.04912281  4.16666667 -1.52472532  0.85087719  5.43333333
  1.05614035  4.23333333 -1.01384318  0.85614035  5.3         1.06315789
  4.33333333 -0.38085037]",1270.0949268341064
0.132876,[-0.0460123],"[ 0.84912281  5.63333333  1.04912281  4.16666667 -1.52472532  0.85087719
  5.43333333  1.05614035  4.23333333 -1.01384318  0.85614035  5.3
  1.06315789  4.33333333 -0.38085037  0.86842105  5.56666667  1.07017544
  4.2        -1.04601228]",1270.1740145683289
0.1405399999999999,[-0.41108105],"[ 0.85087719  5.43333333  1.05614035  4.23333333 -1.01384318  0.85614035
  5.3         1.06315789  4.33333333 -0.38085037  0.86842105  5.56666667
  1.07017544  4.2        -1.04601228  0.8754386   5.63333333  1.0754386
  4.03333333 -1.41108108]",1270.2541658878326
