reward,action,obs,time
,,"[0.         0.         0.         0.         0.         0.
 0.         0.         0.         0.         0.         0.
 0.         0.         0.         0.03508772 6.1        0.24385965
 5.2        0.        ]",2004.0696921348572
-0.005072,[0.9856065],"[ 0.          0.          0.          0.          0.          0.
  0.          0.          0.          0.          0.03508772  6.1
  0.24385965  5.2         0.          0.03157895  5.76666667  0.24385965
  5.36666667 -0.01439351]",2004.1632544994354
-0.0025360000000000035,[0.4624546],"[ 0.          0.          0.          0.          0.          0.03508772
  6.1         0.24385965  5.2         0.          0.03157895  5.76666667
  0.24385965  5.36666667 -0.01439351  0.03333333  5.93333333  0.24385965
  5.26666667 -0.53754544]",2004.2161316871643
-0.005076000000000004,[-0.449676],"[ 0.03508772  6.1         0.24385965  5.2         0.          0.03157895
  5.76666667  0.24385965  5.36666667 -0.01439351  0.03333333  5.93333333
  0.24385965  5.26666667 -0.53754544  0.03157895  5.8         0.24385965
  5.33333333 -1.44967604]",2004.2635855674744
-0.005080000000000001,[-0.2104604],"[ 0.03157895  5.76666667  0.24385965  5.36666667 -0.01439351  0.03333333
  5.93333333  0.24385965  5.26666667 -0.53754544  0.03157895  5.8
  0.24385965  5.33333333 -1.44967604  0.03157895  5.83333333  0.24385965
  5.33333333 -1.21046042]",2004.3192923069
-0.005080000000000001,[0.45687166],"[ 0.03333333  5.93333333  0.24385965  5.26666667 -0.53754544  0.03157895
  5.8         0.24385965  5.33333333 -1.44967604  0.03157895  5.83333333
  0.24385965  5.33333333 -1.21046042  0.03157895  5.83333333  0.24385965
  5.33333333 -0.54312837]",2004.3702044487
-0.0025319999999999995,[0.7154013],"[ 0.03157895  5.8         0.24385965  5.33333333 -1.44967604  0.03157895
  5.83333333  0.24385965  5.33333333 -1.21046042  0.03157895  5.83333333
  0.24385965  5.33333333 -0.54312837  0.03333333  5.9         0.24561404
  5.26666667 -0.28459871]",2004.419706106186
-0.0025200000000000014,[-0.6208961],"[ 0.03157895  5.83333333  0.24385965  5.33333333 -1.21046042  0.03157895
  5.83333333  0.24385965  5.33333333 -0.54312837  0.03333333  5.9
  0.24561404  5.26666667 -0.28459871  0.03333333  5.8         0.24561404
  5.36666667 -1.6208961 ]",2004.469405412674
3.599999999999437e-05,[0.03329174],"[ 0.03157895  5.83333333  0.24385965  5.33333333 -0.54312837  0.03333333
  5.9         0.24561404  5.26666667 -0.28459871  0.03333333  5.8
  0.24561404  5.36666667 -1.6208961   0.03508772  5.8         0.24561404
  5.33333333 -0.96670824]",2004.5197484493256
0.007679999999999999,[-0.14499974],"[ 0.03333333  5.9         0.24561404  5.26666667 -0.28459871  0.03333333
  5.8         0.24561404  5.36666667 -1.6208961   0.03508772  5.8
  0.24561404  5.33333333 -0.96670824  0.04035088  6.          0.24736842
  5.1        -1.14499974]",2004.5891127586365
0.0076919999999999975,[0.08497591],"[ 0.03333333  5.8         0.24561404  5.36666667 -1.6208961   0.03508772
  5.8         0.24561404  5.33333333 -0.96670824  0.04035088  6.
  0.24736842  5.1        -1.14499974  0.04035088  5.9         0.24912281
  5.13333333 -0.9150241 ]",2004.6693394184113
0.012808,[-0.61547303],"[ 0.03508772  5.8         0.24561404  5.33333333 -0.96670824  0.04035088
  6.          0.24736842  5.1        -1.14499974  0.04035088  5.9
  0.24912281  5.13333333 -0.9150241   0.04385965  5.86666667  0.25087719
  5.16666667 -1.61547303]",2004.749094247818
0.020479999999999998,[-0.32100874],"[ 0.04035088  6.          0.24736842  5.1        -1.14499974  0.04035088
  5.9         0.24912281  5.13333333 -0.9150241   0.04385965  5.86666667
  0.25087719  5.16666667 -1.61547303  0.04912281  5.83333333  0.25789474
  5.13333333 -1.32100868]",2004.8290872573853
0.028172000000000003,[0.29868698],"[ 0.04035088  5.9         0.24912281  5.13333333 -0.9150241   0.04385965
  5.86666667  0.25087719  5.16666667 -1.61547303  0.04912281  5.83333333
  0.25789474  5.13333333 -1.32100868  0.05438596  5.63333333  0.26666667
  5.26666667 -0.70131302]",2004.9091982841492
0.040940000000000004,[0.56028914],"[ 0.04385965  5.86666667  0.25087719  5.16666667 -1.61547303  0.04912281
  5.83333333  0.25789474  5.13333333 -1.32100868  0.05438596  5.63333333
  0.26666667  5.26666667 -0.70131302  0.06315789  5.73333333  0.2754386
  5.16666667 -0.43971086]",2004.9893672466278
0.051139999999999984,[-0.01634263],"[ 0.04912281  5.83333333  0.25789474  5.13333333 -1.32100868  0.05438596
  5.63333333  0.26666667  5.26666667 -0.70131302  0.06315789  5.73333333
  0.2754386   5.16666667 -0.43971086  0.07017544  5.93333333  0.27894737
  4.9        -1.01634264]",2005.0688598155975
0.05880799999999999,[-0.8102182],"[ 0.05438596  5.63333333  0.26666667  5.26666667 -0.70131302  0.06315789
  5.73333333  0.2754386   5.16666667 -0.43971086  0.07017544  5.93333333
  0.27894737  4.9        -1.01634264  0.0754386   5.93333333  0.28070175
  4.8        -1.81021821]",2005.149206161499
0.05627599999999999,[0.2143121],"[ 0.06315789  5.73333333  0.2754386   5.16666667 -0.43971086  0.07017544
  5.93333333  0.27894737  4.9        -1.01634264  0.0754386   5.93333333
  0.28070175  4.8        -1.81021821  0.07368421  5.73333333  0.28245614
  4.9        -0.78568792]",2005.229006767273
0.058852,[0.09979888],"[ 0.07017544  5.93333333  0.27894737  4.9        -1.01634264  0.0754386
  5.93333333  0.28070175  4.8        -1.81021821  0.07368421  5.73333333
  0.28245614  4.9        -0.78568792  0.0754386   5.56666667  0.28596491
  5.03333333 -0.90020114]",2005.3124027252197
0.07162,[-0.82228714],"[ 0.0754386   5.93333333  0.28070175  4.8        -1.81021821  0.07368421
  5.73333333  0.28245614  4.9        -0.78568792  0.0754386   5.56666667
  0.28596491  5.03333333 -0.90020114  0.08421053  5.66666667  0.29122807
  4.83333333 -1.82228708]",2005.3823726177216
0.08184799999999999,[-0.215519],"[ 0.07368421  5.73333333  0.28245614  4.9        -0.78568792  0.0754386
  5.56666667  0.28596491  5.03333333 -0.90020114  0.08421053  5.66666667
  0.29122807  4.83333333 -1.82228708  0.09122807  5.63333333  0.29824561
  4.76666667 -1.21551895]",2005.462462425232
0.094616,[-0.93278706],"[ 0.0754386   5.56666667  0.28596491  5.03333333 -0.90020114  0.08421053
  5.66666667  0.29122807  4.83333333 -1.82228708  0.09122807  5.63333333
  0.29824561  4.76666667 -1.21551895  0.09649123  5.4         0.30877193
  4.96666667 -1.93278706]",2005.547021150589
0.104868,[-0.84457064],"[ 0.08421053  5.66666667  0.29122807  4.83333333 -1.82228708  0.09122807
  5.63333333  0.29824561  4.76666667 -1.21551895  0.09649123  5.4
  0.30877193  4.96666667 -1.93278706  0.10526316  5.33333333  0.31929825
  4.9        -1.84457064]",2005.6270987987518
0.115124,[-0.24796225],"[ 0.09122807  5.63333333  0.29824561  4.76666667 -1.21551895  0.09649123
  5.4         0.30877193  4.96666667 -1.93278706  0.10526316  5.33333333
  0.31929825  4.9        -1.84457064  0.11052632  4.93333333  0.32982456
  4.96666667 -1.24796224]",2005.7070231437683
0.12535999999999997,[-0.8701412],"[ 0.09649123  5.4         0.30877193  4.96666667 -1.93278706  0.10526316
  5.33333333  0.31929825  4.9        -1.84457064  0.11052632  4.93333333
  0.32982456  4.96666667 -1.24796224  0.11754386  4.86666667  0.33859649
  4.96666667 -1.87014127]",2005.7870788574219
0.12791599999999997,[0.8055255],"[ 0.10526316  5.33333333  0.31929825  4.9        -1.84457064  0.11052632
  4.93333333  0.32982456  4.96666667 -1.24796224  0.11754386  4.86666667
  0.33859649  4.96666667 -1.87014127  0.11929825  4.86666667  0.34385965
  4.93333333 -0.19447452]",2005.8670263290405
0.133056,[-0.10729855],"[ 0.11052632  4.93333333  0.32982456  4.96666667 -1.24796224  0.11754386
  4.86666667  0.33859649  4.96666667 -1.87014127  0.11929825  4.86666667
  0.34385965  4.93333333 -0.19447452  0.1245614   4.7         0.34736842
  5.1        -1.10729861]",2005.9470558166504
0.166216,[0.2067168],"[ 0.11754386  4.86666667  0.33859649  4.96666667 -1.87014127  0.11929825
  4.86666667  0.34385965  4.93333333 -0.19447452  0.1245614   4.7
  0.34736842  5.1        -1.10729861  0.14736842  5.16666667  0.35087719
  4.96666667 -0.79328322]",2006.0270245075226
0.168772,[0.52452326],"[ 0.11929825  4.86666667  0.34385965  4.93333333 -0.19447452  0.1245614
  4.7         0.34736842  5.1        -1.10729861  0.14736842  5.16666667
  0.35087719  4.96666667 -0.79328322  0.15087719  5.16666667  0.35789474
  4.8        -0.47547674]",2006.1087114810944
0.171348,[0.12410793],"[ 0.1245614   4.7         0.34736842  5.1        -1.10729861  0.14736842
  5.16666667  0.35087719  4.96666667 -0.79328322  0.15087719  5.16666667
  0.35789474  4.8        -0.47547674  0.15789474  5.2         0.36666667
  4.6        -0.87589204]",2006.1892611980438
0.18156,[-0.82004046],"[ 0.14736842  5.16666667  0.35087719  4.96666667 -0.79328322  0.15087719
  5.16666667  0.35789474  4.8        -0.47547674  0.15789474  5.2
  0.36666667  4.6        -0.87589204  0.16491228  5.2         0.3754386
  4.5        -1.82004046]",2006.2693920135498
0.18412800000000001,[-0.19093756],"[ 0.15087719  5.16666667  0.35789474  4.8        -0.47547674  0.15789474
  5.2         0.36666667  4.6        -0.87589204  0.16491228  5.2
  0.3754386   4.5        -1.82004046  0.17017544  5.06666667  0.38245614
  4.63333333 -1.19093752]",2006.3492019176483
0.18414800000000003,[-0.21171063],"[ 0.15789474  5.2         0.36666667  4.6        -0.87589204  0.16491228
  5.2         0.3754386   4.5        -1.82004046  0.17017544  5.06666667
  0.38245614  4.63333333 -1.19093752  0.1754386   4.86666667  0.39122807
  4.8        -1.21171069]",2006.4292242527008
0.18667600000000004,[0.24601772],"[ 0.16491228  5.2         0.3754386   4.5        -1.82004046  0.17017544
  5.06666667  0.38245614  4.63333333 -1.19093752  0.1754386   4.86666667
  0.39122807  4.8        -1.21171069  0.18245614  4.9         0.39649123
  4.7        -0.75398231]",2006.5092141628265
0.184128,[-0.21341163],"[ 0.17017544  5.06666667  0.38245614  4.63333333 -1.19093752  0.1754386
  4.86666667  0.39122807  4.8        -1.21171069  0.18245614  4.9
  0.39649123  4.7        -0.75398231  0.18947368  4.93333333  0.40350877
  4.6        -1.21341157]",2006.5891463756561
0.184144,[-0.458811],"[ 0.1754386   4.86666667  0.39122807  4.8        -1.21171069  0.18245614
  4.9         0.39649123  4.7        -0.75398231  0.18947368  4.93333333
  0.40350877  4.6        -1.21341157  0.19649123  5.          0.41052632
  4.53333333 -1.45881104]",2006.66920876503
0.18416000000000002,[0.55295956],"[ 0.18245614  4.9         0.39649123  4.7        -0.75398231  0.18947368
  4.93333333  0.40350877  4.6        -1.21341157  0.19649123  5.
  0.41052632  4.53333333 -1.45881104  0.20175439  4.86666667  0.41578947
  4.63333333 -0.44704044]",2006.7492501735687
0.19692799999999994,[0.7921271],"[ 0.18947368  4.93333333  0.40350877  4.6        -1.21341157  0.19649123
  5.          0.41052632  4.53333333 -1.45881104  0.20175439  4.86666667
  0.41578947  4.63333333 -0.44704044  0.20877193  4.76666667  0.42280702
  4.56666667 -0.20787293]",2006.8520357608795
0.207104,[0.6025243],"[ 0.19649123  5.          0.41052632  4.53333333 -1.45881104  0.20175439
  4.86666667  0.41578947  4.63333333 -0.44704044  0.20877193  4.76666667
  0.42280702  4.56666667 -0.20787293  0.21754386  5.          0.42807018
  4.23333333 -0.39747572]",2006.9092669487
0.20709600000000003,[-0.4208972],"[ 0.20175439  4.86666667  0.41578947  4.63333333 -0.44704044  0.20877193
  4.76666667  0.42280702  4.56666667 -0.20787293  0.21754386  5.
  0.42807018  4.23333333 -0.39747572  0.22631579  5.16666667  0.43157895
  4.03333333 -1.42089725]",2006.9904916286469
0.20197600000000002,[0.11256058],"[ 0.20877193  4.76666667  0.42280702  4.56666667 -0.20787293  0.21754386
  5.          0.42807018  4.23333333 -0.39747572  0.22631579  5.16666667
  0.43157895  4.03333333 -1.42089725  0.22982456  5.2         0.43157895
  3.9        -0.88743943]",2007.0694181919098
0.19940000000000002,[-0.07266323],"[ 0.21754386  5.          0.42807018  4.23333333 -0.39747572  0.22631579
  5.16666667  0.43157895  4.03333333 -1.42089725  0.22982456  5.2
  0.43157895  3.9        -0.88743943  0.23333333  5.13333333  0.43333333
  3.76666667 -1.07266319]",2007.1489639282227
0.19429599999999997,[-0.6886947],"[ 0.22631579  5.16666667  0.43157895  4.03333333 -1.42089725  0.22982456
  5.2         0.43157895  3.9        -0.88743943  0.23333333  5.13333333
  0.43333333  3.76666667 -1.07266319  0.23859649  5.          0.44035088
  3.7        -1.68869472]",2007.257063627243
0.19936399999999999,[-0.04205665],"[ 0.22982456  5.2         0.43157895  3.9        -0.88743943  0.23333333
  5.13333333  0.43333333  3.76666667 -1.07266319  0.23859649  5.
  0.44035088  3.7        -1.68869472  0.24736842  4.96666667  0.44912281
  3.7        -1.04205668]",2007.3055033683777
0.19680400000000003,[-0.28264898],"[ 0.23333333  5.13333333  0.43333333  3.76666667 -1.07266319  0.23859649
  5.          0.44035088  3.7        -1.68869472  0.24736842  4.96666667
  0.44912281  3.7        -1.04205668  0.25263158  4.93333333  0.45438596
  3.66666667 -1.28264904]",2007.3924806118011
0.19680800000000004,[-0.23046535],"[ 0.23859649  5.          0.44035088  3.7        -1.68869472  0.24736842
  4.96666667  0.44912281  3.7        -1.04205668  0.25263158  4.93333333
  0.45438596  3.66666667 -1.28264904  0.25438596  4.9         0.45789474
  3.66666667 -1.23046541]",2007.4688713550568
0.189132,[0.92942536],"[ 0.24736842  4.96666667  0.44912281  3.7        -1.04205668  0.25263158
  4.93333333  0.45438596  3.66666667 -1.28264904  0.25438596  4.9
  0.45789474  3.66666667 -1.23046541  0.25438596  4.8         0.45964912
  3.66666667 -0.07057464]",2007.5491726398468
0.15851599999999996,[0.7610224],"[ 0.25263158  4.93333333  0.45438596  3.66666667 -1.28264904  0.25438596
  4.9         0.45789474  3.66666667 -1.23046541  0.25438596  4.8
  0.45964912  3.66666667 -0.07057464  0.25614035  4.8         0.46140351
  3.66666667 -0.23897761]",2007.6292095184326
0.16359200000000004,[-0.19795239],"[ 0.25438596  4.9         0.45789474  3.66666667 -1.23046541  0.25438596
  4.8         0.45964912  3.66666667 -0.07057464  0.25614035  4.8
  0.46140351  3.66666667 -0.23897761  0.26315789  5.1         0.46140351
  3.66666667 -1.19795239]",2007.7091257572174
0.155916,[0.58276737],"[ 0.25438596  4.8         0.45964912  3.66666667 -0.07057464  0.25614035
  4.8         0.46140351  3.66666667 -0.23897761  0.26315789  5.1
  0.46140351  3.66666667 -1.19795239  0.26491228  5.2         0.46315789
  3.7        -0.41723263]",2007.788991689682
0.14060000000000006,[0.04865799],"[ 0.25614035  4.8         0.46140351  3.66666667 -0.23897761  0.26315789
  5.1         0.46140351  3.66666667 -1.19795239  0.26491228  5.2
  0.46315789  3.7        -0.41723263  0.26140351  5.03333333  0.46491228
  3.83333333 -0.95134199]",2007.8691296577454
0.13802000000000003,[-0.65857244],"[ 0.26315789  5.1         0.46140351  3.66666667 -1.19795239  0.26491228
  5.2         0.46315789  3.7        -0.41723263  0.26140351  5.03333333
  0.46491228  3.83333333 -0.95134199  0.26491228  5.1         0.46666667
  3.83333333 -1.65857244]",2007.9489591121674
0.13289599999999996,[-0.6545037],"[ 0.26491228  5.2         0.46315789  3.7        -0.41723263  0.26140351
  5.03333333  0.46491228  3.83333333 -0.95134199  0.26491228  5.1
  0.46666667  3.83333333 -1.65857244  0.26666667  5.          0.47368421
  4.         -1.6545037 ]",2008.028998374939
0.12525199999999997,[-0.01199106],"[ 0.26140351  5.03333333  0.46491228  3.83333333 -0.95134199  0.26491228
  5.1         0.46666667  3.83333333 -1.65857244  0.26666667  5.
  0.47368421  4.         -1.6545037   0.26842105  4.83333333  0.48245614
  4.36666667 -1.01199102]",2008.108915090561
0.125256,[0.7192123],"[ 0.26491228  5.1         0.46666667  3.83333333 -1.65857244  0.26666667
  5.          0.47368421  4.         -1.6545037   0.26842105  4.83333333
  0.48245614  4.36666667 -1.01199102  0.2754386   4.83333333  0.48947368
  4.43333333 -0.28078771]",2008.1891560554504
0.12779600000000002,[0.8737861],"[ 0.26666667  5.          0.47368421  4.         -1.6545037   0.26842105
  4.83333333  0.48245614  4.36666667 -1.01199102  0.2754386   4.83333333
  0.48947368  4.43333333 -0.28078771  0.28421053  5.03333333  0.49473684
  4.23333333 -0.12621391]",2008.2690834999084
0.13030399999999998,[-0.71510535],"[ 0.26842105  4.83333333  0.48245614  4.36666667 -1.01199102  0.2754386
  4.83333333  0.48947368  4.43333333 -0.28078771  0.28421053  5.03333333
  0.49473684  4.23333333 -0.12621391  0.29122807  5.3         0.49473684
  4.06666667 -1.7151053 ]",2008.349102973938
0.12261200000000008,[-0.1374258],"[ 0.2754386   4.83333333  0.48947368  4.43333333 -0.28078771  0.28421053
  5.03333333  0.49473684  4.23333333 -0.12621391  0.29122807  5.3
  0.49473684  4.06666667 -1.7151053   0.29298246  5.4         0.49122807
  4.         -1.13742578]",2008.4289329051971
0.10475999999999996,[0.8106967],"[ 0.28421053  5.03333333  0.49473684  4.23333333 -0.12621391  0.29122807
  5.3         0.49473684  4.06666667 -1.7151053   0.29298246  5.4
  0.49122807  4.         -1.13742578  0.28947368  5.3         0.49298246
  4.1        -0.18930328]",2008.5089445114136
0.09710799999999997,[0.10420191],"[ 0.29122807  5.3         0.49473684  4.06666667 -1.7151053   0.29298246
  5.4         0.49122807  4.         -1.13742578  0.28947368  5.3
  0.49298246  4.1        -0.18930328  0.29298246  5.33333333  0.49649123
  4.1        -0.89579809]",2008.5889768600464
0.10987199999999997,[0.7385394],"[ 0.29298246  5.4         0.49122807  4.         -1.13742578  0.28947368
  5.3         0.49298246  4.1        -0.18930328  0.29298246  5.33333333
  0.49649123  4.1        -0.89579809  0.30526316  5.5         0.50175439
  3.93333333 -0.2614606 ]",2008.6691970825195
0.11497599999999997,[0.34798035],"[ 0.28947368  5.3         0.49298246  4.1        -0.18930328  0.29298246
  5.33333333  0.49649123  4.1        -0.89579809  0.30526316  5.5
  0.50175439  3.93333333 -0.2614606   0.3122807   5.5         0.50701754
  3.86666667 -0.65201962]",2008.7489948272705
0.117516,[-0.18115208],"[ 0.29298246  5.33333333  0.49649123  4.1        -0.89579809  0.30526316
  5.5         0.50175439  3.93333333 -0.2614606   0.3122807   5.5
  0.50701754  3.86666667 -0.65201962  0.31929825  5.5         0.50877193
  3.7        -1.18115211]",2008.829342365265
0.10474800000000002,[0.9514475],"[ 0.30526316  5.5         0.50175439  3.93333333 -0.2614606   0.3122807
  5.5         0.50701754  3.86666667 -0.65201962  0.31929825  5.5
  0.50877193  3.7        -1.18115211  0.31929825  5.36666667  0.51403509
  3.7        -0.04855251]",2008.9091024398804
0.09964,[-0.7667385],"[ 0.3122807   5.5         0.50701754  3.86666667 -0.65201962  0.31929825
  5.5         0.50877193  3.7        -1.18115211  0.31929825  5.36666667
  0.51403509  3.7        -0.04855251  0.32105263  5.3         0.51754386
  3.73333333 -1.76673841]",2008.9892523288727
0.10728,[0.44527778],"[ 0.31929825  5.5         0.50877193  3.7        -1.18115211  0.31929825
  5.36666667  0.51403509  3.7        -0.04855251  0.32105263  5.3
  0.51754386  3.73333333 -1.76673841  0.32807018  5.5         0.51754386
  3.66666667 -0.55472219]",2009.0692508220673
0.10726800000000003,[0.7754952],"[ 0.31929825  5.36666667  0.51403509  3.7        -0.04855251  0.32105263
  5.3         0.51754386  3.73333333 -1.76673841  0.32807018  5.5
  0.51754386  3.66666667 -0.55472219  0.32807018  5.5         0.52105263
  3.83333333 -0.22450483]",2009.1489686965942
0.11236800000000002,[-0.25269458],"[ 0.32105263  5.3         0.51754386  3.73333333 -1.76673841  0.32807018
  5.5         0.51754386  3.66666667 -0.55472219  0.32807018  5.5
  0.52105263  3.83333333 -0.22450483  0.33333333  5.6         0.51929825
  3.7        -1.25269461]",2009.2284727096558
0.10727999999999997,[0.92333215],"[ 0.32807018  5.5         0.51754386  3.66666667 -0.55472219  0.32807018
  5.5         0.52105263  3.83333333 -0.22450483  0.33333333  5.6
  0.51929825  3.7        -1.25269461  0.33684211  5.7         0.52105263
  3.7        -0.07666785]",2009.302311182022
0.10474399999999999,[-0.12014542],"[ 0.32807018  5.5         0.52105263  3.83333333 -0.22450483  0.33333333
  5.6         0.51929825  3.7        -1.25269461  0.33684211  5.7
  0.52105263  3.7        -0.07666785  0.33684211  5.63333333  0.52807018
  3.9        -1.12014544]",2009.3839943408966
0.11749599999999998,[-0.8305923],"[ 0.33333333  5.6         0.51929825  3.7        -1.25269461  0.33684211
  5.7         0.52105263  3.7        -0.07666785  0.33684211  5.63333333
  0.52807018  3.9        -1.12014544  0.34210526  5.7         0.53157895
  3.9        -1.83059227]",2009.4671120643616
0.11240799999999998,[-0.5469177],"[ 0.33684211  5.7         0.52105263  3.7        -0.07666785  0.33684211
  5.63333333  0.52807018  3.9        -1.12014544  0.34210526  5.7
  0.53157895  3.9        -1.83059227  0.34210526  5.56666667  0.53859649
  4.06666667 -1.54691768]",2009.5491561889648
0.10731600000000001,[-0.24188632],"[ 0.33684211  5.63333333  0.52807018  3.9        -1.12014544  0.34210526
  5.7         0.53157895  3.9        -1.83059227  0.34210526  5.56666667
  0.53859649  4.06666667 -1.54691768  0.34035088  5.3         0.54736842
  4.4        -1.24188638]",2009.6290774345398
0.11240400000000002,[-0.8410943],"[ 0.34210526  5.7         0.53157895  3.9        -1.83059227  0.34210526
  5.56666667  0.53859649  4.06666667 -1.54691768  0.34035088  5.3
  0.54736842  4.4        -1.24188638  0.34561404  5.33333333  0.55438596
  4.46666667 -1.84109426]",2009.7091205120087
0.109856,[-0.58805466],"[ 0.34210526  5.56666667  0.53859649  4.06666667 -1.54691768  0.34035088
  5.3         0.54736842  4.4        -1.24188638  0.34561404  5.33333333
  0.55438596  4.46666667 -1.84109426  0.35087719  5.26666667  0.55964912
  4.53333333 -1.58805466]",2009.7891540527344
0.09967600000000004,[0.5519541],"[ 0.34035088  5.3         0.54736842  4.4        -1.24188638  0.34561404
  5.33333333  0.55438596  4.46666667 -1.84109426  0.35087719  5.26666667
  0.55964912  4.53333333 -1.58805466  0.35263158  5.1         0.56666667
  4.73333333 -0.44804591]",2009.8644111156464
0.09714400000000006,[-0.8324698],"[ 0.34561404  5.33333333  0.55438596  4.46666667 -1.84109426  0.35087719
  5.26666667  0.55964912  4.53333333 -1.58805466  0.35263158  5.1
  0.56666667  4.73333333 -0.44804591  0.35789474  5.16666667  0.57192982
  4.73333333 -1.83246982]",2009.9424662590027
0.10480400000000001,[-0.81164616],"[ 0.35087719  5.26666667  0.55964912  4.53333333 -1.58805466  0.35263158
  5.1         0.56666667  4.73333333 -0.44804591  0.35789474  5.16666667
  0.57192982  4.73333333 -1.83246982  0.36491228  5.33333333  0.5754386
  4.6        -1.81164622]",2010.0269794464111
0.11248399999999996,[0.45243704],"[ 0.35263158  5.1         0.56666667  4.73333333 -0.44804591  0.35789474
  5.16666667  0.57192982  4.73333333 -1.83246982  0.36491228  5.33333333
  0.5754386   4.6        -1.81164622  0.36666667  5.13333333  0.58070175
  4.83333333 -0.54756296]",2010.1026167869568
0.112492,[-0.7808222],"[ 0.35789474  5.16666667  0.57192982  4.73333333 -1.83246982  0.36491228
  5.33333333  0.5754386   4.6        -1.81164622  0.36666667  5.13333333
  0.58070175  4.83333333 -0.54756296  0.37017544  5.1         0.58421053
  5.03333333 -1.78082228]",2010.1829690933228
0.10227199999999996,[-0.7265879],"[ 0.36491228  5.33333333  0.5754386   4.6        -1.81164622  0.36666667
  5.13333333  0.58070175  4.83333333 -0.54756296  0.37017544  5.1
  0.58421053  5.03333333 -1.78082228  0.3754386   5.23333333  0.58947368
  4.96666667 -1.72658789]",2010.2639482021332
0.10484800000000001,[-0.2623469],"[ 0.36666667  5.13333333  0.58070175  4.83333333 -0.54756296  0.37017544
  5.1         0.58421053  5.03333333 -1.78082228  0.3754386   5.23333333
  0.58947368  4.96666667 -1.72658789  0.38421053  5.06666667  0.59824561
  5.1        -1.26234686]",2010.3422722816467
0.109972,[-0.7249229],"[ 0.37017544  5.1         0.58421053  5.03333333 -1.78082228  0.3754386
  5.23333333  0.58947368  4.96666667 -1.72658789  0.38421053  5.06666667
  0.59824561  5.1        -1.26234686  0.39473684  4.96666667  0.60877193
  5.16666667 -1.7249229 ]",2010.422636270523
0.122736,[0.5625161],"[ 0.3754386   5.23333333  0.58947368  4.96666667 -1.72658789  0.38421053
  5.06666667  0.59824561  5.1        -1.26234686  0.39473684  4.96666667
  0.60877193  5.16666667 -1.7249229   0.40350877  4.96666667  0.61754386
  5.16666667 -0.43748391]",2010.5027084350586
0.13040400000000002,[0.7348442],"[ 0.38421053  5.06666667  0.59824561  5.1        -1.26234686  0.39473684
  4.96666667  0.60877193  5.16666667 -1.7249229   0.40350877  4.96666667
  0.61754386  5.16666667 -0.43748391  0.41052632  4.9         0.6245614
  5.23333333 -0.26515579]",2010.5826907157898
0.13551200000000002,[-0.17412527],"[ 0.39473684  4.96666667  0.60877193  5.16666667 -1.7249229   0.40350877
  4.96666667  0.61754386  5.16666667 -0.43748391  0.41052632  4.9
  0.6245614   5.23333333 -0.26515579  0.42105263  5.13333333  0.63333333
  5.03333333 -1.17412531]",2010.6662199497223
0.145712,[0.5453252],"[ 0.40350877  4.96666667  0.61754386  5.16666667 -0.43748391  0.41052632
  4.9         0.6245614   5.23333333 -0.26515579  0.42105263  5.13333333
  0.63333333  5.03333333 -1.17412531  0.42807018  5.33333333  0.63859649
  4.76666667 -0.45467478]",2010.7492129802704
0.14062000000000002,[0.10790685],"[ 0.41052632  4.9         0.6245614   5.23333333 -0.26515579  0.42105263
  5.13333333  0.63333333  5.03333333 -1.17412531  0.42807018  5.33333333
  0.63859649  4.76666667 -0.45467478  0.42982456  5.26666667  0.64035088
  4.76666667 -0.89209318]",2010.8292865753174
0.14317600000000003,[0.7340363],"[ 0.42105263  5.13333333  0.63333333  5.03333333 -1.17412531  0.42807018
  5.33333333  0.63859649  4.76666667 -0.45467478  0.42982456  5.26666667
  0.64035088  4.76666667 -0.89209318  0.43508772  5.36666667  0.64385965
  4.63333333 -0.26596367]",2010.9024529457092
0.15594000000000002,[0.381763],"[ 0.42807018  5.33333333  0.63859649  4.76666667 -0.45467478  0.42982456
  5.26666667  0.64035088  4.76666667 -0.89209318  0.43508772  5.36666667
  0.64385965  4.63333333 -0.26596367  0.44385965  5.43333333  0.65087719
  4.53333333 -0.61823702]",2010.984078168869
0.16360400000000003,[-0.597283],"[ 0.42982456  5.26666667  0.64035088  4.76666667 -0.89209318  0.43508772
  5.36666667  0.64385965  4.63333333 -0.26596367  0.44385965  5.43333333
  0.65087719  4.53333333 -0.61823702  0.45438596  5.53333333  0.65789474
  4.33333333 -1.59728301]",2011.0625352859497
0.17637199999999997,[0.9028265],"[ 0.43508772  5.36666667  0.64385965  4.63333333 -0.26596367  0.44385965
  5.43333333  0.65087719  4.53333333 -0.61823702  0.45438596  5.53333333
  0.65789474  4.33333333 -1.59728301  0.46315789  5.5         0.66842105
  4.4        -0.09717351]",2011.144345998764
0.18658399999999997,[0.43794593],"[ 0.44385965  5.43333333  0.65087719  4.53333333 -0.61823702  0.45438596
  5.53333333  0.65789474  4.33333333 -1.59728301  0.46315789  5.5
  0.66842105  4.4        -0.09717351  0.46842105  5.33333333  0.67719298
  4.53333333 -0.56205404]",2011.2223682403564
0.19168799999999997,[-0.2564437],"[ 0.45438596  5.53333333  0.65789474  4.33333333 -1.59728301  0.46315789
  5.5         0.66842105  4.4        -0.09717351  0.46842105  5.33333333
  0.67719298  4.53333333 -0.56205404  0.47719298  5.43333333  0.68070175
  4.3        -1.25644374]",2011.307020664215
0.19679199999999997,[-0.6177585],"[ 0.46315789  5.5         0.66842105  4.4        -0.09717351  0.46842105
  5.33333333  0.67719298  4.53333333 -0.56205404  0.47719298  5.43333333
  0.68070175  4.3        -1.25644374  0.48596491  5.43333333  0.68596491
  4.1        -1.61775851]",2011.3830931186676
0.19679599999999997,[0.0547553],"[ 0.46842105  5.33333333  0.67719298  4.53333333 -0.56205404  0.47719298
  5.43333333  0.68070175  4.3        -1.25644374  0.48596491  5.43333333
  0.68596491  4.1        -1.61775851  0.4877193   5.23333333  0.69473684
  4.23333333 -0.94524467]",2011.4623086452484
0.194268,[-0.3127606],"[ 0.47719298  5.43333333  0.68070175  4.3        -1.25644374  0.48596491
  5.43333333  0.68596491  4.1        -1.61775851  0.4877193   5.23333333
  0.69473684  4.23333333 -0.94524467  0.49122807  5.06666667  0.7
  4.26666667 -1.31276059]",2011.5470223426819
0.19684400000000002,[-0.934374],"[ 0.48596491  5.43333333  0.68596491  4.1        -1.61775851  0.4877193
  5.23333333  0.69473684  4.23333333 -0.94524467  0.49122807  5.06666667
  0.7         4.26666667 -1.31276059  0.5         5.06666667  0.70701754
  4.06666667 -1.93437397]",2011.6286816596985
0.20706800000000003,[-0.8700572],"[ 0.4877193   5.23333333  0.69473684  4.23333333 -0.94524467  0.49122807
  5.06666667  0.7         4.26666667 -1.31276059  0.5         5.06666667
  0.70701754  4.06666667 -1.93437397  0.50877193  4.86666667  0.71754386
  4.13333333 -1.87005723]",2011.709011554718
0.214752,[0.27063218],"[ 0.49122807  5.06666667  0.7         4.26666667 -1.31276059  0.5
  5.06666667  0.70701754  4.06666667 -1.93437397  0.50877193  4.86666667
  0.71754386  4.13333333 -1.87005723  0.51754386  4.7         0.72982456
  4.33333333 -0.72936785]",2011.7888643741608
0.22244400000000009,[-0.318103],"[ 0.5         5.06666667  0.70701754  4.06666667 -1.93437397  0.50877193
  4.86666667  0.71754386  4.13333333 -1.87005723  0.51754386  4.7
  0.72982456  4.33333333 -0.72936785  0.52807018  4.63333333  0.73859649
  4.26666667 -1.31810296]",2011.868925333023
0.219864,[-0.48088354],"[ 0.50877193  4.86666667  0.71754386  4.13333333 -1.87005723  0.51754386
  4.7         0.72982456  4.33333333 -0.72936785  0.52807018  4.63333333
  0.73859649  4.26666667 -1.31810296  0.53508772  4.66666667  0.74561404
  4.03333333 -1.4808836 ]",2011.9489829540253
0.2121999999999999,[-0.56145364],"[ 0.51754386  4.7         0.72982456  4.33333333 -0.72936785  0.52807018
  4.63333333  0.73859649  4.26666667 -1.31810296  0.53508772  4.66666667
  0.74561404  4.03333333 -1.4808836   0.54035088  4.53333333  0.75263158
  4.06666667 -1.56145358]",2012.028880596161
0.20709599999999995,[-0.8231597],"[ 0.52807018  4.63333333  0.73859649  4.26666667 -1.31810296  0.53508772
  4.66666667  0.74561404  4.03333333 -1.4808836   0.54035088  4.53333333
  0.75263158  4.06666667 -1.56145358  0.54561404  4.46666667  0.75964912
  4.13333333 -1.82315969]",2012.102398633957
0.20454399999999992,[0.3910866],"[ 0.53508772  4.66666667  0.74561404  4.03333333 -1.4808836   0.54035088
  4.53333333  0.75263158  4.06666667 -1.56145358  0.54561404  4.46666667
  0.75964912  4.13333333 -1.82315969  0.55087719  4.36666667  0.76491228
  4.16666667 -0.60891342]",2012.1889984607697
0.19946799999999998,[0.46022856],"[ 0.54035088  4.53333333  0.75263158  4.06666667 -1.56145358  0.54561404
  4.46666667  0.75964912  4.13333333 -1.82315969  0.55087719  4.36666667
  0.76491228  4.16666667 -0.60891342  0.55789474  4.3         0.77017544
  4.2        -0.53977144]",2012.263745546341
0.19946399999999997,[-0.91392744],"[ 0.54561404  4.46666667  0.75964912  4.13333333 -1.82315969  0.55087719
  4.36666667  0.76491228  4.16666667 -0.60891342  0.55789474  4.3
  0.77017544  4.2        -0.53977144  0.56491228  4.53333333  0.77719298
  3.96666667 -1.91392744]",2012.3469641208649
0.20455999999999994,[-0.2616745],"[ 0.55087719  4.36666667  0.76491228  4.16666667 -0.60891342  0.55789474
  4.3         0.77017544  4.2        -0.53977144  0.56491228  4.53333333
  0.77719298  3.96666667 -1.91392744  0.57017544  4.6         0.78070175
  3.83333333 -1.26167452]",2012.4295687675476
0.199484,[-0.3256483],"[ 0.55789474  4.3         0.77017544  4.2        -0.53977144  0.56491228
  4.53333333  0.77719298  3.96666667 -1.91392744  0.57017544  4.6
  0.78070175  3.83333333 -1.26167452  0.57192982  4.4         0.78596491
  4.         -1.32564831]",2012.5025069713593
0.20205200000000004,[0.3477692],"[ 0.56491228  4.53333333  0.77719298  3.96666667 -1.91392744  0.57017544
  4.6         0.78070175  3.83333333 -1.26167452  0.57192982  4.4
  0.78596491  4.         -1.32564831  0.58245614  4.36666667  0.79473684
  4.06666667 -0.6522308 ]",2012.5870568752289
0.204604,[-0.01352199],"[ 0.57017544  4.6         0.78070175  3.83333333 -1.26167452  0.57192982
  4.4         0.78596491  4.         -1.32564831  0.58245614  4.36666667
  0.79473684  4.06666667 -0.6522308   0.59473684  4.5         0.80701754
  4.13333333 -1.01352203]",2012.6688437461853
0.20458800000000013,[-0.8328258],"[ 0.57192982  4.4         0.78596491  4.         -1.32564831  0.58245614
  4.36666667  0.79473684  4.06666667 -0.6522308   0.59473684  4.5
  0.80701754  4.13333333 -1.01352203  0.60350877  4.6         0.81403509
  4.06666667 -1.83282578]",2012.748634338379
0.202032,[-0.74972856],"[ 0.58245614  4.36666667  0.79473684  4.06666667 -0.6522308   0.59473684
  4.5         0.80701754  4.13333333 -1.01352203  0.60350877  4.6
  0.81403509  4.06666667 -1.83282578  0.60701754  4.43333333  0.81929825
  4.16666667 -1.74972856]",2012.8293845653534
0.19441200000000003,[0.4460771],"[ 0.59473684  4.5         0.80701754  4.13333333 -1.01352203  0.60350877
  4.6         0.81403509  4.06666667 -1.83282578  0.60701754  4.43333333
  0.81929825  4.16666667 -1.74972856  0.61052632  4.13333333  0.82280702
  4.36666667 -0.55392289]",2012.9089658260345
0.19184800000000002,[-0.1667786],"[ 0.60350877  4.6         0.81403509  4.06666667 -1.83282578  0.60701754
  4.43333333  0.81929825  4.16666667 -1.74972856  0.61052632  4.13333333
  0.82280702  4.36666667 -0.55392289  0.61754386  4.2         0.82982456
  4.46666667 -1.16677856]",2012.9823343753815
0.19946799999999998,[-0.8822799],"[ 0.60701754  4.43333333  0.81929825  4.16666667 -1.74972856  0.61052632
  4.13333333  0.82280702  4.36666667 -0.55392289  0.61754386  4.2
  0.82982456  4.46666667 -1.16677856  0.6245614   4.4         0.83684211
  4.43333333 -1.88227987]",2013.0690469741821
0.19946799999999998,[-0.5252636],"[ 0.61052632  4.13333333  0.82280702  4.36666667 -0.55392289  0.61754386
  4.2         0.82982456  4.46666667 -1.16677856  0.6245614   4.4
  0.83684211  4.43333333 -1.88227987  0.62807018  4.23333333  0.84035088
  4.5        -1.52526355]",2013.142270565033
0.194376,[-0.79802364],"[ 0.61754386  4.2         0.82982456  4.46666667 -1.16677856  0.6245614
  4.4         0.83684211  4.43333333 -1.88227987  0.62807018  4.23333333
  0.84035088  4.5        -1.52526355  0.63333333  4.06666667  0.84385965
  4.73333333 -1.7980237 ]",2013.2222378253937
0.19434000000000007,[0.81053895],"[ 0.6245614   4.4         0.83684211  4.43333333 -1.88227987  0.62807018
  4.23333333  0.84035088  4.5        -1.52526355  0.63333333  4.06666667
  0.84385965  4.73333333 -1.7980237   0.64210526  4.16666667  0.85263158
  4.83333333 -0.18946105]",2013.307454586029
0.19687199999999994,[0.56241274],"[ 0.62807018  4.23333333  0.84035088  4.5        -1.52526355  0.63333333
  4.06666667  0.84385965  4.73333333 -1.7980237   0.64210526  4.16666667
  0.85263158  4.83333333 -0.18946105  0.65263158  4.2         0.86140351
  5.03333333 -0.43758726]",2013.3884143829346
0.19428,[-0.90941197],"[ 0.63333333  4.06666667  0.84385965  4.73333333 -1.7980237   0.64210526
  4.16666667  0.85263158  4.83333333 -0.18946105  0.65263158  4.2
  0.86140351  5.03333333 -0.43758726  0.66140351  4.43333333  0.87192982
  4.83333333 -1.90941191]",2013.4626774787903
0.18659599999999998,[-0.8162056],"[ 0.64210526  4.16666667  0.85263158  4.83333333 -0.18946105  0.65263158
  4.2         0.86140351  5.03333333 -0.43758726  0.66140351  4.43333333
  0.87192982  4.83333333 -1.90941191  0.66315789  4.6         0.8754386
  4.66666667 -1.81620562]",2013.5471022129059
0.1840400000000001,[-0.15155922],"[ 0.65263158  4.2         0.86140351  5.03333333 -0.43758726  0.66140351
  4.43333333  0.87192982  4.83333333 -1.90941191  0.66315789  4.6
  0.8754386   4.66666667 -1.81620562  0.66666667  4.46666667  0.87894737
  4.86666667 -1.15155923]",2013.6284761428833
0.1866,[-0.20594302],"[ 0.66140351  4.43333333  0.87192982  4.83333333 -1.90941191  0.66315789
  4.6         0.8754386   4.66666667 -1.81620562  0.66666667  4.46666667
  0.87894737  4.86666667 -1.15155923  0.67368421  4.36666667  0.88421053
  5.16666667 -1.20594299]",2013.7029874324799
0.1993560000000001,[-0.5931423],"[ 0.66315789  4.6         0.8754386   4.66666667 -1.81620562  0.66666667
  4.46666667  0.87894737  4.86666667 -1.15155923  0.67368421  4.36666667
  0.88421053  5.16666667 -1.20594299  0.6877193   4.46666667  0.89824561
  5.2        -1.59314227]",2013.7870342731476
0.20957599999999998,[-0.7977122],"[ 0.66666667  4.46666667  0.87894737  4.86666667 -1.15155923  0.67368421
  4.36666667  0.88421053  5.16666667 -1.20594299  0.6877193   4.46666667
  0.89824561  5.2        -1.59314227  0.70175439  4.43333333  0.90877193
  5.33333333 -1.79771221]",2013.8626976013184
0.21728000000000006,[-0.23635517],"[ 0.67368421  4.36666667  0.88421053  5.16666667 -1.20594299  0.6877193
  4.46666667  0.89824561  5.2        -1.59314227  0.70175439  4.43333333
  0.90877193  5.33333333 -1.79771221  0.71403509  4.36666667  0.91578947
  5.6        -1.23635519]",2013.9470767974854
0.22494399999999995,[-0.15112184],"[ 0.6877193   4.46666667  0.89824561  5.2        -1.59314227  0.70175439
  4.43333333  0.90877193  5.33333333 -1.79771221  0.71403509  4.36666667
  0.91578947  5.6        -1.23635519  0.7245614   4.46666667  0.9245614
  5.76666667 -1.15112185]",2014.028949022293
0.2351199999999999,[-0.4871411],"[ 0.70175439  4.43333333  0.90877193  5.33333333 -1.79771221  0.71403509
  4.36666667  0.91578947  5.6        -1.23635519  0.7245614   4.46666667
  0.9245614   5.76666667 -1.15112185  0.73333333  4.66666667  0.93508772
  5.76666667 -1.48714113]",2014.109079837799
