reward,action,obs,time
,,"[0.         0.         0.         0.         0.         0.
 0.         0.         0.         0.         0.         0.
 0.         0.         0.         0.03157895 5.73333333 0.24561404
 5.36666667 0.        ]",2685.992467403412
0.0025239999999999985,[-0.28599623],"[ 0.          0.          0.          0.          0.          0.
  0.          0.          0.          0.          0.03157895  5.73333333
  0.24561404  5.36666667  0.          0.03333333  6.          0.24385965
  5.23333333 -1.2859962 ]",2686.1478605270386
-0.0025519999999999987,[0.60603535],"[ 0.          0.          0.          0.          0.          0.03157895
  5.73333333  0.24561404  5.36666667  0.          0.03333333  6.
  0.24385965  5.23333333 -1.2859962   0.02982456  5.7         0.24385965
  5.4        -0.39396465]",2686.2025763988495
-1.1999999999998123e-05,[0.42528933],"[ 0.03157895  5.73333333  0.24561404  5.36666667  0.          0.03333333
  6.          0.24385965  5.23333333 -1.2859962   0.02982456  5.7
  0.24385965  5.4        -0.39396465  0.03157895  5.83333333  0.24385965
  5.33333333 -0.57471067]",2686.25257229805
0.0025480000000000017,[0.86697805],"[ 0.03333333  6.          0.24385965  5.23333333 -1.2859962   0.02982456
  5.7         0.24385965  5.4        -0.39396465  0.03157895  5.83333333
  0.24385965  5.33333333 -0.57471067  0.03333333  5.8         0.24385965
  5.33333333 -0.13302195]",2686.3034002780914
-1.1999999999998123e-05,[-0.08048987],"[ 0.02982456  5.7         0.24385965  5.4        -0.39396465  0.03157895
  5.83333333  0.24385965  5.33333333 -0.57471067  0.03333333  5.8
  0.24385965  5.33333333 -0.13302195  0.03157895  5.83333333  0.24385965
  5.3        -1.08048987]",2686.353180408478
0.0025280000000000025,[0.7287843],"[ 0.03157895  5.83333333  0.24385965  5.33333333 -0.57471067  0.03333333
  5.8         0.24385965  5.33333333 -0.13302195  0.03157895  5.83333333
  0.24385965  5.3        -1.08048987  0.03333333  5.96666667  0.24385965
  5.16666667 -0.27121568]",2686.4039640426636
0.007623999999999999,[-0.74543077],"[ 0.03333333  5.8         0.24385965  5.33333333 -0.13302195  0.03157895
  5.83333333  0.24385965  5.3        -1.08048987  0.03333333  5.96666667
  0.24385965  5.16666667 -0.27121568  0.03684211  6.1         0.24385965
  5.1        -1.74543071]",2686.4539597034454
0.007628000000000003,[-0.9534809],"[ 0.03157895  5.83333333  0.24385965  5.3        -1.08048987  0.03333333
  5.96666667  0.24385965  5.16666667 -0.27121568  0.03684211  6.1
  0.24385965  5.1        -1.74543071  0.03684211  6.06666667  0.24385965
  5.1        -1.95348096]",2686.504480600357
0.007636000000000004,[-0.8735821],"[ 0.03333333  5.96666667  0.24385965  5.16666667 -0.27121568  0.03684211
  6.1         0.24385965  5.1        -1.74543071  0.03684211  6.06666667
  0.24385965  5.1        -1.95348096  0.03684211  6.          0.24385965
  5.16666667 -1.87358212]",2686.576893091202
0.005108000000000001,[-0.54405534],"[ 0.03684211  6.1         0.24385965  5.1        -1.74543071  0.03684211
  6.06666667  0.24385965  5.1        -1.95348096  0.03684211  6.
  0.24385965  5.16666667 -1.87358212  0.03508772  5.76666667  0.24561404
  5.46666667 -1.54405534]",2686.657153367996
0.007688,[-0.06582452],"[ 0.03684211  6.06666667  0.24385965  5.1        -1.95348096  0.03684211
  6.          0.24385965  5.16666667 -1.87358212  0.03508772  5.76666667
  0.24561404  5.46666667 -1.54405534  0.03684211  5.56666667  0.25087719
  5.63333333 -1.06582451]",2686.7305705547333
0.017904000000000003,[-0.34113935],"[ 0.03684211  6.          0.24385965  5.16666667 -1.87358212  0.03508772
  5.76666667  0.24561404  5.46666667 -1.54405534  0.03684211  5.56666667
  0.25087719  5.63333333 -1.06582451  0.04385965  5.63333333  0.25614035
  5.56666667 -1.34113932]",2686.816402196884
0.025568000000000007,[0.58697325],"[ 0.03508772  5.76666667  0.24561404  5.46666667 -1.54405534  0.03684211
  5.56666667  0.25087719  5.63333333 -1.06582451  0.04385965  5.63333333
  0.25614035  5.56666667 -1.34113932  0.04912281  5.66666667  0.26315789
  5.53333333 -0.41302675]",2686.8968477249146
0.033243999999999996,[-0.7272774],"[ 0.03684211  5.56666667  0.25087719  5.63333333 -1.06582451  0.04385965
  5.63333333  0.25614035  5.56666667 -1.34113932  0.04912281  5.66666667
  0.26315789  5.53333333 -0.41302675  0.05438596  5.6         0.27017544
  5.53333333 -1.7272774 ]",2686.977136850357
0.043452000000000005,[-0.8379472],"[ 0.04385965  5.63333333  0.25614035  5.56666667 -1.34113932  0.04912281
  5.66666667  0.26315789  5.53333333 -0.41302675  0.05438596  5.6
  0.27017544  5.53333333 -1.7272774   0.06140351  5.73333333  0.2754386
  5.33333333 -1.83794713]",2687.053695678711
0.048584,[0.7018361],"[ 0.04912281  5.66666667  0.26315789  5.53333333 -0.41302675  0.05438596
  5.6         0.27017544  5.53333333 -1.7272774   0.06140351  5.73333333
  0.2754386   5.33333333 -1.83794713  0.06491228  5.56666667  0.27894737
  5.43333333 -0.29816389]",2687.1309056282043
0.053720000000000004,[-0.5977111],"[ 0.05438596  5.6         0.27017544  5.53333333 -1.7272774   0.06140351
  5.73333333  0.2754386   5.33333333 -1.83794713  0.06491228  5.56666667
  0.27894737  5.43333333 -0.29816389  0.06842105  5.36666667  0.28245614
  5.7        -1.59771109]",2687.2152740955353
0.06392,[0.33998743],"[ 0.06140351  5.73333333  0.2754386   5.33333333 -1.83794713  0.06491228
  5.56666667  0.27894737  5.43333333 -0.29816389  0.06842105  5.36666667
  0.28245614  5.7        -1.59771109  0.0754386   5.56666667  0.2877193
  5.66666667 -0.6600126 ]",2687.297059059143
0.07670000000000002,[-0.81758535],"[ 0.06491228  5.56666667  0.27894737  5.43333333 -0.29816389  0.06842105
  5.36666667  0.28245614  5.7        -1.59771109  0.0754386   5.56666667
  0.2877193   5.66666667 -0.6600126   0.08421053  5.56666667  0.29649123
  5.76666667 -1.81758535]",2687.3704187870026
0.09202800000000001,[-0.62575185],"[ 0.06842105  5.36666667  0.28245614  5.7        -1.59771109  0.0754386
  5.56666667  0.2877193   5.66666667 -0.6600126   0.08421053  5.56666667
  0.29649123  5.76666667 -1.81758535  0.09473684  5.63333333  0.30877193
  5.73333333 -1.62575185]",2687.4550981521606
0.10230000000000002,[0.84198296],"[ 0.0754386   5.56666667  0.2877193   5.66666667 -0.6600126   0.08421053
  5.56666667  0.29649123  5.76666667 -1.81758535  0.09473684  5.63333333
  0.30877193  5.73333333 -1.62575185  0.10350877  5.5         0.32105263
  5.86666667 -0.15801704]",2687.5342180728912
0.11506400000000001,[-0.62743866],"[ 0.08421053  5.56666667  0.29649123  5.76666667 -1.81758535  0.09473684
  5.63333333  0.30877193  5.73333333 -1.62575185  0.10350877  5.5
  0.32105263  5.86666667 -0.15801704  0.10877193  5.33333333  0.32982456
  5.93333333 -1.62743866]",2687.611307144165
0.12269200000000002,[-0.7666608],"[ 0.09473684  5.63333333  0.30877193  5.73333333 -1.62575185  0.10350877
  5.5         0.32105263  5.86666667 -0.15801704  0.10877193  5.33333333
  0.32982456  5.93333333 -1.62743866  0.11578947  5.8         0.33859649
  5.76666667 -1.76666081]",2687.695250749588
0.12268799999999999,[0.39808452],"[ 0.10350877  5.5         0.32105263  5.86666667 -0.15801704  0.10877193
  5.33333333  0.32982456  5.93333333 -1.62743866  0.11578947  5.8
  0.33859649  5.76666667 -1.76666081  0.11754386  5.8         0.34210526
  5.9        -0.60191548]",2687.771939754486
0.16364,[-0.7499638],"[ 0.10877193  5.33333333  0.32982456  5.93333333 -1.62743866  0.11578947
  5.8         0.33859649  5.76666667 -1.76666081  0.11754386  5.8
  0.34210526  5.9        -0.60191548  0.14385965  5.36666667  0.34736842
  6.13333333 -1.74996376]",2687.8505778312683
0.16875599999999996,[-0.05842474],"[ 0.11578947  5.8         0.33859649  5.76666667 -1.76666081  0.11754386
  5.8         0.34210526  5.9        -0.60191548  0.14385965  5.36666667
  0.34736842  6.13333333 -1.74996376  0.14912281  5.46666667  0.35789474
  6.06666667 -1.05842471]",2687.9352943897247
0.17644800000000002,[-0.7608765],"[ 0.11754386  5.8         0.34210526  5.9        -0.60191548  0.14385965
  5.36666667  0.34736842  6.13333333 -1.74996376  0.14912281  5.46666667
  0.35789474  6.06666667 -1.05842471  0.15789474  5.4         0.36842105
  6.13333333 -1.76087642]",2688.010729789734
0.194332,[0.67144513],"[ 0.14385965  5.36666667  0.34736842  6.13333333 -1.74996376  0.14912281
  5.46666667  0.35789474  6.06666667 -1.05842471  0.15789474  5.4
  0.36842105  6.13333333 -1.76087642  0.17017544  5.43333333  0.38070175
  6.2        -0.32855487]",2688.0929198265076
0.20966000000000004,[-0.02175212],"[ 0.14912281  5.46666667  0.35789474  6.06666667 -1.05842471  0.15789474
  5.4         0.36842105  6.13333333 -1.76087642  0.17017544  5.43333333
  0.38070175  6.2        -0.32855487  0.18070175  5.43333333  0.39122807
  6.4        -1.02175212]",2688.176587820053
0.22493600000000002,[-0.23105747],"[ 0.15789474  5.4         0.36842105  6.13333333 -1.76087642  0.17017544
  5.43333333  0.38070175  6.2        -0.32855487  0.18070175  5.43333333
  0.39122807  6.4        -1.02175212  0.18947368  5.7         0.40350877
  6.36666667 -1.23105741]",2688.2513802051544
0.23512399999999997,[0.8232729],"[ 0.17017544  5.43333333  0.38070175  6.2        -0.32855487  0.18070175
  5.43333333  0.39122807  6.4        -1.02175212  0.18947368  5.7
  0.40350877  6.36666667 -1.23105741  0.19824561  5.8         0.4122807
  6.4        -0.17672712]",2688.330625295639
0.235128,[-0.964708],"[ 0.18070175  5.43333333  0.39122807  6.4        -1.02175212  0.18947368
  5.7         0.40350877  6.36666667 -1.23105741  0.19824561  5.8
  0.4122807   6.4        -0.17672712  0.20526316  5.83333333  0.41929825
  6.43333333 -1.96470797]",2688.416764974594
0.23766399999999996,[0.6396313],"[ 0.18947368  5.7         0.40350877  6.36666667 -1.23105741  0.19824561
  5.8         0.4122807   6.4        -0.17672712  0.20526316  5.83333333
  0.41929825  6.43333333 -1.96470797  0.2122807   6.03333333  0.42631579
  6.23333333 -0.36036873]",2688.491594552994
0.24021999999999996,[0.71993876],"[ 0.19824561  5.8         0.4122807   6.4        -0.17672712  0.20526316
  5.83333333  0.41929825  6.43333333 -1.96470797  0.2122807   6.03333333
  0.42631579  6.23333333 -0.36036873  0.21929825  5.96666667  0.43333333
  6.26666667 -0.28006124]",2688.570634126663
0.24276799999999996,[-0.40726188],"[ 0.20526316  5.83333333  0.41929825  6.43333333 -1.96470797  0.2122807
  6.03333333  0.42631579  6.23333333 -0.36036873  0.21929825  5.96666667
  0.43333333  6.26666667 -0.28006124  0.22807018  6.16666667  0.44035088
  6.13333333 -1.40726185]",2688.655313014984
0.250396,[-0.48945],"[ 0.2122807   6.03333333  0.42631579  6.23333333 -0.36036873  0.21929825
  5.96666667  0.43333333  6.26666667 -0.28006124  0.22807018  6.16666667
  0.44035088  6.13333333 -1.40726185  0.23684211  6.33333333  0.44912281
  5.96666667 -1.48944998]",2688.73197722435
0.255504,[-0.8377993],"[ 0.21929825  5.96666667  0.43333333  6.26666667 -0.28006124  0.22807018
  6.16666667  0.44035088  6.13333333 -1.40726185  0.23684211  6.33333333
  0.44912281  5.96666667 -1.48944998  0.24385965  6.16666667  0.45789474
  6.13333333 -1.83779931]",2688.812160015106
0.258104,[0.9879938],"[ 0.22807018  6.16666667  0.44035088  6.13333333 -1.40726185  0.23684211
  6.33333333  0.44912281  5.96666667 -1.48944998  0.24385965  6.16666667
  0.45789474  6.13333333 -1.83779931  0.25263158  6.          0.46491228
  6.36666667 -0.01200622]",2688.8967123031616
0.2632200000000001,[-0.02357585],"[ 0.23684211  6.33333333  0.44912281  5.96666667 -1.48944998  0.24385965
  6.16666667  0.45789474  6.13333333 -1.83779931  0.25263158  6.
  0.46491228  6.36666667 -0.01200622  0.26491228  5.96666667  0.47719298
  6.5        -1.0235759 ]",2688.977109670639
0.265756,[0.4001034],"[ 0.24385965  6.16666667  0.45789474  6.13333333 -1.83779931  0.25263158
  6.          0.46491228  6.36666667 -0.01200622  0.26491228  5.96666667
  0.47719298  6.5        -1.0235759   0.27719298  6.2         0.49122807
  6.36666667 -0.59989661]",2689.0570528507233
0.265724,[-0.6292715],"[ 0.25263158  6.          0.46491228  6.36666667 -0.01200622  0.26491228
  5.96666667  0.47719298  6.5        -1.0235759   0.27719298  6.2
  0.49122807  6.36666667 -0.59989661  0.28596491  6.33333333  0.50175439
  6.3        -1.62927151]",2689.1372315883636
0.27080800000000005,[-0.14919655],"[ 0.26491228  5.96666667  0.47719298  6.5        -1.0235759   0.27719298
  6.2         0.49122807  6.36666667 -0.59989661  0.28596491  6.33333333
  0.50175439  6.3        -1.62927151  0.29473684  6.4         0.51052632
  6.3        -1.14919651]",2689.2173047065735
0.270884,[-0.3679018],"[ 0.27719298  6.2         0.49122807  6.36666667 -0.59989661  0.28596491
  6.33333333  0.50175439  6.3        -1.62927151  0.29473684  6.4
  0.51052632  6.3        -1.14919651  0.30175439  6.23333333  0.51754386
  6.43333333 -1.3679018 ]",2689.297101020813
0.278556,[0.00706309],"[ 0.28596491  6.33333333  0.50175439  6.3        -1.62927151  0.29473684
  6.4         0.51052632  6.3        -1.14919651  0.30175439  6.23333333
  0.51754386  6.43333333 -1.3679018   0.30877193  6.2         0.52105263
  6.43333333 -0.99293691]",2689.377162694931
0.25038400000000005,[-0.44955775],"[ 0.29473684  6.4         0.51052632  6.3        -1.14919651  0.30175439
  6.23333333  0.51754386  6.43333333 -1.3679018   0.30877193  6.2
  0.52105263  6.43333333 -0.99293691  0.31578947  6.23333333  0.52807018
  6.43333333 -1.44955778]",2689.4570269584656
0.25294799999999995,[-0.76214623],"[ 0.30175439  6.23333333  0.51754386  6.43333333 -1.3679018   0.30877193
  6.2         0.52105263  6.43333333 -0.99293691  0.31578947  6.23333333
  0.52807018  6.43333333 -1.44955778  0.32280702  6.26666667  0.53684211
  6.43333333 -1.76214623]",2689.537195920944
0.2555119999999999,[-0.6987213],"[ 0.30877193  6.2         0.52105263  6.43333333 -0.99293691  0.31578947
  6.23333333  0.52807018  6.43333333 -1.44955778  0.32280702  6.26666667
  0.53684211  6.43333333 -1.76214623  0.33333333  6.13333333  0.54385965
  6.66666667 -1.69872129]",2689.617348909378
0.25041199999999997,[-0.21263863],"[ 0.31578947  6.23333333  0.52807018  6.43333333 -1.44955778  0.32280702
  6.26666667  0.53684211  6.43333333 -1.76214623  0.33333333  6.13333333
  0.54385965  6.66666667 -1.69872129  0.34210526  6.06666667  0.55263158
  6.8        -1.21263862]",2689.6971871852875
0.2453,[-0.00040177],"[ 0.32280702  6.26666667  0.53684211  6.43333333 -1.76214623  0.33333333
  6.13333333  0.54385965  6.66666667 -1.69872129  0.34210526  6.06666667
  0.55263158  6.8        -1.21263862  0.34912281  6.06666667  0.55964912
  6.76666667 -1.00040174]",2689.7772295475006
0.24020000000000002,[-0.10680286],"[ 0.33333333  6.13333333  0.54385965  6.66666667 -1.69872129  0.34210526
  6.06666667  0.55263158  6.8        -1.21263862  0.34912281  6.06666667
  0.55964912  6.76666667 -1.00040174  0.35438596  6.23333333  0.56666667
  6.7        -1.10680282]",2689.8571186065674
0.23764800000000003,[0.11280879],"[ 0.34210526  6.06666667  0.55263158  6.8        -1.21263862  0.34912281
  6.06666667  0.55964912  6.76666667 -1.00040174  0.35438596  6.23333333
  0.56666667  6.7        -1.10680282  0.36140351  6.3         0.57192982
  6.73333333 -0.88719124]",2689.937075614929
0.232528,[-0.4960088],"[ 0.34912281  6.06666667  0.55964912  6.76666667 -1.00040174  0.35438596
  6.23333333  0.56666667  6.7        -1.10680282  0.36140351  6.3
  0.57192982  6.73333333 -0.88719124  0.36491228  6.4         0.57719298
  6.76666667 -1.49600887]",2690.0173654556274
0.229996,[0.73117226],"[ 0.35438596  6.23333333  0.56666667  6.7        -1.10680282  0.36140351
  6.3         0.57192982  6.73333333 -0.88719124  0.36491228  6.4
  0.57719298  6.76666667 -1.49600887  0.37017544  6.4         0.58245614
  6.76666667 -0.26882774]",2690.097467660904
0.22488800000000006,[-0.316528],"[ 0.36140351  6.3         0.57192982  6.73333333 -0.88719124  0.36491228
  6.4         0.57719298  6.76666667 -1.49600887  0.37017544  6.4
  0.58245614  6.76666667 -0.26882774  0.37368421  6.3         0.58421053
  6.86666667 -1.31652796]",2690.1772134304047
0.21721999999999997,[-0.05891805],"[ 0.36491228  6.4         0.57719298  6.76666667 -1.49600887  0.37017544
  6.4         0.58245614  6.76666667 -0.26882774  0.37368421  6.3
  0.58421053  6.86666667 -1.31652796  0.37719298  6.5         0.59122807
  6.76666667 -1.058918  ]",2690.2570781707764
0.21467999999999998,[-0.7234564],"[ 0.37017544  6.4         0.58245614  6.76666667 -0.26882774  0.37368421
  6.3         0.58421053  6.86666667 -1.31652796  0.37719298  6.5
  0.59122807  6.76666667 -1.058918    0.38421053  6.53333333  0.59824561
  6.86666667 -1.72345638]",2690.337133169174
0.21722000000000002,[0.08847169],"[ 0.37368421  6.3         0.58421053  6.86666667 -1.31652796  0.37719298
  6.5         0.59122807  6.76666667 -1.058918    0.38421053  6.53333333
  0.59824561  6.86666667 -1.72345638  0.39298246  6.5         0.60526316
  6.96666667 -0.91152829]",2690.417200088501
0.21976799999999996,[-0.9407187],"[ 0.37719298  6.5         0.59122807  6.76666667 -1.058918    0.38421053
  6.53333333  0.59824561  6.86666667 -1.72345638  0.39298246  6.5
  0.60526316  6.96666667 -0.91152829  0.40350877  6.4         0.6122807
  7.06666667 -1.94071865]",2690.497308731079
0.2095239999999999,[0.16903135],"[ 0.38421053  6.53333333  0.59824561  6.86666667 -1.72345638  0.39298246
  6.5         0.60526316  6.96666667 -0.91152829  0.40350877  6.4
  0.6122807   7.06666667 -1.94071865  0.40877193  6.53333333  0.61929825
  6.96666667 -0.83096862]",2690.577159881592
0.19932799999999995,[-0.5039249],"[ 0.39298246  6.5         0.60526316  6.96666667 -0.91152829  0.40350877
  6.4         0.6122807   7.06666667 -1.94071865  0.40877193  6.53333333
  0.61929825  6.96666667 -0.83096862  0.41403509  6.53333333  0.6245614
  7.13333333 -1.50392485]",2690.6572754383087
0.19421999999999995,[-0.8273727],"[ 0.40350877  6.4         0.6122807   7.06666667 -1.94071865  0.40877193
  6.53333333  0.61929825  6.96666667 -0.83096862  0.41403509  6.53333333
  0.6245614   7.13333333 -1.50392485  0.41929825  6.63333333  0.62982456
  7.16666667 -1.82737279]",2690.73730802536
0.19167999999999996,[-0.4555783],"[ 0.40877193  6.53333333  0.61929825  6.96666667 -0.83096862  0.41403509
  6.53333333  0.6245614   7.13333333 -1.50392485  0.41929825  6.63333333
  0.62982456  7.16666667 -1.82737279  0.42631579  6.56666667  0.63508772
  7.3        -1.45557833]",2690.8173031806946
0.191672,[0.9200983],"[ 0.41403509  6.53333333  0.6245614   7.13333333 -1.50392485  0.41929825
  6.63333333  0.62982456  7.16666667 -1.82737279  0.42631579  6.56666667
  0.63508772  7.3        -1.45557833  0.43333333  6.46666667  0.64035088
  7.43333333 -0.0799017 ]",2690.897108078003
0.18909199999999998,[-0.8331419],"[ 0.41929825  6.63333333  0.62982456  7.16666667 -1.82737279  0.42631579
  6.56666667  0.63508772  7.3        -1.45557833  0.43333333  6.46666667
  0.64035088  7.43333333 -0.0799017   0.43859649  6.63333333  0.64736842
  7.33333333 -1.83314192]",2690.97723197937
0.18651199999999996,[-0.27200496],"[ 0.42631579  6.56666667  0.63508772  7.3        -1.45557833  0.43333333
  6.46666667  0.64035088  7.43333333 -0.0799017   0.43859649  6.63333333
  0.64736842  7.33333333 -1.83314192  0.44385965  6.86666667  0.65614035
  7.23333333 -1.27200496]",2691.0570480823517
0.18651999999999996,[-0.8355796],"[ 0.43333333  6.46666667  0.64035088  7.43333333 -0.0799017   0.43859649
  6.63333333  0.64736842  7.33333333 -1.83314192  0.44385965  6.86666667
  0.65614035  7.23333333 -1.27200496  0.45087719  6.83333333  0.66315789
  7.36666667 -1.83557963]",2691.137002468109
0.18652000000000002,[0.13884608],"[ 0.43859649  6.63333333  0.64736842  7.33333333 -1.83314192  0.44385965
  6.86666667  0.65614035  7.23333333 -1.27200496  0.45087719  6.83333333
  0.66315789  7.36666667 -1.83557963  0.46140351  6.7         0.66842105
  7.5        -0.8611539 ]",2691.2171728610992
0.18396400000000002,[0.14816925],"[ 0.44385965  6.86666667  0.65614035  7.23333333 -1.27200496  0.45087719
  6.83333333  0.66315789  7.36666667 -1.83557963  0.46140351  6.7
  0.66842105  7.5        -0.8611539   0.46842105  6.63333333  0.67368421
  7.6        -0.85183072]",2691.2964804172516
0.18137999999999999,[-0.3630346],"[ 0.45087719  6.83333333  0.66315789  7.36666667 -1.83557963  0.46140351
  6.7         0.66842105  7.5        -0.8611539   0.46842105  6.63333333
  0.67368421  7.6        -0.85183072  0.47368421  6.86666667  0.68245614
  7.5        -1.36303461]",2691.3704187870026
0.183944,[-0.22396079],"[ 0.46140351  6.7         0.66842105  7.5        -0.8611539   0.46842105
  6.63333333  0.67368421  7.6        -0.85183072  0.47368421  6.86666667
  0.68245614  7.5        -1.36303461  0.48070175  6.96666667  0.69122807
  7.56666667 -1.22396076]",2691.4562940597534
0.186512,[-0.42297405],"[ 0.46842105  6.63333333  0.67368421  7.6        -0.85183072  0.47368421
  6.86666667  0.68245614  7.5        -1.36303461  0.48070175  6.96666667
  0.69122807  7.56666667 -1.22396076  0.48947368  6.93333333  0.69824561
  7.66666667 -1.42297411]",2691.5367753505707
0.19419600000000004,[-0.60224223],"[ 0.47368421  6.86666667  0.68245614  7.5        -1.36303461  0.48070175
  6.96666667  0.69122807  7.56666667 -1.22396076  0.48947368  6.93333333
  0.69824561  7.66666667 -1.42297411  0.49824561  6.9         0.70526316
  7.66666667 -1.60224223]",2691.6172308921814
0.19419999999999993,[0.9130904],"[ 0.48070175  6.96666667  0.69122807  7.56666667 -1.22396076  0.48947368
  6.93333333  0.69824561  7.66666667 -1.42297411  0.49824561  6.9
  0.70526316  7.66666667 -1.60224223  0.50350877  6.86666667  0.71052632
  7.8        -0.08690959]",2691.697184085846
0.1967279999999999,[-0.93088365],"[ 0.48947368  6.93333333  0.69824561  7.66666667 -1.42297411  0.49824561
  6.9         0.70526316  7.66666667 -1.60224223  0.50350877  6.86666667
  0.71052632  7.8        -0.08690959  0.50877193  7.          0.71578947
  7.9        -1.93088365]",2691.775873184204
0.20183600000000004,[0.4593453],"[ 0.49824561  6.9         0.70526316  7.66666667 -1.60224223  0.50350877
  6.86666667  0.71052632  7.8        -0.08690959  0.50877193  7.
  0.71578947  7.9        -1.93088365  0.51578947  7.23333333  0.7245614
  7.8        -0.54065466]",2691.8553059101105
0.20184799999999994,[0.28797188],"[ 0.50350877  6.86666667  0.71052632  7.8        -0.08690959  0.50877193
  7.          0.71578947  7.9        -1.93088365  0.51578947  7.23333333
  0.7245614   7.8        -0.54065466  0.52280702  7.16666667  0.73157895
  7.76666667 -0.71202815]",2691.939208507538
0.1967199999999999,[-0.38988572],"[ 0.50877193  7.          0.71578947  7.9        -1.93088365  0.51578947
  7.23333333  0.7245614   7.8        -0.54065466  0.52280702  7.16666667
  0.73157895  7.76666667 -0.71202815  0.52807018  7.26666667  0.73859649
  7.7        -1.38988566]",2692.0192198753357
0.18902400000000008,[0.8723951],"[ 0.51578947  7.23333333  0.7245614   7.8        -0.54065466  0.52280702
  7.16666667  0.73157895  7.76666667 -0.71202815  0.52807018  7.26666667
  0.73859649  7.7        -1.38988566  0.53333333  7.4         0.74385965
  7.7        -0.1276049 ]",2692.0991628170013
0.189044,[-0.94627666],"[ 0.52280702  7.16666667  0.73157895  7.76666667 -0.71202815  0.52807018
  7.26666667  0.73859649  7.7        -1.38988566  0.53333333  7.4
  0.74385965  7.7        -0.1276049   0.53859649  7.36666667  0.74912281
  7.83333333 -1.94627666]",2692.1810274124146
0.1941360000000001,[-0.5670984],"[ 0.52807018  7.26666667  0.73859649  7.7        -1.38988566  0.53333333
  7.4         0.74385965  7.7        -0.1276049   0.53859649  7.36666667
  0.74912281  7.83333333 -1.94627666  0.54736842  7.53333333  0.75964912
  7.7        -1.56709838]",2692.261466026306
0.20182799999999998,[-0.06994827],"[ 0.53333333  7.4         0.74385965  7.7        -0.1276049   0.53859649
  7.36666667  0.74912281  7.83333333 -1.94627666  0.54736842  7.53333333
  0.75964912  7.7        -1.56709838  0.55789474  7.43333333  0.76666667
  7.76666667 -1.06994832]",2692.3413739204407
0.201824,[0.04942978],"[ 0.53859649  7.36666667  0.74912281  7.83333333 -1.94627666  0.54736842
  7.53333333  0.75964912  7.7        -1.56709838  0.55789474  7.43333333
  0.76666667  7.76666667 -1.06994832  0.56491228  7.4         0.7754386
  7.9        -0.95057023]",2692.4216175079346
0.20434799999999997,[-0.4889862],"[ 0.54736842  7.53333333  0.75964912  7.7        -1.56709838  0.55789474
  7.43333333  0.76666667  7.76666667 -1.06994832  0.56491228  7.4
  0.7754386   7.9        -0.95057023  0.57368421  7.56666667  0.78421053
  7.76666667 -1.48898625]",2692.501441001892
0.209484,[0.9398951],"[ 0.55789474  7.43333333  0.76666667  7.76666667 -1.06994832  0.56491228
  7.4         0.7754386   7.9        -0.95057023  0.57368421  7.56666667
  0.78421053  7.76666667 -1.48898625  0.58245614  7.53333333  0.79122807
  7.73333333 -0.06010491]",2692.581392288208
0.21462799999999999,[-0.03741204],"[ 0.56491228  7.4         0.7754386   7.9        -0.95057023  0.57368421
  7.56666667  0.78421053  7.76666667 -1.48898625  0.58245614  7.53333333
  0.79122807  7.73333333 -0.06010491  0.59122807  7.5         0.8
  7.76666667 -1.03741205]",2692.66184258461
0.21205600000000002,[0.14010265],"[ 0.57368421  7.56666667  0.78421053  7.76666667 -1.48898625  0.58245614
  7.53333333  0.79122807  7.73333333 -0.06010491  0.59122807  7.5
  0.8         7.76666667 -1.03741205  0.59649123  7.6         0.80877193
  7.53333333 -0.85989738]",2692.7416059970856
0.201844,[-0.575057],"[ 0.58245614  7.53333333  0.79122807  7.73333333 -0.06010491  0.59122807
  7.5         0.8         7.76666667 -1.03741205  0.59649123  7.6
  0.80877193  7.53333333 -0.85989738  0.6         7.36666667  0.8122807
  7.43333333 -1.57505703]",2692.8214297294617
0.20184799999999994,[0.77259403],"[ 0.59122807  7.5         0.8         7.76666667 -1.03741205  0.59649123
  7.6         0.80877193  7.53333333 -0.85989738  0.6         7.36666667
  0.8122807   7.43333333 -1.57505703  0.60701754  7.26666667  0.81578947
  7.43333333 -0.22740597]",2692.9014415740967
0.20189199999999996,[-0.796373],"[ 0.59649123  7.6         0.80877193  7.53333333 -0.85989738  0.6
  7.36666667  0.8122807   7.43333333 -1.57505703  0.60701754  7.26666667
  0.81578947  7.43333333 -0.22740597  0.6122807   7.13333333  0.82105263
  7.53333333 -1.79637301]",2692.9814245700836
0.19932799999999995,[0.90603197],"[ 0.6         7.36666667  0.8122807   7.43333333 -1.57505703  0.60701754
  7.26666667  0.81578947  7.43333333 -0.22740597  0.6122807   7.13333333
  0.82105263  7.53333333 -1.79637301  0.61754386  7.3         0.82982456
  7.36666667 -0.09396803]",2693.0614302158356
0.19421199999999994,[-0.5734762],"[ 0.60701754  7.26666667  0.81578947  7.43333333 -0.22740597  0.6122807
  7.13333333  0.82105263  7.53333333 -1.79637301  0.61754386  7.3
  0.82982456  7.36666667 -0.09396803  0.62280702  7.3         0.83333333
  7.4        -1.5734762 ]",2693.141442298889
0.1916319999999999,[-0.7912285],"[ 0.6122807   7.13333333  0.82105263  7.53333333 -1.79637301  0.61754386
  7.3         0.82982456  7.36666667 -0.09396803  0.62280702  7.3
  0.83333333  7.4        -1.5734762   0.62982456  7.46666667  0.84035088
  7.36666667 -1.79122853]",2693.221743583679
0.19163200000000002,[-0.592805],"[ 0.61754386  7.3         0.82982456  7.36666667 -0.09396803  0.62280702
  7.3         0.83333333  7.4        -1.5734762   0.62982456  7.46666667
  0.84035088  7.36666667 -1.79122853  0.63508772  7.43333333  0.84736842
  7.46666667 -1.59280503]",2693.301648378372
0.19167200000000006,[-0.09574786],"[ 0.62280702  7.3         0.83333333  7.4        -1.5734762   0.62982456
  7.46666667  0.84035088  7.36666667 -1.79122853  0.63508772  7.43333333
  0.84736842  7.46666667 -1.59280503  0.64035088  7.23333333  0.85087719
  7.6        -1.09574783]",2693.381583929062
0.18914399999999998,[-0.7121886],"[ 0.62982456  7.46666667  0.84035088  7.36666667 -1.79122853  0.63508772
  7.43333333  0.84736842  7.46666667 -1.59280503  0.64035088  7.23333333
  0.85087719  7.6        -1.09574783  0.64561404  7.23333333  0.85438596
  7.56666667 -1.7121886 ]",2693.4616985321045
0.18402400000000008,[-0.24867916],"[ 0.63508772  7.43333333  0.84736842  7.46666667 -1.59280503  0.64035088
  7.23333333  0.85087719  7.6        -1.09574783  0.64561404  7.23333333
  0.85438596  7.56666667 -1.7121886   0.64912281  7.23333333  0.85964912
  7.5        -1.24867916]",2693.541708946228
0.19173600000000002,[-0.5732469],"[ 0.64035088  7.23333333  0.85087719  7.6        -1.09574783  0.64561404
  7.23333333  0.85438596  7.56666667 -1.7121886   0.64912281  7.23333333
  0.85964912  7.5        -1.24867916  0.65964912  6.96666667  0.86666667
  7.56666667 -1.57324696]",2693.62140917778
0.19687999999999994,[-0.8044973],"[ 0.64561404  7.23333333  0.85438596  7.56666667 -1.7121886   0.64912281
  7.23333333  0.85964912  7.5        -1.24867916  0.65964912  6.96666667
  0.86666667  7.56666667 -1.57324696  0.66842105  6.83333333  0.87719298
  7.43333333 -1.80449724]",2693.7018275260925
0.19945600000000008,[0.6416791],"[ 0.64912281  7.23333333  0.85964912  7.5        -1.24867916  0.65964912
  6.96666667  0.86666667  7.56666667 -1.57324696  0.66842105  6.83333333
  0.87719298  7.43333333 -1.80449724  0.6754386   6.63333333  0.88070175
  7.46666667 -0.35832089]",2693.781420946121
0.19181199999999998,[-0.52461463],"[ 0.65964912  6.96666667  0.86666667  7.56666667 -1.57324696  0.66842105
  6.83333333  0.87719298  7.43333333 -1.80449724  0.6754386   6.63333333
  0.88070175  7.46666667 -0.35832089  0.67894737  6.6         0.88421053
  7.53333333 -1.52461457]",2693.8615510463715
0.18155200000000005,[-0.22038582],"[ 0.66842105  6.83333333  0.87719298  7.43333333 -1.80449724  0.6754386
  6.63333333  0.88070175  7.46666667 -0.35832089  0.67894737  6.6
  0.88421053  7.53333333 -1.52461457  0.68245614  6.8         0.89122807
  7.36666667 -1.22038579]",2693.9417159557343
0.17898799999999992,[-0.84385824],"[ 0.6754386   6.63333333  0.88070175  7.46666667 -0.35832089  0.67894737
  6.6         0.88421053  7.53333333 -1.52461457  0.68245614  6.8
  0.89122807  7.36666667 -1.22038579  0.6877193   6.83333333  0.89649123
  7.43333333 -1.84385824]",2694.02144408226
0.17389599999999994,[-0.8727752],"[ 0.67894737  6.6         0.88421053  7.53333333 -1.52461457  0.68245614
  6.8         0.89122807  7.36666667 -1.22038579  0.6877193   6.83333333
  0.89649123  7.43333333 -1.84385824  0.69298246  6.83333333  0.90175439
  7.53333333 -1.8727752 ]",2694.1013054847717
0.17135199999999995,[-0.17388204],"[ 0.68245614  6.8         0.89122807  7.36666667 -1.22038579  0.6877193
  6.83333333  0.89649123  7.43333333 -1.84385824  0.69298246  6.83333333
  0.90175439  7.53333333 -1.8727752   0.7         6.7         0.90526316
  7.7        -1.17388201]",2694.1808602809906
0.16366800000000004,[-0.17769696],"[ 0.6877193   6.83333333  0.89649123  7.43333333 -1.84385824  0.69298246
  6.83333333  0.90175439  7.53333333 -1.8727752   0.7         6.7
  0.90526316  7.7        -1.17388201  0.70350877  6.8         0.90877193
  7.8        -1.17769694]",2694.2630236148834
0.16365600000000002,[-0.9469397],"[ 0.69298246  6.83333333  0.90175439  7.53333333 -1.8727752   0.7
  6.7         0.90526316  7.7        -1.17388201  0.70350877  6.8
  0.90877193  7.8        -1.17769694  0.70877193  7.          0.91578947
  7.7        -1.94693971]",2694.341118335724
0.1661879999999999,[0.9672697],"[ 0.7         6.7         0.90526316  7.7        -1.17388201  0.70350877
  6.8         0.90877193  7.8        -1.17769694  0.70877193  7.
  0.91578947  7.7        -1.94693971  0.71403509  6.96666667  0.92105263
  7.76666667 -0.03273028]",2694.4211237430573
0.16876000000000013,[-0.20835795],"[ 0.70350877  6.8         0.90877193  7.8        -1.17769694  0.70877193
  7.          0.91578947  7.7        -1.94693971  0.71403509  6.96666667
  0.92105263  7.76666667 -0.03273028  0.72280702  6.73333333  0.9245614
  7.9        -1.20835793]",2694.5011780261993
0.1661800000000001,[-0.6352925],"[ 0.70877193  7.          0.91578947  7.7        -1.94693971  0.71403509
  6.96666667  0.92105263  7.76666667 -0.03273028  0.72280702  6.73333333
  0.9245614   7.9        -1.20835793  0.72631579  6.8         0.93157895
  7.76666667 -1.63529253]",2694.581105709076
0.16620000000000013,[-0.28479138],"[ 0.71403509  6.96666667  0.92105263  7.76666667 -0.03273028  0.72280702
  6.73333333  0.9245614   7.9        -1.20835793  0.72631579  6.8
  0.93157895  7.76666667 -1.63529253  0.73157895  6.8         0.93684211
  7.8        -1.28479135]",2694.661216020584
0.17132400000000003,[0.19362198],"[ 0.72280702  6.73333333  0.9245614   7.9        -1.20835793  0.72631579
  6.8         0.93157895  7.76666667 -1.63529253  0.73157895  6.8
  0.93684211  7.8        -1.28479135  0.74035088  6.7         0.94210526
  7.86666667 -0.80637801]",2694.74112868309
0.16877599999999993,[-0.9246523],"[ 0.72631579  6.8         0.93157895  7.76666667 -1.63529253  0.73157895
  6.8         0.93684211  7.8        -1.28479135  0.74035088  6.7
  0.94210526  7.86666667 -0.80637801  0.74561404  6.8         0.95087719
  7.7        -1.92465234]",2694.821069717407
0.16876000000000002,[-0.6377805],"[ 0.73157895  6.8         0.93684211  7.8        -1.28479135  0.74035088
  6.7         0.94210526  7.86666667 -0.80637801  0.74561404  6.8
  0.95087719  7.7        -1.92465234  0.75087719  6.9         0.95789474
  7.66666667 -1.63778043]",2694.901121854782
0.168752,[-0.58920056],"[ 0.74035088  6.7         0.94210526  7.86666667 -0.80637801  0.74561404
  6.8         0.95087719  7.7        -1.92465234  0.75087719  6.9
  0.95789474  7.66666667 -1.63778043  0.75614035  6.76666667  0.96140351
  7.86666667 -1.5892005 ]",2694.9809758663177
0.168752,[-0.50859207],"[ 0.74561404  6.8         0.95087719  7.7        -1.92465234  0.75087719
  6.9         0.95789474  7.66666667 -1.63778043  0.75614035  6.76666667
  0.96140351  7.86666667 -1.5892005   0.76140351  6.76666667  0.96491228
  7.86666667 -1.50859213]",2695.061165332794
0.1713039999999999,[-0.9550276],"[ 0.75087719  6.9         0.95789474  7.66666667 -1.63778043  0.75614035
  6.76666667  0.96140351  7.86666667 -1.5892005   0.76140351  6.76666667
  0.96491228  7.86666667 -1.50859213  0.76666667  6.8         0.97017544
  7.86666667 -1.95502758]",2695.1402575969696
0.1636080000000001,[-0.63233125],"[ 0.75614035  6.76666667  0.96140351  7.86666667 -1.5892005   0.76140351
  6.76666667  0.96491228  7.86666667 -1.50859213  0.76666667  6.8
  0.97017544  7.86666667 -1.95502758  0.77192982  6.76666667  0.97192982
  7.93333333 -1.63233125]",2695.214544057846
0.15593599999999996,[-0.09417347],"[ 0.76140351  6.76666667  0.96491228  7.86666667 -1.50859213  0.76666667
  6.8         0.97017544  7.86666667 -1.95502758  0.77192982  6.76666667
  0.97192982  7.93333333 -1.63233125  0.7754386   6.66666667  0.9754386
  7.9        -1.09417343]",2695.2973532676697
0.14823599999999992,[-0.8525138],"[ 0.76666667  6.8         0.97017544  7.86666667 -1.95502758  0.77192982
  6.76666667  0.97192982  7.93333333 -1.63233125  0.7754386   6.66666667
  0.9754386   7.9        -1.09417343  0.77719298  6.73333333  0.98245614
  7.7        -1.85251379]",2695.376800775528
0.14567200000000002,[-0.4821305],"[ 0.77192982  6.76666667  0.97192982  7.93333333 -1.63233125  0.7754386
  6.66666667  0.9754386   7.9        -1.09417343  0.77719298  6.73333333
  0.98245614  7.7        -1.85251379  0.77894737  6.76666667  0.98596491
  7.56666667 -1.48213053]",2695.4605803489685
0.14572399999999996,[-0.8992823],"[ 0.7754386   6.66666667  0.9754386   7.9        -1.09417343  0.77719298
  6.73333333  0.98245614  7.7        -1.85251379  0.77894737  6.76666667
  0.98596491  7.56666667 -1.48213053  0.78245614  6.53333333  0.98596491
  7.66666667 -1.89928222]",2695.53693151474
0.14319199999999999,[-0.45291367],"[ 0.77719298  6.73333333  0.98245614  7.7        -1.85251379  0.77894737
  6.76666667  0.98596491  7.56666667 -1.48213053  0.78245614  6.53333333
  0.98596491  7.66666667 -1.89928222  0.78596491  6.36666667  0.9877193
  7.63333333 -1.45291364]",2695.614503622055
0.140644,[-0.22158156],"[ 0.77894737  6.76666667  0.98596491  7.56666667 -1.48213053  0.78245614
  6.53333333  0.98596491  7.66666667 -1.89928222  0.78596491  6.36666667
  0.9877193   7.63333333 -1.45291364  0.78947368  6.3         0.99122807
  7.6        -1.22158158]",2695.699238061905
0.13550400000000007,[-0.7456345],"[ 0.78245614  6.53333333  0.98596491  7.66666667 -1.89928222  0.78596491
  6.36666667  0.9877193   7.63333333 -1.45291364  0.78947368  6.3
  0.99122807  7.6        -1.22158158  0.79298246  6.4         0.99649123
  7.53333333 -1.74563456]",2695.7792086601257
0.13807199999999997,[-0.1809102],"[ 0.78596491  6.36666667  0.9877193   7.63333333 -1.45291364  0.78947368
  6.3         0.99122807  7.6        -1.22158158  0.79298246  6.4
  0.99649123  7.53333333 -1.74563456  0.79824561  6.4         1.
  7.56666667 -1.18091023]",2695.860741376877
0.1381079999999999,[-0.5485617],"[ 0.78947368  6.3         0.99122807  7.6        -1.22158158  0.79298246
  6.4         0.99649123  7.53333333 -1.74563456  0.79824561  6.4
  1.          7.56666667 -1.18091023  0.80350877  6.3         1.00350877
  7.6        -1.54856169]",2695.941162586212
0.132984,[-0.73360515],"[ 0.79298246  6.4         0.99649123  7.53333333 -1.74563456  0.79824561
  6.4         1.          7.56666667 -1.18091023  0.80350877  6.3
  1.00350877  7.6        -1.54856169  0.80526316  6.36666667  1.00701754
  7.53333333 -1.73360515]",2696.021513223648
0.12529599999999985,[-0.4767825],"[ 0.79824561  6.4         1.          7.56666667 -1.18091023  0.80350877
  6.3         1.00350877  7.6        -1.54856169  0.80526316  6.36666667
  1.00701754  7.53333333 -1.73360515  0.80877193  6.3         1.00701754
  7.66666667 -1.47678256]",2696.101491689682
