reward,action,obs,time
,,"[0.         0.         0.         0.         0.         0.
 0.         0.         0.         0.         0.         0.
 0.         0.         0.         0.02982456 5.63333333 0.24385965
 5.43333333 0.        ]",99.66142201423645
2.3999999999996247e-05,[-0.08793473],"[ 0.          0.          0.          0.          0.          0.
  0.          0.          0.          0.          0.02982456  5.63333333
  0.24385965  5.43333333  0.          0.02982456  5.43333333  0.24385965
  5.53333333 -1.08793473]",99.7202091217041
0.0025400000000000006,[-0.49722522],"[ 0.          0.          0.          0.          0.          0.02982456
  5.63333333  0.24385965  5.43333333  0.          0.02982456  5.43333333
  0.24385965  5.53333333 -1.08793473  0.03157895  5.76666667  0.24385965
  5.4        -1.49722528]",99.7732937335968
8.000000000001062e-06,[-0.98738587],"[ 0.02982456  5.63333333  0.24385965  5.43333333  0.          0.02982456
  5.43333333  0.24385965  5.53333333 -1.08793473  0.03157895  5.76666667
  0.24385965  5.4        -1.49722528  0.02982456  5.56666667  0.24385965
  5.46666667 -1.98738587]",99.82543897628784
8.000000000001062e-06,[-0.69155616],"[ 0.02982456  5.43333333  0.24385965  5.53333333 -1.08793473  0.03157895
  5.76666667  0.24385965  5.4        -1.49722528  0.02982456  5.56666667
  0.24385965  5.46666667 -1.98738587  0.02982456  5.56666667  0.24385965
  5.5        -1.69155622]",99.87652611732483
1.1999999999998123e-05,[0.6937103],"[ 0.03157895  5.76666667  0.24385965  5.4        -1.49722528  0.02982456
  5.56666667  0.24385965  5.46666667 -1.98738587  0.02982456  5.56666667
  0.24385965  5.5        -1.69155622  0.02982456  5.53333333  0.24385965
  5.5        -0.30628967]",99.93465185165405
1.9999999999999185e-05,[0.12650315],"[ 0.02982456  5.56666667  0.24385965  5.46666667 -1.98738587  0.02982456
  5.56666667  0.24385965  5.5        -1.69155622  0.02982456  5.53333333
  0.24385965  5.5        -0.30628967  0.02982456  5.46666667  0.24561404
  5.56666667 -0.87349683]",99.97396111488342
0.005159999999999998,[-0.41575578],"[ 0.02982456  5.56666667  0.24385965  5.5        -1.69155622  0.02982456
  5.53333333  0.24385965  5.5        -0.30628967  0.02982456  5.46666667
  0.24561404  5.56666667 -0.87349683  0.03333333  5.23333333  0.24561404
  5.8        -1.41575575]",100.02845048904419
0.005159999999999998,[-0.4916185],"[ 0.02982456  5.53333333  0.24385965  5.5        -0.30628967  0.02982456
  5.46666667  0.24561404  5.56666667 -0.87349683  0.03333333  5.23333333
  0.24561404  5.8        -1.41575575  0.03333333  5.23333333  0.24736842
  5.8        -1.49161851]",100.07893323898315
0.005139999999999999,[0.5288947],"[ 0.02982456  5.46666667  0.24561404  5.56666667 -0.87349683  0.03333333
  5.23333333  0.24561404  5.8        -1.41575575  0.03333333  5.23333333
  0.24736842  5.8        -1.49161851  0.03333333  5.4         0.24736842
  5.6        -0.47110528]",100.14249062538147
0.010263999999999995,[0.84274566],"[ 0.03333333  5.23333333  0.24561404  5.8        -1.41575575  0.03333333
  5.23333333  0.24736842  5.8        -1.49161851  0.03333333  5.4
  0.24736842  5.6        -0.47110528  0.03684211  5.3         0.24736842
  5.66666667 -0.15725434]",100.19258737564087
0.015371999999999997,[-0.06965814],"[ 0.03333333  5.23333333  0.24736842  5.8        -1.49161851  0.03333333
  5.4         0.24736842  5.6        -0.47110528  0.03684211  5.3
  0.24736842  5.66666667 -0.15725434  0.04035088  5.33333333  0.25087719
  5.63333333 -1.06965816]",100.27171087265015
0.025563999999999996,[0.6848515],"[ 0.03333333  5.4         0.24736842  5.6        -0.47110528  0.03684211
  5.3         0.24736842  5.66666667 -0.15725434  0.04035088  5.33333333
  0.25087719  5.63333333 -1.06965816  0.04736842  5.6         0.25964912
  5.36666667 -0.31514847]",100.34582591056824
0.03834,[0.89579827],"[ 0.03684211  5.3         0.24736842  5.66666667 -0.15725434  0.04035088
  5.33333333  0.25087719  5.63333333 -1.06965816  0.04736842  5.6
  0.25964912  5.36666667 -0.31514847  0.05614035  5.63333333  0.26842105
  5.33333333 -0.10420173]",100.43303608894348
0.053647999999999994,[-0.05426768],"[ 0.04035088  5.33333333  0.25087719  5.63333333 -1.06965816  0.04736842
  5.6         0.25964912  5.36666667 -0.31514847  0.05614035  5.63333333
  0.26842105  5.33333333 -0.10420173  0.06666667  5.86666667  0.2754386
  5.06666667 -1.05426764]",100.51690816879272
0.066416,[-0.6540811],"[ 0.04736842  5.6         0.25964912  5.36666667 -0.31514847  0.05614035
  5.63333333  0.26842105  5.33333333 -0.10420173  0.06666667  5.86666667
  0.2754386   5.06666667 -1.05426764  0.0754386   5.96666667  0.28245614
  4.9        -1.65408111]",100.59409809112549
0.06899200000000001,[-0.67897654],"[ 0.05614035  5.63333333  0.26842105  5.33333333 -0.10420173  0.06666667
  5.86666667  0.2754386   5.06666667 -1.05426764  0.0754386   5.96666667
  0.28245614  4.9        -1.65408111  0.07719298  5.8         0.28596491
  5.03333333 -1.67897654]",100.6921079158783
0.07413600000000001,[0.84399515],"[ 0.06666667  5.86666667  0.2754386   5.06666667 -1.05426764  0.0754386
  5.96666667  0.28245614  4.9        -1.65408111  0.07719298  5.8
  0.28596491  5.03333333 -1.67897654  0.08070175  5.53333333  0.29122807
  5.23333333 -0.15600485]",100.74892139434814
0.08181599999999997,[0.5179185],"[ 0.0754386   5.96666667  0.28245614  4.9        -1.65408111  0.07719298
  5.8         0.28596491  5.03333333 -1.67897654  0.08070175  5.53333333
  0.29122807  5.23333333 -0.15600485  0.08596491  5.43333333  0.29824561
  5.3        -0.48208147]",100.86446928977966
0.09968400000000001,[-0.664034],"[ 0.07719298  5.8         0.28596491  5.03333333 -1.67897654  0.08070175
  5.53333333  0.29122807  5.23333333 -0.15600485  0.08596491  5.43333333
  0.29824561  5.3        -0.48208147  0.09824561  5.63333333  0.30526316
  5.1        -1.66403401]",100.90863108634949
0.109896,[0.16288655],"[ 0.08070175  5.53333333  0.29122807  5.23333333 -0.15600485  0.08596491
  5.43333333  0.29824561  5.3        -0.48208147  0.09824561  5.63333333
  0.30526316  5.1        -1.66403401  0.10526316  5.73333333  0.31403509
  4.83333333 -0.83711344]",100.98616313934326
0.11500000000000002,[0.32002348],"[ 0.08596491  5.43333333  0.29824561  5.3        -0.48208147  0.09824561
  5.63333333  0.30526316  5.1        -1.66403401  0.10526316  5.73333333
  0.31403509  4.83333333 -0.83711344  0.10877193  5.6         0.32280702
  4.8        -0.67997652]",101.07106518745422
0.12015600000000001,[0.4848169],"[ 0.09824561  5.63333333  0.30526316  5.1        -1.66403401  0.10526316
  5.73333333  0.31403509  4.83333333 -0.83711344  0.10877193  5.6
  0.32280702  4.8        -0.67997652  0.11403509  5.56666667  0.32982456
  4.63333333 -0.51518309]",101.14822316169739
0.168684,[0.6995677],"[ 0.10526316  5.73333333  0.31403509  4.83333333 -0.83711344  0.10877193
  5.6         0.32280702  4.8        -0.67997652  0.11403509  5.56666667
  0.32982456  4.63333333 -0.51518309  0.14561404  5.66666667  0.33684211
  4.4        -0.30043232]",101.23287177085876
0.17379999999999998,[-0.09401438],"[ 0.10877193  5.6         0.32280702  4.8        -0.67997652  0.11403509
  5.56666667  0.32982456  4.63333333 -0.51518309  0.14561404  5.66666667
  0.33684211  4.4        -0.30043232  0.14912281  5.63333333  0.34210526
  4.23333333 -1.09401441]",101.31117725372314
0.178904,[-0.9396829],"[ 0.11403509  5.56666667  0.32982456  4.63333333 -0.51518309  0.14561404
  5.66666667  0.33684211  4.4        -0.30043232  0.14912281  5.63333333
  0.34210526  4.23333333 -1.09401441  0.15263158  5.66666667  0.34561404
  4.2        -1.93968296]",101.39174795150757
0.17636,[-0.1011284],"[ 0.14561404  5.66666667  0.33684211  4.4        -0.30043232  0.14912281
  5.63333333  0.34210526  4.23333333 -1.09401441  0.15263158  5.66666667
  0.34561404  4.2        -1.93968296  0.15087719  5.5         0.35087719
  4.4        -1.10112834]",101.47071528434753
0.17380400000000001,[0.45548818],"[ 0.14912281  5.63333333  0.34210526  4.23333333 -1.09401441  0.15263158
  5.66666667  0.34561404  4.2        -1.93968296  0.15087719  5.5
  0.35087719  4.4        -1.10112834  0.15263158  5.26666667  0.35789474
  4.56666667 -0.5445118 ]",101.55950260162354
0.18402400000000002,[-0.9827424],"[ 0.15263158  5.66666667  0.34561404  4.2        -1.93968296  0.15087719
  5.5         0.35087719  4.4        -1.10112834  0.15263158  5.26666667
  0.35789474  4.56666667 -0.5445118   0.15964912  5.3         0.36315789
  4.33333333 -1.98274243]",101.6294207572937
0.196808,[0.825561],"[ 0.15087719  5.5         0.35087719  4.4        -1.10112834  0.15263158
  5.26666667  0.35789474  4.56666667 -0.5445118   0.15964912  5.3
  0.36315789  4.33333333 -1.98274243  0.16842105  5.43333333  0.36842105
  4.1        -0.17443901]",101.71493268013
0.20448399999999997,[-0.6611439],"[ 0.15263158  5.26666667  0.35789474  4.56666667 -0.5445118   0.15964912
  5.3         0.36315789  4.33333333 -1.98274243  0.16842105  5.43333333
  0.36842105  4.1        -0.17443901  0.17719298  5.26666667  0.37894737
  4.1        -1.6611439 ]",101.81037211418152
0.214724,[-0.32869282],"[ 0.15964912  5.3         0.36315789  4.33333333 -1.98274243  0.16842105
  5.43333333  0.36842105  4.1        -0.17443901  0.17719298  5.26666667
  0.37894737  4.1        -1.6611439   0.1877193   5.16666667  0.3877193
  3.86666667 -1.32869279]",101.86454057693481
0.21735600000000002,[-0.20195965],"[ 0.16842105  5.43333333  0.36842105  4.1        -0.17443901  0.17719298
  5.26666667  0.37894737  4.1        -1.6611439   0.1877193   5.16666667
  0.3877193   3.86666667 -1.32869279  0.19649123  4.8         0.40175439
  3.8        -1.20195961]",101.95442152023315
0.222484,[0.07296468],"[ 0.17719298  5.26666667  0.37894737  4.1        -1.6611439   0.1877193
  5.16666667  0.3877193   3.86666667 -1.32869279  0.19649123  4.8
  0.40175439  3.8        -1.20195961  0.20877193  4.7         0.41578947
  3.76666667 -0.92703533]",102.03116464614868
0.219944,[0.05579591],"[ 0.1877193   5.16666667  0.3877193   3.86666667 -1.32869279  0.19649123
  4.8         0.40175439  3.8        -1.20195961  0.20877193  4.7
  0.41578947  3.76666667 -0.92703533  0.21754386  4.8         0.42280702
  3.66666667 -0.94420409]",102.11578035354614
0.21739599999999992,[-0.41443503],"[ 0.19649123  4.8         0.40175439  3.8        -1.20195961  0.20877193
  4.7         0.41578947  3.76666667 -0.92703533  0.21754386  4.8
  0.42280702  3.66666667 -0.94420409  0.2245614   4.83333333  0.42807018
  3.66666667 -1.41443503]",102.19348430633545
0.21482799999999994,[0.40016913],"[ 0.20877193  4.7         0.41578947  3.76666667 -0.92703533  0.21754386
  4.8         0.42280702  3.66666667 -0.94420409  0.2245614   4.83333333
  0.42807018  3.66666667 -1.41443503  0.2245614   4.76666667  0.43157895
  3.7        -0.59983087]",102.27537775039673
0.214804,[-0.08832417],"[ 0.21754386  4.8         0.42280702  3.66666667 -0.94420409  0.2245614
  4.83333333  0.42807018  3.66666667 -1.41443503  0.2245614   4.76666667
  0.43157895  3.7        -0.59983087  0.22807018  4.7         0.43508772
  3.76666667 -1.08832419]",102.38019275665283
0.21988000000000002,[-0.42594796],"[ 0.2245614   4.83333333  0.42807018  3.66666667 -1.41443503  0.2245614
  4.76666667  0.43157895  3.7        -0.59983087  0.22807018  4.7
  0.43508772  3.76666667 -1.08832419  0.23684211  4.9         0.44035088
  3.7        -1.4259479 ]",102.43411660194397
0.20712000000000003,[-0.19989988],"[ 0.2245614   4.76666667  0.43157895  3.7        -0.59983087  0.22807018
  4.7         0.43508772  3.76666667 -1.08832419  0.23684211  4.9
  0.44035088  3.7        -1.4259479   0.24035088  4.93333333  0.44736842
  3.93333333 -1.19989991]",102.51231122016907
0.20204000000000005,[0.37923658],"[ 0.22807018  4.7         0.43508772  3.76666667 -1.08832419  0.23684211
  4.9         0.44035088  3.7        -1.4259479   0.24035088  4.93333333
  0.44736842  3.93333333 -1.19989991  0.24385965  4.76666667  0.45614035
  4.06666667 -0.62076342]",102.59286451339722
0.207136,[0.08408657],"[ 0.23684211  4.9         0.44035088  3.7        -1.4259479   0.24035088
  4.93333333  0.44736842  3.93333333 -1.19989991  0.24385965  4.76666667
  0.45614035  4.06666667 -0.62076342  0.25087719  4.76666667  0.46140351
  4.03333333 -0.9159134 ]",102.67318344116211
0.20967999999999995,[-0.40914515],"[ 0.24035088  4.93333333  0.44736842  3.93333333 -1.19989991  0.24385965
  4.76666667  0.45614035  4.06666667 -0.62076342  0.25087719  4.76666667
  0.46140351  4.03333333 -0.9159134   0.25789474  4.83333333  0.46666667
  3.96666667 -1.40914512]",102.77591061592102
0.1688,[-0.9024065],"[ 0.24385965  4.76666667  0.45614035  4.06666667 -0.62076342  0.25087719
  4.76666667  0.46140351  4.03333333 -0.9159134   0.25789474  4.83333333
  0.46666667  3.96666667 -1.40914512  0.26140351  4.8         0.47368421
  4.1        -1.90240645]",102.8324556350708
0.16626800000000003,[0.8368293],"[ 0.25087719  4.76666667  0.46140351  4.03333333 -0.9159134   0.25789474
  4.83333333  0.46666667  3.96666667 -1.40914512  0.26140351  4.8
  0.47368421  4.1        -1.90240645  0.26315789  4.56666667  0.4754386
  4.3        -0.1631707 ]",102.91740608215332
0.163732,[-0.18686469],"[ 0.25789474  4.83333333  0.46666667  3.96666667 -1.40914512  0.26140351
  4.8         0.47368421  4.1        -1.90240645  0.26315789  4.56666667
  0.4754386   4.3        -0.1631707   0.26491228  4.43333333  0.47894737
  4.46666667 -1.18686473]",102.98510432243347
0.17135999999999998,[-0.5971244],"[ 0.26140351  4.8         0.47368421  4.1        -1.90240645  0.26315789
  4.56666667  0.4754386   4.3        -0.1631707   0.26491228  4.43333333
  0.47894737  4.46666667 -1.18686473  0.26842105  4.6         0.48245614
  4.46666667 -1.59712434]",103.07807564735413
0.176432,[-0.77106297],"[ 0.26315789  4.56666667  0.4754386   4.3        -0.1631707   0.26491228
  4.43333333  0.47894737  4.46666667 -1.18686473  0.26842105  4.6
  0.48245614  4.46666667 -1.59712434  0.27368421  4.7         0.4877193
  4.56666667 -1.77106297]",103.16970443725586
0.173892,[0.10882383],"[ 0.26491228  4.43333333  0.47894737  4.46666667 -1.18686473  0.26842105
  4.6         0.48245614  4.46666667 -1.59712434  0.27368421  4.7
  0.4877193   4.56666667 -1.77106297  0.27894737  4.6         0.49298246
  4.83333333 -0.89117616]",103.24097180366516
0.171348,[0.4188215],"[ 0.26842105  4.6         0.48245614  4.46666667 -1.59712434  0.27368421
  4.7         0.4877193   4.56666667 -1.77106297  0.27894737  4.6
  0.49298246  4.83333333 -0.89117616  0.28596491  4.63333333  0.5
  4.93333333 -0.58117849]",103.30989480018616
0.1713,[0.8697144],"[ 0.27368421  4.7         0.4877193   4.56666667 -1.77106297  0.27894737
  4.6         0.49298246  4.83333333 -0.89117616  0.28596491  4.63333333
  0.5         4.93333333 -0.58117849  0.29473684  4.86666667  0.51052632
  4.76666667 -0.13028562]",103.40291357040405
0.16870400000000002,[0.5669805],"[ 0.27894737  4.6         0.49298246  4.83333333 -0.89117616  0.28596491
  4.63333333  0.5         4.93333333 -0.58117849  0.29473684  4.86666667
  0.51052632  4.76666667 -0.13028562  0.30350877  5.1         0.51754386
  4.6        -0.43301952]",103.49179482460022
0.163532,[0.08363938],"[ 0.28596491  4.63333333  0.5         4.93333333 -0.58117849  0.29473684
  4.86666667  0.51052632  4.76666667 -0.13028562  0.30350877  5.1
  0.51754386  4.6        -0.43301952  0.30877193  5.23333333  0.51929825
  4.46666667 -0.91636062]",103.54460906982422
0.14563200000000004,[-0.90859914],"[ 0.29473684  4.86666667  0.51052632  4.76666667 -0.13028562  0.30350877
  5.1         0.51754386  4.6        -0.43301952  0.30877193  5.23333333
  0.51929825  4.46666667 -0.91636062  0.30877193  5.2         0.51929825
  4.4        -1.90859914]",103.63424444198608
0.13799999999999998,[-0.16343912],"[ 0.30350877  5.1         0.51754386  4.6        -0.43301952  0.30877193
  5.23333333  0.51929825  4.46666667 -0.91636062  0.30877193  5.2
  0.51929825  4.4        -1.90859914  0.3122807   5.          0.52280702
  4.5        -1.16343915]",103.71072959899902
0.13292000000000004,[0.04592781],"[ 0.30877193  5.23333333  0.51929825  4.46666667 -0.91636062  0.30877193
  5.2         0.51929825  4.4        -1.90859914  0.3122807   5.
  0.52280702  4.5        -1.16343915  0.31578947  4.76666667  0.53157895
  4.7        -0.95407218]",103.79324722290039
0.14312000000000002,[0.5014807],"[ 0.30877193  5.2         0.51929825  4.4        -1.90859914  0.3122807
  5.          0.52280702  4.5        -1.16343915  0.31578947  4.76666667
  0.53157895  4.7        -0.95407218  0.32280702  4.9         0.53684211
  4.6        -0.4985193 ]",103.87284255027771
0.148208,[0.8399201],"[ 0.3122807   5.          0.52280702  4.5        -1.16343915  0.31578947
  4.76666667  0.53157895  4.7        -0.95407218  0.32280702  4.9
  0.53684211  4.6        -0.4985193   0.32982456  5.03333333  0.54210526
  4.5        -0.1600799 ]",103.95412087440491
0.150768,[-0.50778264],"[ 0.31578947  4.76666667  0.53157895  4.7        -0.95407218  0.32280702
  4.9         0.53684211  4.6        -0.4985193   0.32982456  5.03333333
  0.54210526  4.5        -0.1600799   0.34035088  5.2         0.54736842
  4.26666667 -1.5077827 ]",104.0338306427002
0.15844000000000003,[-0.4779115],"[ 0.32280702  4.9         0.53684211  4.6        -0.4985193   0.32982456
  5.03333333  0.54210526  4.5        -0.1600799   0.34035088  5.2
  0.54736842  4.26666667 -1.5077827   0.34912281  5.2         0.55438596
  4.06666667 -1.47791147]",104.11337804794312
0.15844799999999992,[0.12742235],"[ 0.32982456  5.03333333  0.54210526  4.5        -0.1600799   0.34035088
  5.2         0.54736842  4.26666667 -1.5077827   0.34912281  5.2
  0.55438596  4.06666667 -1.47791147  0.35263158  4.96666667  0.56140351
  4.2        -0.87257767]",104.19194960594177
0.15334399999999998,[0.4316746],"[ 0.34035088  5.2         0.54736842  4.26666667 -1.5077827   0.34912281
  5.2         0.55438596  4.06666667 -1.47791147  0.35263158  4.96666667
  0.56140351  4.2        -0.87257767  0.35614035  4.9         0.56842105
  4.33333333 -0.5683254 ]",104.27148604393005
0.15843599999999997,[-0.8686759],"[ 0.34912281  5.2         0.55438596  4.06666667 -1.47791147  0.35263158
  4.96666667  0.56140351  4.2        -0.87257767  0.35614035  4.9
  0.56842105  4.33333333 -0.5683254   0.36666667  5.13333333  0.57368421
  4.16666667 -1.86867595]",104.35268187522888
0.16610399999999997,[-0.6720818],"[ 0.35263158  4.96666667  0.56140351  4.2        -0.87257767  0.35614035
  4.9         0.56842105  4.33333333 -0.5683254   0.36666667  5.13333333
  0.57368421  4.16666667 -1.86867595  0.3754386   5.1         0.58070175
  4.06666667 -1.67208183]",104.43235278129578
0.168672,[0.8345239],"[ 0.35614035  4.9         0.56842105  4.33333333 -0.5683254   0.36666667
  5.13333333  0.57368421  4.16666667 -1.86867595  0.3754386   5.1
  0.58070175  4.06666667 -1.67208183  0.37894737  4.76666667  0.59122807
  4.23333333 -0.16547608]",104.51247358322144
0.18145600000000006,[0.09765404],"[ 0.36666667  5.13333333  0.57368421  4.16666667 -1.86867595  0.3754386
  5.1         0.58070175  4.06666667 -1.67208183  0.37894737  4.76666667
  0.59122807  4.23333333 -0.16547608  0.38947368  4.6         0.60175439
  4.23333333 -0.90234596]",104.59332394599915
0.19934400000000008,[-0.5705339],"[ 0.3754386   5.1         0.58070175  4.06666667 -1.67208183  0.37894737
  4.76666667  0.59122807  4.23333333 -0.16547608  0.38947368  4.6
  0.60175439  4.23333333 -0.90234596  0.40526316  4.8         0.61403509
  3.96666667 -1.57053387]",104.66273140907288
0.20447999999999994,[0.28907475],"[ 0.37894737  4.76666667  0.59122807  4.23333333 -0.16547608  0.38947368
  4.6         0.60175439  4.23333333 -0.90234596  0.40526316  4.8
  0.61403509  3.96666667 -1.57053387  0.41403509  4.7         0.6245614
  3.96666667 -0.71092522]",104.74359893798828
0.204496,[-0.91698605],"[ 0.38947368  4.6         0.60175439  4.23333333 -0.90234596  0.40526316
  4.8         0.61403509  3.96666667 -1.57053387  0.41403509  4.7
  0.6245614   3.96666667 -0.71092522  0.41929825  4.46666667  0.63157895
  4.03333333 -1.91698599]",104.82178997993469
0.204496,[0.94648474],"[ 0.40526316  4.8         0.61403509  3.96666667 -1.57053387  0.41403509
  4.7         0.6245614   3.96666667 -0.71092522  0.41929825  4.46666667
  0.63157895  4.03333333 -1.91698599  0.42631579  4.5         0.63684211
  3.8        -0.05351526]",104.90208172798157
0.20198000000000005,[0.41861016],"[ 0.41403509  4.7         0.6245614   3.96666667 -0.71092522  0.41929825
  4.46666667  0.63157895  4.03333333 -1.91698599  0.42631579  4.5
  0.63684211  3.8        -0.05351526  0.43333333  4.4         0.64561404
  3.93333333 -0.58138984]",104.98232650756836
0.209648,[0.15046048],"[ 0.41929825  4.46666667  0.63157895  4.03333333 -1.91698599  0.42631579
  4.5         0.63684211  3.8        -0.05351526  0.43333333  4.4
  0.64561404  3.93333333 -0.58138984  0.44736842  4.63333333  0.65614035
  3.86666667 -0.84953952]",105.06607747077942
0.21476,[0.8139948],"[ 0.42631579  4.5         0.63684211  3.8        -0.05351526  0.43333333
  4.4         0.64561404  3.93333333 -0.58138984  0.44736842  4.63333333
  0.65614035  3.86666667 -0.84953952  0.45614035  4.76666667  0.66491228
  3.86666667 -0.18600518]",105.15134453773499
0.227528,[0.97570497],"[ 0.43333333  4.4         0.64561404  3.93333333 -0.58138984  0.44736842
  4.63333333  0.65614035  3.86666667 -0.84953952  0.45614035  4.76666667
  0.66491228  3.86666667 -0.18600518  0.46491228  4.83333333  0.67192982
  3.83333333 -0.02429503]",105.2244656085968
0.23769200000000001,[0.6874367],"[ 0.44736842  4.63333333  0.65614035  3.86666667 -0.84953952  0.45614035
  4.76666667  0.66491228  3.86666667 -0.18600518  0.46491228  4.83333333
  0.67192982  3.83333333 -0.02429503  0.4754386   5.13333333  0.6754386
  3.83333333 -0.3125633 ]",105.30453062057495
0.24020799999999998,[0.87360805],"[ 0.45614035  4.76666667  0.66491228  3.86666667 -0.18600518  0.46491228
  4.83333333  0.67192982  3.83333333 -0.02429503  0.4754386   5.13333333
  0.6754386   3.83333333 -0.3125633   0.48070175  5.23333333  0.68070175
  3.93333333 -0.12639195]",105.38926362991333
0.23254799999999998,[0.2699897],"[ 0.46491228  4.83333333  0.67192982  3.83333333 -0.02429503  0.4754386
  5.13333333  0.6754386   3.83333333 -0.3125633   0.48070175  5.23333333
  0.68070175  3.93333333 -0.12639195  0.48245614  5.3         0.68421053
  4.         -0.73001027]",105.46455836296082
0.224892,[0.9270131],"[ 0.4754386   5.13333333  0.6754386   3.83333333 -0.3125633   0.48070175
  5.23333333  0.68070175  3.93333333 -0.12639195  0.48245614  5.3
  0.68421053  4.         -0.73001027  0.48421053  5.33333333  0.68596491
  4.03333333 -0.0729869 ]",105.55051159858704
0.20958000000000004,[0.36599717],"[ 0.48070175  5.23333333  0.68070175  3.93333333 -0.12639195  0.48245614
  5.3         0.68421053  4.         -0.73001027  0.48421053  5.33333333
  0.68596491  4.03333333 -0.0729869   0.48421053  5.3         0.6877193
  4.1        -0.6340028 ]",105.62356042861938
0.20445599999999997,[0.9221897],"[ 0.48245614  5.3         0.68421053  4.         -0.73001027  0.48421053
  5.33333333  0.68596491  4.03333333 -0.0729869   0.48421053  5.3
  0.6877193   4.1        -0.6340028   0.48947368  5.4         0.68947368
  4.03333333 -0.07781029]",105.7119710445404
0.19931200000000004,[-0.02481729],"[ 0.48421053  5.33333333  0.68596491  4.03333333 -0.0729869   0.48421053
  5.3         0.6877193   4.1        -0.6340028   0.48947368  5.4
  0.68947368  4.03333333 -0.07781029  0.48947368  5.43333333  0.68947368
  4.03333333 -1.02481735]",105.78175210952759
0.19929200000000002,[0.8371477],"[ 0.48421053  5.3         0.6877193   4.1        -0.6340028   0.48947368
  5.4         0.68947368  4.03333333 -0.07781029  0.48947368  5.43333333
  0.68947368  4.03333333 -1.02481735  0.49298246  5.53333333  0.68947368
  3.96666667 -0.16285229]",105.86960411071777
0.18398000000000003,[0.7793948],"[ 0.48947368  5.4         0.68947368  4.03333333 -0.07781029  0.48947368
  5.43333333  0.68947368  4.03333333 -1.02481735  0.49298246  5.53333333
  0.68947368  3.96666667 -0.16285229  0.49298246  5.56666667  0.69122807
  4.03333333 -0.22060519]",105.94448637962341
0.17884,[0.6353914],"[ 0.48947368  5.43333333  0.68947368  4.03333333 -1.02481735  0.49298246
  5.53333333  0.68947368  3.96666667 -0.16285229  0.49298246  5.56666667
  0.69122807  4.03333333 -0.22060519  0.49824561  5.76666667  0.69122807
  3.96666667 -0.36460859]",106.02540016174316
0.18133999999999995,[0.95388734],"[ 0.49298246  5.53333333  0.68947368  3.96666667 -0.16285229  0.49298246
  5.56666667  0.69122807  4.03333333 -0.22060519  0.49824561  5.76666667
  0.69122807  3.96666667 -0.36460859  0.50350877  5.9         0.68947368
  3.96666667 -0.04611266]",106.11808156967163
0.1710799999999999,[0.99492425],"[ 4.92982456e-01  5.56666667e+00  6.91228070e-01  4.03333333e+00
 -2.20605195e-01  4.98245614e-01  5.76666667e+00  6.91228070e-01
  3.96666667e+00 -3.64608586e-01  5.03508772e-01  5.90000000e+00
  6.89473684e-01  3.96666667e+00 -4.61126566e-02  5.07017544e-01
  6.03333333e+00  6.87719298e-01  3.93333333e+00 -5.07575274e-03]",106.18420195579529
0.1532,[-0.96471083],"[ 4.98245614e-01  5.76666667e+00  6.91228070e-01  3.96666667e+00
 -3.64608586e-01  5.03508772e-01  5.90000000e+00  6.89473684e-01
  3.96666667e+00 -4.61126566e-02  5.07017544e-01  6.03333333e+00
  6.87719298e-01  3.93333333e+00 -5.07575274e-03  5.10526316e-01
  6.13333333e+00  6.84210526e-01  3.83333333e+00 -1.96471083e+00]",106.27373600006104
0.1378560000000001,[-0.7592135],"[ 5.03508772e-01  5.90000000e+00  6.89473684e-01  3.96666667e+00
 -4.61126566e-02  5.07017544e-01  6.03333333e+00  6.87719298e-01
  3.93333333e+00 -5.07575274e-03  5.10526316e-01  6.13333333e+00
  6.84210526e-01  3.83333333e+00 -1.96471083e+00  5.08771930e-01
  6.10000000e+00  6.84210526e-01  3.76666667e+00 -1.75921345e+00]",106.3465461730957
0.11740399999999995,[0.3551832],"[ 5.07017544e-01  6.03333333e+00  6.87719298e-01  3.93333333e+00
 -5.07575274e-03  5.10526316e-01  6.13333333e+00  6.84210526e-01
  3.83333333e+00 -1.96471083e+00  5.08771930e-01  6.10000000e+00
  6.84210526e-01  3.76666667e+00 -1.75921345e+00  5.00000000e-01
  5.90000000e+00  6.85964912e-01  3.96666667e+00 -6.44816756e-01]",106.4390664100647
0.09954399999999997,[-0.91180605],"[ 0.51052632  6.13333333  0.68421053  3.83333333 -1.96471083  0.50877193
  6.1         0.68421053  3.76666667 -1.75921345  0.5         5.9
  0.68596491  3.96666667 -0.64481676  0.49473684  5.66666667  0.69298246
  4.16666667 -1.91180611]",106.50557255744934
0.09697199999999995,[0.23366863],"[ 0.50877193  6.1         0.68421053  3.76666667 -1.75921345  0.5
  5.9         0.68596491  3.96666667 -0.64481676  0.49473684  5.66666667
  0.69298246  4.16666667 -1.91180611  0.5         5.7         0.69298246
  4.         -0.76633137]",106.5885591506958
0.07912399999999997,[-0.24143818],"[ 0.5         5.9         0.68596491  3.96666667 -0.64481676  0.49473684
  5.66666667  0.69298246  4.16666667 -1.91180611  0.5         5.7
  0.69298246  4.         -0.76633137  0.50175439  5.56666667  0.69649123
  3.9        -1.24143815]",106.66413569450378
0.07404,[0.503949],"[ 0.49473684  5.66666667  0.69298246  4.16666667 -1.91180611  0.5
  5.7         0.69298246  4.         -0.76633137  0.50175439  5.56666667
  0.69649123  3.9        -1.24143815  0.50701754  5.46666667  0.70175439
  3.8        -0.49605101]",106.74827408790588
0.066388,[-0.2818595],"[ 0.5         5.7         0.69298246  4.         -0.76633137  0.50175439
  5.56666667  0.69649123  3.9        -1.24143815  0.50701754  5.46666667
  0.70175439  3.8        -0.49605101  0.51052632  5.4         0.70526316
  3.76666667 -1.28185952]",106.82286095619202
0.05873600000000001,[0.36232588],"[ 0.50175439  5.56666667  0.69649123  3.9        -1.24143815  0.50701754
  5.46666667  0.70175439  3.8        -0.49605101  0.51052632  5.4
  0.70526316  3.76666667 -1.28185952  0.51578947  5.56666667  0.70701754
  3.8        -0.63767409]",106.9055666923523
0.05363200000000001,[-0.07124425],"[ 0.50701754  5.46666667  0.70175439  3.8        -0.49605101  0.51052632
  5.4         0.70526316  3.76666667 -1.28185952  0.51578947  5.56666667
  0.70701754  3.8        -0.63767409  0.51754386  5.6         0.7122807
  4.         -1.07124424]",106.98562455177307
0.05618400000000001,[-0.3051246],"[ 0.51052632  5.4         0.70526316  3.76666667 -1.28185952  0.51578947
  5.56666667  0.70701754  3.8        -0.63767409  0.51754386  5.6
  0.7122807   4.         -1.07124424  0.52105263  5.7         0.71403509
  4.06666667 -1.30512464]",107.06217384338379
0.05108400000000002,[0.00840521],"[ 0.51578947  5.56666667  0.70701754  3.8        -0.63767409  0.51754386
  5.6         0.7122807   4.         -1.07124424  0.52105263  5.7
  0.71403509  4.06666667 -1.30512464  0.51929825  5.63333333  0.71929825
  4.23333333 -0.99159479]",107.15462112426758
0.05364000000000002,[-0.85660565],"[ 0.51754386  5.6         0.7122807   4.         -1.07124424  0.52105263
  5.7         0.71403509  4.06666667 -1.30512464  0.51929825  5.63333333
  0.71929825  4.23333333 -0.99159479  0.52105263  5.6         0.72105263
  4.3        -1.85660565]",107.24004244804382
0.04854000000000003,[-0.85271925],"[ 0.52105263  5.7         0.71403509  4.06666667 -1.30512464  0.51929825
  5.63333333  0.71929825  4.23333333 -0.99159479  0.52105263  5.6
  0.72105263  4.3        -1.85660565  0.52280702  5.6         0.7245614
  4.26666667 -1.85271931]",107.31194281578064
0.04602000000000006,[-0.3413475],"[ 0.51929825  5.63333333  0.71929825  4.23333333 -0.99159479  0.52105263
  5.6         0.72105263  4.3        -1.85660565  0.52280702  5.6
  0.7245614   4.26666667 -1.85271931  0.52105263  5.33333333  0.72982456
  4.53333333 -1.34134746]",107.38365435600281
0.04093599999999997,[-0.23661532],"[ 0.52105263  5.6         0.72105263  4.3        -1.85660565  0.52280702
  5.6         0.7245614   4.26666667 -1.85271931  0.52105263  5.33333333
  0.72982456  4.53333333 -1.34134746  0.52105263  5.2         0.73157895
  4.66666667 -1.2366153 ]",107.46199536323547
0.043491999999999975,[0.5176987],"[ 0.52280702  5.6         0.7245614   4.26666667 -1.85271931  0.52105263
  5.33333333  0.72982456  4.53333333 -1.34134746  0.52105263  5.2
  0.73157895  4.66666667 -1.2366153   0.52280702  5.23333333  0.73157895
  4.6        -0.48230129]",107.54178190231323
0.04095599999999999,[0.10665386],"[ 0.52105263  5.33333333  0.72982456  4.53333333 -1.34134746  0.52105263
  5.2         0.73157895  4.66666667 -1.2366153   0.52280702  5.23333333
  0.73157895  4.6        -0.48230129  0.52631579  5.26666667  0.73508772
  4.53333333 -0.89334613]",107.63698935508728
0.04095199999999999,[0.9270677],"[ 0.52105263  5.2         0.73157895  4.66666667 -1.2366153   0.52280702
  5.23333333  0.73157895  4.6        -0.48230129  0.52631579  5.26666667
  0.73508772  4.53333333 -0.89334613  0.53157895  5.43333333  0.73684211
  4.36666667 -0.0729323 ]",107.71589708328247
0.04352,[0.89856875],"[ 0.52280702  5.23333333  0.73157895  4.6        -0.48230129  0.52631579
  5.26666667  0.73508772  4.53333333 -0.89334613  0.53157895  5.43333333
  0.73684211  4.36666667 -0.0729323   0.53684211  5.46666667  0.74035088
  4.36666667 -0.10143125]",107.78441381454468
0.051171999999999995,[0.42025164],"[ 0.52631579  5.26666667  0.73508772  4.53333333 -0.89334613  0.53157895
  5.43333333  0.73684211  4.36666667 -0.0729323   0.53684211  5.46666667
  0.74035088  4.36666667 -0.10143125  0.54561404  5.7         0.74210526
  4.13333333 -0.57974839]",107.86186337471008
0.061375999999999986,[0.6789705],"[ 0.53157895  5.43333333  0.73684211  4.36666667 -0.0729323   0.53684211
  5.46666667  0.74035088  4.36666667 -0.10143125  0.54561404  5.7
  0.74210526  4.13333333 -0.57974839  0.55087719  5.83333333  0.74210526
  4.06666667 -0.32102948]",107.94270896911621
0.07668000000000008,[0.4574927],"[ 0.53684211  5.46666667  0.74035088  4.36666667 -0.10143125  0.54561404
  5.7         0.74210526  4.13333333 -0.57974839  0.55087719  5.83333333
  0.74210526  4.06666667 -0.32102948  0.55263158  5.9         0.74210526
  4.06666667 -0.54250729]",108.02178454399109
0.08687200000000006,[-0.60533774],"[ 0.54561404  5.7         0.74210526  4.13333333 -0.57974839  0.55087719
  5.83333333  0.74210526  4.06666667 -0.32102948  0.55263158  5.9
  0.74210526  4.06666667 -0.54250729  0.55438596  5.93333333  0.74210526
  3.93333333 -1.60533774]",108.10630178451538
0.07922800000000008,[0.09069083],"[ 0.55087719  5.83333333  0.74210526  4.06666667 -0.32102948  0.55263158
  5.9         0.74210526  4.06666667 -0.54250729  0.55438596  5.93333333
  0.74210526  3.93333333 -1.60533774  0.55438596  5.76666667  0.74210526
  3.86666667 -0.90930915]",108.20061230659485
0.07412399999999997,[-0.30861348],"[ 0.55263158  5.9         0.74210526  4.06666667 -0.54250729  0.55438596
  5.93333333  0.74210526  3.93333333 -1.60533774  0.55438596  5.76666667
  0.74210526  3.86666667 -0.90930915  0.55263158  5.56666667  0.74736842
  3.93333333 -1.30861354]",108.26602816581726
0.07411199999999996,[0.30669814],"[ 0.55438596  5.93333333  0.74210526  3.93333333 -1.60533774  0.55438596
  5.76666667  0.74210526  3.86666667 -0.90930915  0.55263158  5.56666667
  0.74736842  3.93333333 -1.30861354  0.55789474  5.56666667  0.75087719
  3.83333333 -0.69330186]",108.34319877624512
0.07155599999999995,[-0.98726255],"[ 0.55438596  5.76666667  0.74210526  3.86666667 -0.90930915  0.55263158
  5.56666667  0.74736842  3.93333333 -1.30861354  0.55789474  5.56666667
  0.75087719  3.83333333 -0.69330186  0.55964912  5.5         0.75438596
  3.8        -1.98726249]",108.42270803451538
0.06901599999999997,[0.85024196],"[ 0.55263158  5.56666667  0.74736842  3.93333333 -1.30861354  0.55789474
  5.56666667  0.75087719  3.83333333 -0.69330186  0.55964912  5.5
  0.75438596  3.8        -1.98726249  0.56315789  5.53333333  0.75614035
  3.83333333 -0.14975804]",108.50356411933899
0.06393199999999999,[-0.26234853],"[ 0.55789474  5.56666667  0.75087719  3.83333333 -0.69330186  0.55964912
  5.5         0.75438596  3.8        -1.98726249  0.56315789  5.53333333
  0.75614035  3.83333333 -0.14975804  0.56140351  5.33333333  0.76140351
  3.96666667 -1.26234853]",108.58175539970398
0.061383999999999994,[-0.19340257],"[ 0.55964912  5.5         0.75438596  3.8        -1.98726249  0.56315789
  5.53333333  0.75614035  3.83333333 -0.14975804  0.56140351  5.33333333
  0.76140351  3.96666667 -1.26234853  0.56315789  5.36666667  0.76315789
  3.9        -1.19340253]",108.66293239593506
0.06648799999999999,[-0.2369893],"[ 0.56315789  5.53333333  0.75614035  3.83333333 -0.14975804  0.56140351
  5.33333333  0.76140351  3.96666667 -1.26234853  0.56315789  5.36666667
  0.76315789  3.9        -1.19340253  0.56491228  5.36666667  0.76666667
  4.         -1.23698926]",108.74663352966309
0.06903599999999999,[-0.7301159],"[ 0.56140351  5.33333333  0.76140351  3.96666667 -1.26234853  0.56315789
  5.36666667  0.76315789  3.9        -1.19340253  0.56491228  5.36666667
  0.76666667  4.         -1.23698926  0.56842105  5.4         0.77017544
  4.13333333 -1.73011589]",108.833904504776
0.069052,[-0.20772064],"[ 0.56315789  5.36666667  0.76315789  3.9        -1.19340253  0.56491228
  5.36666667  0.76666667  4.         -1.23698926  0.56842105  5.4
  0.77017544  4.13333333 -1.73011589  0.57017544  5.26666667  0.7754386
  4.2        -1.20772064]",108.91041088104248
0.074152,[0.04858385],"[ 0.56491228  5.36666667  0.76666667  4.         -1.23698926  0.56842105
  5.4         0.77017544  4.13333333 -1.73011589  0.57017544  5.26666667
  0.7754386   4.2        -1.20772064  0.57192982  5.1         0.77894737
  4.3        -0.95141613]",108.98754715919495
0.07923600000000008,[-0.98382556],"[ 0.56842105  5.4         0.77017544  4.13333333 -1.73011589  0.57017544
  5.26666667  0.7754386   4.2        -1.20772064  0.57192982  5.1
  0.77894737  4.3        -0.95141613  0.5754386   5.2         0.77894737
  4.13333333 -1.98382556]",109.06436467170715
0.07668400000000009,[0.43576333],"[ 0.57017544  5.26666667  0.7754386   4.2        -1.20772064  0.57192982
  5.1         0.77894737  4.3        -0.95141613  0.5754386   5.2
  0.77894737  4.13333333 -1.98382556  0.5754386   5.2         0.77894737
  4.13333333 -0.56423664]",109.14637732505798
0.069044,[-0.06806777],"[ 0.57192982  5.1         0.77894737  4.3        -0.95141613  0.5754386
  5.2         0.77894737  4.13333333 -1.98382556  0.5754386   5.2
  0.77894737  4.13333333 -0.56423664  0.57368421  5.          0.78421053
  4.3        -1.06806779]",109.22284150123596
0.06906000000000001,[0.29260147],"[ 0.5754386   5.2         0.77894737  4.13333333 -1.98382556  0.5754386
  5.2         0.77894737  4.13333333 -0.56423664  0.57368421  5.
  0.78421053  4.3        -1.06806779  0.57894737  5.03333333  0.7877193
  4.16666667 -0.70739853]",109.30604028701782
0.07416400000000001,[-0.4940392],"[ 0.5754386   5.2         0.77894737  4.13333333 -0.56423664  0.57368421
  5.          0.78421053  4.3        -1.06806779  0.57894737  5.03333333
  0.7877193   4.16666667 -0.70739853  0.5877193   5.13333333  0.79298246
  4.06666667 -1.49403918]",109.38642001152039
0.07163199999999992,[0.32466838],"[ 0.57368421  5.          0.78421053  4.3        -1.06806779  0.57894737
  5.03333333  0.7877193   4.16666667 -0.70739853  0.5877193   5.13333333
  0.79298246  4.06666667 -1.49403918  0.59473684  5.16666667  0.8
  4.06666667 -0.67533159]",109.47145009040833
0.07167199999999996,[0.9894731],"[ 0.57894737  5.03333333  0.7877193   4.16666667 -0.70739853  0.5877193
  5.13333333  0.79298246  4.06666667 -1.49403918  0.59473684  5.16666667
  0.8         4.06666667 -0.67533159  0.6         4.96666667  0.80701754
  4.16666667 -0.0105269 ]",109.55174446105957
0.08443599999999996,[-0.10423914],"[ 0.5877193   5.13333333  0.79298246  4.06666667 -1.49403918  0.59473684
  5.16666667  0.8         4.06666667 -0.67533159  0.6         4.96666667
  0.80701754  4.16666667 -0.0105269   0.61052632  5.16666667  0.8122807
  3.9        -1.10423911]",109.62954902648926
