reward,action,obs,time
,,"[0.         0.         0.         0.         0.         0.
 0.         0.         0.         0.         0.         0.
 0.         0.         0.         0.03157895 5.76666667 0.24561404
 5.36666667 0.        ]",2893.3235161304474
-0.0025200000000000014,[0.7644816],"[ 0.          0.          0.          0.          0.          0.
  0.          0.          0.          0.          0.03157895  5.76666667
  0.24561404  5.36666667  0.          0.02982456  5.46666667  0.24561404
  5.5        -0.2355184 ]",2893.404968738556
0.0,[0.82989824],"[ 0.          0.          0.          0.          0.          0.03157895
  5.76666667  0.24561404  5.36666667  0.          0.02982456  5.46666667
  0.24561404  5.5        -0.2355184   0.03157895  5.76666667  0.24561404
  5.33333333 -0.17010176]",2893.45924782753
1.5999999999995185e-05,[0.79023075],"[ 0.03157895  5.76666667  0.24561404  5.36666667  0.          0.02982456
  5.46666667  0.24561404  5.5        -0.2355184   0.03157895  5.76666667
  0.24561404  5.33333333 -0.17010176  0.03157895  5.63333333  0.24561404
  5.4        -0.20976925]",2893.505749464035
1.5999999999995185e-05,[0.5736623],"[ 0.02982456  5.46666667  0.24561404  5.5        -0.2355184   0.03157895
  5.76666667  0.24561404  5.33333333 -0.17010176  0.03157895  5.63333333
  0.24561404  5.4        -0.20976925  0.03157895  5.63333333  0.24561404
  5.43333333 -0.42633772]",2893.560714006424
1.5999999999995185e-05,[-0.48754135],"[ 0.03157895  5.76666667  0.24561404  5.33333333 -0.17010176  0.03157895
  5.63333333  0.24561404  5.4        -0.20976925  0.03157895  5.63333333
  0.24561404  5.43333333 -0.42633772  0.03157895  5.63333333  0.24385965
  5.43333333 -1.48754132]",2893.6114678382874
-0.0025400000000000006,[0.08560213],"[ 0.03157895  5.63333333  0.24561404  5.4        -0.20976925  0.03157895
  5.63333333  0.24561404  5.43333333 -0.42633772  0.03157895  5.63333333
  0.24385965  5.43333333 -1.48754132  0.02982456  5.63333333  0.24561404
  5.4        -0.9143979 ]",2893.661705970764
0.0025479999999999947,[0.6109327],"[ 0.03157895  5.63333333  0.24561404  5.43333333 -0.42633772  0.03157895
  5.63333333  0.24385965  5.43333333 -1.48754132  0.02982456  5.63333333
  0.24561404  5.4        -0.9143979   0.03333333  5.83333333  0.24561404
  5.23333333 -0.38906729]",2893.7118525505066
0.005095999999999996,[0.26227465],"[ 0.03157895  5.63333333  0.24385965  5.43333333 -1.48754132  0.02982456
  5.63333333  0.24561404  5.4        -0.9143979   0.03333333  5.83333333
  0.24561404  5.23333333 -0.38906729  0.03508772  5.9         0.24561404
  5.16666667 -0.73772538]",2893.762028694153
0.0051119999999999985,[-0.12206875],"[ 0.02982456  5.63333333  0.24561404  5.4        -0.9143979   0.03333333
  5.83333333  0.24561404  5.23333333 -0.38906729  0.03508772  5.9
  0.24561404  5.16666667 -0.73772538  0.03508772  5.76666667  0.24561404
  5.3        -1.12206876]",2893.8122775554657
0.00766,[-0.44329336],"[ 0.03333333  5.83333333  0.24561404  5.23333333 -0.38906729  0.03508772
  5.9         0.24561404  5.16666667 -0.73772538  0.03508772  5.76666667
  0.24561404  5.3        -1.12206876  0.03684211  5.83333333  0.24561404
  5.26666667 -1.44329333]",2893.8627281188965
0.010215999999999996,[0.00058013],"[ 0.03508772  5.9         0.24561404  5.16666667 -0.73772538  0.03508772
  5.76666667  0.24561404  5.3        -1.12206876  0.03684211  5.83333333
  0.24561404  5.26666667 -1.44329333  0.03859649  5.83333333  0.24912281
  5.2        -0.99941987]",2893.929219484329
0.017903999999999996,[-0.7837565],"[ 0.03508772  5.76666667  0.24561404  5.3        -1.12206876  0.03684211
  5.83333333  0.24561404  5.26666667 -1.44329333  0.03859649  5.83333333
  0.24912281  5.2        -0.99941987  0.04385965  5.66666667  0.25438596
  5.36666667 -1.78375649]",2894.0092463493347
0.028127999999999997,[0.41182688],"[ 0.03684211  5.83333333  0.24561404  5.26666667 -1.44329333  0.03859649
  5.83333333  0.24912281  5.2        -0.99941987  0.04385965  5.66666667
  0.25438596  5.36666667 -1.78375649  0.05087719  5.66666667  0.26315789
  5.33333333 -0.58817315]",2894.0892210006714
0.038372,[0.11360954],"[ 0.03859649  5.83333333  0.24912281  5.2        -0.99941987  0.04385965
  5.66666667  0.25438596  5.36666667 -1.78375649  0.05087719  5.66666667
  0.26315789  5.33333333 -0.58817315  0.05789474  5.5         0.27017544
  5.46666667 -0.88639045]",2894.1691880226135
0.048588000000000006,[-0.9183639],"[ 0.04385965  5.66666667  0.25438596  5.36666667 -1.78375649  0.05087719
  5.66666667  0.26315789  5.33333333 -0.58817315  0.05789474  5.5
  0.27017544  5.46666667 -0.88639045  0.06491228  5.56666667  0.28070175
  5.4        -1.91836393]",2894.2491891384125
0.058800000000000005,[0.69667876],"[ 0.05087719  5.66666667  0.26315789  5.33333333 -0.58817315  0.05789474
  5.5         0.27017544  5.46666667 -0.88639045  0.06491228  5.56666667
  0.28070175  5.4        -1.91836393  0.07192982  5.66666667  0.28596491
  5.26666667 -0.30332124]",2894.329101085663
0.06393199999999999,[-0.45911688],"[ 0.05789474  5.5         0.27017544  5.46666667 -0.88639045  0.06491228
  5.56666667  0.28070175  5.4        -1.91836393  0.07192982  5.66666667
  0.28596491  5.26666667 -0.30332124  0.0754386   5.5         0.28947368
  5.46666667 -1.45911694]",2894.40927362442
0.074152,[0.7953739],"[ 0.06491228  5.56666667  0.28070175  5.4        -1.91836393  0.07192982
  5.66666667  0.28596491  5.26666667 -0.30332124  0.0754386   5.5
  0.28947368  5.46666667 -1.45911694  0.08245614  5.53333333  0.29473684
  5.46666667 -0.20462608]",2894.489262342453
0.08182000000000002,[0.17508607],"[ 0.07192982  5.66666667  0.28596491  5.26666667 -0.30332124  0.0754386
  5.5         0.28947368  5.46666667 -1.45911694  0.08245614  5.53333333
  0.29473684  5.46666667 -0.20462608  0.0877193   5.53333333  0.3
  5.43333333 -0.82491392]",2894.569168806076
0.09458000000000001,[-0.18760413],"[ 0.0754386   5.5         0.28947368  5.46666667 -1.45911694  0.08245614
  5.53333333  0.29473684  5.46666667 -0.20462608  0.0877193   5.53333333
  0.3         5.43333333 -0.82491392  0.09649123  5.7         0.30877193
  5.3        -1.18760419]",2894.6487576961517
0.10988000000000002,[0.15528505],"[ 0.08245614  5.53333333  0.29473684  5.46666667 -0.20462608  0.0877193
  5.53333333  0.3         5.43333333 -0.82491392  0.09649123  5.7
  0.30877193  5.3        -1.18760419  0.10526316  5.7         0.31929825
  5.23333333 -0.84471494]",2894.7239871025085
0.11248,[0.11306588],"[ 0.0877193   5.53333333  0.3         5.43333333 -0.82491392  0.09649123
  5.7         0.30877193  5.3        -1.18760419  0.10526316  5.7
  0.31929825  5.23333333 -0.84471494  0.10877193  5.63333333  0.32631579
  5.26666667 -0.8869341 ]",2894.8033089637756
0.12012,[0.3310956],"[ 0.09649123  5.7         0.30877193  5.3        -1.18760419  0.10526316
  5.7         0.31929825  5.23333333 -0.84471494  0.10877193  5.63333333
  0.32631579  5.26666667 -0.8869341   0.11403509  5.73333333  0.33508772
  5.16666667 -0.66890442]",2894.8872656822205
0.13032400000000002,[-0.5030883],"[ 0.10526316  5.7         0.31929825  5.23333333 -0.84471494  0.10877193
  5.63333333  0.32631579  5.26666667 -0.8869341   0.11403509  5.73333333
  0.33508772  5.16666667 -0.66890442  0.12105263  5.9         0.34210526
  5.03333333 -1.50308824]",2894.9632127285004
0.16613999999999998,[-0.6157313],"[ 0.10877193  5.63333333  0.32631579  5.26666667 -0.8869341   0.11403509
  5.73333333  0.33508772  5.16666667 -0.66890442  0.12105263  5.9
  0.34210526  5.03333333 -1.50308824  0.14561404  5.63333333  0.34736842
  5.03333333 -1.61573124]",2895.043372154236
0.16616399999999998,[0.57035387],"[ 0.11403509  5.73333333  0.33508772  5.16666667 -0.66890442  0.12105263
  5.9         0.34210526  5.03333333 -1.50308824  0.14561404  5.63333333
  0.34736842  5.03333333 -1.61573124  0.14385965  5.43333333  0.35087719
  5.3        -0.42964613]",2895.123356819153
0.16619199999999998,[-0.17460927],"[ 0.12105263  5.9         0.34210526  5.03333333 -1.50308824  0.14561404
  5.63333333  0.34736842  5.03333333 -1.61573124  0.14385965  5.43333333
  0.35087719  5.3        -0.42964613  0.14736842  5.4         0.35614035
  5.33333333 -1.1746093 ]",2895.202640771866
0.17129599999999998,[0.068003],"[ 0.14561404  5.63333333  0.34736842  5.03333333 -1.61573124  0.14385965
  5.43333333  0.35087719  5.3        -0.42964613  0.14736842  5.4
  0.35614035  5.33333333 -1.1746093   0.15263158  5.53333333  0.36140351
  5.13333333 -0.931997  ]",2895.282534837723
0.17895199999999997,[-0.503989],"[ 0.14385965  5.43333333  0.35087719  5.3        -0.42964613  0.14736842
  5.4         0.35614035  5.33333333 -1.1746093   0.15263158  5.53333333
  0.36140351  5.13333333 -0.931997    0.15789474  5.5         0.36842105
  5.1        -1.50398898]",2895.362855195999
0.189188,[0.07038254],"[ 0.14736842  5.4         0.35614035  5.33333333 -1.1746093   0.15263158
  5.53333333  0.36140351  5.13333333 -0.931997    0.15789474  5.5
  0.36842105  5.1        -1.50398898  0.16666667  5.46666667  0.37894737
  5.16666667 -0.92961746]",2895.4473016262054
0.196868,[0.4253423],"[ 0.15263158  5.53333333  0.36140351  5.13333333 -0.931997    0.15789474
  5.5         0.36842105  5.1        -1.50398898  0.16666667  5.46666667
  0.37894737  5.16666667 -0.92961746  0.17368421  5.36666667  0.38947368
  5.23333333 -0.57465768]",2895.5237267017365
0.204496,[-0.38768387],"[ 0.15789474  5.5         0.36842105  5.1        -1.50398898  0.16666667
  5.46666667  0.37894737  5.16666667 -0.92961746  0.17368421  5.36666667
  0.38947368  5.23333333 -0.57465768  0.18421053  5.53333333  0.39649123
  4.96666667 -1.38768387]",2895.606467962265
0.20449200000000003,[-0.52041304],"[ 0.16666667  5.46666667  0.37894737  5.16666667 -0.92961746  0.17368421
  5.36666667  0.38947368  5.23333333 -0.57465768  0.18421053  5.53333333
  0.39649123  4.96666667 -1.38768387  0.19122807  5.56666667  0.40350877
  4.86666667 -1.52041304]",2895.688825368881
0.199384,[-0.8880879],"[ 0.17368421  5.36666667  0.38947368  5.23333333 -0.57465768  0.18421053
  5.53333333  0.39649123  4.96666667 -1.38768387  0.19122807  5.56666667
  0.40350877  4.86666667 -1.52041304  0.19473684  5.36666667  0.40701754
  5.03333333 -1.88808799]",2895.7694630622864
0.19429600000000002,[-0.59645104],"[ 0.18421053  5.53333333  0.39649123  4.96666667 -1.38768387  0.19122807
  5.56666667  0.40350877  4.86666667 -1.52041304  0.19473684  5.36666667
  0.40701754  5.03333333 -1.88808799  0.19824561  5.23333333  0.4122807
  5.2        -1.59645104]",2895.8493077754974
0.194324,[0.47921118],"[ 0.19122807  5.56666667  0.40350877  4.86666667 -1.52041304  0.19473684
  5.36666667  0.40701754  5.03333333 -1.88808799  0.19824561  5.23333333
  0.4122807   5.2        -1.59645104  0.20526316  5.1         0.41929825
  5.3        -0.52078879]",2895.9229888916016
0.20197199999999998,[-0.834512],"[ 0.19473684  5.36666667  0.40701754  5.03333333 -1.88808799  0.19824561
  5.23333333  0.4122807   5.2        -1.59645104  0.20526316  5.1
  0.41929825  5.3        -0.52078879  0.21403509  5.1         0.42982456
  5.3        -1.834512  ]",2896.0086903572083
0.20707599999999998,[-0.6245538],"[ 0.19824561  5.23333333  0.4122807   5.2        -1.59645104  0.20526316
  5.1         0.41929825  5.3        -0.52078879  0.21403509  5.1
  0.42982456  5.3        -1.834512    0.2245614   5.2         0.44035088
  5.2        -1.6245538 ]",2896.08269071579
0.20965599999999998,[-0.2787298],"[ 0.20526316  5.1         0.41929825  5.3        -0.52078879  0.21403509
  5.1         0.42982456  5.3        -1.834512    0.2245614   5.2
  0.44035088  5.2        -1.6245538   0.23157895  5.          0.44561404
  5.43333333 -1.2787298 ]",2896.162796020508
0.20968800000000004,[0.91402066],"[ 0.21403509  5.1         0.42982456  5.3        -1.834512    0.2245614
  5.2         0.44035088  5.2        -1.6245538   0.23157895  5.
  0.44561404  5.43333333 -1.2787298   0.24035088  4.9         0.45263158
  5.5        -0.08597934]",2896.2472298145294
0.207116,[-0.7100851],"[ 0.2245614   5.2         0.44035088  5.2        -1.6245538   0.23157895
  5.          0.44561404  5.43333333 -1.2787298   0.24035088  4.9
  0.45263158  5.5        -0.08597934  0.24736842  5.03333333  0.46140351
  5.33333333 -1.71008515]",2896.3294734954834
0.2122,[-0.45104772],"[ 0.23157895  5.          0.44561404  5.43333333 -1.2787298   0.24035088
  4.9         0.45263158  5.5        -0.08597934  0.24736842  5.03333333
  0.46140351  5.33333333 -1.71008515  0.25438596  5.2         0.47192982
  5.16666667 -1.45104766]",2896.409199476242
0.21478000000000003,[-0.17485815],"[ 0.24035088  4.9         0.45263158  5.5        -0.08597934  0.24736842
  5.03333333  0.46140351  5.33333333 -1.71008515  0.25438596  5.2
  0.47192982  5.16666667 -1.45104766  0.26140351  5.1         0.4754386
  5.33333333 -1.17485809]",2896.4892456531525
0.21481199999999995,[-0.30345425],"[ 0.24736842  5.03333333  0.46140351  5.33333333 -1.71008515  0.25438596
  5.2         0.47192982  5.16666667 -1.45104766  0.26140351  5.1
  0.4754386   5.33333333 -1.17485809  0.26842105  5.          0.48070175
  5.53333333 -1.30345428]",2896.5626871585846
0.191768,[-0.5017876],"[ 0.25438596  5.2         0.47192982  5.16666667 -1.45104766  0.26140351
  5.1         0.4754386   5.33333333 -1.17485809  0.26842105  5.
  0.48070175  5.53333333 -1.30345428  0.27719298  5.06666667  0.48947368
  5.56666667 -1.50178766]",2896.6490795612335
0.21220000000000003,[-0.32416424],"[ 0.26140351  5.1         0.4754386   5.33333333 -1.17485809  0.26842105
  5.          0.48070175  5.53333333 -1.30345428  0.27719298  5.06666667
  0.48947368  5.56666667 -1.50178766  0.28947368  5.          0.50175439
  5.7        -1.32416427]",2896.7288637161255
0.21986,[-0.965318],"[ 0.26842105  5.          0.48070175  5.53333333 -1.30345428  0.27719298
  5.06666667  0.48947368  5.56666667 -1.50178766  0.28947368  5.
  0.50175439  5.7        -1.32416427  0.29824561  5.03333333  0.51052632
  5.8        -1.96531796]",2896.8093349933624
0.22498,[0.05999266],"[ 0.27719298  5.06666667  0.48947368  5.56666667 -1.50178766  0.28947368
  5.          0.50175439  5.7        -1.32416427  0.29824561  5.03333333
  0.51052632  5.8        -1.96531796  0.30701754  5.1         0.51754386
  5.93333333 -0.94000733]",2896.8825793266296
0.22754400000000005,[0.6437479],"[ 0.28947368  5.          0.50175439  5.7        -1.32416427  0.29824561
  5.03333333  0.51052632  5.8        -1.96531796  0.30701754  5.1
  0.51754386  5.93333333 -0.94000733  0.31403509  5.          0.52105263
  6.16666667 -0.35625207]",2896.9649925231934
0.21985199999999994,[0.83622164],"[ 0.29824561  5.03333333  0.51052632  5.8        -1.96531796  0.30701754
  5.1         0.51754386  5.93333333 -0.94000733  0.31403509  5.
  0.52105263  6.16666667 -0.35625207  0.31754386  5.16666667  0.52631579
  6.06666667 -0.16377836]",2897.044544696808
0.21468799999999993,[-0.16087864],"[ 0.30701754  5.1         0.51754386  5.93333333 -0.94000733  0.31403509
  5.          0.52105263  6.16666667 -0.35625207  0.31754386  5.16666667
  0.52631579  6.06666667 -0.16377836  0.32105263  5.5         0.53508772
  5.73333333 -1.16087866]",2897.124068260193
0.20702399999999996,[-0.49042505],"[ 0.31403509  5.          0.52105263  6.16666667 -0.35625207  0.31754386
  5.16666667  0.52631579  6.06666667 -0.16377836  0.32105263  5.5
  0.53508772  5.73333333 -1.16087866  0.32631579  5.63333333  0.53859649
  5.56666667 -1.49042511]",2897.2073884010315
0.20704000000000003,[0.46410185],"[ 0.31754386  5.16666667  0.52631579  6.06666667 -0.16377836  0.32105263
  5.5         0.53508772  5.73333333 -1.16087866  0.32631579  5.63333333
  0.53859649  5.56666667 -1.49042511  0.33333333  5.53333333  0.54561404
  5.73333333 -0.53589815]",2897.288442134857
0.214684,[-0.15037468],"[ 0.32105263  5.5         0.53508772  5.73333333 -1.16087866  0.32631579
  5.63333333  0.53859649  5.56666667 -1.49042511  0.33333333  5.53333333
  0.54561404  5.73333333 -0.53589815  0.34210526  5.53333333  0.55438596
  5.83333333 -1.15037465]",2897.362607717514
0.229976,[0.3433082],"[ 0.32631579  5.63333333  0.53859649  5.56666667 -1.49042511  0.33333333
  5.53333333  0.54561404  5.73333333 -0.53589815  0.34210526  5.53333333
  0.55438596  5.83333333 -1.15037465  0.35614035  5.76666667  0.56842105
  5.63333333 -0.65669179]",2897.4472386837006
0.23762,[0.70598936],"[ 0.33333333  5.53333333  0.54561404  5.73333333 -0.53589815  0.34210526
  5.53333333  0.55438596  5.83333333 -1.15037465  0.35614035  5.76666667
  0.56842105  5.63333333 -0.65669179  0.36842105  5.83333333  0.58245614
  5.6        -0.29401064]",2897.52876830101
0.245264,[0.28223807],"[ 0.34210526  5.53333333  0.55438596  5.83333333 -1.15037465  0.35614035
  5.76666667  0.56842105  5.63333333 -0.65669179  0.36842105  5.83333333
  0.58245614  5.6        -0.29401064  0.38245614  6.03333333  0.59298246
  5.46666667 -0.71776193]",2897.608625650406
0.24525999999999998,[-0.63962007],"[ 0.35614035  5.76666667  0.56842105  5.63333333 -0.65669179  0.36842105
  5.83333333  0.58245614  5.6        -0.29401064  0.38245614  6.03333333
  0.59298246  5.46666667 -0.71776193  0.39298246  6.16666667  0.6
  5.36666667 -1.63962007]",2897.6891207695007
0.242692,[-0.7068145],"[ 0.36842105  5.83333333  0.58245614  5.6        -0.29401064  0.38245614
  6.03333333  0.59298246  5.46666667 -0.71776193  0.39298246  6.16666667
  0.6         5.36666667 -1.63962007  0.39824561  6.06666667  0.60701754
  5.36666667 -1.70681453]",2897.764180421829
0.22993600000000008,[-0.61509705],"[ 0.38245614  6.03333333  0.59298246  5.46666667 -0.71776193  0.39298246
  6.16666667  0.6         5.36666667 -1.63962007  0.39824561  6.06666667
  0.60701754  5.36666667 -1.70681453  0.39824561  5.76666667  0.6122807
  5.53333333 -1.61509705]",2897.842794418335
0.22740800000000014,[-0.6672954],"[ 0.39298246  6.16666667  0.6         5.36666667 -1.63962007  0.39824561
  6.06666667  0.60701754  5.36666667 -1.70681453  0.39824561  5.76666667
  0.6122807   5.53333333 -1.61509705  0.40350877  5.66666667  0.61578947
  5.66666667 -1.66729546]",2897.9273381233215
0.227432,[-0.37056515],"[ 0.39824561  6.06666667  0.60701754  5.36666667 -1.70681453  0.39824561
  5.76666667  0.6122807   5.53333333 -1.61509705  0.40350877  5.66666667
  0.61578947  5.66666667 -1.66729546  0.41052632  5.63333333  0.62280702
  5.76666667 -1.37056518]",2898.0073521137238
0.227424,[0.17617308],"[ 0.39824561  5.76666667  0.6122807   5.53333333 -1.61509705  0.40350877
  5.66666667  0.61578947  5.66666667 -1.66729546  0.41052632  5.63333333
  0.62280702  5.76666667 -1.37056518  0.41754386  5.6         0.63157895
  5.86666667 -0.82382691]",2898.0873141288757
0.23251999999999998,[-0.6227238],"[ 0.40350877  5.66666667  0.61578947  5.66666667 -1.66729546  0.41052632
  5.63333333  0.62280702  5.76666667 -1.37056518  0.41754386  5.6
  0.63157895  5.86666667 -0.82382691  0.42807018  5.63333333  0.64210526
  5.8        -1.62272382]",2898.169322490692
0.235084,[0.50870776],"[ 0.41052632  5.63333333  0.62280702  5.76666667 -1.37056518  0.41754386
  5.6         0.63157895  5.86666667 -0.82382691  0.42807018  5.63333333
  0.64210526  5.8        -1.62272382  0.43859649  5.63333333  0.65087719
  5.7        -0.49129224]",2898.2466909885406
0.22488000000000002,[0.0609544],"[ 0.41754386  5.6         0.63157895  5.86666667 -0.82382691  0.42807018
  5.63333333  0.64210526  5.8        -1.62272382  0.43859649  5.63333333
  0.65087719  5.7        -0.49129224  0.44385965  5.4         0.65614035
  5.83333333 -0.93904561]",2898.3227458000183
0.2197680000000001,[-0.12693197],"[ 0.42807018  5.63333333  0.64210526  5.8        -1.62272382  0.43859649
  5.63333333  0.65087719  5.7        -0.49129224  0.44385965  5.4
  0.65614035  5.83333333 -0.93904561  0.44912281  5.43333333  0.66140351
  5.9        -1.12693191]",2898.405296087265
0.21464000000000003,[0.74888206],"[ 0.43859649  5.63333333  0.65087719  5.7        -0.49129224  0.44385965
  5.4         0.65614035  5.83333333 -0.93904561  0.44912281  5.43333333
  0.66140351  5.9        -1.12693191  0.45438596  5.63333333  0.66842105
  5.83333333 -0.25111794]",2898.483055830002
0.21206000000000005,[0.61096156],"[ 0.44385965  5.4         0.65614035  5.83333333 -0.93904561  0.44912281
  5.43333333  0.66140351  5.9        -1.12693191  0.45438596  5.63333333
  0.66842105  5.83333333 -0.25111794  0.45964912  5.73333333  0.67192982
  5.83333333 -0.38903844]",2898.562669992447
0.217164,[0.7668339],"[ 0.44912281  5.43333333  0.66140351  5.9        -1.12693191  0.45438596
  5.63333333  0.66842105  5.83333333 -0.25111794  0.45964912  5.73333333
  0.67192982  5.83333333 -0.38903844  0.46666667  5.96666667  0.67894737
  5.63333333 -0.2331661 ]",2898.6524131298065
0.224864,[-0.86146945],"[ 0.45438596  5.63333333  0.66842105  5.83333333 -0.25111794  0.45964912
  5.73333333  0.67192982  5.83333333 -0.38903844  0.46666667  5.96666667
  0.67894737  5.63333333 -0.2331661   0.4754386   6.03333333  0.68421053
  5.5        -1.86146951]",2898.729059457779
0.224876,[-0.48087677],"[ 0.45964912  5.73333333  0.67192982  5.83333333 -0.38903844  0.46666667
  5.96666667  0.67894737  5.63333333 -0.2331661   0.4754386   6.03333333
  0.68421053  5.5        -1.86146951  0.48070175  6.06666667  0.68947368
  5.4        -1.4808768 ]",2898.8092238903046
0.21721200000000002,[-0.6108787],"[ 0.46666667  5.96666667  0.67894737  5.63333333 -0.2331661   0.4754386
  6.03333333  0.68421053  5.5        -1.86146951  0.48070175  6.06666667
  0.68947368  5.4        -1.4808768   0.48245614  5.93333333  0.69473684
  5.53333333 -1.61087871]",2898.8831572532654
0.21211599999999997,[-0.09844364],"[ 0.4754386   6.03333333  0.68421053  5.5        -1.86146951  0.48070175
  6.06666667  0.68947368  5.4        -1.4808768   0.48245614  5.93333333
  0.69473684  5.53333333 -1.61087871  0.4877193   5.8         0.7
  5.83333333 -1.09844363]",2898.9692425727844
0.20191999999999996,[-0.81535685],"[ 0.48070175  6.06666667  0.68947368  5.4        -1.4808768   0.48245614
  5.93333333  0.69473684  5.53333333 -1.61087871  0.4877193   5.8
  0.7         5.83333333 -1.09844363  0.49473684  5.8         0.70701754
  5.86666667 -1.81535685]",2899.049352645874
0.19425599999999998,[-0.527819],"[ 0.48245614  5.93333333  0.69473684  5.53333333 -1.61087871  0.4877193
  5.8         0.7         5.83333333 -1.09844363  0.49473684  5.8
  0.70701754  5.86666667 -1.81535685  0.50175439  5.83333333  0.71403509
  5.83333333 -1.52781892]",2899.1294362545013
0.18919200000000003,[0.47967562],"[ 0.4877193   5.8         0.7         5.83333333 -1.09844363  0.49473684
  5.8         0.70701754  5.86666667 -1.81535685  0.50175439  5.83333333
  0.71403509  5.83333333 -1.52781892  0.5122807   5.63333333  0.72280702
  6.         -0.52032435]",2899.2093317508698
0.18665600000000004,[-0.77305984],"[ 0.49473684  5.8         0.70701754  5.86666667 -1.81535685  0.50175439
  5.83333333  0.71403509  5.83333333 -1.52781892  0.5122807   5.63333333
  0.72280702  6.         -0.52032435  0.52105263  5.6         0.73157895
  5.96666667 -1.77305984]",2899.2891771793365
0.189172,[0.20306036],"[ 0.50175439  5.83333333  0.71403509  5.83333333 -1.52781892  0.5122807
  5.63333333  0.72280702  6.         -0.52032435  0.52105263  5.6
  0.73157895  5.96666667 -1.77305984  0.52807018  5.83333333  0.74035088
  5.76666667 -0.79693961]",2899.3690650463104
0.199368,[-0.8242313],"[ 0.5122807   5.63333333  0.72280702  6.         -0.52032435  0.52105263
  5.6         0.73157895  5.96666667 -1.77305984  0.52807018  5.83333333
  0.74035088  5.76666667 -0.79693961  0.53508772  5.76666667  0.74561404
  5.86666667 -1.82423139]",2899.449278116226
0.19934799999999997,[0.5819982],"[ 0.52105263  5.6         0.73157895  5.96666667 -1.77305984  0.52807018
  5.83333333  0.74035088  5.76666667 -0.79693961  0.53508772  5.76666667
  0.74561404  5.86666667 -1.82423139  0.54035088  5.83333333  0.75263158
  5.9        -0.41800177]",2899.529360294342
0.1993560000000001,[-0.00265836],"[ 0.52807018  5.83333333  0.74035088  5.76666667 -0.79693961  0.53508772
  5.76666667  0.74561404  5.86666667 -1.82423139  0.54035088  5.83333333
  0.75263158  5.9        -0.41800177  0.54736842  5.73333333  0.75964912
  6.         -1.00265837]",2899.6091272830963
0.2019000000000001,[0.7931392],"[ 0.53508772  5.76666667  0.74561404  5.86666667 -1.82423139  0.54035088
  5.83333333  0.75263158  5.9        -0.41800177  0.54736842  5.73333333
  0.75964912  6.         -1.00265837  0.55614035  5.8         0.76842105
  5.93333333 -0.20686078]",2899.6892189979553
0.19933200000000006,[-0.7309345],"[ 0.54035088  5.83333333  0.75263158  5.9        -0.41800177  0.54736842
  5.73333333  0.75964912  6.         -1.00265837  0.55614035  5.8
  0.76842105  5.93333333 -0.20686078  0.56491228  5.93333333  0.77719298
  5.76666667 -1.7309345 ]",2899.7691555023193
0.19675200000000004,[0.8417969],"[ 0.54736842  5.73333333  0.75964912  6.         -1.00265837  0.55614035
  5.8         0.76842105  5.93333333 -0.20686078  0.56491228  5.93333333
  0.77719298  5.76666667 -1.7309345   0.57368421  6.13333333  0.78421053
  5.63333333 -0.15820312]",2899.849421977997
0.19928400000000002,[0.47446072],"[ 0.55614035  5.8         0.76842105  5.93333333 -0.20686078  0.56491228
  5.93333333  0.77719298  5.76666667 -1.7309345   0.57368421  6.13333333
  0.78421053  5.63333333 -0.15820312  0.58070175  6.1         0.79122807
  5.7        -0.52553928]",2899.929337978363
0.19928,[-0.7659356],"[ 0.56491228  5.93333333  0.77719298  5.76666667 -1.7309345   0.57368421
  6.13333333  0.78421053  5.63333333 -0.15820312  0.58070175  6.1
  0.79122807  5.7        -0.52553928  0.58596491  6.16666667  0.79649123
  5.6        -1.76593566]",2900.0091552734375
0.2018559999999999,[0.29622093],"[ 0.57368421  6.13333333  0.78421053  5.63333333 -0.15820312  0.58070175
  6.1         0.79122807  5.7        -0.52553928  0.58596491  6.16666667
  0.79649123  5.6        -1.76593566  0.59298246  6.2         0.80175439
  5.46666667 -0.7037791 ]",2900.0892055034637
0.20444799999999996,[0.22096577],"[ 0.58070175  6.1         0.79122807  5.7        -0.52553928  0.58596491
  6.16666667  0.79649123  5.6        -1.76593566  0.59298246  6.2
  0.80175439  5.46666667 -0.7037791   0.6         6.          0.81052632
  5.6        -0.77903426]",2900.162923812866
0.20446799999999996,[-0.27322248],"[ 0.58596491  6.16666667  0.79649123  5.6        -1.76593566  0.59298246
  6.2         0.80175439  5.46666667 -0.7037791   0.6         6.
  0.81052632  5.6        -0.77903426  0.60701754  6.06666667  0.81754386
  5.53333333 -1.27322245]",2900.249086380005
0.20447600000000002,[0.4401451],"[ 0.59298246  6.2         0.80175439  5.46666667 -0.7037791   0.6
  6.          0.81052632  5.6        -0.77903426  0.60701754  6.06666667
  0.81754386  5.53333333 -1.27322245  0.61578947  6.06666667  0.8245614
  5.46666667 -0.55985487]",2900.3294587135315
0.20704000000000003,[-0.48314565],"[ 0.6         6.          0.81052632  5.6        -0.77903426  0.60701754
  6.06666667  0.81754386  5.53333333 -1.27322245  0.61578947  6.06666667
  0.8245614   5.46666667 -0.55985487  0.62280702  6.03333333  0.83333333
  5.5        -1.48314571]",2900.4092082977295
0.219792,[-0.6445423],"[ 0.60701754  6.06666667  0.81754386  5.53333333 -1.27322245  0.61578947
  6.06666667  0.8245614   5.46666667 -0.55985487  0.62280702  6.03333333
  0.83333333  5.5        -1.48314571  0.63333333  6.13333333  0.84035088
  5.3        -1.64454222]",2900.489263534546
0.2197960000000001,[-0.8410253],"[ 0.61578947  6.06666667  0.8245614   5.46666667 -0.55985487  0.62280702
  6.03333333  0.83333333  5.5        -1.48314571  0.63333333  6.13333333
  0.84035088  5.3        -1.64454222  0.63859649  5.96666667  0.84912281
  5.36666667 -1.84102535]",2900.5692903995514
0.21982400000000002,[-0.7575357],"[ 0.62280702  6.03333333  0.83333333  5.5        -1.48314571  0.63333333
  6.13333333  0.84035088  5.3        -1.64454222  0.63859649  5.96666667
  0.84912281  5.36666667 -1.84102535  0.64561404  5.73333333  0.85789474
  5.56666667 -1.7575357 ]",2900.652728319168
0.21984000000000004,[0.6848249],"[ 0.63333333  6.13333333  0.84035088  5.3        -1.64454222  0.63859649
  5.96666667  0.84912281  5.36666667 -1.84102535  0.64561404  5.73333333
  0.85789474  5.56666667 -1.7575357   0.65263158  5.63333333  0.86491228
  5.66666667 -0.31517512]",2900.7239871025085
0.21470799999999998,[-0.8733939],"[ 0.63859649  5.96666667  0.84912281  5.36666667 -1.84102535  0.64561404
  5.73333333  0.85789474  5.56666667 -1.7575357   0.65263158  5.63333333
  0.86491228  5.66666667 -0.31517512  0.65964912  5.6         0.87192982
  5.7        -1.87339389]",2900.8033995628357
0.21214,[-0.8150743],"[ 0.64561404  5.73333333  0.85789474  5.56666667 -1.7575357   0.65263158
  5.63333333  0.86491228  5.66666667 -0.31517512  0.65964912  5.6
  0.87192982  5.7        -1.87339389  0.66666667  5.66666667  0.87894737
  5.66666667 -1.81507432]",2900.889540910721
0.21475199999999997,[0.355913],"[ 0.65263158  5.63333333  0.86491228  5.66666667 -0.31517512  0.65964912
  5.6         0.87192982  5.7        -1.87339389  0.66666667  5.66666667
  0.87894737  5.66666667 -1.81507432  0.6754386   5.43333333  0.88596491
  5.83333333 -0.64408696]",2900.9691050052643
0.21220399999999998,[-0.55249393],"[ 0.65964912  5.6         0.87192982  5.7        -1.87339389  0.66666667
  5.66666667  0.87894737  5.66666667 -1.81507432  0.6754386   5.43333333
  0.88596491  5.83333333 -0.64408696  0.68070175  5.3         0.89122807
  5.93333333 -1.55249393]",2901.049177646637
0.2121959999999999,[-0.9866981],"[ 0.66666667  5.66666667  0.87894737  5.66666667 -1.81507432  0.6754386
  5.43333333  0.88596491  5.83333333 -0.64408696  0.68070175  5.3
  0.89122807  5.93333333 -1.55249393  0.68596491  5.43333333  0.89824561
  5.8        -1.98669815]",2901.130043745041
0.21220000000000008,[0.52781314],"[ 0.6754386   5.43333333  0.88596491  5.83333333 -0.64408696  0.68070175
  5.3         0.89122807  5.93333333 -1.55249393  0.68596491  5.43333333
  0.89824561  5.8        -1.98669815  0.69298246  5.3         0.90350877
  5.9        -0.47218686]",2901.209321975708
0.21478399999999995,[0.44321933],"[ 0.68070175  5.3         0.89122807  5.93333333 -1.55249393  0.68596491
  5.43333333  0.89824561  5.8        -1.98669815  0.69298246  5.3
  0.90350877  5.9        -0.47218686  0.70350877  5.13333333  0.90877193
  6.2        -0.5567807 ]",2901.28919839859
0.20965999999999987,[-0.39512277],"[ 0.68596491  5.43333333  0.89824561  5.8        -1.98669815  0.69298246
  5.3         0.90350877  5.9        -0.47218686  0.70350877  5.13333333
  0.90877193  6.2        -0.5567807   0.70877193  5.36666667  0.91929825
  6.16666667 -1.39512277]",2901.3693730831146
0.2096520000000001,[-0.59409225],"[ 0.69298246  5.3         0.90350877  5.9        -0.47218686  0.70350877
  5.13333333  0.90877193  6.2        -0.5567807   0.70877193  5.36666667
  0.91929825  6.16666667 -1.39512277  0.71754386  5.63333333  0.92982456
  5.96666667 -1.59409225]",2901.449387550354
0.21477599999999986,[-0.45398587],"[ 0.70350877  5.13333333  0.90877193  6.2        -0.5567807   0.70877193
  5.36666667  0.91929825  6.16666667 -1.39512277  0.71754386  5.63333333
  0.92982456  5.96666667 -1.59409225  0.72807018  5.5         0.93859649
  6.1        -1.45398593]",2901.529245376587
0.222464,[0.21929596],"[ 0.70877193  5.36666667  0.91929825  6.16666667 -1.39512277  0.71754386
  5.63333333  0.92982456  5.96666667 -1.59409225  0.72807018  5.5
  0.93859649  6.1        -1.45398593  0.73859649  5.4         0.94561404
  6.3        -0.78070402]",2901.609327316284
0.2250080000000001,[-0.22739568],"[ 0.71754386  5.63333333  0.92982456  5.96666667 -1.59409225  0.72807018
  5.5         0.93859649  6.1        -1.45398593  0.73859649  5.4
  0.94561404  6.3        -0.78070402  0.74736842  5.53333333  0.95614035
  6.36666667 -1.22739565]",2901.689206838608
0.23007200000000005,[-0.7637428],"[ 0.72807018  5.5         0.93859649  6.1        -1.45398593  0.73859649
  5.4         0.94561404  6.3        -0.78070402  0.74736842  5.53333333
  0.95614035  6.36666667 -1.22739565  0.75789474  5.73333333  0.96842105
  6.33333333 -1.7637428 ]",2901.769280195236
0.23775999999999997,[-0.5926577],"[ 0.73859649  5.4         0.94561404  6.3        -0.78070402  0.74736842
  5.53333333  0.95614035  6.36666667 -1.22739565  0.75789474  5.73333333
  0.96842105  6.33333333 -1.7637428   0.77017544  5.63333333  0.97719298
  6.5        -1.59265769]",2901.8492715358734
0.2403280000000001,[-0.31284443],"[ 0.74736842  5.53333333  0.95614035  6.36666667 -1.22739565  0.75789474
  5.73333333  0.96842105  6.33333333 -1.7637428   0.77017544  5.63333333
  0.97719298  6.5        -1.59265769  0.78070175  5.53333333  0.98245614
  6.8        -1.3128444 ]",2901.929411649704
0.24031999999999995,[-0.30963686],"[ 0.75789474  5.73333333  0.96842105  6.33333333 -1.7637428   0.77017544
  5.63333333  0.97719298  6.5        -1.59265769  0.78070175  5.53333333
  0.98245614  6.8        -1.3128444   0.7877193   5.56666667  0.9877193
  6.86666667 -1.30963683]",2902.009378671646
0.23521199999999998,[-0.776295],"[ 0.77017544  5.63333333  0.97719298  6.5        -1.59265769  0.78070175
  5.53333333  0.98245614  6.8        -1.3128444   0.7877193   5.56666667
  0.9877193   6.86666667 -1.30963683  0.79473684  5.63333333  0.99649123
  6.9        -1.77629495]",2902.0890848636627
0.240304,[-0.81465083],"[ 0.78070175  5.53333333  0.98245614  6.8        -1.3128444   0.7877193
  5.56666667  0.9877193   6.86666667 -1.30963683  0.79473684  5.63333333
  0.99649123  6.9        -1.77629495  0.80350877  5.63333333  1.00175439
  7.06666667 -1.81465077]",2902.1654665470123
0.24283200000000008,[0.44915882],"[ 0.7877193   5.56666667  0.9877193   6.86666667 -1.30963683  0.79473684
  5.63333333  0.99649123  6.9        -1.77629495  0.80350877  5.63333333
  1.00175439  7.06666667 -1.81465077  0.8122807   5.63333333  1.00350877
  7.33333333 -0.55084121]",2902.242560148239
0.2428079999999999,[-0.0907475],"[ 0.79473684  5.63333333  0.99649123  6.9        -1.77629495  0.80350877
  5.63333333  1.00175439  7.06666667 -1.81465077  0.8122807   5.63333333
  1.00350877  7.33333333 -0.55084121  0.81929825  5.73333333  1.01052632
  7.43333333 -1.09074748]",2902.3251066207886
0.23510400000000012,[0.071776],"[ 0.80350877  5.63333333  1.00175439  7.06666667 -1.81465077  0.8122807
  5.63333333  1.00350877  7.33333333 -0.55084121  0.81929825  5.73333333
  1.01052632  7.43333333 -1.09074748  0.82105263  6.          1.02105263
  7.36666667 -0.92822403]",2902.4072992801666
0.232536,[0.28132525],"[ 0.8122807   5.63333333  1.00350877  7.33333333 -0.55084121  0.81929825
  5.73333333  1.01052632  7.43333333 -1.09074748  0.82105263  6.
  1.02105263  7.36666667 -0.92822403  0.82631579  6.16666667  1.02807018
  7.43333333 -0.71867478]",2902.4886186122894
0.22993200000000016,[0.12593436],"[ 0.81929825  5.73333333  1.01052632  7.43333333 -1.09074748  0.82105263
  6.          1.02105263  7.36666667 -0.92822403  0.82631579  6.16666667
  1.02807018  7.43333333 -0.71867478  0.83333333  6.33333333  1.03684211
  7.4        -0.87406564]",2902.569473028183
0.22990000000000008,[-0.7643041],"[ 0.82105263  6.          1.02105263  7.36666667 -0.92822403  0.82631579
  6.16666667  1.02807018  7.43333333 -0.71867478  0.83333333  6.33333333
  1.03684211  7.4        -0.87406564  0.83859649  6.46666667  1.04385965
  7.43333333 -1.76430416]",2902.6492223739624
0.23246799999999998,[-0.6021346],"[ 0.82631579  6.16666667  1.02807018  7.43333333 -0.71867478  0.83333333
  6.33333333  1.03684211  7.4        -0.87406564  0.83859649  6.46666667
  1.04385965  7.43333333 -1.76430416  0.84561404  6.5         1.04736842
  7.56666667 -1.60213459]",2902.7292602062225
0.2324679999999999,[-0.6186379],"[ 0.83333333  6.33333333  1.03684211  7.4        -0.87406564  0.83859649
  6.46666667  1.04385965  7.43333333 -1.76430416  0.84561404  6.5
  1.04736842  7.56666667 -1.60213459  0.85263158  6.36666667  1.04736842
  7.86666667 -1.61863792]",2902.8091762065887
0.22222399999999998,[-0.69305456],"[ 0.83859649  6.46666667  1.04385965  7.43333333 -1.76430416  0.84561404
  6.5         1.04736842  7.56666667 -1.60213459  0.85263158  6.36666667
  1.04736842  7.86666667 -1.61863792  0.85614035  6.36666667  1.04912281
  8.         -1.69305456]",2902.88938331604
0.2145840000000001,[0.65405875],"[ 0.84561404  6.5         1.04736842  7.56666667 -1.60213459  0.85263158
  6.36666667  1.04736842  7.86666667 -1.61863792  0.85614035  6.36666667
  1.04912281  8.         -1.69305456  0.85614035  6.36666667  1.05087719
  8.         -0.34594125]",2902.969390630722
0.2043919999999999,[-0.42758664],"[ 0.85263158  6.36666667  1.04736842  7.86666667 -1.61863792  0.85614035
  6.36666667  1.04912281  8.         -1.69305456  0.85614035  6.36666667
  1.05087719  8.         -0.34594125  0.85789474  6.36666667  1.05263158
  7.93333333 -1.42758667]",2903.0493574142456
0.19156800000000018,[0.06152425],"[ 0.85614035  6.36666667  1.04912281  8.         -1.69305456  0.85614035
  6.36666667  1.05087719  8.         -0.34594125  0.85789474  6.36666667
  1.05263158  7.93333333 -1.42758667  0.85964912  6.6         1.06140351
  7.73333333 -0.93847573]",2903.1292066574097
0.18388800000000005,[-0.20528126],"[ 0.85614035  6.36666667  1.05087719  8.         -0.34594125  0.85789474
  6.36666667  1.05263158  7.93333333 -1.42758667  0.85964912  6.6
  1.06140351  7.73333333 -0.93847573  0.86491228  6.6         1.06666667
  7.7        -1.20528126]",2903.2092242240906
0.17623199999999994,[-0.9452488],"[ 0.85789474  6.36666667  1.05263158  7.93333333 -1.42758667  0.85964912
  6.6         1.06140351  7.73333333 -0.93847573  0.86491228  6.6
  1.06666667  7.7        -1.20528126  0.86842105  6.63333333  1.07192982
  7.66666667 -1.94524884]",2903.2892661094666
