reward,action,obs,time
,,"[0.         0.         0.         0.         0.         0.
 0.         0.         0.         0.         0.         0.
 0.         0.         0.         0.03157895 5.8        0.24385965
 5.33333333 0.        ]",2644.275319814682
-0.0025200000000000014,[0.79428107],"[ 0.          0.          0.          0.          0.          0.
  0.          0.          0.          0.          0.03157895  5.8
  0.24385965  5.33333333  0.          0.02982456  5.5         0.24561404
  5.5        -0.20571893]",2644.368099927902
0.0,[0.69740427],"[ 0.          0.          0.          0.          0.          0.03157895
  5.8         0.24385965  5.33333333  0.          0.02982456  5.5
  0.24561404  5.5        -0.20571893  0.03157895  5.8         0.24385965
  5.33333333 -0.30259573]",2644.4214160442352
1.9999999999999185e-05,[0.02245591],"[ 0.03157895  5.8         0.24385965  5.33333333  0.          0.02982456
  5.5         0.24561404  5.5        -0.20571893  0.03157895  5.8
  0.24385965  5.33333333 -0.30259573  0.03157895  5.63333333  0.24561404
  5.43333333 -0.97754407]",2644.469157934189
-0.0025359999999999966,[0.11559479],"[ 0.02982456  5.5         0.24561404  5.5        -0.20571893  0.03157895
  5.8         0.24385965  5.33333333 -0.30259573  0.03157895  5.63333333
  0.24561404  5.43333333 -0.97754407  0.02982456  5.63333333  0.24561404
  5.43333333 -0.8844052 ]",2644.5244357585907
-0.0025319999999999995,[-0.62275225],"[ 0.03157895  5.8         0.24385965  5.33333333 -0.30259573  0.03157895
  5.63333333  0.24561404  5.43333333 -0.97754407  0.02982456  5.63333333
  0.24561404  5.43333333 -0.8844052   0.02982456  5.6         0.24385965
  5.43333333 -1.62275219]",2644.5748422145844
8.000000000001062e-06,[-0.8318524],"[ 0.03157895  5.63333333  0.24561404  5.43333333 -0.97754407  0.02982456
  5.63333333  0.24561404  5.43333333 -0.8844052   0.02982456  5.6
  0.24385965  5.43333333 -1.62275219  0.03157895  5.73333333  0.24561404
  5.3        -1.83185244]",2644.6252999305725
0.0025640000000000038,[-0.05208666],"[ 0.02982456  5.63333333  0.24561404  5.43333333 -0.8844052   0.02982456
  5.6         0.24385965  5.43333333 -1.62275219  0.03157895  5.73333333
  0.24561404  5.3        -1.83185244  0.03333333  5.73333333  0.24561404
  5.36666667 -1.05208671]",2644.678622484207
4.400000000000237e-05,[-0.2600694],"[ 0.02982456  5.6         0.24385965  5.43333333 -1.62275219  0.03157895
  5.73333333  0.24561404  5.3        -1.83185244  0.03333333  5.73333333
  0.24561404  5.36666667 -1.05208671  0.03157895  5.43333333  0.24736842
  5.6        -1.26006937]",2644.724441766739
0.007724000000000002,[0.3611932],"[ 0.03157895  5.73333333  0.24561404  5.3        -1.83185244  0.03333333
  5.73333333  0.24561404  5.36666667 -1.05208671  0.03157895  5.43333333
  0.24736842  5.6        -1.26006937  0.03684211  5.33333333  0.25087719
  5.7        -0.63880682]",2644.8051829338074
0.015376,[0.22923551],"[ 0.03333333  5.73333333  0.24561404  5.36666667 -1.05208671  0.03157895
  5.43333333  0.24736842  5.6        -1.26006937  0.03684211  5.33333333
  0.25087719  5.7        -0.63880682  0.04210526  5.46666667  0.25614035
  5.56666667 -0.77076447]",2644.8853347301483
0.02558,[-0.56891966],"[ 0.03157895  5.43333333  0.24736842  5.6        -1.26006937  0.03684211
  5.33333333  0.25087719  5.7        -0.63880682  0.04210526  5.46666667
  0.25614035  5.56666667 -0.77076447  0.04912281  5.63333333  0.26140351
  5.4        -1.56891966]",2644.965098619461
0.030699999999999995,[-0.81065387],"[ 0.03684211  5.33333333  0.25087719  5.7        -0.63880682  0.04210526
  5.46666667  0.25614035  5.56666667 -0.77076447  0.04912281  5.63333333
  0.26140351  5.4        -1.56891966  0.05263158  5.56666667  0.26666667
  5.43333333 -1.81065392]",2645.0452868938446
0.038396,[-0.03546927],"[ 0.04210526  5.46666667  0.25614035  5.56666667 -0.77076447  0.04912281
  5.63333333  0.26140351  5.4        -1.56891966  0.05263158  5.56666667
  0.26666667  5.43333333 -1.81065392  0.05789474  5.33333333  0.27192982
  5.66666667 -1.03546929]",2645.124568939209
0.048624,[-0.0156285],"[ 0.04912281  5.63333333  0.26140351  5.4        -1.56891966  0.05263158
  5.56666667  0.26666667  5.43333333 -1.81065392  0.05789474  5.33333333
  0.27192982  5.66666667 -1.03546929  0.06491228  5.3         0.27719298
  5.73333333 -1.01562846]",2645.20507478714
0.05882400000000001,[0.5197375],"[ 0.05263158  5.56666667  0.26666667  5.43333333 -1.81065392  0.05789474
  5.33333333  0.27192982  5.66666667 -1.03546929  0.06491228  5.3
  0.27719298  5.73333333 -1.01562846  0.07192982  5.5         0.28596491
  5.6        -0.48026252]",2645.2851178646088
0.06903200000000001,[-0.10506162],"[ 0.05789474  5.33333333  0.27192982  5.66666667 -1.03546929  0.06491228
  5.3         0.27719298  5.73333333 -1.01562846  0.07192982  5.5
  0.28596491  5.6        -0.48026252  0.07894737  5.63333333  0.29298246
  5.5        -1.10506165]",2645.3661830425262
0.07924,[-0.2627919],"[ 0.06491228  5.3         0.27719298  5.73333333 -1.01562846  0.07192982
  5.5         0.28596491  5.6        -0.48026252  0.07894737  5.63333333
  0.29298246  5.5        -1.10506165  0.08596491  5.76666667  0.3
  5.43333333 -1.26279187]",2645.438491344452
0.086928,[-0.21401207],"[ 0.07192982  5.5         0.28596491  5.6        -0.48026252  0.07894737
  5.63333333  0.29298246  5.5        -1.10506165  0.08596491  5.76666667
  0.3         5.43333333 -1.26279187  0.09122807  5.6         0.30526316
  5.53333333 -1.21401203]",2645.5255794525146
0.097164,[0.3925595],"[ 0.07894737  5.63333333  0.29298246  5.5        -1.10506165  0.08596491
  5.76666667  0.3         5.43333333 -1.26279187  0.09122807  5.6
  0.30526316  5.53333333 -1.21401203  0.09824561  5.5         0.3122807
  5.53333333 -0.60744047]",2645.60520529747
0.10482,[0.12910835],"[ 0.08596491  5.76666667  0.3         5.43333333 -1.26279187  0.09122807
  5.6         0.30526316  5.53333333 -1.21401203  0.09824561  5.5
  0.3122807   5.53333333 -0.60744047  0.10350877  5.6         0.31929825
  5.4        -0.87089163]",2645.6851506233215
0.114988,[-0.61565983],"[ 0.09122807  5.6         0.30526316  5.53333333 -1.21401203  0.09824561
  5.5         0.3122807   5.53333333 -0.60744047  0.10350877  5.6
  0.31929825  5.4        -0.87089163  0.10877193  5.76666667  0.32631579
  5.3        -1.61565983]",2645.7651908397675
0.11503999999999999,[0.0376205],"[ 0.09824561  5.5         0.3122807   5.53333333 -0.60744047  0.10350877
  5.6         0.31929825  5.4        -0.87089163  0.10877193  5.76666667
  0.32631579  5.3        -1.61565983  0.11052632  5.63333333  0.32982456
  5.4        -0.96237952]",2645.845171689987
0.1176,[0.72340786],"[ 0.10350877  5.6         0.31929825  5.4        -0.87089163  0.10877193
  5.76666667  0.32631579  5.3        -1.61565983  0.11052632  5.63333333
  0.32982456  5.4        -0.96237952  0.1122807   5.43333333  0.33508772
  5.56666667 -0.27659214]",2645.9251494407654
0.13032400000000002,[0.90608704],"[ 0.10877193  5.76666667  0.32631579  5.3        -1.61565983  0.11052632
  5.63333333  0.32982456  5.4        -0.96237952  0.1122807   5.43333333
  0.33508772  5.56666667 -0.27659214  0.11929825  5.9         0.34210526
  5.3        -0.09391296]",2646.0052959918976
0.168684,[-0.7901586],"[ 0.11052632  5.63333333  0.32982456  5.4        -0.96237952  0.1122807
  5.43333333  0.33508772  5.56666667 -0.27659214  0.11929825  5.9
  0.34210526  5.3        -0.09391296  0.14561404  5.7         0.34736842
  4.96666667 -1.79015863]",2646.085282564163
0.173796,[0.16705646],"[ 0.1122807   5.43333333  0.33508772  5.56666667 -0.27659214  0.11929825
  5.9         0.34210526  5.3        -0.09391296  0.14561404  5.7
  0.34736842  4.96666667 -1.79015863  0.15087719  5.83333333  0.34912281
  4.83333333 -0.83294356]",2646.165188074112
0.173796,[0.25279117],"[ 0.11929825  5.9         0.34210526  5.3        -0.09391296  0.14561404
  5.7         0.34736842  4.96666667 -1.79015863  0.15087719  5.83333333
  0.34912281  4.83333333 -0.83294356  0.15263158  5.83333333  0.35263158
  4.9        -0.74720883]",2646.2451298236847
0.18398,[0.7813218],"[ 0.14561404  5.7         0.34736842  4.96666667 -1.79015863  0.15087719
  5.83333333  0.34912281  4.83333333 -0.83294356  0.15263158  5.83333333
  0.35263158  4.9        -0.74720883  0.15789474  5.86666667  0.35789474
  4.8        -0.21867818]",2646.3254454135895
0.18652,[0.68001056],"[ 0.15087719  5.83333333  0.34912281  4.83333333 -0.83294356  0.15263158
  5.83333333  0.35263158  4.9        -0.74720883  0.15789474  5.86666667
  0.35789474  4.8        -0.21867818  0.16491228  5.9         0.36491228
  4.53333333 -0.31998944]",2646.4051246643066
0.196752,[0.91462094],"[ 0.15263158  5.83333333  0.35263158  4.9        -0.74720883  0.15789474
  5.86666667  0.35789474  4.8        -0.21867818  0.16491228  5.9
  0.36491228  4.53333333 -0.31998944  0.17719298  5.96666667  0.37192982
  4.33333333 -0.08537906]",2646.4851195812225
0.19932,[-0.9130998],"[ 0.15789474  5.86666667  0.35789474  4.8        -0.21867818  0.16491228
  5.9         0.36491228  4.53333333 -0.31998944  0.17719298  5.96666667
  0.37192982  4.33333333 -0.08537906  0.18596491  6.03333333  0.3754386
  4.2        -1.91309977]",2646.5653307437897
0.19931600000000002,[-0.5306649],"[ 0.16491228  5.9         0.36491228  4.53333333 -0.31998944  0.17719298
  5.96666667  0.37192982  4.33333333 -0.08537906  0.18596491  6.03333333
  0.3754386   4.2        -1.91309977  0.18947368  6.          0.37719298
  4.06666667 -1.53066492]",2646.6448357105255
0.18398399999999998,[0.49760336],"[ 0.17719298  5.96666667  0.37192982  4.33333333 -0.08537906  0.18596491
  6.03333333  0.3754386   4.2        -1.91309977  0.18947368  6.
  0.37719298  4.06666667 -1.53066492  0.18421053  5.73333333  0.37894737
  4.1        -0.50239664]",2646.7250566482544
0.171224,[-0.38731202],"[ 0.18596491  6.03333333  0.3754386   4.2        -1.91309977  0.18947368
  6.          0.37719298  4.06666667 -1.53066492  0.18421053  5.73333333
  0.37894737  4.1        -0.50239664  0.18245614  5.53333333  0.38245614
  4.16666667 -1.38731205]",2646.80531167984
0.1738,[0.16576687],"[ 0.18947368  6.          0.37719298  4.06666667 -1.53066492  0.18421053
  5.73333333  0.37894737  4.1        -0.50239664  0.18245614  5.53333333
  0.38245614  4.16666667 -1.38731205  0.19122807  5.56666667  0.38421053
  3.96666667 -0.83423316]",2646.8852169513702
0.171272,[-0.22391371],"[ 0.18421053  5.73333333  0.37894737  4.1        -0.50239664  0.18245614
  5.53333333  0.38245614  4.16666667 -1.38731205  0.19122807  5.56666667
  0.38421053  3.96666667 -0.83423316  0.19649123  5.46666667  0.39122807
  3.93333333 -1.22391367]",2646.9652183055878
0.17640800000000004,[0.745593],"[ 0.18245614  5.53333333  0.38245614  4.16666667 -1.38731205  0.19122807
  5.56666667  0.38421053  3.96666667 -0.83423316  0.19649123  5.46666667
  0.39122807  3.93333333 -1.22391367  0.20701754  5.4         0.4
  3.76666667 -0.25440699]",2647.0453300476074
0.181516,[-0.8360089],"[ 0.19122807  5.56666667  0.38421053  3.96666667 -0.83423316  0.19649123
  5.46666667  0.39122807  3.93333333 -1.22391367  0.20701754  5.4
  0.4         3.76666667 -0.25440699  0.21578947  5.26666667  0.41052632
  3.63333333 -1.83600891]",2647.125288248062
0.181488,[-0.6299813],"[ 0.19649123  5.46666667  0.39122807  3.93333333 -1.22391367  0.20701754
  5.4         0.4         3.76666667 -0.25440699  0.21578947  5.26666667
  0.41052632  3.63333333 -1.83600891  0.22280702  5.4         0.41403509
  3.63333333 -1.62998128]",2647.2051961421967
0.171288,[-0.88631296],"[ 0.20701754  5.4         0.4         3.76666667 -0.25440699  0.21578947
  5.26666667  0.41052632  3.63333333 -1.83600891  0.22280702  5.4
  0.41403509  3.63333333 -1.62998128  0.22105263  5.3         0.41929825
  3.83333333 -1.88631296]",2647.2851519584656
0.158556,[0.8464934],"[ 0.21578947  5.26666667  0.41052632  3.63333333 -1.83600891  0.22280702
  5.4         0.41403509  3.63333333 -1.62998128  0.22105263  5.3
  0.41929825  3.83333333 -1.88631296  0.21754386  5.06666667  0.42631579
  4.2        -0.15350658]",2647.3653247356415
0.158548,[-0.7900033],"[ 0.22280702  5.4         0.41403509  3.63333333 -1.62998128  0.22105263
  5.3         0.41929825  3.83333333 -1.88631296  0.21754386  5.06666667
  0.42631579  4.2        -0.15350658  0.21929825  5.          0.43157895
  4.36666667 -1.7900033 ]",2647.4448368549347
0.16108000000000003,[0.61443],"[ 0.22105263  5.3         0.41929825  3.83333333 -1.88631296  0.21754386
  5.06666667  0.42631579  4.2        -0.15350658  0.21929825  5.
  0.43157895  4.36666667 -1.7900033   0.22280702  5.          0.43333333
  4.4        -0.38556999]",2647.5201275348663
0.15603199999999995,[0.7271116],"[ 0.21754386  5.06666667  0.42631579  4.2        -0.15350658  0.21929825
  5.          0.43157895  4.36666667 -1.7900033   0.22280702  5.
  0.43333333  4.4        -0.38556999  0.22631579  4.93333333  0.43859649
  4.53333333 -0.27288842]",2647.598739862442
0.12788399999999997,[-0.10590106],"[ 0.21929825  5.          0.43157895  4.36666667 -1.7900033   0.22280702
  5.          0.43333333  4.4        -0.38556999  0.22631579  4.93333333
  0.43859649  4.53333333 -0.27288842  0.23333333  5.          0.44561404
  4.4        -1.105901  ]",2647.6850497722626
0.13299999999999998,[-0.9496069],"[ 0.22280702  5.          0.43333333  4.4        -0.38556999  0.22631579
  4.93333333  0.43859649  4.53333333 -0.27288842  0.23333333  5.
  0.44561404  4.4        -1.105901    0.24210526  5.1         0.44912281
  4.13333333 -1.9496069 ]",2647.7650389671326
0.133024,[-0.10547248],"[ 0.22631579  4.93333333  0.43859649  4.53333333 -0.27288842  0.23333333
  5.          0.44561404  4.4        -1.105901    0.24210526  5.1
  0.44912281  4.13333333 -1.9496069   0.24385965  4.9         0.45438596
  4.26666667 -1.10547245]",2647.8450767993927
0.12793999999999994,[-0.15409711],"[ 0.23333333  5.          0.44561404  4.4        -1.105901    0.24210526
  5.1         0.44912281  4.13333333 -1.9496069   0.24385965  4.9
  0.45438596  4.26666667 -1.10547245  0.24561404  4.7         0.46140351
  4.56666667 -1.15409708]",2647.925034046173
0.130484,[-0.8535079],"[ 0.24210526  5.1         0.44912281  4.13333333 -1.9496069   0.24385965
  4.9         0.45438596  4.26666667 -1.10547245  0.24561404  4.7
  0.46140351  4.56666667 -1.15409708  0.25438596  4.83333333  0.46842105
  4.56666667 -1.85350788]",2648.0053176879883
0.12538,[0.76582605],"[ 0.24385965  4.9         0.45438596  4.26666667 -1.10547245  0.24561404
  4.7         0.46140351  4.56666667 -1.15409708  0.25438596  4.83333333
  0.46842105  4.56666667 -1.85350788  0.26315789  4.83333333  0.47894737
  4.66666667 -0.23417395]",2648.085018157959
0.13051200000000002,[-0.88151187],"[ 0.24561404  4.7         0.46140351  4.56666667 -1.15409708  0.25438596
  4.83333333  0.46842105  4.56666667 -1.85350788  0.26315789  4.83333333
  0.47894737  4.66666667 -0.23417395  0.2754386   4.73333333  0.48947368
  4.9        -1.88151193]",2648.1652081012726
0.140716,[0.50217295],"[ 0.25438596  4.83333333  0.46842105  4.56666667 -1.85350788  0.26315789
  4.83333333  0.47894737  4.66666667 -0.23417395  0.2754386   4.73333333
  0.48947368  4.9        -1.88151193  0.28596491  4.86666667  0.50175439
  4.83333333 -0.49782705]",2648.245049238205
0.16114,[-0.96812725],"[ 0.26315789  4.83333333  0.47894737  4.66666667 -0.23417395  0.2754386
  4.73333333  0.48947368  4.9        -1.88151193  0.28596491  4.86666667
  0.50175439  4.83333333 -0.49782705  0.29473684  4.8         0.51052632
  4.86666667 -1.96812725]",2648.3252277374268
0.173892,[0.45622233],"[ 0.2754386   4.73333333  0.48947368  4.9        -1.88151193  0.28596491
  4.86666667  0.50175439  4.83333333 -0.49782705  0.29473684  4.8
  0.51052632  4.86666667 -1.96812725  0.30175439  4.83333333  0.51754386
  4.8        -0.5437777 ]",2648.4050662517548
0.171352,[-0.7975861],"[ 0.28596491  4.86666667  0.50175439  4.83333333 -0.49782705  0.29473684
  4.8         0.51052632  4.86666667 -1.96812725  0.30175439  4.83333333
  0.51754386  4.8        -0.5437777   0.30877193  4.73333333  0.5245614
  4.9        -1.79758608]",2648.485333919525
0.173896,[0.63024235],"[ 0.29473684  4.8         0.51052632  4.86666667 -1.96812725  0.30175439
  4.83333333  0.51754386  4.8        -0.5437777   0.30877193  4.73333333
  0.5245614   4.9        -1.79758608  0.31578947  4.73333333  0.52982456
  4.86666667 -0.36975765]",2648.5652141571045
0.168788,[0.31953952],"[ 0.30175439  4.83333333  0.51754386  4.8        -0.5437777   0.30877193
  4.73333333  0.5245614   4.9        -1.79758608  0.31578947  4.73333333
  0.52982456  4.86666667 -0.36975765  0.32280702  4.63333333  0.53684211
  4.9        -0.68046045]",2648.6451258659363
0.16875600000000002,[-0.02111065],"[ 0.30877193  4.73333333  0.5245614   4.9        -1.79758608  0.31578947
  4.73333333  0.52982456  4.86666667 -0.36975765  0.32280702  4.63333333
  0.53684211  4.9        -0.68046045  0.33157895  4.76666667  0.54561404
  4.76666667 -1.02111065]",2648.725098133087
0.17132000000000003,[-0.6902331],"[ 0.31578947  4.73333333  0.52982456  4.86666667 -0.36975765  0.32280702
  4.63333333  0.53684211  4.9        -0.68046045  0.33157895  4.76666667
  0.54561404  4.76666667 -1.02111065  0.34035088  4.83333333  0.55614035
  4.66666667 -1.69023311]",2648.805407524109
0.184104,[-0.17558034],"[ 0.32280702  4.63333333  0.53684211  4.9        -0.68046045  0.33157895
  4.76666667  0.54561404  4.76666667 -1.02111065  0.34035088  4.83333333
  0.55614035  4.66666667 -1.69023311  0.34736842  4.7         0.56315789
  4.76666667 -1.17558038]",2648.88507938385
0.19942,[-0.7751788],"[ 0.33157895  4.76666667  0.54561404  4.76666667 -1.02111065  0.34035088
  4.83333333  0.55614035  4.66666667 -1.69023311  0.34736842  4.7
  0.56315789  4.76666667 -1.17558038  0.35438596  4.63333333  0.56842105
  4.93333333 -1.77517879]",2648.965054512024
0.20707199999999998,[0.8085501],"[ 0.34035088  4.83333333  0.55614035  4.66666667 -1.69023311  0.34736842
  4.7         0.56315789  4.76666667 -1.17558038  0.35438596  4.63333333
  0.56842105  4.93333333 -1.77517879  0.36140351  4.7         0.57719298
  4.96666667 -0.19144988]",2649.0457270145416
0.21474,[-0.7903794],"[ 0.34736842  4.7         0.56315789  4.76666667 -1.17558038  0.35438596
  4.63333333  0.56842105  4.93333333 -1.77517879  0.36140351  4.7
  0.57719298  4.96666667 -0.19144988  0.37017544  4.7         0.58421053
  5.1        -1.79037941]",2649.125074148178
0.22238800000000003,[0.78271365],"[ 0.35438596  4.63333333  0.56842105  4.93333333 -1.77517879  0.36140351
  4.7         0.57719298  4.96666667 -0.19144988  0.37017544  4.7
  0.58421053  5.1        -1.79037941  0.37894737  4.8         0.59298246
  5.03333333 -0.21728635]",2649.2030708789825
0.22239600000000004,[-0.74465704],"[ 0.36140351  4.7         0.57719298  4.96666667 -0.19144988  0.37017544
  4.7         0.58421053  5.1        -1.79037941  0.37894737  4.8
  0.59298246  5.03333333 -0.21728635  0.38596491  4.8         0.59824561
  5.1        -1.74465704]",2649.279240846634
0.21729200000000004,[0.2351563],"[ 0.37017544  4.7         0.58421053  5.1        -1.79037941  0.37894737
  4.8         0.59298246  5.03333333 -0.21728635  0.38596491  4.8
  0.59824561  5.1        -1.74465704  0.39122807  4.83333333  0.60701754
  5.03333333 -0.7648437 ]",2649.359351158142
0.23005600000000004,[-0.6377964],"[ 0.37894737  4.8         0.59298246  5.03333333 -0.21728635  0.38596491
  4.8         0.59824561  5.1        -1.74465704  0.39122807  4.83333333
  0.60701754  5.03333333 -0.7648437   0.40175439  4.76666667  0.61578947
  5.03333333 -1.6377964 ]",2649.443307161331
0.240252,[0.8146671],"[ 0.38596491  4.8         0.59824561  5.1        -1.74465704  0.39122807
  4.83333333  0.60701754  5.03333333 -0.7648437   0.40175439  4.76666667
  0.61578947  5.03333333 -1.6377964   0.41052632  4.8         0.6245614
  5.         -0.18533289]",2649.5247361660004
0.24027600000000002,[0.43432817],"[ 0.39122807  4.83333333  0.60701754  5.03333333 -0.7648437   0.40175439
  4.76666667  0.61578947  5.03333333 -1.6377964   0.41052632  4.8
  0.6245614   5.         -0.18533289  0.41929825  4.73333333  0.63333333
  5.06666667 -0.5656718 ]",2649.605153799057
0.23514399999999994,[0.84094065],"[ 0.40175439  4.76666667  0.61578947  5.03333333 -1.6377964   0.41052632
  4.8         0.6245614   5.         -0.18533289  0.41929825  4.73333333
  0.63333333  5.06666667 -0.5656718   0.4245614   4.9         0.64035088
  4.96666667 -0.15905935]",2649.6851105690002
0.22743999999999995,[0.38927504],"[ 0.41052632  4.8         0.6245614   5.         -0.18533289  0.41929825
  4.73333333  0.63333333  5.06666667 -0.5656718   0.4245614   4.9
  0.64035088  4.96666667 -0.15905935  0.43157895  5.1         0.64385965
  4.7        -0.61072493]",2649.7652781009674
0.21977999999999995,[-0.3560841],"[ 0.41929825  4.73333333  0.63333333  5.06666667 -0.5656718   0.4245614
  4.9         0.64035088  4.96666667 -0.15905935  0.43157895  5.1
  0.64385965  4.7        -0.61072493  0.43684211  5.16666667  0.64736842
  4.53333333 -1.35608411]",2649.847397327423
0.21210800000000002,[-0.67507553],"[ 0.4245614   4.9         0.64035088  4.96666667 -0.15905935  0.43157895
  5.1         0.64385965  4.7        -0.61072493  0.43684211  5.16666667
  0.64736842  4.53333333 -1.35608411  0.44035088  5.13333333  0.65087719
  4.56666667 -1.67507553]",2649.9250922203064
0.20446399999999992,[0.6706543],"[ 0.43157895  5.1         0.64385965  4.7        -0.61072493  0.43684211
  5.16666667  0.64736842  4.53333333 -1.35608411  0.44035088  5.13333333
  0.65087719  4.56666667 -1.67507553  0.44210526  4.96666667  0.65789474
  4.76666667 -0.3293457 ]",2650.00502038002
0.20701199999999997,[-0.35672104],"[ 0.43684211  5.16666667  0.64736842  4.53333333 -1.35608411  0.44035088
  5.13333333  0.65087719  4.56666667 -1.67507553  0.44210526  4.96666667
  0.65789474  4.76666667 -0.3293457   0.45087719  4.93333333  0.66491228
  4.83333333 -1.35672104]",2650.0850150585175
0.21721600000000002,[-0.851032],"[ 0.44035088  5.13333333  0.65087719  4.56666667 -1.67507553  0.44210526
  4.96666667  0.65789474  4.76666667 -0.3293457   0.45087719  4.93333333
  0.66491228  4.83333333 -1.35672104  0.46491228  5.1         0.67719298
  4.7        -1.85103202]",2650.1651632785797
0.21977600000000003,[-0.3268879],"[ 0.44210526  4.96666667  0.65789474  4.76666667 -0.3293457   0.45087719
  4.93333333  0.66491228  4.83333333 -1.35672104  0.46491228  5.1
  0.67719298  4.7        -1.85103202  0.47368421  4.96666667  0.68596491
  4.8        -1.32688785]",2650.245062351227
0.21726399999999996,[0.369439],"[ 0.45087719  4.93333333  0.66491228  4.83333333 -1.35672104  0.46491228
  5.1         0.67719298  4.7        -1.85103202  0.47368421  4.96666667
  0.68596491  4.8        -1.32688785  0.48070175  4.73333333  0.69298246
  4.93333333 -0.63056099]",2650.3250958919525
0.21470399999999995,[0.86372894],"[ 0.46491228  5.1         0.67719298  4.7        -1.85103202  0.47368421
  4.96666667  0.68596491  4.8        -1.32688785  0.48070175  4.73333333
  0.69298246  4.93333333 -0.63056099  0.4877193   4.83333333  0.70175439
  4.73333333 -0.13627106]",2650.4049248695374
0.21978,[0.18985248],"[ 0.47368421  4.96666667  0.68596491  4.8        -1.32688785  0.48070175
  4.73333333  0.69298246  4.93333333 -0.63056099  0.4877193   4.83333333
  0.70175439  4.73333333 -0.13627106  0.49824561  5.          0.70877193
  4.36666667 -0.81014752]",2650.484888315201
0.21975999999999996,[0.6811396],"[ 0.48070175  4.73333333  0.69298246  4.93333333 -0.63056099  0.4877193
  4.83333333  0.70175439  4.73333333 -0.13627106  0.49824561  5.
  0.70877193  4.36666667 -0.81014752  0.50526316  5.1         0.7122807
  4.16666667 -0.31886041]",2650.565217733383
0.21465999999999993,[-0.20711108],"[ 0.4877193   4.83333333  0.70175439  4.73333333 -0.13627106  0.49824561
  5.          0.70877193  4.36666667 -0.81014752  0.50526316  5.1
  0.7122807   4.16666667 -0.31886041  0.50877193  5.06666667  0.71754386
  4.13333333 -1.20711112]",2650.645223379135
0.21209999999999996,[-0.33448088],"[ 0.49824561  5.          0.70877193  4.36666667 -0.81014752  0.50526316
  5.1         0.7122807   4.16666667 -0.31886041  0.50877193  5.06666667
  0.71754386  4.13333333 -1.20711112  0.51578947  5.1         0.72105263
  3.93333333 -1.33448088]",2650.7250831127167
0.212132,[0.08561914],"[ 0.50526316  5.1         0.7122807   4.16666667 -0.31886041  0.50877193
  5.06666667  0.71754386  4.13333333 -1.20711112  0.51578947  5.1
  0.72105263  3.93333333 -1.33448088  0.5245614   4.93333333  0.73157895
  4.         -0.91438085]",2650.8050854206085
0.21469199999999997,[0.53503555],"[ 0.50877193  5.06666667  0.71754386  4.13333333 -1.20711112  0.51578947
  5.1         0.72105263  3.93333333 -1.33448088  0.5245614   4.93333333
  0.73157895  4.         -0.91438085  0.53333333  4.9         0.74210526
  4.03333333 -0.46496445]",2650.8851771354675
0.22745600000000002,[0.1959457],"[ 0.51578947  5.1         0.72105263  3.93333333 -1.33448088  0.5245614
  4.93333333  0.73157895  4.         -0.91438085  0.53333333  4.9
  0.74210526  4.03333333 -0.46496445  0.54736842  5.06666667  0.75087719
  3.83333333 -0.80405432]",2650.9652466773987
0.22232399999999997,[0.7992438],"[ 0.5245614   4.93333333  0.73157895  4.         -0.91438085  0.53333333
  4.9         0.74210526  4.03333333 -0.46496445  0.54736842  5.06666667
  0.75087719  3.83333333 -0.80405432  0.55438596  5.16666667  0.75614035
  3.86666667 -0.20075619]",2651.0448281764984
0.21721200000000004,[-0.34779543],"[ 0.53333333  4.9         0.74210526  4.03333333 -0.46496445  0.54736842
  5.06666667  0.75087719  3.83333333 -0.80405432  0.55438596  5.16666667
  0.75614035  3.86666667 -0.20075619  0.55964912  5.2         0.75964912
  3.86666667 -1.34779549]",2651.1246604919434
0.21208400000000002,[-0.5678504],"[ 0.54736842  5.06666667  0.75087719  3.83333333 -0.80405432  0.55438596
  5.16666667  0.75614035  3.86666667 -0.20075619  0.55964912  5.2
  0.75964912  3.86666667 -1.34779549  0.56491228  5.26666667  0.76491228
  3.9        -1.56785035]",2651.201218366623
0.20189600000000008,[0.81560874],"[ 0.55438596  5.16666667  0.75614035  3.86666667 -0.20075619  0.55964912
  5.2         0.75964912  3.86666667 -1.34779549  0.56491228  5.26666667
  0.76491228  3.9        -1.56785035  0.56315789  5.13333333  0.77017544
  4.2        -0.18439126]",2651.2784898281097
0.1942680000000001,[0.5166504],"[ 0.55964912  5.2         0.75964912  3.86666667 -1.34779549  0.56491228
  5.26666667  0.76491228  3.9        -1.56785035  0.56315789  5.13333333
  0.77017544  4.2        -0.18439126  0.56491228  5.          0.77719298
  4.46666667 -0.48334962]",2651.362983942032
0.1968120000000001,[-0.66520125],"[ 0.56491228  5.26666667  0.76491228  3.9        -1.56785035  0.56315789
  5.13333333  0.77017544  4.2        -0.18439126  0.56491228  5.
  0.77719298  4.46666667 -0.48334962  0.57192982  5.16666667  0.78070175
  4.3        -1.66520119]",2651.443216085434
0.20191600000000012,[-0.76942873],"[ 0.56315789  5.13333333  0.77017544  4.2        -0.18439126  0.56491228
  5.          0.77719298  4.46666667 -0.48334962  0.57192982  5.16666667
  0.78070175  4.3        -1.66520119  0.57894737  5.2         0.78596491
  4.23333333 -1.76942873]",2651.5246407985687
0.20448,[-0.6091584],"[ 0.56491228  5.          0.77719298  4.46666667 -0.48334962  0.57192982
  5.16666667  0.78070175  4.3        -1.66520119  0.57894737  5.2
  0.78596491  4.23333333 -1.76942873  0.58245614  4.96666667  0.79473684
  4.53333333 -1.6091584 ]",2651.6052610874176
0.20449200000000003,[0.69105655],"[ 0.57192982  5.16666667  0.78070175  4.3        -1.66520119  0.57894737
  5.2         0.78596491  4.23333333 -1.76942873  0.58245614  4.96666667
  0.79473684  4.53333333 -1.6091584   0.59122807  4.83333333  0.80526316
  4.73333333 -0.30894345]",2651.6848118305206
0.19939600000000002,[-0.60188043],"[ 0.57894737  5.2         0.78596491  4.23333333 -1.76942873  0.58245614
  4.96666667  0.79473684  4.53333333 -1.6091584   0.59122807  4.83333333
  0.80526316  4.73333333 -0.30894345  0.60175439  4.86666667  0.81578947
  4.73333333 -1.60188043]",2651.7653362751007
0.20190799999999998,[-0.29296926],"[ 0.58245614  4.96666667  0.79473684  4.53333333 -1.6091584   0.59122807
  4.83333333  0.80526316  4.73333333 -0.30894345  0.60175439  4.86666667
  0.81578947  4.73333333 -1.60188043  0.6122807   5.1         0.8245614
  4.7        -1.29296923]",2651.845001935959
0.19932800000000006,[0.043958],"[ 0.59122807  4.83333333  0.80526316  4.73333333 -0.30894345  0.60175439
  4.86666667  0.81578947  4.73333333 -1.60188043  0.6122807   5.1
  0.8245614   4.7        -1.29296923  0.61754386  5.06666667  0.82982456
  4.93333333 -0.95604199]",2651.925050497055
0.19422000000000006,[0.7205665],"[ 0.60175439  4.86666667  0.81578947  4.73333333 -1.60188043  0.6122807
  5.1         0.8245614   4.7        -1.29296923  0.61754386  5.06666667
  0.82982456  4.93333333 -0.95604199  0.62105263  5.13333333  0.83333333
  5.         -0.27943349]",2652.0054383277893
0.18910800000000005,[-0.98542327],"[ 0.6122807   5.1         0.8245614   4.7        -1.29296923  0.61754386
  5.06666667  0.82982456  4.93333333 -0.95604199  0.62105263  5.13333333
  0.83333333  5.         -0.27943349  0.62807018  5.3         0.84035088
  4.86666667 -1.98542333]",2652.0851106643677
0.19166000000000005,[-0.97480017],"[ 0.61754386  5.06666667  0.82982456  4.93333333 -0.95604199  0.62105263
  5.13333333  0.83333333  5.         -0.27943349  0.62807018  5.3
  0.84035088  4.86666667 -1.98542333  0.63684211  5.43333333  0.84736842
  4.73333333 -1.97480011]",2652.165265083313
0.19423200000000007,[-0.06446192],"[ 0.62105263  5.13333333  0.83333333  5.         -0.27943349  0.62807018
  5.3         0.84035088  4.86666667 -1.98542333  0.63684211  5.43333333
  0.84736842  4.73333333 -1.97480011  0.64210526  5.26666667  0.85438596
  4.93333333 -1.06446195]",2652.245278596878
0.18916,[0.6016747],"[ 0.62807018  5.3         0.84035088  4.86666667 -1.98542333  0.63684211
  5.43333333  0.84736842  4.73333333 -1.97480011  0.64210526  5.26666667
  0.85438596  4.93333333 -1.06446195  0.64561404  4.96666667  0.85964912
  5.23333333 -0.39832532]",2652.3250737190247
0.18912399999999996,[-0.96198446],"[ 0.63684211  5.43333333  0.84736842  4.73333333 -1.97480011  0.64210526
  5.26666667  0.85438596  4.93333333 -1.06446195  0.64561404  4.96666667
  0.85964912  5.23333333 -0.39832532  0.65438596  5.1         0.86842105
  5.13333333 -1.9619844 ]",2652.40540266037
0.19421199999999994,[-0.27102804],"[ 0.64210526  5.26666667  0.85438596  4.93333333 -1.06446195  0.64561404
  4.96666667  0.85964912  5.23333333 -0.39832532  0.65438596  5.1
  0.86842105  5.13333333 -1.9619844   0.66666667  5.26666667  0.87894737
  4.9        -1.27102804]",2652.485139608383
0.19169599999999998,[-0.26193613],"[ 0.64561404  4.96666667  0.85964912  5.23333333 -0.39832532  0.65438596
  5.1         0.86842105  5.13333333 -1.9619844   0.66666667  5.26666667
  0.87894737  4.9        -1.27102804  0.67894737  5.1         0.88947368
  4.96666667 -1.26193619]",2652.5653007030487
0.1942719999999999,[0.42304513],"[ 0.65438596  5.1         0.86842105  5.13333333 -1.9619844   0.66666667
  5.26666667  0.87894737  4.9        -1.27102804  0.67894737  5.1
  0.88947368  4.96666667 -1.26193619  0.6877193   5.03333333  0.90175439
  5.06666667 -0.57695484]",2652.644942045212
0.2044919999999999,[0.35279164],"[ 0.66666667  5.26666667  0.87894737  4.9        -1.27102804  0.67894737
  5.1         0.88947368  4.96666667 -1.26193619  0.6877193   5.03333333
  0.90175439  5.06666667 -0.57695484  0.7         5.1         0.9122807
  5.         -0.64720833]",2652.7279858589172
0.2146999999999999,[-0.50381815],"[ 0.67894737  5.1         0.88947368  4.96666667 -1.26193619  0.6877193
  5.03333333  0.90175439  5.06666667 -0.57695484  0.7         5.1
  0.9122807   5.         -0.64720833  0.7122807   5.3         0.92280702
  4.8        -1.50381815]",2652.8052217960358
0.2300199999999999,[-0.22210775],"[ 0.6877193   5.03333333  0.90175439  5.06666667 -0.57695484  0.7
  5.1         0.9122807   5.         -0.64720833  0.7122807   5.3
  0.92280702  4.8        -1.50381815  0.72105263  5.3         0.93157895
  4.8        -1.22210777]",2652.8853669166565
0.230016,[-0.9285349],"[ 0.7         5.1         0.9122807   5.         -0.64720833  0.7122807
  5.3         0.92280702  4.8        -1.50381815  0.72105263  5.3
  0.93157895  4.8        -1.22210777  0.72280702  5.2         0.93684211
  4.96666667 -1.92853498]",2652.9652557373047
0.22492799999999988,[0.7800749],"[ 0.7122807   5.3         0.92280702  4.8        -1.50381815  0.72105263
  5.3         0.93157895  4.8        -1.22210777  0.72280702  5.2
  0.93684211  4.96666667 -1.92853498  0.72631579  5.16666667  0.94035088
  5.16666667 -0.21992511]",2653.044810771942
0.22494799999999993,[-0.02609654],"[ 0.72105263  5.3         0.93157895  4.8        -1.22210777  0.72280702
  5.2         0.93684211  4.96666667 -1.92853498  0.72631579  5.16666667
  0.94035088  5.16666667 -0.21992511  0.73333333  5.03333333  0.94736842
  5.3        -1.02609658]",2653.1199877262115
0.23258400000000012,[-0.8250194],"[ 0.72280702  5.2         0.93684211  4.96666667 -1.92853498  0.72631579
  5.16666667  0.94035088  5.16666667 -0.21992511  0.73333333  5.03333333
  0.94736842  5.3        -1.02609658  0.74210526  5.06666667  0.95614035
  5.13333333 -1.82501936]",2653.198656797409
0.2325680000000001,[0.8747096],"[ 0.72631579  5.16666667  0.94035088  5.16666667 -0.21992511  0.73333333
  5.03333333  0.94736842  5.3        -1.02609658  0.74210526  5.06666667
  0.95614035  5.13333333 -1.82501936  0.75087719  5.06666667  0.96491228
  5.1        -0.12529039]",2653.2831752300262
0.22748,[-0.47436678],"[ 0.73333333  5.03333333  0.94736842  5.3        -1.02609658  0.74210526
  5.06666667  0.95614035  5.13333333 -1.82501936  0.75087719  5.06666667
  0.96491228  5.1        -0.12529039  0.75789474  4.9         0.97192982
  5.33333333 -1.47436678]",2653.3651473522186
0.22750000000000004,[-0.6024115],"[ 0.74210526  5.06666667  0.95614035  5.13333333 -1.82501936  0.75087719
  5.06666667  0.96491228  5.1        -0.12529039  0.75789474  4.9
  0.97192982  5.33333333 -1.47436678  0.76842105  4.96666667  0.98070175
  5.23333333 -1.60241151]",2653.445181131363
0.23773600000000003,[-0.74360096],"[ 0.75087719  5.06666667  0.96491228  5.1        -0.12529039  0.75789474
  4.9         0.97192982  5.33333333 -1.47436678  0.76842105  4.96666667
  0.98070175  5.23333333 -1.60241151  0.78070175  4.83333333  0.99122807
  5.26666667 -1.74360096]",2653.5263946056366
0.24797999999999995,[0.00470761],"[ 0.75789474  4.9         0.97192982  5.33333333 -1.47436678  0.76842105
  4.96666667  0.98070175  5.23333333 -1.60241151  0.78070175  4.83333333
  0.99122807  5.26666667 -1.74360096  0.79122807  4.73333333  1.
  5.4        -0.99529237]",2653.6051349639893
0.2479880000000001,[0.90841705],"[ 0.76842105  4.96666667  0.98070175  5.23333333 -1.60241151  0.78070175
  4.83333333  0.99122807  5.26666667 -1.74360096  0.79122807  4.73333333
  1.          5.4        -0.99529237  0.79824561  4.83333333  1.00701754
  5.46666667 -0.09158295]",2653.6851844787598
0.24285200000000007,[0.59679824],"[ 0.78070175  4.83333333  0.99122807  5.26666667 -1.74360096  0.79122807
  4.73333333  1.          5.4        -0.99529237  0.79824561  4.83333333
  1.00701754  5.46666667 -0.09158295  0.80350877  5.16666667  1.01578947
  5.26666667 -0.40320176]",2653.764856815338
0.24536400000000005,[-0.16226985],"[ 0.79122807  4.73333333  1.          5.4        -0.99529237  0.79824561
  4.83333333  1.00701754  5.46666667 -0.09158295  0.80350877  5.16666667
  1.01578947  5.26666667 -0.40320176  0.81052632  5.36666667  1.02280702
  4.96666667 -1.16226983]",2653.845602750778
0.24532399999999996,[0.8766106],"[ 0.79824561  4.83333333  1.00701754  5.46666667 -0.09158295  0.80350877
  5.16666667  1.01578947  5.26666667 -0.40320176  0.81052632  5.36666667
  1.02280702  4.96666667 -1.16226983  0.81403509  5.4         1.02631579
  4.9        -0.12338942]",2653.925179004669
0.23767600000000014,[-0.9578656],"[ 0.80350877  5.16666667  1.01578947  5.26666667 -0.40320176  0.81052632
  5.36666667  1.02280702  4.96666667 -1.16226983  0.81403509  5.4
  1.02631579  4.9        -0.12338942  0.81754386  5.36666667  1.03157895
  4.93333333 -1.9578656 ]",2654.0053927898407
0.2351080000000001,[-0.3725103],"[ 0.81052632  5.36666667  1.02280702  4.96666667 -1.16226983  0.81403509
  5.4         1.02631579  4.9        -0.12338942  0.81754386  5.36666667
  1.03157895  4.93333333 -1.9578656   0.82807018  5.63333333  1.03859649
  4.73333333 -1.37251031]",2654.08446598053
0.22998799999999994,[0.6374812],"[ 0.81403509  5.4         1.02631579  4.9        -0.12338942  0.81754386
  5.36666667  1.03157895  4.93333333 -1.9578656   0.82807018  5.63333333
  1.03859649  4.73333333 -1.37251031  0.83684211  5.53333333  1.04736842
  4.63333333 -0.36251879]",2654.1653521060944
0.2300000000000002,[-0.58697593],"[ 0.81754386  5.36666667  1.03157895  4.93333333 -1.9578656   0.82807018
  5.63333333  1.03859649  4.73333333 -1.37251031  0.83684211  5.53333333
  1.04736842  4.63333333 -0.36251879  0.84561404  5.36666667  1.05789474
  4.73333333 -1.58697593]",2654.245154619217
0.2274400000000001,[-0.8223219],"[ 0.82807018  5.63333333  1.03859649  4.73333333 -1.37251031  0.83684211
  5.53333333  1.04736842  4.63333333 -0.36251879  0.84561404  5.36666667
  1.05789474  4.73333333 -1.58697593  0.85614035  5.46666667  1.06491228
  4.53333333 -1.82232189]",2654.323383808136
