reward,action,obs,time
,,"[0.         0.         0.         0.         0.         0.
 0.         0.         0.         0.         0.         0.
 0.         0.         0.         0.03508772 6.1        0.24210526
 5.2        0.        ]",2336.45947098732
-0.005076000000000004,[0.29117215],"[ 0.          0.          0.          0.          0.          0.
  0.          0.          0.          0.          0.03508772  6.1
  0.24210526  5.2         0.          0.03157895  5.8         0.24561404
  5.33333333 -0.70882785]",2336.553431749344
-0.0025440000000000046,[0.37015465],"[ 0.          0.          0.          0.          0.          0.03508772
  6.1         0.24210526  5.2         0.          0.03157895  5.8
  0.24561404  5.33333333 -0.70882785  0.03333333  6.          0.24385965
  5.23333333 -0.62984538]",2336.60901761055
-0.005076000000000004,[-0.51432574],"[ 0.03508772  6.1         0.24210526  5.2         0.          0.03157895
  5.8         0.24561404  5.33333333 -0.70882785  0.03333333  6.
  0.24385965  5.23333333 -0.62984538  0.03157895  5.8         0.24385965
  5.33333333 -1.51432574]",2336.658711194992
-0.005076000000000004,[-0.97625446],"[ 0.03157895  5.8         0.24561404  5.33333333 -0.70882785  0.03333333
  6.          0.24385965  5.23333333 -0.62984538  0.03157895  5.8
  0.24385965  5.33333333 -1.51432574  0.03157895  5.8         0.24561404
  5.33333333 -1.97625446]",2336.7067153453827
-0.005072,[0.9584729],"[ 0.03333333  6.          0.24385965  5.23333333 -0.62984538  0.03157895
  5.8         0.24385965  5.33333333 -1.51432574  0.03157895  5.8
  0.24561404  5.33333333 -1.97625446  0.03157895  5.76666667  0.24385965
  5.33333333 -0.04152709]",2336.752998113632
-0.005080000000000001,[-0.9321869],"[ 0.03157895  5.8         0.24385965  5.33333333 -1.51432574  0.03157895
  5.8         0.24561404  5.33333333 -1.97625446  0.03157895  5.76666667
  0.24385965  5.33333333 -0.04152709  0.03157895  5.83333333  0.24385965
  5.3        -1.93218684]",2336.8060104846954
-0.005080000000000001,[-0.10461447],"[ 0.03157895  5.8         0.24561404  5.33333333 -1.97625446  0.03157895
  5.76666667  0.24385965  5.33333333 -0.04152709  0.03157895  5.83333333
  0.24385965  5.3        -1.93218684  0.03157895  5.83333333  0.24385965
  5.33333333 -1.1046145 ]",2336.853269100189
-0.002492000000000001,[-0.00145873],"[ 0.03157895  5.76666667  0.24385965  5.33333333 -0.04152709  0.03157895
  5.83333333  0.24385965  5.3        -1.93218684  0.03157895  5.83333333
  0.24385965  5.33333333 -1.1046145   0.03333333  5.56666667  0.24736842
  5.56666667 -1.00145876]",2336.904816865921
0.0026199999999999973,[-0.6320748],"[ 0.03157895  5.83333333  0.24385965  5.3        -1.93218684  0.03157895
  5.83333333  0.24385965  5.33333333 -1.1046145   0.03333333  5.56666667
  0.24736842  5.56666667 -1.00145876  0.03684211  5.56666667  0.25087719
  5.56666667 -1.63207483]",2336.959821462631
0.010283999999999995,[0.69482434],"[ 0.03157895  5.83333333  0.24385965  5.33333333 -1.1046145   0.03333333
  5.56666667  0.24736842  5.56666667 -1.00145876  0.03684211  5.56666667
  0.25087719  5.56666667 -1.63207483  0.04210526  5.6         0.25438596
  5.5        -0.30517566]",2337.0213027000427
0.015407999999999991,[-0.39516816],"[ 0.03333333  5.56666667  0.24736842  5.56666667 -1.00145876  0.03684211
  5.56666667  0.25087719  5.56666667 -1.63207483  0.04210526  5.6
  0.25438596  5.5        -0.30517566  0.04561404  5.5         0.25964912
  5.6        -1.39516819]",2337.1012704372406
0.023076,[0.720945],"[ 0.03684211  5.56666667  0.25087719  5.56666667 -1.63207483  0.04210526
  5.6         0.25438596  5.5        -0.30517566  0.04561404  5.5
  0.25964912  5.6        -1.39516819  0.05087719  5.5         0.26491228
  5.63333333 -0.279055  ]",2337.1814880371094
0.03329599999999999,[0.5623312],"[ 0.04210526  5.6         0.25438596  5.5        -0.30517566  0.04561404
  5.5         0.25964912  5.6        -1.39516819  0.05087719  5.5
  0.26491228  5.63333333 -0.279055    0.05789474  5.53333333  0.27017544
  5.6        -0.4376688 ]",2337.261286020279
0.040940000000000004,[-0.17711267],"[ 0.04561404  5.5         0.25964912  5.6        -1.39516819  0.05087719
  5.5         0.26491228  5.63333333 -0.279055    0.05789474  5.53333333
  0.27017544  5.6        -0.4376688   0.06315789  5.73333333  0.27719298
  5.36666667 -1.1771127 ]",2337.3413383960724
0.048596,[-0.24432659],"[ 0.05087719  5.5         0.26491228  5.63333333 -0.279055    0.05789474
  5.53333333  0.27017544  5.6        -0.4376688   0.06315789  5.73333333
  0.27719298  5.36666667 -1.1771127   0.06842105  5.83333333  0.28070175
  5.26666667 -1.24432659]",2337.4210047721863
0.048612,[0.07461051],"[ 0.05789474  5.53333333  0.27017544  5.6        -0.4376688   0.06315789
  5.73333333  0.27719298  5.36666667 -1.1771127   0.06842105  5.83333333
  0.28070175  5.26666667 -1.24432659  0.06842105  5.7         0.28245614
  5.43333333 -0.92538947]",2337.5011625289917
0.05628,[0.2379867],"[ 0.06315789  5.73333333  0.27719298  5.36666667 -1.1771127   0.06842105
  5.83333333  0.28070175  5.26666667 -1.24432659  0.06842105  5.7
  0.28245614  5.43333333 -0.92538947  0.07368421  5.7         0.28421053
  5.46666667 -0.76201332]",2337.5810112953186
0.066492,[-0.30897868],"[ 0.06842105  5.83333333  0.28070175  5.26666667 -1.24432659  0.06842105
  5.7         0.28245614  5.43333333 -0.92538947  0.07368421  5.7
  0.28421053  5.46666667 -0.76201332  0.08070175  5.8         0.29122807
  5.3        -1.30897868]",2337.656184196472
0.074168,[0.7231716],"[ 0.06842105  5.7         0.28245614  5.43333333 -0.92538947  0.07368421
  5.7         0.28421053  5.46666667 -0.76201332  0.08070175  5.8
  0.29122807  5.3        -1.30897868  0.08596491  5.73333333  0.29824561
  5.26666667 -0.27682841]",2337.7375321388245
0.08696,[-0.87963253],"[ 0.07368421  5.7         0.28421053  5.46666667 -0.76201332  0.08070175
  5.8         0.29122807  5.3        -1.30897868  0.08596491  5.73333333
  0.29824561  5.26666667 -0.27682841  0.09473684  5.63333333  0.30877193
  5.33333333 -1.87963247]",2337.821174621582
0.10223999999999997,[-0.6023257],"[ 0.08070175  5.8         0.29122807  5.3        -1.30897868  0.08596491
  5.73333333  0.29824561  5.26666667 -0.27682841  0.09473684  5.63333333
  0.30877193  5.33333333 -1.87963247  0.10175439  5.8         0.31578947
  5.13333333 -1.60232568]",2337.9011697769165
0.10483600000000001,[-0.37635112],"[ 0.08596491  5.73333333  0.29824561  5.26666667 -0.27682841  0.09473684
  5.63333333  0.30877193  5.33333333 -1.87963247  0.10175439  5.8
  0.31578947  5.13333333 -1.60232568  0.10526316  5.66666667  0.31929825
  5.2        -1.37635112]",2337.981115102768
0.10994800000000002,[-0.58869535],"[ 0.09473684  5.63333333  0.30877193  5.33333333 -1.87963247  0.10175439
  5.8         0.31578947  5.13333333 -1.60232568  0.10526316  5.66666667
  0.31929825  5.2        -1.37635112  0.10701754  5.46666667  0.3245614
  5.36666667 -1.58869529]",2338.061012029648
0.11506400000000001,[-0.702701],"[ 0.10175439  5.8         0.31578947  5.13333333 -1.60232568  0.10526316
  5.66666667  0.31929825  5.2        -1.37635112  0.10701754  5.46666667
  0.3245614   5.36666667 -1.58869529  0.11052632  5.43333333  0.32982456
  5.4        -1.70270097]",2338.1412839889526
0.12277199999999996,[-0.79392767],"[ 0.10526316  5.66666667  0.31929825  5.2        -1.37635112  0.10701754
  5.46666667  0.3245614   5.36666667 -1.58869529  0.11052632  5.43333333
  0.32982456  5.4        -1.70270097  0.11578947  5.06666667  0.33859649
  5.56666667 -1.79392767]",2338.220246553421
0.16108400000000003,[-0.25812584],"[ 0.10701754  5.46666667  0.3245614   5.36666667 -1.58869529  0.11052632
  5.43333333  0.32982456  5.4        -1.70270097  0.11578947  5.06666667
  0.33859649  5.56666667 -1.79392767  0.14210526  5.36666667  0.34736842
  5.66666667 -1.25812578]",2338.3010058403015
0.168756,[-0.35866317],"[ 0.11052632  5.43333333  0.32982456  5.4        -1.70270097  0.11578947
  5.06666667  0.33859649  5.56666667 -1.79392767  0.14210526  5.36666667
  0.34736842  5.66666667 -1.25812578  0.14736842  5.33333333  0.35438596
  5.7        -1.3586632 ]",2338.3810651302338
0.16872,[-0.65403986],"[ 0.11578947  5.06666667  0.33859649  5.56666667 -1.79392767  0.14210526
  5.36666667  0.34736842  5.66666667 -1.25812578  0.14736842  5.33333333
  0.35438596  5.7        -1.3586632   0.14912281  5.36666667  0.36140351
  5.63333333 -1.65403986]",2338.461356163025
0.168732,[0.44695798],"[ 0.14210526  5.36666667  0.34736842  5.66666667 -1.25812578  0.14736842
  5.33333333  0.35438596  5.7        -1.3586632   0.14912281  5.36666667
  0.36140351  5.63333333 -1.65403986  0.15263158  5.26666667  0.36491228
  5.73333333 -0.55304205]",2338.54123210907
0.16618800000000003,[-0.7497475],"[ 0.14736842  5.33333333  0.35438596  5.7        -1.3586632   0.14912281
  5.36666667  0.36140351  5.63333333 -1.65403986  0.15263158  5.26666667
  0.36491228  5.73333333 -0.55304205  0.15614035  5.2         0.36666667
  5.8        -1.74974751]",2338.6211404800415
0.16360000000000002,[-0.8225782],"[ 0.14912281  5.36666667  0.36140351  5.63333333 -1.65403986  0.15263158
  5.26666667  0.36491228  5.73333333 -0.55304205  0.15614035  5.2
  0.36666667  5.8        -1.74974751  0.15789474  5.36666667  0.37017544
  5.63333333 -1.82257819]",2338.701463699341
0.163616,[0.7186922],"[ 0.15263158  5.26666667  0.36491228  5.73333333 -0.55304205  0.15614035
  5.2         0.36666667  5.8        -1.74974751  0.15789474  5.36666667
  0.37017544  5.63333333 -1.82257819  0.16315789  5.23333333  0.37368421
  5.8        -0.28130782]",2338.7811558246613
0.16108000000000003,[0.43912077],"[ 0.15614035  5.2         0.36666667  5.8        -1.74974751  0.15789474
  5.36666667  0.37017544  5.63333333 -1.82257819  0.16315789  5.23333333
  0.37368421  5.8        -0.28130782  0.16842105  5.1         0.37719298
  6.         -0.56087923]",2338.8611466884613
0.16362800000000002,[0.7353326],"[ 0.15789474  5.36666667  0.37017544  5.63333333 -1.82257819  0.16315789
  5.23333333  0.37368421  5.8        -0.28130782  0.16842105  5.1
  0.37719298  6.         -0.56087923  0.1754386   5.36666667  0.3877193
  5.86666667 -0.26466739]",2338.941328048706
0.16872,[0.755151],"[ 0.16315789  5.23333333  0.37368421  5.8        -0.28130782  0.16842105
  5.1         0.37719298  6.         -0.56087923  0.1754386   5.36666667
  0.3877193   5.86666667 -0.26466739  0.18421053  5.63333333  0.39824561
  5.6        -0.24484903]",2339.0210106372833
0.181468,[0.44208595],"[ 0.16842105  5.1         0.37719298  6.         -0.56087923  0.1754386
  5.36666667  0.3877193   5.86666667 -0.26466739  0.18421053  5.63333333
  0.39824561  5.6        -0.24484903  0.19298246  5.76666667  0.40701754
  5.43333333 -0.55791402]",2339.10130238533
0.184012,[0.79684806],"[ 0.1754386   5.36666667  0.3877193   5.86666667 -0.26466739  0.18421053
  5.63333333  0.39824561  5.6        -0.24484903  0.19298246  5.76666667
  0.40701754  5.43333333 -0.55791402  0.2         5.86666667  0.41403509
  5.36666667 -0.20315194]",2339.1809866428375
0.18146,[-0.4025738],"[ 0.18421053  5.63333333  0.39824561  5.6        -0.24484903  0.19298246
  5.76666667  0.40701754  5.43333333 -0.55791402  0.2         5.86666667
  0.41403509  5.36666667 -0.20315194  0.20526316  5.93333333  0.41754386
  5.26666667 -1.40257382]",2339.261318206787
0.18144,[0.94865775],"[ 0.19298246  5.76666667  0.40701754  5.43333333 -0.55791402  0.2
  5.86666667  0.41403509  5.36666667 -0.20315194  0.20526316  5.93333333
  0.41754386  5.26666667 -1.40257382  0.21052632  6.03333333  0.41929825
  5.13333333 -0.05134225]",2339.3406076431274
0.171212,[-0.3358479],"[ 0.2         5.86666667  0.41403509  5.36666667 -0.20315194  0.20526316
  5.93333333  0.41754386  5.26666667 -1.40257382  0.21052632  6.03333333
  0.41929825  5.13333333 -0.05134225  0.2122807   5.96666667  0.42280702
  5.16666667 -1.33584785]",2339.414440393448
0.17122400000000002,[-0.74321467],"[ 0.20526316  5.93333333  0.41754386  5.26666667 -1.40257382  0.21052632
  6.03333333  0.41929825  5.13333333 -0.05134225  0.2122807   5.96666667
  0.42280702  5.16666667 -1.33584785  0.21929825  6.03333333  0.4245614
  5.06666667 -1.74321461]",2339.500247001648
0.17122400000000002,[-0.26512858],"[ 0.21052632  6.03333333  0.41929825  5.13333333 -0.05134225  0.2122807
  5.96666667  0.42280702  5.16666667 -1.33584785  0.21929825  6.03333333
  0.4245614   5.06666667 -1.74321461  0.22280702  5.9         0.43157895
  5.13333333 -1.26512861]",2339.5813744068146
0.17634,[0.5838753],"[ 0.2122807   5.96666667  0.42280702  5.16666667 -1.33584785  0.21929825
  6.03333333  0.4245614   5.06666667 -1.74321461  0.22280702  5.9
  0.43157895  5.13333333 -1.26512861  0.22807018  5.66666667  0.44035088
  5.3        -0.4161247 ]",2339.6616411209106
0.186552,[0.75368273],"[ 0.21929825  6.03333333  0.4245614   5.06666667 -1.74321461  0.22280702
  5.9         0.43157895  5.13333333 -1.26512861  0.22807018  5.66666667
  0.44035088  5.3        -0.4161247   0.23859649  5.73333333  0.44912281
  5.13333333 -0.24631727]",2339.7411110401154
0.19670800000000002,[-0.7745894],"[ 0.22280702  5.9         0.43157895  5.13333333 -1.26512861  0.22807018
  5.66666667  0.44035088  5.3        -0.4161247   0.23859649  5.73333333
  0.44912281  5.13333333 -0.24631727  0.25087719  5.93333333  0.45614035
  4.8        -1.77458942]",2339.8144931793213
0.17118000000000005,[0.24780624],"[ 0.22807018  5.66666667  0.44035088  5.3        -0.4161247   0.23859649
  5.73333333  0.44912281  5.13333333 -0.24631727  0.25087719  5.93333333
  0.45614035  4.8        -1.77458942  0.25964912  5.96666667  0.46140351
  4.6        -0.75219375]",2339.894640684128
0.16607999999999995,[-0.0391937],"[ 0.23859649  5.73333333  0.44912281  5.13333333 -0.24631727  0.25087719
  5.93333333  0.45614035  4.8        -1.77458942  0.25964912  5.96666667
  0.46140351  4.6        -0.75219375  0.26140351  5.83333333  0.46491228
  4.63333333 -1.03919375]",2339.9796493053436
0.173756,[0.4636558],"[ 0.25087719  5.93333333  0.45614035  4.8        -1.77458942  0.25964912
  5.96666667  0.46140351  4.6        -0.75219375  0.26140351  5.83333333
  0.46491228  4.63333333 -1.03919375  0.26842105  5.8         0.47017544
  4.5        -0.53634417]",2340.055112361908
0.17886400000000002,[-0.35565045],"[ 0.25964912  5.96666667  0.46140351  4.6        -0.75219375  0.26140351
  5.83333333  0.46491228  4.63333333 -1.03919375  0.26842105  5.8
  0.47017544  4.5        -0.53634417  0.2754386   5.73333333  0.4754386
  4.33333333 -1.35565042]",2340.1357107162476
0.18907200000000002,[-0.4328914],"[ 0.26140351  5.83333333  0.46491228  4.63333333 -1.03919375  0.26842105
  5.8         0.47017544  4.5        -0.53634417  0.2754386   5.73333333
  0.4754386   4.33333333 -1.35565042  0.28596491  5.8         0.48070175
  4.2        -1.43289137]",2340.2143626213074
0.191672,[0.02703174],"[ 0.26842105  5.8         0.47017544  4.5        -0.53634417  0.2754386
  5.73333333  0.4754386   4.33333333 -1.35565042  0.28596491  5.8
  0.48070175  4.2        -1.43289137  0.28947368  5.6         0.49122807
  4.33333333 -0.97296828]",2340.2943410873413
0.18912,[0.23383763],"[ 0.2754386   5.73333333  0.4754386   4.33333333 -1.35565042  0.28596491
  5.8         0.48070175  4.2        -1.43289137  0.28947368  5.6
  0.49122807  4.33333333 -0.97296828  0.29298246  5.43333333  0.49824561
  4.3        -0.7661624 ]",2340.3745913505554
0.196768,[0.0746548],"[ 0.28596491  5.8         0.48070175  4.2        -1.43289137  0.28947368
  5.6         0.49122807  4.33333333 -0.97296828  0.29298246  5.43333333
  0.49824561  4.3        -0.7661624   0.30350877  5.46666667  0.50350877
  4.         -0.92534518]",2340.4543709754944
0.196808,[-0.56938314],"[ 0.28947368  5.6         0.49122807  4.33333333 -0.97296828  0.29298246
  5.43333333  0.49824561  4.3        -0.7661624   0.30350877  5.46666667
  0.50350877  4.         -0.92534518  0.31052632  5.4         0.50701754
  3.86666667 -1.56938314]",2340.53608417511
0.19174000000000005,[-0.9472033],"[ 0.29298246  5.43333333  0.49824561  4.3        -0.7661624   0.30350877
  5.46666667  0.50350877  4.         -0.92534518  0.31052632  5.4
  0.50701754  3.86666667 -1.56938314  0.31578947  5.3         0.51403509
  3.9        -1.94720328]",2340.6190705299377
0.179012,[0.9073809],"[ 0.30350877  5.46666667  0.50350877  4.         -0.92534518  0.31052632
  5.4         0.50701754  3.86666667 -1.56938314  0.31578947  5.3
  0.51403509  3.9        -1.94720328  0.31578947  5.          0.5245614
  4.         -0.09261912]",2340.7011320590973
0.17393999999999998,[0.07922436],"[ 0.31052632  5.4         0.50701754  3.86666667 -1.56938314  0.31578947
  5.3         0.51403509  3.9        -1.94720328  0.31578947  5.
  0.5245614   4.         -0.09261912  0.31929825  4.76666667  0.52982456
  4.         -0.92077565]",2340.7810323238373
0.17904399999999998,[-0.55091476],"[ 0.31578947  5.3         0.51403509  3.9        -1.94720328  0.31578947
  5.          0.5245614   4.         -0.09261912  0.31929825  4.76666667
  0.52982456  4.         -0.92077565  0.32807018  4.9         0.53333333
  3.8        -1.55091476]",2340.8611891269684
0.18160799999999996,[-0.47450253],"[ 0.31578947  5.          0.5245614   4.         -0.09261912  0.31929825
  4.76666667  0.52982456  4.         -0.92077565  0.32807018  4.9
  0.53333333  3.8        -1.55091476  0.33508772  4.93333333  0.53684211
  3.7        -1.47450256]",2340.934606552124
0.181632,[0.31593254],"[ 0.31929825  4.76666667  0.52982456  4.         -0.92077565  0.32807018
  4.9         0.53333333  3.8        -1.55091476  0.33508772  4.93333333
  0.53684211  3.7        -1.47450256  0.33684211  4.66666667  0.54385965
  3.73333333 -0.68406749]",2341.019165992737
0.18164799999999998,[0.35509846],"[ 0.32807018  4.9         0.53333333  3.8        -1.55091476  0.33508772
  4.93333333  0.53684211  3.7        -1.47450256  0.33684211  4.66666667
  0.54385965  3.73333333 -0.68406749  0.34385965  4.6         0.55087719
  3.7        -0.64490151]",2341.0943558216095
0.18926799999999994,[0.57901245],"[ 0.33508772  4.93333333  0.53684211  3.7        -1.47450256  0.33684211
  4.66666667  0.54385965  3.73333333 -0.68406749  0.34385965  4.6
  0.55087719  3.7        -0.64490151  0.35263158  4.86666667  0.55614035
  3.7        -0.42098755]",2341.1747233867645
0.19177999999999998,[-0.0205255],"[ 0.33684211  4.66666667  0.54385965  3.73333333 -0.68406749  0.34385965
  4.6         0.55087719  3.7        -0.64490151  0.35263158  4.86666667
  0.55614035  3.7        -0.42098755  0.35964912  5.          0.56140351
  3.73333333 -1.02052546]",2341.2548875808716
0.18156799999999998,[-0.31974703],"[ 0.34385965  4.6         0.55087719  3.7        -0.64490151  0.35263158
  4.86666667  0.55614035  3.7        -0.42098755  0.35964912  5.
  0.56140351  3.73333333 -1.02052546  0.36315789  4.96666667  0.56666667
  3.73333333 -1.31974697]",2341.334423303604
0.16371999999999998,[0.03442206],"[ 0.35263158  4.86666667  0.55614035  3.7        -0.42098755  0.35964912
  5.          0.56140351  3.73333333 -1.02052546  0.36315789  4.96666667
  0.56666667  3.73333333 -1.31974697  0.36315789  4.8         0.57192982
  3.9        -0.96557796]",2341.4190549850464
0.15861599999999998,[-0.36317295],"[ 0.35964912  5.          0.56140351  3.73333333 -1.02052546  0.36315789
  4.96666667  0.56666667  3.73333333 -1.31974697  0.36315789  4.8
  0.57192982  3.9        -0.96557796  0.36842105  4.76666667  0.57894737
  4.06666667 -1.36317301]",2341.495055913925
0.16370400000000002,[0.05670057],"[ 0.36315789  4.96666667  0.56666667  3.73333333 -1.31974697  0.36315789
  4.8         0.57192982  3.9        -0.96557796  0.36842105  4.76666667
  0.57894737  4.06666667 -1.36317301  0.37368421  4.83333333  0.58421053
  4.1        -0.94329941]",2341.574506521225
0.153484,[-0.27443388],"[ 0.36315789  4.8         0.57192982  3.9        -0.96557796  0.36842105
  4.76666667  0.57894737  4.06666667 -1.36317301  0.37368421  4.83333333
  0.58421053  4.1        -0.94329941  0.37368421  4.76666667  0.58596491
  4.2        -1.27443385]",2341.659190893173
0.14836,[-0.8923583],"[ 0.36842105  4.76666667  0.57894737  4.06666667 -1.36317301  0.37368421
  4.83333333  0.58421053  4.1        -0.94329941  0.37368421  4.76666667
  0.58596491  4.2        -1.27443385  0.37719298  4.8         0.5877193
  4.2        -1.8923583 ]",2341.734596014023
0.135604,[-0.8304696],"[ 0.37368421  4.83333333  0.58421053  4.1        -0.94329941  0.37368421
  4.76666667  0.58596491  4.2        -1.27443385  0.37719298  4.8
  0.5877193   4.2        -1.8923583   0.37894737  4.66666667  0.59122807
  4.33333333 -1.83046961]",2341.8210225105286
0.13559600000000005,[-0.48055962],"[ 0.37368421  4.76666667  0.58596491  4.2        -1.27443385  0.37719298
  4.8         0.5877193   4.2        -1.8923583   0.37894737  4.66666667
  0.59122807  4.33333333 -1.83046961  0.38245614  4.53333333  0.59824561
  4.56666667 -1.48055959]",2341.8948073387146
0.13812400000000002,[-0.18075979],"[ 0.37719298  4.8         0.5877193   4.2        -1.8923583   0.37894737
  4.66666667  0.59122807  4.33333333 -1.83046961  0.38245614  4.53333333
  0.59824561  4.56666667 -1.48055959  0.3877193   4.6         0.60175439
  4.7        -1.18075979]",2341.979191303253
0.13044400000000006,[-0.37027848],"[ 0.37894737  4.66666667  0.59122807  4.33333333 -1.83046961  0.38245614
  4.53333333  0.59824561  4.56666667 -1.48055959  0.3877193   4.6
  0.60175439  4.7        -1.18075979  0.39298246  4.73333333  0.60526316
  4.73333333 -1.37027848]",2342.0584049224854
0.12020800000000002,[0.12566078],"[ 0.38245614  4.53333333  0.59824561  4.56666667 -1.48055959  0.3877193
  4.6         0.60175439  4.7        -1.18075979  0.39298246  4.73333333
  0.60526316  4.73333333 -1.37027848  0.39298246  4.76666667  0.60877193
  4.8        -0.87433922]",2342.13494181633
0.12020000000000004,[-0.1822489],"[ 0.3877193   4.6         0.60175439  4.7        -1.18075979  0.39298246
  4.73333333  0.60526316  4.73333333 -1.37027848  0.39298246  4.76666667
  0.60877193  4.8        -0.87433922  0.39824561  4.73333333  0.6122807
  4.8        -1.18224895]",2342.219126224518
0.12782000000000004,[-0.1197274],"[ 0.39298246  4.73333333  0.60526316  4.73333333 -1.37027848  0.39298246
  4.76666667  0.60877193  4.8        -0.87433922  0.39824561  4.73333333
  0.6122807   4.8        -1.18224895  0.40350877  4.83333333  0.61578947
  4.73333333 -1.11972737]",2342.2987620830536
0.12524000000000007,[-0.81066906],"[ 0.39298246  4.76666667  0.60877193  4.8        -0.87433922  0.39824561
  4.73333333  0.6122807   4.8        -1.18224895  0.40350877  4.83333333
  0.61578947  4.73333333 -1.11972737  0.40526316  4.8         0.61929825
  4.83333333 -1.81066906]",2342.3743340969086
0.11503599999999996,[-0.4403801],"[ 0.39824561  4.73333333  0.6122807   4.8        -1.18224895  0.40350877
  4.83333333  0.61578947  4.73333333 -1.11972737  0.40526316  4.8
  0.61929825  4.83333333 -1.81066906  0.40701754  4.76666667  0.62280702
  4.9        -1.4403801 ]",2342.461319923401
0.1125,[0.746073],"[ 0.40350877  4.83333333  0.61578947  4.73333333 -1.11972737  0.40526316
  4.8         0.61929825  4.83333333 -1.81066906  0.40701754  4.76666667
  0.62280702  4.9        -1.4403801   0.4122807   4.63333333  0.62280702
  5.06666667 -0.25392699]",2342.5349535942078
0.11245999999999996,[0.6205751],"[ 0.40526316  4.8         0.61929825  4.83333333 -1.81066906  0.40701754
  4.76666667  0.62280702  4.9        -1.4403801   0.4122807   4.63333333
  0.62280702  5.06666667 -0.25392699  0.41403509  4.7         0.62631579
  5.03333333 -0.37942493]",2342.614450454712
0.10730800000000007,[-0.7694611],"[ 0.40701754  4.76666667  0.62280702  4.9        -1.4403801   0.4122807
  4.63333333  0.62280702  5.06666667 -0.25392699  0.41403509  4.7
  0.62631579  5.03333333 -0.37942493  0.41754386  4.96666667  0.63333333
  4.8        -1.76946115]",2342.699212551117
0.09966400000000009,[0.72795427],"[ 0.4122807   4.63333333  0.62280702  5.06666667 -0.25392699  0.41403509
  4.7         0.62631579  5.03333333 -0.37942493  0.41754386  4.96666667
  0.63333333  4.8        -1.76946115  0.42105263  5.03333333  0.63333333
  4.7        -0.27204573]",2342.778344631195
0.08946799999999999,[0.56779754],"[ 0.41403509  4.7         0.62631579  5.03333333 -0.37942493  0.41754386
  4.96666667  0.63333333  4.8        -1.76946115  0.42105263  5.03333333
  0.63333333  4.7        -0.27204573  0.42105263  4.93333333  0.63508772
  4.8        -0.43220246]",2342.854469060898
0.09455600000000008,[0.3421835],"[ 0.41754386  4.96666667  0.63333333  4.8        -1.76946115  0.42105263
  5.03333333  0.63333333  4.7        -0.27204573  0.42105263  4.93333333
  0.63508772  4.8        -0.43220246  0.42807018  5.1         0.64035088
  4.63333333 -0.65781653]",2342.9391479492188
0.10729200000000005,[0.08297468],"[ 0.42105263  5.03333333  0.63333333  4.7        -0.27204573  0.42105263
  4.93333333  0.63508772  4.8        -0.43220246  0.42807018  5.1
  0.64035088  4.63333333 -0.65781653  0.43684211  5.3         0.64561404
  4.5        -0.91702533]",2343.0146338939667
0.10984400000000005,[0.14444152],"[ 0.42105263  4.93333333  0.63508772  4.8        -0.43220246  0.42807018
  5.1         0.64035088  4.63333333 -0.65781653  0.43684211  5.3
  0.64561404  4.5        -0.91702533  0.44385965  5.3         0.65263158
  4.53333333 -0.85555851]",2343.099180698395
0.10985199999999995,[-0.7179706],"[ 0.42807018  5.1         0.64035088  4.63333333 -0.65781653  0.43684211
  5.3         0.64561404  4.5        -0.91702533  0.44385965  5.3
  0.65263158  4.53333333 -0.85555851  0.44912281  5.3         0.65789474
  4.53333333 -1.71797061]",2343.177137851715
0.11496399999999996,[-0.9255764],"[ 0.43684211  5.3         0.64561404  4.5        -0.91702533  0.44385965
  5.3         0.65263158  4.53333333 -0.85555851  0.44912281  5.3
  0.65789474  4.53333333 -1.71797061  0.45263158  5.23333333  0.66140351
  4.46666667 -1.92557645]",2343.254374027252
0.10989199999999999,[0.04581485],"[ 0.44385965  5.3         0.65263158  4.53333333 -0.85555851  0.44912281
  5.3         0.65789474  4.53333333 -1.71797061  0.45263158  5.23333333
  0.66140351  4.46666667 -1.92557645  0.45263158  4.93333333  0.66666667
  4.7        -0.95418513]",2343.340274810791
0.11244399999999999,[-0.83439857],"[ 0.44912281  5.3         0.65789474  4.53333333 -1.71797061  0.45263158
  5.23333333  0.66140351  4.46666667 -1.92557645  0.45263158  4.93333333
  0.66666667  4.7        -0.95418513  0.45614035  4.83333333  0.67192982
  4.83333333 -1.83439851]",2343.4213423728943
0.11242399999999997,[-0.47684786],"[ 0.45263158  5.23333333  0.66140351  4.46666667 -1.92557645  0.45263158
  4.93333333  0.66666667  4.7        -0.95418513  0.45614035  4.83333333
  0.67192982  4.83333333 -1.83439851  0.45964912  4.86666667  0.67368421
  4.8        -1.47684789]",2343.495339870453
0.10988799999999999,[-0.1862373],"[ 0.45263158  4.93333333  0.66666667  4.7        -0.95418513  0.45614035
  4.83333333  0.67192982  4.83333333 -1.83439851  0.45964912  4.86666667
  0.67368421  4.8        -1.47684789  0.46315789  4.76666667  0.67719298
  4.9        -1.18623734]",2343.5810194015503
0.109904,[-0.2693995],"[ 0.45614035  4.83333333  0.67192982  4.83333333 -1.83439851  0.45964912
  4.86666667  0.67368421  4.8        -1.47684789  0.46315789  4.76666667
  0.67719298  4.9        -1.18623734  0.46842105  4.76666667  0.68245614
  4.9        -1.26939952]",2343.661353111267
0.12524000000000002,[0.883149],"[ 0.45964912  4.86666667  0.67368421  4.8        -1.47684789  0.46315789
  4.76666667  0.67719298  4.9        -1.18623734  0.46842105  4.76666667
  0.68245614  4.9        -1.26939952  0.47894737  4.8         0.69298246
  4.83333333 -0.11685097]",2343.7351467609406
0.1303439999999999,[0.88689464],"[ 0.46315789  4.76666667  0.67719298  4.9        -1.18623734  0.46842105
  4.76666667  0.68245614  4.9        -1.26939952  0.47894737  4.8
  0.69298246  4.83333333 -0.11685097  0.4877193   4.83333333  0.7
  4.8        -0.11310536]",2343.8211665153503
0.135428,[-0.17440125],"[ 0.46842105  4.76666667  0.68245614  4.9        -1.26939952  0.47894737
  4.8         0.69298246  4.83333333 -0.11685097  0.4877193   4.83333333
  0.7         4.8        -0.11310536  0.49649123  5.16666667  0.70701754
  4.56666667 -1.17440128]",2343.89551448822
0.13541199999999998,[-0.8012727],"[ 0.47894737  4.8         0.69298246  4.83333333 -0.11685097  0.4877193
  4.83333333  0.7         4.8        -0.11310536  0.49649123  5.16666667
  0.70701754  4.56666667 -1.17440128  0.49824561  5.26666667  0.70701754
  4.4        -1.80127263]",2343.9791402816772
0.1303200000000001,[-0.5465034],"[ 0.4877193   4.83333333  0.7         4.8        -0.11310536  0.49649123
  5.16666667  0.70701754  4.56666667 -1.17440128  0.49824561  5.26666667
  0.70701754  4.4        -1.80127263  0.49649123  5.06666667  0.70701754
  4.46666667 -1.54650342]",2344.05912232399
0.122668,[-0.99458337],"[ 0.49649123  5.16666667  0.70701754  4.56666667 -1.17440128  0.49824561
  5.26666667  0.70701754  4.4        -1.80127263  0.49649123  5.06666667
  0.70701754  4.46666667 -1.54650342  0.49649123  4.8         0.71052632
  4.7        -1.99458337]",2344.137732744217
0.12780000000000002,[0.18945459],"[ 0.49824561  5.26666667  0.70701754  4.4        -1.80127263  0.49649123
  5.06666667  0.70701754  4.46666667 -1.54650342  0.49649123  4.8
  0.71052632  4.7        -1.99458337  0.50175439  4.7         0.71754386
  4.86666667 -0.81054544]",2344.215893507004
0.14061999999999997,[0.22014663],"[ 0.49649123  5.06666667  0.70701754  4.46666667 -1.54650342  0.49649123
  4.8         0.71052632  4.7        -1.99458337  0.50175439  4.7
  0.71754386  4.86666667 -0.81054544  0.51403509  4.63333333  0.72807018
  5.03333333 -0.77985334]",2344.2991704940796
0.15083999999999997,[-0.77138096],"[ 0.49649123  4.8         0.71052632  4.7        -1.99458337  0.50175439
  4.7         0.71754386  4.86666667 -0.81054544  0.51403509  4.63333333
  0.72807018  5.03333333 -0.77985334  0.5245614   4.73333333  0.73859649
  4.93333333 -1.7713809 ]",2344.3808646202087
0.16615600000000008,[-0.89548755],"[ 0.50175439  4.7         0.71754386  4.86666667 -0.81054544  0.51403509
  4.63333333  0.72807018  5.03333333 -0.77985334  0.5245614   4.73333333
  0.73859649  4.93333333 -1.7713809   0.53508772  4.8         0.74736842
  4.76666667 -1.89548755]",2344.4612305164337
0.16621199999999992,[-0.09068356],"[ 0.51403509  4.63333333  0.72807018  5.03333333 -0.77985334  0.5245614
  4.73333333  0.73859649  4.93333333 -1.7713809   0.53508772  4.8
  0.74736842  4.76666667 -1.89548755  0.54210526  4.5         0.75263158
  4.96666667 -1.09068358]",2344.541069507599
0.16625199999999996,[-0.4485074],"[ 0.5245614   4.73333333  0.73859649  4.93333333 -1.7713809   0.53508772
  4.8         0.74736842  4.76666667 -1.89548755  0.54210526  4.5
  0.75263158  4.96666667 -1.09068358  0.55087719  4.36666667  0.76140351
  5.13333333 -1.44850743]",2344.6211161613464
0.17134399999999994,[-0.8168413],"[ 0.53508772  4.8         0.74736842  4.76666667 -1.89548755  0.54210526
  4.5         0.75263158  4.96666667 -1.09068358  0.55087719  4.36666667
  0.76140351  5.13333333 -1.44850743  0.56140351  4.53333333  0.77192982
  5.13333333 -1.81684136]",2344.7020649909973
0.17390800000000006,[-0.22213449],"[ 0.54210526  4.5         0.75263158  4.96666667 -1.09068358  0.55087719
  4.36666667  0.76140351  5.13333333 -1.44850743  0.56140351  4.53333333
  0.77192982  5.13333333 -1.81684136  0.56842105  4.46666667  0.77894737
  5.3        -1.22213447]",2344.781037569046
0.18157600000000007,[-0.81078124],"[ 0.55087719  4.36666667  0.76140351  5.13333333 -1.44850743  0.56140351
  4.53333333  0.77192982  5.13333333 -1.81684136  0.56842105  4.46666667
  0.77894737  5.3        -1.22213447  0.57719298  4.4         0.78245614
  5.5        -1.81078124]",2344.8609178066254
0.19430800000000004,[0.418931],"[ 0.56140351  4.53333333  0.77192982  5.13333333 -1.81684136  0.56842105
  4.46666667  0.77894737  5.3        -1.22213447  0.57719298  4.4
  0.78245614  5.5        -1.81078124  0.58596491  4.5         0.79122807
  5.53333333 -0.58106899]",2344.9412002563477
0.20452000000000004,[-0.5562207],"[ 0.56842105  4.46666667  0.77894737  5.3        -1.22213447  0.57719298
  4.4         0.78245614  5.5        -1.81078124  0.58596491  4.5
  0.79122807  5.53333333 -0.58106899  0.59649123  4.5         0.8
  5.7        -1.55622077]",2345.0211415290833
0.212176,[-0.13723165],"[ 0.57719298  4.4         0.78245614  5.5        -1.81078124  0.58596491
  4.5         0.79122807  5.53333333 -0.58106899  0.59649123  4.5
  0.8         5.7        -1.55622077  0.60526316  4.63333333  0.81052632
  5.7        -1.13723159]",2345.1001529693604
0.2198279999999999,[-0.78543794],"[ 0.58596491  4.5         0.79122807  5.53333333 -0.58106899  0.59649123
  4.5         0.8         5.7        -1.55622077  0.60526316  4.63333333
  0.81052632  5.7        -1.13723159  0.61403509  4.66666667  0.81754386
  5.8        -1.78543794]",2345.1811022758484
0.22238399999999992,[-0.5506193],"[ 0.59649123  4.5         0.8         5.7        -1.55622077  0.60526316
  4.63333333  0.81052632  5.7        -1.13723159  0.61403509  4.66666667
  0.81754386  5.8        -1.78543794  0.62105263  4.66666667  0.82280702
  5.9        -1.55061936]",2345.261298894882
0.21983999999999995,[9.864196e-05],"[ 0.60526316  4.63333333  0.81052632  5.7        -1.13723159  0.61403509
  4.66666667  0.81754386  5.8        -1.78543794  0.62105263  4.66666667
  0.82280702  5.9        -1.55061936  0.62982456  4.6         0.82631579
  6.13333333 -0.99990135]",2345.3410551548004
0.217272,[-0.8851333],"[ 0.61403509  4.66666667  0.81754386  5.8        -1.78543794  0.62105263
  4.66666667  0.82280702  5.9        -1.55061936  0.62982456  4.6
  0.82631579  6.13333333 -0.99990135  0.63684211  4.73333333  0.83333333
  6.2        -1.88513327]",2345.422394990921
0.2121879999999999,[0.23372589],"[ 0.62105263  4.66666667  0.82280702  5.9        -1.55061936  0.62982456
  4.6         0.82631579  6.13333333 -0.99990135  0.63684211  4.73333333
  0.83333333  6.2        -1.88513327  0.64210526  4.83333333  0.84210526
  6.16666667 -0.76627409]",2345.501353740692
0.21987599999999996,[0.03888902],"[ 0.62982456  4.6         0.82631579  6.13333333 -0.99990135  0.63684211
  4.73333333  0.83333333  6.2        -1.88513327  0.64210526  4.83333333
  0.84210526  6.16666667 -0.76627409  0.64912281  4.76666667  0.84385965
  6.43333333 -0.96111101]",2345.5810718536377
0.23005199999999992,[0.87483615],"[ 0.63684211  4.73333333  0.83333333  6.2        -1.88513327  0.64210526
  4.83333333  0.84210526  6.16666667 -0.76627409  0.64912281  4.76666667
  0.84385965  6.43333333 -0.96111101  0.65438596  4.96666667  0.85087719
  6.46666667 -0.12516385]",2345.661351919174
0.23510399999999992,[-0.24764712],"[ 0.64210526  4.83333333  0.84210526  6.16666667 -0.76627409  0.64912281
  4.76666667  0.84385965  6.43333333 -0.96111101  0.65438596  4.96666667
  0.85087719  6.46666667 -0.12516385  0.65789474  5.2         0.86140351
  6.43333333 -1.24764717]",2345.7412123680115
0.23761600000000005,[0.0542009],"[ 0.64912281  4.76666667  0.84385965  6.43333333 -0.96111101  0.65438596
  4.96666667  0.85087719  6.46666667 -0.12516385  0.65789474  5.2
  0.86140351  6.43333333 -1.24764717  0.66491228  5.46666667  0.87368421
  6.33333333 -0.94579911]",2345.820970773697
0.23249200000000006,[-0.850087],"[ 0.65438596  4.96666667  0.85087719  6.46666667 -0.12516385  0.65789474
  5.2         0.86140351  6.43333333 -1.24764717  0.66491228  5.46666667
  0.87368421  6.33333333 -0.94579911  0.67368421  5.5         0.87894737
  6.43333333 -1.85008693]",2345.9014661312103
0.22483999999999993,[-0.00895861],"[ 0.65789474  5.2         0.86140351  6.43333333 -1.24764717  0.66491228
  5.46666667  0.87368421  6.33333333 -0.94579911  0.67368421  5.5
  0.87894737  6.43333333 -1.85008693  0.67894737  5.46666667  0.88245614
  6.6        -1.00895858]",2345.981013774872
0.21973599999999993,[0.72640485],"[ 0.66491228  5.46666667  0.87368421  6.33333333 -0.94579911  0.67368421
  5.5         0.87894737  6.43333333 -1.85008693  0.67894737  5.46666667
  0.88245614  6.6        -1.00895858  0.68596491  5.46666667  0.88596491
  6.9        -0.27359515]",2346.0610275268555
0.2171160000000001,[0.42692456],"[ 0.67368421  5.5         0.87894737  6.43333333 -1.85008693  0.67894737
  5.46666667  0.88245614  6.6        -1.00895858  0.68596491  5.46666667
  0.88596491  6.9        -0.27359515  0.69122807  5.7         0.89649123
  6.83333333 -0.57307541]",2346.14120388031
0.2144919999999999,[0.72845465],"[ 0.67894737  5.46666667  0.88245614  6.6        -1.00895858  0.68596491
  5.46666667  0.88596491  6.9        -0.27359515  0.69122807  5.7
  0.89649123  6.83333333 -0.57307541  0.69824561  6.13333333  0.90877193
  6.63333333 -0.27154535]",2346.221140384674
0.20938399999999993,[-0.5780349],"[ 0.68596491  5.46666667  0.88596491  6.9        -0.27359515  0.69122807
  5.7         0.89649123  6.83333333 -0.57307541  0.69824561  6.13333333
  0.90877193  6.63333333 -0.27154535  0.70526316  6.26666667  0.91578947
  6.56666667 -1.57803488]",2346.3012611865997
0.20936399999999997,[-0.49196073],"[ 0.69122807  5.7         0.89649123  6.83333333 -0.57307541  0.69824561
  6.13333333  0.90877193  6.63333333 -0.27154535  0.70526316  6.26666667
  0.91578947  6.56666667 -1.57803488  0.7122807   6.36666667  0.9245614
  6.5        -1.49196076]",2346.381066799164
0.20681999999999992,[0.6897464],"[ 0.69824561  6.13333333  0.90877193  6.63333333 -0.27154535  0.70526316
  6.26666667  0.91578947  6.56666667 -1.57803488  0.7122807   6.36666667
  0.9245614   6.5        -1.49196076  0.71929825  6.2         0.93157895
  6.63333333 -0.31025362]",2346.4609620571136
