reward,action,obs,time
,,"[0.         0.         0.         0.         0.         0.
 0.         0.         0.         0.         0.         0.
 0.         0.         0.         0.03157895 5.73333333 0.24561404
 5.36666667 0.        ]",937.0863125324249
-0.0025200000000000014,[-0.4447428],"[ 0.          0.          0.          0.          0.          0.
  0.          0.          0.          0.          0.03157895  5.73333333
  0.24561404  5.36666667  0.          0.02982456  5.43333333  0.24385965
  5.53333333 -1.4447428 ]",937.1603951454163
8.000000000001062e-06,[-0.916682],"[ 0.          0.          0.          0.          0.          0.03157895
  5.73333333  0.24561404  5.36666667  0.          0.02982456  5.43333333
  0.24385965  5.53333333 -1.4447428   0.03157895  5.66666667  0.24561404
  5.4        -1.916682  ]",937.226288318634
1.1999999999998123e-05,[0.3353449],"[ 0.03157895  5.73333333  0.24561404  5.36666667  0.          0.02982456
  5.43333333  0.24385965  5.53333333 -1.4447428   0.03157895  5.66666667
  0.24561404  5.4        -1.916682    0.03157895  5.63333333  0.24561404
  5.43333333 -0.66465509]",937.2636997699738
-0.0025439999999999977,[0.58208126],"[ 0.02982456  5.43333333  0.24385965  5.53333333 -1.4447428   0.03157895
  5.66666667  0.24561404  5.4        -1.916682    0.03157895  5.63333333
  0.24561404  5.43333333 -0.66465509  0.02982456  5.63333333  0.24385965
  5.43333333 -0.41791874]",937.3156216144562
-0.0025400000000000006,[0.82482946],"[ 0.03157895  5.66666667  0.24561404  5.4        -1.916682    0.03157895
  5.63333333  0.24561404  5.43333333 -0.66465509  0.02982456  5.63333333
  0.24385965  5.43333333 -0.41791874  0.02982456  5.6         0.24385965
  5.46666667 -0.17517054]",937.3651914596558
0.002599999999999998,[0.3534138],"[ 0.03157895  5.63333333  0.24561404  5.43333333 -0.66465509  0.02982456
  5.63333333  0.24385965  5.43333333 -0.41791874  0.02982456  5.6
  0.24385965  5.46666667 -0.17517054  0.03333333  5.36666667  0.24561404
  5.66666667 -0.64658618]",937.4086308479309
0.002596000000000001,[0.7063751],"[ 0.02982456  5.63333333  0.24385965  5.43333333 -0.41791874  0.02982456
  5.6         0.24385965  5.46666667 -0.17517054  0.03333333  5.36666667
  0.24561404  5.66666667 -0.64658618  0.03333333  5.4         0.24912281
  5.63333333 -0.29362488]",937.4548032283783
0.01022,[0.57268363],"[ 0.02982456  5.6         0.24385965  5.46666667 -0.17517054  0.03333333
  5.36666667  0.24561404  5.66666667 -0.64658618  0.03333333  5.4
  0.24912281  5.63333333 -0.29362488  0.03859649  5.76666667  0.24912281
  5.23333333 -0.42731637]",937.5201227664948
0.01532,[0.9060939],"[ 0.03333333  5.36666667  0.24561404  5.66666667 -0.64658618  0.03333333
  5.4         0.24912281  5.63333333 -0.29362488  0.03859649  5.76666667
  0.24912281  5.23333333 -0.42731637  0.04210526  5.86666667  0.24912281
  5.         -0.0939061 ]",937.5954504013062
0.022972000000000006,[-0.23951879],"[ 0.03333333  5.4         0.24912281  5.63333333 -0.29362488  0.03859649
  5.76666667  0.24912281  5.23333333 -0.42731637  0.04210526  5.86666667
  0.24912281  5.         -0.0939061   0.04736842  6.          0.25087719
  4.8        -1.23951876]",937.6775395870209
0.035744,[0.3937847],"[ 0.03859649  5.76666667  0.24912281  5.23333333 -0.42731637  0.04210526
  5.86666667  0.24912281  5.         -0.0939061   0.04736842  6.
  0.25087719  4.8        -1.23951876  0.05614035  6.06666667  0.25263158
  4.63333333 -0.6062153 ]",937.7581009864807
0.038312,[-0.77275765],"[ 0.04210526  5.86666667  0.24912281  5.         -0.0939061   0.04736842
  6.          0.25087719  4.8        -1.23951876  0.05614035  6.06666667
  0.25263158  4.63333333 -0.6062153   0.05789474  5.96666667  0.25789474
  4.63333333 -1.77275765]",937.8346946239471
0.048536,[0.4980513],"[ 0.04736842  6.          0.25087719  4.8        -1.23951876  0.05614035
  6.06666667  0.25263158  4.63333333 -0.6062153   0.05789474  5.96666667
  0.25789474  4.63333333 -1.77275765  0.06491228  5.96666667  0.26315789
  4.56666667 -0.50194871]",937.9544258117676
0.05366400000000001,[0.88704836],"[ 0.05614035  6.06666667  0.25263158  4.63333333 -0.6062153   0.05789474
  5.96666667  0.25789474  4.63333333 -1.77275765  0.06491228  5.96666667
  0.26315789  4.56666667 -0.50194871  0.06842105  5.83333333  0.27192982
  4.63333333 -0.11295164]",937.9875557422638
0.06644000000000001,[-0.8342908],"[ 0.05789474  5.96666667  0.25789474  4.63333333 -1.77275765  0.06491228
  5.96666667  0.26315789  4.56666667 -0.50194871  0.06842105  5.83333333
  0.27192982  4.63333333 -0.11295164  0.07719298  5.86666667  0.2754386
  4.43333333 -1.83429074]",938.0818588733673
0.08432400000000002,[-0.92269546],"[ 0.06491228  5.96666667  0.26315789  4.56666667 -0.50194871  0.06842105
  5.83333333  0.27192982  4.63333333 -0.11295164  0.07719298  5.86666667
  0.2754386   4.43333333 -1.83429074  0.08947368  5.93333333  0.27719298
  4.1        -1.9226954 ]",938.1602907180786
0.08180799999999999,[-0.32492563],"[ 0.06842105  5.83333333  0.27192982  4.63333333 -0.11295164  0.07719298
  5.86666667  0.2754386   4.43333333 -1.83429074  0.08947368  5.93333333
  0.27719298  4.1        -1.9226954   0.0877193   5.6         0.28421053
  4.13333333 -1.32492566]",938.2464594841003
0.084404,[0.16516715],"[ 0.07719298  5.86666667  0.2754386   4.43333333 -1.83429074  0.08947368
  5.93333333  0.27719298  4.1        -1.9226954   0.0877193   5.6
  0.28421053  4.13333333 -1.32492566  0.08947368  5.26666667  0.29473684
  4.3        -0.83483285]",938.3303945064545
0.09209200000000002,[0.13954286],"[ 0.08947368  5.93333333  0.27719298  4.1        -1.9226954   0.0877193
  5.6         0.28421053  4.13333333 -1.32492566  0.08947368  5.26666667
  0.29473684  4.3        -0.83483285  0.09473684  5.1         0.30175439
  4.3        -0.86045712]",938.3926720619202
0.104868,[0.8287057],"[ 0.0877193   5.6         0.28421053  4.13333333 -1.32492566  0.08947368
  5.26666667  0.29473684  4.3        -0.83483285  0.09473684  5.1
  0.30175439  4.3        -0.86045712  0.10350877  5.13333333  0.30877193
  4.06666667 -0.17129427]",938.4831573963165
0.117608,[0.3593861],"[ 0.08947368  5.26666667  0.29473684  4.3        -0.83483285  0.09473684
  5.1         0.30175439  4.3        -0.86045712  0.10350877  5.13333333
  0.30877193  4.06666667 -0.17129427  0.11052632  5.16666667  0.31754386
  3.83333333 -0.64061391]",938.5427360534668
0.16360400000000003,[-0.48751697],"[ 0.09473684  5.1         0.30175439  4.3        -0.86045712  0.10350877
  5.13333333  0.30877193  4.06666667 -0.17129427  0.11052632  5.16666667
  0.31754386  3.83333333 -0.64061391  0.14385965  5.5         0.32280702
  3.63333333 -1.487517  ]",938.6472301483154
0.161056,[0.76957196],"[ 0.10350877  5.13333333  0.30877193  4.06666667 -0.17129427  0.11052632
  5.16666667  0.31754386  3.83333333 -0.64061391  0.14385965  5.5
  0.32280702  3.63333333 -1.487517    0.14210526  5.4         0.3245614
  3.6        -0.23042804]",938.7151846885681
0.168716,[-0.7139662],"[ 0.11052632  5.16666667  0.31754386  3.83333333 -0.64061391  0.14385965
  5.5         0.32280702  3.63333333 -1.487517    0.14210526  5.4
  0.3245614   3.6        -0.23042804  0.14561404  5.46666667  0.32631579
  3.6        -1.71396613]",938.7924036979675
0.17381200000000002,[-0.9107842],"[ 0.14385965  5.5         0.32280702  3.63333333 -1.487517    0.14210526
  5.4         0.3245614   3.6        -0.23042804  0.14561404  5.46666667
  0.32631579  3.6        -1.71396613  0.14912281  5.56666667  0.32807018
  3.63333333 -1.91078424]",938.8744766712189
0.16867200000000002,[0.68606985],"[ 0.14210526  5.4         0.3245614   3.6        -0.23042804  0.14561404
  5.46666667  0.32631579  3.6        -1.71396613  0.14912281  5.56666667
  0.32807018  3.63333333 -1.91078424  0.14912281  5.56666667  0.33157895
  3.76666667 -0.31393015]",938.9462170600891
0.16358,[0.7804684],"[ 0.14561404  5.46666667  0.32631579  3.6        -1.71396613  0.14912281
  5.56666667  0.32807018  3.63333333 -1.91078424  0.14912281  5.56666667
  0.33157895  3.76666667 -0.31393015  0.14561404  5.43333333  0.33859649
  4.06666667 -0.2195316 ]",939.0247077941895
0.16106400000000004,[0.7881389],"[ 0.14912281  5.56666667  0.32807018  3.63333333 -1.91078424  0.14912281
  5.56666667  0.33157895  3.76666667 -0.31393015  0.14561404  5.43333333
  0.33859649  4.06666667 -0.2195316   0.14912281  5.46666667  0.34210526
  3.96666667 -0.21186107]",939.1112110614777
0.16362,[-0.50346214],"[ 0.14912281  5.56666667  0.33157895  3.76666667 -0.31393015  0.14561404
  5.43333333  0.33859649  4.06666667 -0.2195316   0.14912281  5.46666667
  0.34210526  3.96666667 -0.21186107  0.15438596  5.56666667  0.34210526
  3.7        -1.50346208]",939.185337305069
0.161076,[-0.51002175],"[ 0.14561404  5.43333333  0.33859649  4.06666667 -0.2195316   0.14912281
  5.46666667  0.34210526  3.96666667 -0.21186107  0.15438596  5.56666667
  0.34210526  3.7        -1.50346208  0.15789474  5.6         0.34385965
  3.66666667 -1.51002169]",939.2620441913605
0.145764,[0.6127388],"[ 0.14912281  5.46666667  0.34210526  3.96666667 -0.21186107  0.15438596
  5.56666667  0.34210526  3.7        -1.50346208  0.15789474  5.6
  0.34385965  3.66666667 -1.51002169  0.15614035  5.46666667  0.34736842
  3.8        -0.38726121]",939.3450179100037
0.143216,[0.20456713],"[ 0.15438596  5.56666667  0.34210526  3.7        -1.50346208  0.15789474
  5.6         0.34385965  3.66666667 -1.51002169  0.15614035  5.46666667
  0.34736842  3.8        -0.38726121  0.15614035  5.3         0.35263158
  3.83333333 -0.79543287]",939.4230086803436
0.145764,[0.6440797],"[ 0.15789474  5.6         0.34385965  3.66666667 -1.51002169  0.15614035
  5.46666667  0.34736842  3.8        -0.38726121  0.15614035  5.3
  0.35263158  3.83333333 -0.79543287  0.16491228  5.36666667  0.35438596
  3.63333333 -0.35592031]",939.5038418769836
0.155948,[0.8123942],"[ 0.15614035  5.46666667  0.34736842  3.8        -0.38726121  0.15614035
  5.3         0.35263158  3.83333333 -0.79543287  0.16491228  5.36666667
  0.35438596  3.63333333 -0.35592031  0.1754386   5.56666667  0.35964912
  3.6        -0.1876058 ]",939.5872802734375
0.158488,[-0.74013746],"[ 0.15614035  5.3         0.35263158  3.83333333 -0.79543287  0.16491228
  5.36666667  0.35438596  3.63333333 -0.35592031  0.1754386   5.56666667
  0.35964912  3.6        -0.1876058   0.18596491  5.73333333  0.36315789
  3.6        -1.74013746]",939.6669907569885
0.14571599999999998,[0.76185775],"[ 0.16491228  5.36666667  0.35438596  3.63333333 -0.35592031  0.1754386
  5.56666667  0.35964912  3.6        -0.1876058   0.18596491  5.73333333
  0.36315789  3.6        -1.74013746  0.18947368  5.73333333  0.36842105
  3.6        -0.23814225]",939.7491269111633
0.14315200000000003,[0.05226408],"[ 0.1754386   5.56666667  0.35964912  3.6        -0.1876058   0.18596491
  5.73333333  0.36315789  3.6        -1.74013746  0.18947368  5.73333333
  0.36842105  3.6        -0.23814225  0.18596491  5.46666667  0.3754386
  3.73333333 -0.94773591]",939.829607963562
0.1431,[-0.05481055],"[ 0.18596491  5.73333333  0.36315789  3.6        -1.74013746  0.18947368
  5.73333333  0.36842105  3.6        -0.23814225  0.18596491  5.46666667
  0.3754386   3.73333333 -0.94773591  0.1877193   5.56666667  0.37719298
  3.73333333 -1.05481052]",939.9079327583313
0.137964,[0.7222522],"[ 0.18947368  5.73333333  0.36842105  3.6        -0.23814225  0.18596491
  5.46666667  0.3754386   3.73333333 -0.94773591  0.1877193   5.56666667
  0.37719298  3.73333333 -1.05481052  0.18947368  5.6         0.37719298
  3.76666667 -0.27774781]",939.9846768379211
0.12775200000000003,[0.6103719],"[ 0.18596491  5.46666667  0.3754386   3.73333333 -0.94773591  0.1877193
  5.56666667  0.37719298  3.73333333 -1.05481052  0.18947368  5.6
  0.37719298  3.76666667 -0.27774781  0.19122807  5.53333333  0.38245614
  3.76666667 -0.38962811]",940.0620720386505
0.13030400000000003,[-0.20455945],"[ 0.1877193   5.56666667  0.37719298  3.73333333 -1.05481052  0.18947368
  5.6         0.37719298  3.76666667 -0.27774781  0.19122807  5.53333333
  0.38245614  3.76666667 -0.38962811  0.2         5.6         0.38421053
  3.6        -1.20455945]",940.1447615623474
0.08178399999999997,[0.43212718],"[ 0.18947368  5.6         0.37719298  3.76666667 -0.27774781  0.19122807
  5.53333333  0.38245614  3.76666667 -0.38962811  0.2         5.6
  0.38421053  3.6        -1.20455945  0.2         5.56666667  0.3877193
  3.7        -0.56787282]",940.2278935909271
0.081784,[-0.44099277],"[ 0.19122807  5.53333333  0.38245614  3.76666667 -0.38962811  0.2
  5.6         0.38421053  3.6        -1.20455945  0.2         5.56666667
  0.3877193   3.7        -0.56787282  0.19824561  5.46666667  0.39298246
  3.83333333 -1.44099283]",940.301953792572
0.08433199999999998,[-0.8370576],"[ 0.2         5.6         0.38421053  3.6        -1.20455945  0.2
  5.56666667  0.3877193   3.7        -0.56787282  0.19824561  5.46666667
  0.39298246  3.83333333 -1.44099283  0.20350877  5.6         0.39473684
  3.83333333 -1.83705759]",940.3854131698608
0.07414399999999999,[0.08789328],"[ 0.2         5.56666667  0.3877193   3.7        -0.56787282  0.19824561
  5.46666667  0.39298246  3.83333333 -1.44099283  0.20350877  5.6
  0.39473684  3.83333333 -1.83705759  0.2         5.4         0.40175439
  4.1        -0.91210675]",940.4679338932037
0.074156,[0.5667408],"[ 0.19824561  5.46666667  0.39298246  3.83333333 -1.44099283  0.20350877
  5.6         0.39473684  3.83333333 -1.83705759  0.2         5.4
  0.40175439  4.1        -0.91210675  0.2         5.3         0.40701754
  4.4        -0.43325919]",940.5436029434204
0.08945600000000001,[-0.7096853],"[ 0.20350877  5.6         0.39473684  3.83333333 -1.83705759  0.2
  5.4         0.40175439  4.1        -0.91210675  0.2         5.3
  0.40701754  4.4        -0.43325919  0.20701754  5.46666667  0.41052632
  4.2        -1.70968533]",940.6247320175171
0.10222800000000001,[0.09393708],"[ 0.2         5.4         0.40175439  4.1        -0.91210675  0.2
  5.3         0.40701754  4.4        -0.43325919  0.20701754  5.46666667
  0.41052632  4.2        -1.70968533  0.21929825  5.56666667  0.41403509
  4.03333333 -0.9060629 ]",940.7148358821869
0.09969600000000003,[0.9576218],"[ 0.2         5.3         0.40701754  4.4        -0.43325919  0.20701754
  5.46666667  0.41052632  4.2        -1.70968533  0.21929825  5.56666667
  0.41403509  4.03333333 -0.9060629   0.22280702  5.46666667  0.42280702
  4.1        -0.04237819]",940.7868006229401
0.10991599999999999,[0.06069852],"[ 0.20701754  5.46666667  0.41052632  4.2        -1.70968533  0.21929825
  5.56666667  0.41403509  4.03333333 -0.9060629   0.22280702  5.46666667
  0.42280702  4.1        -0.04237819  0.23333333  5.53333333  0.42982456
  3.96666667 -0.93930149]",940.8635923862457
0.12778799999999998,[-0.57533336],"[ 0.21929825  5.56666667  0.41403509  4.03333333 -0.9060629   0.22280702
  5.46666667  0.42280702  4.1        -0.04237819  0.23333333  5.53333333
  0.42982456  3.96666667 -0.93930149  0.24385965  5.56666667  0.43333333
  3.7        -1.57533336]",940.9519491195679
0.12523600000000001,[0.6530194],"[ 0.22280702  5.46666667  0.42280702  4.1        -0.04237819  0.23333333
  5.53333333  0.42982456  3.96666667 -0.93930149  0.24385965  5.56666667
  0.43333333  3.7        -1.57533336  0.24210526  5.36666667  0.44035088
  3.8        -0.34698057]",941.0235695838928
0.11503999999999999,[-0.12145102],"[ 0.23333333  5.53333333  0.42982456  3.96666667 -0.93930149  0.24385965
  5.56666667  0.43333333  3.7        -1.57533336  0.24210526  5.36666667
  0.44035088  3.8        -0.34698057  0.24385965  5.2         0.44736842
  3.93333333 -1.12145102]",941.1020226478577
0.11505999999999998,[-0.10824566],"[ 0.24385965  5.56666667  0.43333333  3.7        -1.57533336  0.24210526
  5.36666667  0.44035088  3.8        -0.34698057  0.24385965  5.2
  0.44736842  3.93333333 -1.12145102  0.25438596  5.23333333  0.45263158
  3.76666667 -1.10824561]",941.1881337165833
0.11254000000000004,[-0.44262874],"[ 0.24210526  5.36666667  0.44035088  3.8        -0.34698057  0.24385965
  5.2         0.44736842  3.93333333 -1.12145102  0.25438596  5.23333333
  0.45263158  3.76666667 -1.10824561  0.26315789  5.1         0.46140351
  3.66666667 -1.44262874]",941.2623381614685
0.11766800000000002,[-0.7177147],"[ 0.24385965  5.2         0.44736842  3.93333333 -1.12145102  0.25438596
  5.23333333  0.45263158  3.76666667 -1.10824561  0.26315789  5.1
  0.46140351  3.66666667 -1.44262874  0.27017544  4.96666667  0.47192982
  3.66666667 -1.71771479]",941.3420479297638
0.12789200000000003,[-0.17916256],"[ 0.25438596  5.23333333  0.45263158  3.76666667 -1.10824561  0.26315789
  5.1         0.46140351  3.66666667 -1.44262874  0.27017544  4.96666667
  0.47192982  3.66666667 -1.71771479  0.27368421  4.7         0.48070175
  3.66666667 -1.1791625 ]",941.4243655204773
0.13302799999999998,[0.8970138],"[ 0.26315789  5.1         0.46140351  3.66666667 -1.44262874  0.27017544
  4.96666667  0.47192982  3.66666667 -1.71771479  0.27368421  4.7
  0.48070175  3.66666667 -1.1791625   0.27894737  4.6         0.48596491
  3.66666667 -0.10298622]",941.5045776367188
0.138112,[-0.14043753],"[ 0.27017544  4.96666667  0.47192982  3.66666667 -1.71771479  0.27368421
  4.7         0.48070175  3.66666667 -1.1791625   0.27894737  4.6
  0.48596491  3.66666667 -0.10298622  0.28421053  4.86666667  0.4877193
  3.66666667 -1.14043748]",941.5845499038696
0.14319199999999999,[-0.5121472],"[ 0.27368421  4.7         0.48070175  3.66666667 -1.1791625   0.27894737
  4.6         0.48596491  3.66666667 -0.10298622  0.28421053  4.86666667
  0.4877193   3.66666667 -1.14043748  0.28947368  5.06666667  0.48947368
  3.7        -1.51214719]",941.6823890209198
0.125332,[-0.16953854],"[ 0.27894737  4.6         0.48596491  3.66666667 -0.10298622  0.28421053
  4.86666667  0.4877193   3.66666667 -1.14043748  0.28947368  5.06666667
  0.48947368  3.7        -1.51214719  0.28596491  4.86666667  0.49298246
  3.93333333 -1.1695385 ]",941.7435989379883
0.13045600000000004,[0.8563647],"[ 0.28421053  4.86666667  0.4877193   3.66666667 -1.14043748  0.28947368
  5.06666667  0.48947368  3.7        -1.51214719  0.28596491  4.86666667
  0.49298246  3.93333333 -1.1695385   0.28947368  4.73333333  0.5
  4.13333333 -0.14363527]",941.8296296596527
0.145768,[-0.6854025],"[ 0.28947368  5.06666667  0.48947368  3.7        -1.51214719  0.28596491
  4.86666667  0.49298246  3.93333333 -1.1695385   0.28947368  4.73333333
  0.5         4.13333333 -0.14363527  0.29824561  4.83333333  0.50877193
  4.2        -1.68540251]",941.9021368026733
0.14832800000000002,[-0.23676918],"[ 0.28596491  4.86666667  0.49298246  3.93333333 -1.1695385   0.28947368
  4.73333333  0.5         4.13333333 -0.14363527  0.29824561  4.83333333
  0.50877193  4.2        -1.68540251  0.30526316  4.93333333  0.51929825
  4.36666667 -1.2367692 ]",941.983731508255
0.16110000000000002,[-0.66890514],"[ 0.28947368  4.73333333  0.5         4.13333333 -0.14363527  0.29824561
  4.83333333  0.50877193  4.2        -1.68540251  0.30526316  4.93333333
  0.51929825  4.36666667 -1.2367692   0.31052632  4.8         0.52631579
  4.63333333 -1.66890514]",942.0620684623718
0.16877199999999998,[-0.3283917],"[ 0.29824561  4.83333333  0.50877193  4.2        -1.68540251  0.30526316
  4.93333333  0.51929825  4.36666667 -1.2367692   0.31052632  4.8
  0.52631579  4.63333333 -1.66890514  0.31578947  4.66666667  0.52982456
  4.73333333 -1.32839167]",942.1421263217926
0.161128,[-0.3960908],"[ 0.30526316  4.93333333  0.51929825  4.36666667 -1.2367692   0.31052632
  4.8         0.52631579  4.63333333 -1.66890514  0.31578947  4.66666667
  0.52982456  4.73333333 -1.32839167  0.31754386  4.63333333  0.53157895
  4.8        -1.39609075]",942.2271304130554
0.14579199999999998,[0.983672],"[ 0.31052632  4.8         0.52631579  4.63333333 -1.66890514  0.31578947
  4.66666667  0.52982456  4.73333333 -1.32839167  0.31754386  4.63333333
  0.53157895  4.8        -1.39609075  0.31929825  4.73333333  0.53508772
  4.86666667 -0.01632798]",942.3032743930817
0.14320400000000003,[-0.31836826],"[ 0.31578947  4.66666667  0.52982456  4.73333333 -1.32839167  0.31754386
  4.63333333  0.53157895  4.8        -1.39609075  0.31929825  4.73333333
  0.53508772  4.86666667 -0.01632798  0.32105263  4.9         0.53508772
  4.93333333 -1.3183682 ]",942.3875176906586
0.12784800000000002,[0.86938417],"[ 0.31754386  4.63333333  0.53157895  4.8        -1.39609075  0.31929825
  4.73333333  0.53508772  4.86666667 -0.01632798  0.32105263  4.9
  0.53508772  4.93333333 -1.3183682   0.32105263  5.13333333  0.53508772
  4.86666667 -0.13061583]",942.4662280082703
0.11508,[0.99352944],"[ 0.31929825  4.73333333  0.53508772  4.86666667 -0.01632798  0.32105263
  4.9         0.53508772  4.93333333 -1.3183682   0.32105263  5.13333333
  0.53508772  4.86666667 -0.13061583  0.32280702  5.06666667  0.53508772
  5.03333333 -0.00647056]",942.5482687950134
0.12780799999999998,[-0.9501355],"[ 0.32105263  4.9         0.53508772  4.93333333 -1.3183682   0.32105263
  5.13333333  0.53508772  4.86666667 -0.13061583  0.32280702  5.06666667
  0.53508772  5.03333333 -0.00647056  0.32982456  5.3         0.54210526
  4.9        -1.95013547]",942.6234743595123
0.14053600000000005,[0.6281118],"[ 0.32105263  5.13333333  0.53508772  4.86666667 -0.13061583  0.32280702
  5.06666667  0.53508772  5.03333333 -0.00647056  0.32982456  5.3
  0.54210526  4.9        -1.95013547  0.34035088  5.56666667  0.54736842
  4.66666667 -0.37188822]",942.7051329612732
0.13286799999999999,[-0.61474675],"[ 0.32280702  5.06666667  0.53508772  5.03333333 -0.00647056  0.32982456
  5.3         0.54210526  4.9        -1.95013547  0.34035088  5.56666667
  0.54736842  4.66666667 -0.37188822  0.34561404  5.6         0.55263158
  4.66666667 -1.61474681]",942.7884664535522
0.12518399999999996,[-0.6489106],"[ 0.32982456  5.3         0.54210526  4.9        -1.95013547  0.34035088
  5.56666667  0.54736842  4.66666667 -0.37188822  0.34561404  5.6
  0.55263158  4.66666667 -1.61474681  0.34912281  5.6         0.55614035
  4.66666667 -1.64891052]",942.8653929233551
0.11753200000000001,[-0.9963073],"[ 0.34035088  5.56666667  0.54736842  4.66666667 -0.37188822  0.34561404
  5.6         0.55263158  4.66666667 -1.61474681  0.34912281  5.6
  0.55614035  4.66666667 -1.64891052  0.35087719  5.33333333  0.56315789
  4.83333333 -1.99630737]",942.9505286216736
0.12263600000000001,[0.05129076],"[ 0.34561404  5.6         0.55263158  4.66666667 -1.61474681  0.34912281
  5.6         0.55614035  4.66666667 -1.64891052  0.35087719  5.33333333
  0.56315789  4.83333333 -1.99630737  0.35789474  5.13333333  0.57017544
  5.03333333 -0.94870925]",943.027357339859
0.12517999999999996,[-0.14434041],"[ 0.34912281  5.6         0.55614035  4.66666667 -1.64891052  0.35087719
  5.33333333  0.56315789  4.83333333 -1.99630737  0.35789474  5.13333333
  0.57017544  5.03333333 -0.94870925  0.36491228  5.13333333  0.57894737
  5.16666667 -1.1443404 ]",943.1037085056305
0.12519600000000003,[-0.8276226],"[ 0.35087719  5.33333333  0.56315789  4.83333333 -1.99630737  0.35789474
  5.13333333  0.57017544  5.03333333 -0.94870925  0.36491228  5.13333333
  0.57894737  5.16666667 -1.1443404   0.37017544  5.26666667  0.58421053
  5.1        -1.82762265]",943.1831796169281
0.12267199999999993,[-0.00419846],"[ 0.35789474  5.13333333  0.57017544  5.03333333 -0.94870925  0.36491228
  5.13333333  0.57894737  5.16666667 -1.1443404   0.37017544  5.26666667
  0.58421053  5.1        -1.82762265  0.37368421  5.2         0.5877193
  5.1        -1.00419843]",943.2619798183441
0.13545199999999996,[0.6401466],"[ 0.36491228  5.13333333  0.57894737  5.16666667 -1.1443404   0.37017544
  5.26666667  0.58421053  5.1        -1.82762265  0.37368421  5.2
  0.5877193   5.1        -1.00419843  0.37894737  5.          0.59298246
  5.13333333 -0.35985339]",943.3419771194458
0.14052399999999998,[0.08942096],"[ 0.37017544  5.26666667  0.58421053  5.1        -1.82762265  0.37368421
  5.2         0.5877193   5.1        -1.00419843  0.37894737  5.
  0.59298246  5.13333333 -0.35985339  0.38596491  5.2         0.6
  4.86666667 -0.91057903]",943.4321486949921
0.14306399999999997,[-0.26423153],"[ 0.37368421  5.2         0.5877193   5.1        -1.00419843  0.37894737
  5.          0.59298246  5.13333333 -0.35985339  0.38596491  5.2
  0.6         4.86666667 -0.91057903  0.39649123  5.43333333  0.60526316
  4.66666667 -1.26423156]",943.5041019916534
0.140528,[-0.7604303],"[ 0.37894737  5.          0.59298246  5.13333333 -0.35985339  0.38596491
  5.2         0.6         4.86666667 -0.91057903  0.39649123  5.43333333
  0.60526316  4.66666667 -1.26423156  0.40175439  5.36666667  0.6122807
  4.76666667 -1.76043034]",943.5938017368317
0.137976,[-0.12304792],"[ 0.38596491  5.2         0.6         4.86666667 -0.91057903  0.39649123
  5.43333333  0.60526316  4.66666667 -1.26423156  0.40175439  5.36666667
  0.6122807   4.76666667 -1.76043034  0.40526316  5.2         0.61929825
  4.96666667 -1.12304795]",943.6726682186127
0.14308800000000005,[-0.11506793],"[ 0.39649123  5.43333333  0.60526316  4.66666667 -1.26423156  0.40175439
  5.36666667  0.6122807   4.76666667 -1.76043034  0.40526316  5.2
  0.61929825  4.96666667 -1.12304795  0.41403509  5.06666667  0.62631579
  4.96666667 -1.11506796]",943.7498025894165
0.15585600000000005,[-0.09605052],"[ 0.40175439  5.36666667  0.6122807   4.76666667 -1.76043034  0.40526316
  5.2         0.61929825  4.96666667 -1.12304795  0.41403509  5.06666667
  0.62631579  4.96666667 -1.11506796  0.4245614   5.13333333  0.63684211
  4.76666667 -1.0960505 ]",943.827041387558
0.17119600000000007,[0.13339582],"[ 0.40526316  5.2         0.61929825  4.96666667 -1.12304795  0.41403509
  5.06666667  0.62631579  4.96666667 -1.11506796  0.4245614   5.13333333
  0.63684211  4.76666667 -1.0960505   0.43684211  5.2         0.64736842
  4.76666667 -0.86660421]",943.9129464626312
0.17887600000000003,[0.7468509],"[ 0.41403509  5.06666667  0.62631579  4.96666667 -1.11506796  0.4245614
  5.13333333  0.63684211  4.76666667 -1.0960505   0.43684211  5.2
  0.64736842  4.76666667 -0.86660421  0.44385965  5.26666667  0.65614035
  4.73333333 -0.25314909]",943.9867441654205
0.18911999999999995,[-0.4875991],"[ 0.4245614   5.13333333  0.63684211  4.76666667 -1.0960505   0.43684211
  5.2         0.64736842  4.76666667 -0.86660421  0.44385965  5.26666667
  0.65614035  4.73333333 -0.25314909  0.45087719  5.33333333  0.65964912
  4.56666667 -1.48759913]",944.0620827674866
0.19166799999999995,[-0.11947212],"[ 0.43684211  5.2         0.64736842  4.76666667 -0.86660421  0.44385965
  5.26666667  0.65614035  4.73333333 -0.25314909  0.45087719  5.33333333
  0.65964912  4.56666667 -1.48759913  0.45438596  5.33333333  0.66140351
  4.36666667 -1.11947215]",944.1440997123718
0.181496,[0.8816101],"[ 0.44385965  5.26666667  0.65614035  4.73333333 -0.25314909  0.45087719
  5.33333333  0.65964912  4.56666667 -1.48759913  0.45438596  5.33333333
  0.66140351  4.36666667 -1.11947215  0.45438596  5.13333333  0.66315789
  4.4        -0.1183899 ]",944.2335608005524
0.17129599999999995,[-0.40316275],"[ 0.45087719  5.33333333  0.65964912  4.56666667 -1.48759913  0.45438596
  5.33333333  0.66140351  4.36666667 -1.11947215  0.45438596  5.13333333
  0.66315789  4.4        -0.1183899   0.45789474  5.2         0.66666667
  4.33333333 -1.40316272]",944.3028497695923
0.17894,[-0.3009591],"[ 0.45438596  5.33333333  0.66140351  4.36666667 -1.11947215  0.45438596
  5.13333333  0.66315789  4.4        -0.1183899   0.45789474  5.2
  0.66666667  4.33333333 -1.40316272  0.46842105  5.43333333  0.66842105
  4.06666667 -1.30095911]",944.3839666843414
0.181508,[0.7409633],"[ 0.45438596  5.13333333  0.66315789  4.4        -0.1183899   0.45789474
  5.2         0.66666667  4.33333333 -1.40316272  0.46842105  5.43333333
  0.66842105  4.06666667 -1.30095911  0.47368421  5.33333333  0.6754386
  4.06666667 -0.25903672]",944.4655058383942
0.19172,[0.2659436],"[ 0.45789474  5.2         0.66666667  4.33333333 -1.40316272  0.46842105
  5.43333333  0.66842105  4.06666667 -1.30095911  0.47368421  5.33333333
  0.6754386   4.06666667 -0.25903672  0.48245614  5.16666667  0.68596491
  4.03333333 -0.73405641]",944.5478050708771
0.20190399999999994,[0.50060445],"[ 0.46842105  5.43333333  0.66842105  4.06666667 -1.30095911  0.47368421
  5.33333333  0.6754386   4.06666667 -0.25903672  0.48245614  5.16666667
  0.68596491  4.03333333 -0.73405641  0.49649123  5.3         0.69473684
  3.76666667 -0.49939555]",944.6256277561188
0.20444400000000007,[-0.6778833],"[ 0.47368421  5.33333333  0.6754386   4.06666667 -0.25903672  0.48245614
  5.16666667  0.68596491  4.03333333 -0.73405641  0.49649123  5.3
  0.69473684  3.76666667 -0.49939555  0.50526316  5.43333333  0.7
  3.8        -1.67788339]",944.7039449214935
0.207008,[0.14747372],"[ 0.48245614  5.16666667  0.68596491  4.03333333 -0.73405641  0.49649123
  5.3         0.69473684  3.76666667 -0.49939555  0.50526316  5.43333333
  0.7         3.8        -1.67788339  0.5122807   5.5         0.70701754
  3.8        -0.85252631]",944.7860107421875
0.20190800000000006,[0.52027774],"[ 0.49649123  5.3         0.69473684  3.76666667 -0.49939555  0.50526316
  5.43333333  0.7         3.8        -1.67788339  0.5122807   5.5
  0.70701754  3.8        -0.85252631  0.5122807   5.33333333  0.71052632
  3.86666667 -0.47972226]",944.8679106235504
0.20187600000000003,[0.74498075],"[ 0.50526316  5.43333333  0.7         3.8        -1.67788339  0.5122807
  5.5         0.70701754  3.8        -0.85252631  0.5122807   5.33333333
  0.71052632  3.86666667 -0.47972226  0.51754386  5.4         0.7122807
  3.76666667 -0.25501925]",944.9428350925446
0.19932400000000006,[0.27439594],"[ 0.5122807   5.5         0.70701754  3.8        -0.85252631  0.5122807
  5.33333333  0.71052632  3.86666667 -0.47972226  0.51754386  5.4
  0.7122807   3.76666667 -0.25501925  0.52280702  5.56666667  0.71578947
  3.8        -0.72560406]",945.026773929596
0.18912800000000007,[0.7872277],"[ 0.5122807   5.33333333  0.71052632  3.86666667 -0.47972226  0.51754386
  5.4         0.7122807   3.76666667 -0.25501925  0.52280702  5.56666667
  0.71578947  3.8        -0.72560406  0.52631579  5.56666667  0.71929825
  3.86666667 -0.21277231]",945.1057045459747
0.18146000000000007,[0.8360761],"[ 0.51754386  5.4         0.7122807   3.76666667 -0.25501925  0.52280702
  5.56666667  0.71578947  3.8        -0.72560406  0.52631579  5.56666667
  0.71929825  3.86666667 -0.21277231  0.52631579  5.5         0.72105263
  3.86666667 -0.16392392]",945.1820635795593
0.18398800000000004,[0.60332394],"[ 0.52280702  5.56666667  0.71578947  3.8        -0.72560406  0.52631579
  5.56666667  0.71929825  3.86666667 -0.21277231  0.52631579  5.5
  0.72105263  3.86666667 -0.16392392  0.53157895  5.56666667  0.72105263
  3.73333333 -0.39667606]",945.2635023593903
0.171188,[-0.75791854],"[ 0.52631579  5.56666667  0.71929825  3.86666667 -0.21277231  0.52631579
  5.5         0.72105263  3.86666667 -0.16392392  0.53157895  5.56666667
  0.72105263  3.73333333 -0.39667606  0.53157895  5.6         0.72105263
  3.73333333 -1.7579186 ]",945.3448758125305
0.1533,[-0.862845],"[ 0.52631579  5.5         0.72105263  3.86666667 -0.16392392  0.53157895
  5.56666667  0.72105263  3.73333333 -0.39667606  0.53157895  5.6
  0.72105263  3.73333333 -1.7579186   0.52982456  5.63333333  0.72280702
  3.9        -1.86284494]",945.4234395027161
0.127776,[0.7022195],"[ 0.53157895  5.56666667  0.72105263  3.73333333 -0.39667606  0.53157895
  5.6         0.72105263  3.73333333 -1.7579186   0.52982456  5.63333333
  0.72280702  3.9        -1.86284494  0.5245614   5.4         0.72807018
  4.2        -0.29778051]",945.5118317604065
0.1201279999999999,[-0.696987],"[ 0.53157895  5.6         0.72105263  3.73333333 -1.7579186   0.52982456
  5.63333333  0.72280702  3.9        -1.86284494  0.5245614   5.4
  0.72807018  4.2        -0.29778051  0.52631579  5.3         0.73508772
  4.36666667 -1.69698691]",945.5908894538879
0.125224,[-0.8293178],"[ 0.52982456  5.63333333  0.72280702  3.9        -1.86284494  0.5245614
  5.4         0.72807018  4.2        -0.29778051  0.52631579  5.3
  0.73508772  4.36666667 -1.69698691  0.53684211  5.5         0.74035088
  4.26666667 -1.82931781]",945.6637933254242
0.12523600000000001,[-0.16845377],"[ 0.5245614   5.4         0.72807018  4.2        -0.29778051  0.52631579
  5.3         0.73508772  4.36666667 -1.69698691  0.53684211  5.5
  0.74035088  4.26666667 -1.82931781  0.54035088  5.4         0.74736842
  4.4        -1.16845381]",945.7515740394592
0.13034800000000002,[0.9171787],"[ 0.52631579  5.3         0.73508772  4.36666667 -1.69698691  0.53684211
  5.5         0.74035088  4.26666667 -1.82931781  0.54035088  5.4
  0.74736842  4.4        -1.16845381  0.54385965  5.2         0.75438596
  4.53333333 -0.08282131]",945.8221254348755
0.14057200000000003,[-0.3802353],"[ 0.53684211  5.5         0.74035088  4.26666667 -1.82931781  0.54035088
  5.4         0.74736842  4.4        -1.16845381  0.54385965  5.2
  0.75438596  4.53333333 -0.08282131  0.55438596  5.26666667  0.76140351
  4.3        -1.38023531]",945.9023418426514
0.14059600000000005,[-0.9069028],"[ 0.54035088  5.4         0.74736842  4.4        -1.16845381  0.54385965
  5.2         0.75438596  4.53333333 -0.08282131  0.55438596  5.26666667
  0.76140351  4.3        -1.38023531  0.56491228  5.3         0.76666667
  4.1        -1.90690279]",945.9823093414307
0.13804800000000006,[-0.6518278],"[ 0.54385965  5.2         0.75438596  4.53333333 -0.08282131  0.55438596
  5.26666667  0.76140351  4.3        -1.38023531  0.56491228  5.3
  0.76666667  4.1        -1.90690279  0.56842105  5.13333333  0.77719298
  4.33333333 -1.65182781]",946.0689926147461
0.13039199999999995,[0.44362342],"[ 0.55438596  5.26666667  0.76140351  4.3        -1.38023531  0.56491228
  5.3         0.76666667  4.1        -1.90690279  0.56842105  5.13333333
  0.77719298  4.33333333 -1.65182781  0.57192982  4.86666667  0.78421053
  4.53333333 -0.55637658]",946.1474211215973
0.12019999999999997,[-0.23361062],"[ 0.56491228  5.3         0.76666667  4.1        -1.90690279  0.56842105
  5.13333333  0.77719298  4.33333333 -1.65182781  0.57192982  4.86666667
  0.78421053  4.53333333 -0.55637658  0.57894737  4.73333333  0.79122807
  4.46666667 -1.23361063]",946.2301044464111
0.12276799999999999,[-0.46171615],"[ 0.56842105  5.13333333  0.77719298  4.33333333 -1.65182781  0.57192982
  4.86666667  0.78421053  4.53333333 -0.55637658  0.57894737  4.73333333
  0.79122807  4.46666667 -1.23361063  0.58947368  4.76666667  0.8
  4.26666667 -1.46171618]",946.308970451355
0.122784,[0.9774646],"[ 0.57192982  4.86666667  0.78421053  4.53333333 -0.55637658  0.57894737
  4.73333333  0.79122807  4.46666667 -1.23361063  0.58947368  4.76666667
  0.8         4.26666667 -1.46171618  0.59649123  4.7         0.80877193
  4.36666667 -0.02253538]",946.395236492157
0.132996,[-0.7445156],"[ 0.57894737  4.73333333  0.79122807  4.46666667 -1.23361063  0.58947368
  4.76666667  0.8         4.26666667 -1.46171618  0.59649123  4.7
  0.80877193  4.36666667 -0.02253538  0.60350877  4.63333333  0.81754386
  4.43333333 -1.74451566]",946.4665908813477
0.145764,[0.89975274],"[ 0.58947368  4.76666667  0.8         4.26666667 -1.46171618  0.59649123
  4.7         0.80877193  4.36666667 -0.02253538  0.60350877  4.63333333
  0.81754386  4.43333333 -1.74451566  0.61754386  4.8         0.82631579
  4.16666667 -0.10024726]",946.5552845001221
0.15090399999999993,[0.02153259],"[ 0.59649123  4.7         0.80877193  4.36666667 -0.02253538  0.60350877
  4.63333333  0.81754386  4.43333333 -1.74451566  0.61754386  4.8
  0.82631579  4.16666667 -0.10024726  0.62631579  4.73333333  0.83684211
  4.16666667 -0.9784674 ]",946.6319451332092
0.15600799999999992,[-0.00302664],"[ 0.60350877  4.63333333  0.81754386  4.43333333 -1.74451566  0.61754386
  4.8         0.82631579  4.16666667 -0.10024726  0.62631579  4.73333333
  0.83684211  4.16666667 -0.9784674   0.63333333  4.8         0.84385965
  4.1        -1.0030266 ]",946.7077991962433
0.16622799999999993,[-0.41927326],"[ 0.61754386  4.8         0.82631579  4.16666667 -0.10024726  0.62631579
  4.73333333  0.83684211  4.16666667 -0.9784674   0.63333333  4.8
  0.84385965  4.1        -1.0030266   0.64035088  4.76666667  0.84912281
  4.         -1.41927326]",946.7891867160797
0.16625199999999996,[0.9396459],"[ 0.62631579  4.73333333  0.83684211  4.16666667 -0.9784674   0.63333333
  4.8         0.84385965  4.1        -1.0030266   0.64035088  4.76666667
  0.84912281  4.         -1.41927326  0.64561404  4.63333333  0.85614035
  3.96666667 -0.06035411]",946.8661210536957
0.17648799999999998,[-0.9000845],"[ 0.63333333  4.8         0.84385965  4.1        -1.0030266   0.64035088
  4.76666667  0.84912281  4.         -1.41927326  0.64561404  4.63333333
  0.85614035  3.96666667 -0.06035411  0.65263158  4.56666667  0.86491228
  4.         -1.9000845 ]",946.9472856521606
0.19436799999999999,[-0.77766955],"[ 0.64035088  4.76666667  0.84912281  4.         -1.41927326  0.64561404
  4.63333333  0.85614035  3.96666667 -0.06035411  0.65263158  4.56666667
  0.86491228  4.         -1.9000845   0.66315789  4.7         0.87192982
  3.9        -1.77766955]",947.0389893054962
0.20714800000000003,[-0.8636153],"[ 0.64561404  4.63333333  0.85614035  3.96666667 -0.06035411  0.65263158
  4.56666667  0.86491228  4.         -1.9000845   0.66315789  4.7
  0.87192982  3.9        -1.77766955  0.66666667  4.46666667  0.87894737
  4.         -1.86361527]",947.107483625412
