reward,action,obs,time
,,"[0.         0.         0.         0.         0.         0.
 0.         0.         0.         0.         0.         0.
 0.         0.         0.         0.03333333 5.96666667 0.24385965
 5.23333333 0.        ]",2169.9609377384186
-0.0025239999999999985,[0.877155],"[ 0.          0.          0.          0.          0.          0.
  0.          0.          0.          0.          0.03333333  5.96666667
  0.24385965  5.23333333  0.          0.03157895  5.7         0.24561404
  5.4        -0.12284499]",2170.0503821372986
8.000000000001062e-06,[0.4547513],"[ 0.          0.          0.          0.          0.          0.03333333
  5.96666667  0.24385965  5.23333333  0.          0.03157895  5.7
  0.24561404  5.4        -0.12284499  0.03333333  5.9         0.24385965
  5.3        -0.54524869]",2170.101397037506
-0.0025280000000000025,[0.54363906],"[ 0.03333333  5.96666667  0.24385965  5.23333333  0.          0.03157895
  5.7         0.24561404  5.4        -0.12284499  0.03333333  5.9
  0.24385965  5.3        -0.54524869  0.03157895  5.73333333  0.24385965
  5.36666667 -0.45636094]",2170.1506054401398
-0.0025280000000000025,[0.9343375],"[ 0.03157895  5.7         0.24561404  5.4        -0.12284499  0.03333333
  5.9         0.24385965  5.3        -0.54524869  0.03157895  5.73333333
  0.24385965  5.36666667 -0.45636094  0.03157895  5.73333333  0.24561404
  5.36666667 -0.0656625 ]",2170.2026295661926
-0.0025319999999999995,[-0.7807332],"[ 0.03333333  5.9         0.24385965  5.3        -0.54524869  0.03157895
  5.73333333  0.24385965  5.36666667 -0.45636094  0.03157895  5.73333333
  0.24561404  5.36666667 -0.0656625   0.03157895  5.76666667  0.24561404
  5.36666667 -1.78073323]",2170.2574014663696
8.000000000001062e-06,[0.11966934],"[ 0.03157895  5.73333333  0.24385965  5.36666667 -0.45636094  0.03157895
  5.73333333  0.24561404  5.36666667 -0.0656625   0.03157895  5.76666667
  0.24561404  5.36666667 -1.78073323  0.03333333  5.9         0.24561404
  5.23333333 -0.88033068]",2170.3074831962585
0.0025480000000000017,[-0.17250285],"[ 0.03157895  5.73333333  0.24561404  5.36666667 -0.0656625   0.03157895
  5.76666667  0.24561404  5.36666667 -1.78073323  0.03333333  5.9
  0.24561404  5.23333333 -0.88033068  0.03508772  6.03333333  0.24385965
  5.1        -1.17250288]",2170.357642889023
0.0025519999999999987,[0.48213458],"[ 0.03157895  5.76666667  0.24561404  5.36666667 -1.78073323  0.03333333
  5.9         0.24561404  5.23333333 -0.88033068  0.03508772  6.03333333
  0.24385965  5.1        -1.17250288  0.03508772  6.          0.24385965
  5.13333333 -0.51786542]",2170.407442331314
0.002568000000000001,[-0.16046701],"[ 0.03333333  5.9         0.24561404  5.23333333 -0.88033068  0.03508772
  6.03333333  0.24385965  5.1        -1.17250288  0.03508772  6.
  0.24385965  5.13333333 -0.51786542  0.03508772  5.86666667  0.24561404
  5.33333333 -1.16046703]",2170.484880924225
0.007679999999999999,[0.42117253],"[ 0.03508772  6.03333333  0.24385965  5.1        -1.17250288  0.03508772
  6.          0.24385965  5.13333333 -0.51786542  0.03508772  5.86666667
  0.24561404  5.33333333 -1.16046703  0.03859649  5.86666667  0.24736842
  5.33333333 -0.5788275 ]",2170.5584733486176
0.015348,[-0.4045777],"[ 0.03508772  6.          0.24385965  5.13333333 -0.51786542  0.03508772
  5.86666667  0.24561404  5.33333333 -1.16046703  0.03859649  5.86666667
  0.24736842  5.33333333 -0.5788275   0.04385965  5.86666667  0.25263158
  5.3        -1.40457773]",2170.638573884964
0.023015999999999995,[-0.25705215],"[ 0.03508772  5.86666667  0.24561404  5.33333333 -1.16046703  0.03859649
  5.86666667  0.24736842  5.33333333 -0.5788275   0.04385965  5.86666667
  0.25263158  5.3        -1.40457773  0.04912281  5.86666667  0.25964912
  5.2        -1.25705218]",2170.7230911254883
0.028152,[0.55364966],"[ 0.03859649  5.86666667  0.24736842  5.33333333 -0.5788275   0.04385965
  5.86666667  0.25263158  5.3        -1.40457773  0.04912281  5.86666667
  0.25964912  5.2        -1.25705218  0.05263158  5.66666667  0.26666667
  5.36666667 -0.44635034]",2170.804479598999
0.038376,[0.20120773],"[ 0.04385965  5.86666667  0.25263158  5.3        -1.40457773  0.04912281
  5.86666667  0.25964912  5.2        -1.25705218  0.05263158  5.66666667
  0.26666667  5.36666667 -0.44635034  0.05964912  5.66666667  0.27192982
  5.36666667 -0.79879224]",2170.8852458000183
0.046023999999999995,[-0.01115829],"[ 0.04912281  5.86666667  0.25964912  5.2        -1.25705218  0.05263158
  5.66666667  0.26666667  5.36666667 -0.44635034  0.05964912  5.66666667
  0.27192982  5.36666667 -0.79879224  0.06491228  5.83333333  0.27719298
  5.1        -1.01115835]",2170.965194940567
0.053696,[-0.49203968],"[ 0.05263158  5.66666667  0.26666667  5.36666667 -0.44635034  0.05964912
  5.66666667  0.27192982  5.36666667 -0.79879224  0.06491228  5.83333333
  0.27719298  5.1        -1.01115835  0.07017544  5.8         0.27894737
  5.06666667 -1.49203968]",2171.045022249222
0.05881200000000001,[-0.77706146],"[ 0.05964912  5.66666667  0.27192982  5.36666667 -0.79879224  0.06491228
  5.83333333  0.27719298  5.1        -1.01115835  0.07017544  5.8
  0.27894737  5.06666667 -1.49203968  0.07368421  5.76666667  0.28421053
  5.16666667 -1.77706146]",2171.12517786026
0.063944,[-0.8976902],"[ 0.06491228  5.83333333  0.27719298  5.1        -1.01115835  0.07017544
  5.8         0.27894737  5.06666667 -1.49203968  0.07368421  5.76666667
  0.28421053  5.16666667 -1.77706146  0.07719298  5.6         0.29122807
  5.36666667 -1.89769018]",2171.205057144165
0.07418,[0.84878945],"[ 0.07017544  5.8         0.27894737  5.06666667 -1.49203968  0.07368421
  5.76666667  0.28421053  5.16666667 -1.77706146  0.07719298  5.6
  0.29122807  5.36666667 -1.89769018  0.08421053  5.5         0.29824561
  5.5        -0.15121055]",2171.2850234508514
0.08440800000000001,[-0.7570418],"[ 0.07368421  5.76666667  0.28421053  5.16666667 -1.77706146  0.07719298
  5.6         0.29122807  5.36666667 -1.89769018  0.08421053  5.5
  0.29824561  5.5        -0.15121055  0.09122807  5.46666667  0.30526316
  5.5        -1.75704181]",2171.3654000759125
0.09458400000000003,[-0.70123196],"[ 0.07719298  5.6         0.29122807  5.36666667 -1.89769018  0.08421053
  5.5         0.29824561  5.5        -0.15121055  0.09122807  5.46666667
  0.30526316  5.5        -1.75704181  0.09649123  5.6         0.3122807
  5.36666667 -1.70123196]",2171.4449141025543
0.097184,[0.8747437],"[ 0.08421053  5.5         0.29824561  5.5        -0.15121055  0.09122807
  5.46666667  0.30526316  5.5        -1.75704181  0.09649123  5.6
  0.3122807   5.36666667 -1.70123196  0.1         5.43333333  0.31754386
  5.5        -0.1252563 ]",2171.525229215622
0.10485600000000002,[0.42205417],"[ 0.09122807  5.46666667  0.30526316  5.5        -1.75704181  0.09649123
  5.6         0.3122807   5.36666667 -1.70123196  0.1         5.43333333
  0.31754386  5.5        -0.1252563   0.10350877  5.23333333  0.31929825
  5.56666667 -0.57794583]",2171.605462551117
0.10994000000000001,[0.35762587],"[ 0.09649123  5.6         0.3122807   5.36666667 -1.70123196  0.1
  5.43333333  0.31754386  5.5        -0.1252563   0.10350877  5.23333333
  0.31929825  5.56666667 -0.57794583  0.10701754  5.46666667  0.3245614
  5.26666667 -0.64237416]",2171.6849505901337
0.117596,[-0.87467444],"[ 0.1         5.43333333  0.31754386  5.5        -0.1252563   0.10350877
  5.23333333  0.31929825  5.56666667 -0.57794583  0.10701754  5.46666667
  0.3245614   5.26666667 -0.64237416  0.1122807   5.6         0.33157895
  5.03333333 -1.87467444]",2171.7650322914124
0.122696,[0.39647532],"[ 0.10350877  5.23333333  0.31929825  5.56666667 -0.57794583  0.10701754
  5.46666667  0.3245614   5.26666667 -0.64237416  0.1122807   5.6
  0.33157895  5.03333333 -1.87467444  0.11754386  5.83333333  0.33859649
  5.03333333 -0.60352468]",2171.845136165619
0.155988,[-0.31404644],"[ 0.10701754  5.46666667  0.3245614   5.26666667 -0.64237416  0.1122807
  5.6         0.33157895  5.03333333 -1.87467444  0.11754386  5.83333333
  0.33859649  5.03333333 -0.60352468  0.14210526  5.43333333  0.34561404
  5.16666667 -1.31404638]",2171.925081729889
0.1662,[0.29882258],"[ 0.1122807   5.6         0.33157895  5.03333333 -1.87467444  0.11754386
  5.83333333  0.33859649  5.03333333 -0.60352468  0.14210526  5.43333333
  0.34561404  5.16666667 -1.31404638  0.14912281  5.5         0.35614035
  5.1        -0.70117742]",2172.0050246715546
0.17385199999999998,[0.05903994],"[ 0.11754386  5.83333333  0.33859649  5.03333333 -0.60352468  0.14210526
  5.43333333  0.34561404  5.16666667 -1.31404638  0.14912281  5.5
  0.35614035  5.1        -0.70117742  0.15438596  5.5         0.36491228
  5.         -0.94096005]",2172.085063457489
0.181508,[0.66987544],"[ 0.14210526  5.43333333  0.34561404  5.16666667 -1.31404638  0.14912281
  5.5         0.35614035  5.1        -0.70117742  0.15438596  5.5
  0.36491228  5.         -0.94096005  0.16315789  5.6         0.37368421
  4.9        -0.33012456]",2172.1620445251465
0.184056,[-0.88185793],"[ 0.14912281  5.5         0.35614035  5.1        -0.70117742  0.15438596
  5.5         0.36491228  5.         -0.94096005  0.16315789  5.6
  0.37368421  4.9        -0.33012456  0.17017544  5.66666667  0.38070175
  4.83333333 -1.88185787]",2172.2402024269104
0.186604,[0.6730745],"[ 0.15438596  5.5         0.36491228  5.         -0.94096005  0.16315789
  5.6         0.37368421  4.9        -0.33012456  0.17017544  5.66666667
  0.38070175  4.83333333 -1.88185787  0.17719298  5.73333333  0.38245614
  4.66666667 -0.32692552]",2172.325074672699
0.181484,[-0.46006206],"[ 0.16315789  5.6         0.37368421  4.9        -0.33012456  0.17017544
  5.66666667  0.38070175  4.83333333 -1.88185787  0.17719298  5.73333333
  0.38245614  4.66666667 -0.32692552  0.17719298  5.6         0.38596491
  4.66666667 -1.46006203]",2172.4050335884094
0.18148800000000004,[0.01202868],"[ 0.17017544  5.66666667  0.38070175  4.83333333 -1.88185787  0.17719298
  5.73333333  0.38245614  4.66666667 -0.32692552  0.17719298  5.6
  0.38596491  4.66666667 -1.46006203  0.18421053  5.56666667  0.38947368
  4.53333333 -0.98797131]",2172.4851038455963
0.18152000000000001,[-0.89249724],"[ 0.17719298  5.73333333  0.38245614  4.66666667 -0.32692552  0.17719298
  5.6         0.38596491  4.66666667 -1.46006203  0.18421053  5.56666667
  0.38947368  4.53333333 -0.98797131  0.18947368  5.46666667  0.39649123
  4.5        -1.8924973 ]",2172.5651268959045
0.184084,[-0.26495928],"[ 0.17719298  5.6         0.38596491  4.66666667 -1.46006203  0.18421053
  5.56666667  0.38947368  4.53333333 -0.98797131  0.18947368  5.46666667
  0.39649123  4.5        -1.8924973   0.19649123  5.36666667  0.40526316
  4.5        -1.26495934]",2172.6452221870422
0.18921599999999997,[-0.6810877],"[ 0.18421053  5.56666667  0.38947368  4.53333333 -0.98797131  0.18947368
  5.46666667  0.39649123  4.5        -1.8924973   0.19649123  5.36666667
  0.40526316  4.5        -1.26495934  0.20350877  5.16666667  0.41578947
  4.63333333 -1.68108773]",2172.7244193553925
0.19432000000000002,[-0.84369934],"[ 0.18947368  5.46666667  0.39649123  4.5        -1.8924973   0.19649123
  5.36666667  0.40526316  4.5        -1.26495934  0.20350877  5.16666667
  0.41578947  4.63333333 -1.68108773  0.21052632  5.06666667  0.4245614
  4.56666667 -1.84369934]",2172.805044412613
0.194324,[0.2551694],"[ 0.19649123  5.36666667  0.40526316  4.5        -1.26495934  0.20350877
  5.16666667  0.41578947  4.63333333 -1.68108773  0.21052632  5.06666667
  0.4245614   4.56666667 -1.84369934  0.21754386  4.93333333  0.43333333
  4.56666667 -0.74483061]",2172.8851249217987
0.191768,[0.76153755],"[ 0.20350877  5.16666667  0.41578947  4.63333333 -1.68108773  0.21052632
  5.06666667  0.4245614   4.56666667 -1.84369934  0.21754386  4.93333333
  0.43333333  4.56666667 -0.74483061  0.22280702  4.9         0.43859649
  4.63333333 -0.23846245]",2172.965035676956
0.19431600000000002,[0.01492368],"[ 0.21052632  5.06666667  0.4245614   4.56666667 -1.84369934  0.21754386
  4.93333333  0.43333333  4.56666667 -0.74483061  0.22280702  4.9
  0.43859649  4.63333333 -0.23846245  0.22982456  5.1         0.44035088
  4.36666667 -0.98507631]",2173.045026779175
0.19938,[0.1544846],"[ 0.21754386  4.93333333  0.43333333  4.56666667 -0.74483061  0.22280702
  4.9         0.43859649  4.63333333 -0.23846245  0.22982456  5.1
  0.44035088  4.36666667 -0.98507631  0.23684211  5.33333333  0.44035088
  4.         -0.84551537]",2173.1249992847443
0.196816,[-0.83535266],"[ 0.22280702  4.9         0.43859649  4.63333333 -0.23846245  0.22982456
  5.1         0.44035088  4.36666667 -0.98507631  0.23684211  5.33333333
  0.44035088  4.         -0.84551537  0.23859649  5.2         0.44035088
  3.9        -1.83535266]",2173.2049827575684
0.199412,[-0.69659686],"[ 0.22982456  5.1         0.44035088  4.36666667 -0.98507631  0.23684211
  5.33333333  0.44035088  4.         -0.84551537  0.23859649  5.2
  0.44035088  3.9        -1.83535266  0.24385965  5.1         0.44561404
  3.83333333 -1.69659686]",2173.2849497795105
0.19946000000000003,[-0.18762769],"[ 0.23684211  5.33333333  0.44035088  4.         -0.84551537  0.23859649
  5.2         0.44035088  3.9        -1.83535266  0.24385965  5.1
  0.44561404  3.83333333 -1.69659686  0.24912281  4.83333333  0.45789474
  3.93333333 -1.18762767]",2173.3651008605957
0.207172,[0.7500689],"[ 0.23859649  5.2         0.44035088  3.9        -1.83535266  0.24385965
  5.1         0.44561404  3.83333333 -1.69659686  0.24912281  4.83333333
  0.45789474  3.93333333 -1.18762767  0.25964912  4.7         0.47192982
  3.93333333 -0.2499311 ]",2173.445061683655
0.189224,[-0.04900573],"[ 0.24385965  5.1         0.44561404  3.83333333 -1.69659686  0.24912281
  4.83333333  0.45789474  3.93333333 -1.18762767  0.25964912  4.7
  0.47192982  3.93333333 -0.2499311   0.27192982  4.76666667  0.48070175
  3.73333333 -1.04900575]",2173.5251965522766
0.19176800000000005,[-0.3272345],"[ 0.24912281  4.83333333  0.45789474  3.93333333 -1.18762767  0.25964912
  4.7         0.47192982  3.93333333 -0.2499311   0.27192982  4.76666667
  0.48070175  3.73333333 -1.04900575  0.28070175  4.93333333  0.48245614
  3.66666667 -1.32723451]",2173.607044696808
0.18412,[-0.38243896],"[ 0.25964912  4.7         0.47192982  3.93333333 -0.2499311   0.27192982
  4.76666667  0.48070175  3.73333333 -1.04900575  0.28070175  4.93333333
  0.48245614  3.66666667 -1.32723451  0.28070175  4.76666667  0.48947368
  3.8        -1.3824389 ]",2173.6850843429565
0.17648400000000003,[0.03469074],"[ 0.27192982  4.76666667  0.48070175  3.73333333 -1.04900575  0.28070175
  4.93333333  0.48245614  3.66666667 -1.32723451  0.28070175  4.76666667
  0.48947368  3.8        -1.3824389   0.28421053  4.6         0.49473684
  3.93333333 -0.96530926]",2173.762102365494
0.17648400000000003,[0.7336919],"[ 0.28070175  4.93333333  0.48245614  3.66666667 -1.32723451  0.28070175
  4.76666667  0.48947368  3.8        -1.3824389   0.28421053  4.6
  0.49473684  3.93333333 -0.96530926  0.29122807  4.66666667  0.50350877
  4.         -0.26630813]",2173.8419749736786
0.176468,[0.6405057],"[ 0.28070175  4.76666667  0.48947368  3.8        -1.3824389   0.28421053
  4.6         0.49473684  3.93333333 -0.96530926  0.29122807  4.66666667
  0.50350877  4.         -0.26630813  0.29824561  4.86666667  0.50877193
  4.         -0.35949433]",2173.9184732437134
0.18922,[-0.9187254],"[ 0.28421053  4.6         0.49473684  3.93333333 -0.96530926  0.29122807
  4.66666667  0.50350877  4.         -0.26630813  0.29824561  4.86666667
  0.50877193  4.         -0.35949433  0.30701754  4.96666667  0.5122807
  3.83333333 -1.91872537]",2174.003077507019
0.18156,[0.5366042],"[ 0.29122807  4.66666667  0.50350877  4.         -0.26630813  0.29824561
  4.86666667  0.50877193  4.         -0.35949433  0.30701754  4.96666667
  0.5122807   3.83333333 -1.91872537  0.30877193  4.86666667  0.51403509
  3.73333333 -0.46339577]",2174.0848865509033
0.17901599999999998,[0.6615248],"[ 0.29824561  4.86666667  0.50877193  4.         -0.35949433  0.30701754
  4.96666667  0.5122807   3.83333333 -1.91872537  0.30877193  4.86666667
  0.51403509  3.73333333 -0.46339577  0.3122807   4.66666667  0.52105263
  3.9        -0.33847523]",2174.165202856064
0.18154000000000003,[-0.07928399],"[ 0.30701754  4.96666667  0.5122807   3.83333333 -1.91872537  0.30877193
  4.86666667  0.51403509  3.73333333 -0.46339577  0.3122807   4.66666667
  0.52105263  3.9        -0.33847523  0.32105263  4.83333333  0.52631579
  3.8        -1.07928395]",2174.245088815689
0.18149600000000005,[0.6012356],"[ 0.30877193  4.86666667  0.51403509  3.73333333 -0.46339577  0.3122807
  4.66666667  0.52105263  3.9        -0.33847523  0.32105263  4.83333333
  0.52631579  3.8        -1.07928395  0.32807018  5.          0.53157895
  3.66666667 -0.39876437]",2174.3250589370728
0.176384,[-0.8642647],"[ 0.3122807   4.66666667  0.52105263  3.9        -0.33847523  0.32105263
  4.83333333  0.52631579  3.8        -1.07928395  0.32807018  5.
  0.53157895  3.66666667 -0.39876437  0.33157895  4.9         0.53508772
  3.66666667 -1.86426473]",2174.4067919254303
0.17379599999999998,[0.29045585],"[ 0.32105263  4.83333333  0.52631579  3.8        -1.07928395  0.32807018
  5.          0.53157895  3.66666667 -0.39876437  0.33157895  4.9
  0.53508772  3.66666667 -1.86426473  0.33684211  5.03333333  0.53859649
  3.66666667 -0.70954418]",2174.4782087802887
0.1738,[0.39323458],"[ 0.32807018  5.          0.53157895  3.66666667 -0.39876437  0.33157895
  4.9         0.53508772  3.66666667 -1.86426473  0.33684211  5.03333333
  0.53859649  3.66666667 -0.70954418  0.34210526  4.96666667  0.54561404
  3.83333333 -0.60676539]",2174.5645978450775
0.17891600000000002,[-0.92701197],"[ 0.33157895  4.9         0.53508772  3.66666667 -1.86426473  0.33684211
  5.03333333  0.53859649  3.66666667 -0.70954418  0.34210526  4.96666667
  0.54561404  3.83333333 -0.60676539  0.35263158  5.13333333  0.55614035
  3.86666667 -1.92701197]",2174.644868373871
0.18149200000000004,[-0.7818506],"[ 0.33684211  5.03333333  0.53859649  3.66666667 -0.70954418  0.34210526
  4.96666667  0.54561404  3.83333333 -0.60676539  0.35263158  5.13333333
  0.55614035  3.86666667 -1.92701197  0.36140351  5.2         0.56315789
  3.86666667 -1.78185058]",2174.724820137024
0.17639999999999995,[-0.50528204],"[ 0.34210526  4.96666667  0.54561404  3.83333333 -0.60676539  0.35263158
  5.13333333  0.55614035  3.86666667 -1.92701197  0.36140351  5.2
  0.56315789  3.86666667 -1.78185058  0.35964912  4.9         0.57017544
  4.13333333 -1.50528204]",2174.805474758148
0.1713,[-0.46911883],"[ 0.35263158  5.13333333  0.55614035  3.86666667 -1.92701197  0.36140351
  5.2         0.56315789  3.86666667 -1.78185058  0.35964912  4.9
  0.57017544  4.13333333 -1.50528204  0.36140351  4.7         0.5754386
  4.3        -1.46911883]",2174.878383398056
0.17127599999999998,[-0.22371076],"[ 0.36140351  5.2         0.56315789  3.86666667 -1.78185058  0.35964912
  4.9         0.57017544  4.13333333 -1.50528204  0.36140351  4.7
  0.5754386   4.3        -1.46911883  0.36666667  4.63333333  0.58070175
  4.33333333 -1.22371078]",2174.9584341049194
0.16359200000000002,[-0.01487789],"[ 0.35964912  4.9         0.57017544  4.13333333 -1.50528204  0.36140351
  4.7         0.5754386   4.3        -1.46911883  0.36666667  4.63333333
  0.58070175  4.33333333 -1.22371078  0.37192982  4.63333333  0.5877193
  4.43333333 -1.01487792]",2175.0387675762177
0.155924,[0.36225864],"[ 0.36140351  4.7         0.5754386   4.3        -1.46911883  0.36666667
  4.63333333  0.58070175  4.33333333 -1.22371078  0.37192982  4.63333333
  0.5877193   4.43333333 -1.01487792  0.37894737  4.7         0.59298246
  4.43333333 -0.63774133]",2175.1190705299377
0.15083200000000002,[-0.4085376],"[ 0.36666667  4.63333333  0.58070175  4.33333333 -1.22371078  0.37192982
  4.63333333  0.5877193   4.43333333 -1.01487792  0.37894737  4.7
  0.59298246  4.43333333 -0.63774133  0.38421053  4.7         0.59824561
  4.3        -1.40853763]",2175.1999821662903
0.15848000000000007,[-0.3047188],"[ 0.37192982  4.63333333  0.5877193   4.43333333 -1.01487792  0.37894737
  4.7         0.59298246  4.43333333 -0.63774133  0.38421053  4.7
  0.59824561  4.3        -1.40853763  0.38947368  4.7         0.60175439
  4.2        -1.30471873]",2175.278317451477
0.15847599999999995,[0.82211965],"[ 0.37894737  4.7         0.59298246  4.43333333 -0.63774133  0.38421053
  4.7         0.59824561  4.3        -1.40853763  0.38947368  4.7
  0.60175439  4.2        -1.30471873  0.39298246  4.56666667  0.60877193
  4.46666667 -0.17788035]",2175.3582384586334
0.15335600000000005,[-0.62542564],"[ 0.38421053  4.7         0.59824561  4.3        -1.40853763  0.38947368
  4.7         0.60175439  4.2        -1.30471873  0.39298246  4.56666667
  0.60877193  4.46666667 -0.17788035  0.39649123  4.7         0.6122807
  4.56666667 -1.62542558]",2175.4387192726135
0.15335200000000004,[-0.3261046],"[ 0.38947368  4.7         0.60175439  4.2        -1.30471873  0.39298246
  4.56666667  0.60877193  4.46666667 -0.17788035  0.39649123  4.7
  0.6122807   4.56666667 -1.62542558  0.40350877  4.93333333  0.61403509
  4.43333333 -1.32610464]",2175.5188217163086
0.14571200000000006,[0.508935],"[ 0.39298246  4.56666667  0.60877193  4.46666667 -0.17788035  0.39649123
  4.7         0.6122807   4.56666667 -1.62542558  0.40350877  4.93333333
  0.61403509  4.43333333 -1.32610464  0.40701754  4.8         0.61929825
  4.53333333 -0.49106503]",2175.603029489517
0.14825999999999995,[0.58280957],"[ 0.39649123  4.7         0.6122807   4.56666667 -1.62542558  0.40350877
  4.93333333  0.61403509  4.43333333 -1.32610464  0.40701754  4.8
  0.61929825  4.53333333 -0.49106503  0.41052632  4.76666667  0.62631579
  4.6        -0.41719043]",2175.6782665252686
0.15843200000000007,[0.8214778],"[ 0.40350877  4.93333333  0.61403509  4.43333333 -1.32610464  0.40701754
  4.8         0.61929825  4.53333333 -0.49106503  0.41052632  4.76666667
  0.62631579  4.6        -0.41719043  0.42105263  5.          0.63333333
  4.36666667 -0.17852223]",2175.764532327652
0.16354400000000002,[-0.8873104],"[ 0.40701754  4.8         0.61929825  4.53333333 -0.49106503  0.41052632
  4.76666667  0.62631579  4.6        -0.41719043  0.42105263  5.
  0.63333333  4.36666667 -0.17852223  0.43333333  5.16666667  0.64035088
  4.16666667 -1.88731039]",2175.844520330429
0.16355999999999993,[-0.88605464],"[ 0.41052632  4.76666667  0.62631579  4.6        -0.41719043  0.42105263
  5.          0.63333333  4.36666667 -0.17852223  0.43333333  5.16666667
  0.64035088  4.16666667 -1.88731039  0.44035088  5.2         0.64561404
  4.1        -1.88605464]",2175.918514728546
0.158468,[-0.61298704],"[ 0.42105263  5.          0.63333333  4.36666667 -0.17852223  0.43333333
  5.16666667  0.64035088  4.16666667 -1.88731039  0.44035088  5.2
  0.64561404  4.1        -1.88605464  0.44035088  4.93333333  0.65087719
  4.2        -1.61298704]",2175.9988174438477
0.15340400000000004,[0.6424224],"[ 0.43333333  5.16666667  0.64035088  4.16666667 -1.88731039  0.44035088
  5.2         0.64561404  4.1        -1.88605464  0.44035088  4.93333333
  0.65087719  4.2        -1.61298704  0.44210526  4.66666667  0.65614035
  4.43333333 -0.35757762]",2176.084715604782
0.15595200000000004,[-0.44504616],"[ 0.44035088  5.2         0.64561404  4.1        -1.88605464  0.44035088
  4.93333333  0.65087719  4.2        -1.61298704  0.44210526  4.66666667
  0.65614035  4.43333333 -0.35757762  0.44912281  4.66666667  0.66315789
  4.46666667 -1.44504619]",2176.158290863037
0.15339599999999998,[-0.6828454],"[ 0.44035088  4.93333333  0.65087719  4.2        -1.61298704  0.44210526
  4.66666667  0.65614035  4.43333333 -0.35757762  0.44912281  4.66666667
  0.66315789  4.46666667 -1.44504619  0.45789474  4.83333333  0.67017544
  4.36666667 -1.68284535]",2176.23850107193
0.148312,[0.84244066],"[ 0.44210526  4.66666667  0.65614035  4.43333333 -0.35757762  0.44912281
  4.66666667  0.66315789  4.46666667 -1.44504619  0.45789474  4.83333333
  0.67017544  4.36666667 -1.68284535  0.46315789  4.66666667  0.67719298
  4.5        -0.15755934]",2176.323090314865
0.163628,[0.27963662],"[ 0.44912281  4.66666667  0.66315789  4.46666667 -1.44504619  0.45789474
  4.83333333  0.67017544  4.36666667 -1.68284535  0.46315789  4.66666667
  0.67719298  4.5        -0.15755934  0.47192982  4.53333333  0.68596491
  4.56666667 -0.72036338]",2176.4050767421722
0.17891599999999996,[-0.901601],"[ 0.45789474  4.83333333  0.67017544  4.36666667 -1.68284535  0.46315789
  4.66666667  0.67719298  4.5        -0.15755934  0.47192982  4.53333333
  0.68596491  4.56666667 -0.72036338  0.48421053  4.73333333  0.69649123
  4.36666667 -1.90160108]",2176.479018688202
0.19167599999999996,[0.45046],"[ 0.46315789  4.66666667  0.67719298  4.5        -0.15755934  0.47192982
  4.53333333  0.68596491  4.56666667 -0.72036338  0.48421053  4.73333333
  0.69649123  4.36666667 -1.90160108  0.49824561  4.83333333  0.70877193
  4.3        -0.54954004]",2176.564728498459
0.19426,[0.37763235],"[ 0.47192982  4.53333333  0.68596491  4.56666667 -0.72036338  0.48421053
  4.73333333  0.69649123  4.36666667 -1.90160108  0.49824561  4.83333333
  0.70877193  4.3        -0.54954004  0.50526316  4.6         0.71754386
  4.53333333 -0.62236762]",2176.6394279003143
0.19169599999999998,[0.20740853],"[ 0.48421053  4.73333333  0.69649123  4.36666667 -1.90160108  0.49824561
  4.83333333  0.70877193  4.3        -0.54954004  0.50526316  4.6
  0.71754386  4.53333333 -0.62236762  0.51052632  4.73333333  0.7245614
  4.36666667 -0.79259145]",2176.7248771190643
0.19679599999999997,[-0.6526684],"[ 0.49824561  4.83333333  0.70877193  4.3        -0.54954004  0.50526316
  4.6         0.71754386  4.53333333 -0.62236762  0.51052632  4.73333333
  0.7245614   4.36666667 -0.79259145  0.51929825  4.83333333  0.72982456
  4.06666667 -1.65266848]",2176.8004233837128
0.201912,[-0.8416483],"[ 0.50526316  4.6         0.71754386  4.53333333 -0.62236762  0.51052632
  4.73333333  0.7245614   4.36666667 -0.79259145  0.51929825  4.83333333
  0.72982456  4.06666667 -1.65266848  0.52807018  4.8         0.73684211
  4.03333333 -1.84164834]",2176.900452852249
0.2070240000000001,[0.77286106],"[ 0.51052632  4.73333333  0.7245614   4.36666667 -0.79259145  0.51929825
  4.83333333  0.72982456  4.06666667 -1.65266848  0.52807018  4.8
  0.73684211  4.03333333 -1.84164834  0.53508772  4.66666667  0.74736842
  4.2        -0.22713894]",2176.9631054401398
0.21728399999999995,[-0.96953064],"[ 0.51929825  4.83333333  0.72982456  4.06666667 -1.65266848  0.52807018
  4.8         0.73684211  4.03333333 -1.84164834  0.53508772  4.66666667
  0.74736842  4.2        -0.22713894  0.54561404  4.5         0.75964912
  4.3        -1.96953058]",2177.0430297851562
0.22496399999999994,[-0.23363507],"[ 0.52807018  4.8         0.73684211  4.03333333 -1.84164834  0.53508772
  4.66666667  0.74736842  4.2        -0.22713894  0.54561404  4.5
  0.75964912  4.3        -1.96953058  0.55789474  4.63333333  0.76842105
  4.16666667 -1.23363507]",2177.1230216026306
0.23259999999999992,[0.60057974],"[ 0.53508772  4.66666667  0.74736842  4.2        -0.22713894  0.54561404
  4.5         0.75964912  4.3        -1.96953058  0.55789474  4.63333333
  0.76842105  4.16666667 -1.23363507  0.56666667  4.76666667  0.7754386
  3.96666667 -0.39942026]",2177.203082561493
0.23516800000000004,[-0.18899852],"[ 0.54561404  4.5         0.75964912  4.3        -1.96953058  0.55789474
  4.63333333  0.76842105  4.16666667 -1.23363507  0.56666667  4.76666667
  0.7754386   3.96666667 -0.39942026  0.57192982  4.63333333  0.78245614
  4.         -1.18899846]",2177.2786939144135
0.23008799999999993,[0.02651905],"[ 0.55789474  4.63333333  0.76842105  4.16666667 -1.23363507  0.56666667
  4.76666667  0.7754386   3.96666667 -0.39942026  0.57192982  4.63333333
  0.78245614  4.         -1.18899846  0.57894737  4.6         0.78947368
  3.83333333 -0.97348094]",2177.363098859787
0.22499600000000003,[0.9134234],"[ 0.56666667  4.76666667  0.7754386   3.96666667 -0.39942026  0.57192982
  4.63333333  0.78245614  4.         -1.18899846  0.57894737  4.6
  0.78947368  3.83333333 -0.97348094  0.5877193   4.6         0.79649123
  3.8        -0.08657658]",2177.4392693042755
0.23009600000000008,[0.36902156],"[ 0.57192982  4.63333333  0.78245614  4.         -1.18899846  0.57894737
  4.6         0.78947368  3.83333333 -0.97348094  0.5877193   4.6
  0.79649123  3.8        -0.08657658  0.59824561  4.73333333  0.80526316
  3.83333333 -0.63097847]",2177.5191717147827
0.24026400000000003,[-0.6743096],"[ 0.57894737  4.6         0.78947368  3.83333333 -0.97348094  0.5877193
  4.6         0.79649123  3.8        -0.08657658  0.59824561  4.73333333
  0.80526316  3.83333333 -0.63097847  0.60526316  4.93333333  0.81052632
  3.86666667 -1.67430961]",2177.598337173462
0.23768799999999998,[-0.84389836],"[ 0.5877193   4.6         0.79649123  3.8        -0.08657658  0.59824561
  4.73333333  0.80526316  3.83333333 -0.63097847  0.60526316  4.93333333
  0.81052632  3.86666667 -1.67430961  0.60526316  4.83333333  0.81403509
  3.93333333 -1.8438983 ]",2177.684651374817
0.23005199999999987,[-0.73698246],"[ 0.59824561  4.73333333  0.80526316  3.83333333 -0.63097847  0.60526316
  4.93333333  0.81052632  3.86666667 -1.67430961  0.60526316  4.83333333
  0.81403509  3.93333333 -1.8438983   0.60701754  4.56666667  0.81929825
  4.3        -1.73698246]",2177.7646799087524
0.224972,[-0.6101262],"[ 0.60526316  4.93333333  0.81052632  3.86666667 -1.67430961  0.60526316
  4.83333333  0.81403509  3.93333333 -1.8438983   0.60701754  4.56666667
  0.81929825  4.3        -1.73698246  0.6122807   4.46666667  0.82631579
  4.66666667 -1.61012626]",2177.845256090164
0.2326199999999999,[-0.38465652],"[ 0.60526316  4.83333333  0.81403509  3.93333333 -1.8438983   0.60701754
  4.56666667  0.81929825  4.3        -1.73698246  0.6122807   4.46666667
  0.82631579  4.66666667 -1.61012626  0.62280702  4.46666667  0.83508772
  4.86666667 -1.38465655]",2177.920287847519
0.23006000000000001,[-0.32642838],"[ 0.60701754  4.56666667  0.81929825  4.3        -1.73698246  0.6122807
  4.46666667  0.82631579  4.66666667 -1.61012626  0.62280702  4.46666667
  0.83508772  4.86666667 -1.38465655  0.62982456  4.36666667  0.84035088
  4.96666667 -1.32642841]",2178.0050387382507
0.21986000000000003,[0.98135],"[ 0.6122807   4.46666667  0.82631579  4.66666667 -1.61012626  0.62280702
  4.46666667  0.83508772  4.86666667 -1.38465655  0.62982456  4.36666667
  0.84035088  4.96666667 -1.32642841  0.63508772  4.36666667  0.84561404
  5.03333333 -0.01865   ]",2178.0850660800934
0.20708400000000005,[-0.07412095],"[ 0.62280702  4.46666667  0.83508772  4.86666667 -1.38465655  0.62982456
  4.36666667  0.84035088  4.96666667 -1.32642841  0.63508772  4.36666667
  0.84561404  5.03333333 -0.01865     0.64035088  4.43333333  0.84912281
  5.1        -1.074121  ]",2178.1587178707123
0.204472,[0.37882915],"[ 0.62982456  4.36666667  0.84035088  4.96666667 -1.32642841  0.63508772
  4.36666667  0.84561404  5.03333333 -0.01865     0.64035088  4.43333333
  0.84912281  5.1        -1.074121    0.64561404  4.66666667  0.85789474
  4.96666667 -0.62117088]",2178.2382850646973
0.20192800000000002,[-0.00774601],"[ 0.63508772  4.36666667  0.84561404  5.03333333 -0.01865     0.64035088
  4.43333333  0.84912281  5.1        -1.074121    0.64561404  4.66666667
  0.85789474  4.96666667 -0.62117088  0.64912281  4.7         0.86140351
  5.03333333 -1.00774598]",2178.318361520767
0.19169999999999998,[0.7701777],"[ 0.64035088  4.43333333  0.84912281  5.1        -1.074121    0.64561404
  4.66666667  0.85789474  4.96666667 -0.62117088  0.64912281  4.7
  0.86140351  5.03333333 -1.00774598  0.65087719  4.83333333  0.86315789
  5.13333333 -0.22982228]",2178.4030227661133
0.18145199999999995,[-0.22005923],"[ 0.64561404  4.66666667  0.85789474  4.96666667 -0.62117088  0.64912281
  4.7         0.86140351  5.03333333 -1.00774598  0.65087719  4.83333333
  0.86315789  5.13333333 -0.22982228  0.65263158  5.          0.86666667
  5.26666667 -1.22005928]",2178.478309392929
0.1814079999999999,[-0.05766449],"[ 0.64912281  4.7         0.86140351  5.03333333 -1.00774598  0.65087719
  4.83333333  0.86315789  5.13333333 -0.22982228  0.65263158  5.
  0.86666667  5.26666667 -1.22005928  0.65964912  5.23333333  0.87192982
  5.16666667 -1.05766451]",2178.5630049705505
0.173724,[0.98228115],"[ 0.65087719  4.83333333  0.86315789  5.13333333 -0.22982228  0.65263158
  5.          0.86666667  5.26666667 -1.22005928  0.65964912  5.23333333
  0.87192982  5.16666667 -1.05766451  0.66491228  5.2         0.87894737
  5.3        -0.01771885]",2178.644655227661
0.16349999999999998,[-0.7307859],"[ 0.65263158  5.          0.86666667  5.26666667 -1.22005928  0.65964912
  5.23333333  0.87192982  5.16666667 -1.05766451  0.66491228  5.2
  0.87894737  5.3        -0.01771885  0.67017544  5.33333333  0.88245614
  5.4        -1.73078585]",2178.718547105789
0.15837200000000007,[0.04194964],"[ 0.65964912  5.23333333  0.87192982  5.16666667 -1.05766451  0.66491228
  5.2         0.87894737  5.3        -0.01771885  0.67017544  5.33333333
  0.88245614  5.4        -1.73078585  0.6754386   5.6         0.88596491
  5.26666667 -0.95805037]",2178.803056001663
0.15836000000000006,[-0.78666687],"[ 0.66491228  5.2         0.87894737  5.3        -0.01771885  0.67017544
  5.33333333  0.88245614  5.4        -1.73078585  0.6754386   5.6
  0.88596491  5.26666667 -0.95805037  0.68070175  5.56666667  0.89298246
  5.33333333 -1.78666687]",2178.878674030304
0.15325999999999995,[0.40813905],"[ 0.67017544  5.33333333  0.88245614  5.4        -1.73078585  0.6754386
  5.6         0.88596491  5.26666667 -0.95805037  0.68070175  5.56666667
  0.89298246  5.33333333 -1.78666687  0.68421053  5.43333333  0.89824561
  5.46666667 -0.59186095]",2178.9630868434906
0.15071599999999996,[-0.51303923],"[ 0.6754386   5.6         0.88596491  5.26666667 -0.95805037  0.68070175
  5.56666667  0.89298246  5.33333333 -1.78666687  0.68421053  5.43333333
  0.89824561  5.46666667 -0.59186095  0.69122807  5.33333333  0.90350877
  5.66666667 -1.51303923]",2179.0447487831116
0.14816799999999997,[-0.78044176],"[ 0.68070175  5.56666667  0.89298246  5.33333333 -1.78666687  0.68421053
  5.43333333  0.89824561  5.46666667 -0.59186095  0.69122807  5.33333333
  0.90350877  5.66666667 -1.51303923  0.7         5.4         0.9122807
  5.66666667 -1.78044176]",2179.125015974045
0.1507599999999999,[-0.53211296],"[ 0.68421053  5.43333333  0.89824561  5.46666667 -0.59186095  0.69122807
  5.33333333  0.90350877  5.66666667 -1.51303923  0.7         5.4
  0.9122807   5.66666667 -1.78044176  0.70877193  5.3         0.91929825
  5.8        -1.53211296]",2179.205147266388
0.1609799999999999,[0.8522923],"[ 0.69122807  5.33333333  0.90350877  5.66666667 -1.51303923  0.7
  5.4         0.9122807   5.66666667 -1.78044176  0.70877193  5.3
  0.91929825  5.8        -1.53211296  0.71578947  5.23333333  0.92631579
  5.96666667 -0.1477077 ]",2179.2848958969116
0.16604000000000008,[-0.7794549],"[ 0.7         5.4         0.9122807   5.66666667 -1.78044176  0.70877193
  5.3         0.91929825  5.8        -1.53211296  0.71578947  5.23333333
  0.92631579  5.96666667 -0.1477077   0.72105263  5.4         0.93333333
  6.         -1.77945495]",2179.3650171756744
0.16599999999999993,[-0.42246476],"[ 0.70877193  5.3         0.91929825  5.8        -1.53211296  0.71578947
  5.23333333  0.92631579  5.96666667 -0.1477077   0.72105263  5.4
  0.93333333  6.         -1.77945495  0.72631579  5.63333333  0.93859649
  5.86666667 -1.42246473]",2179.4449722766876
0.15834400000000004,[-0.55164886],"[ 0.71578947  5.23333333  0.92631579  5.96666667 -0.1477077   0.72105263
  5.4         0.93333333  6.         -1.77945495  0.72631579  5.63333333
  0.93859649  5.86666667 -1.42246473  0.73157895  5.53333333  0.94210526
  6.         -1.55164886]",2179.5249841213226
0.15578400000000003,[0.7608208],"[ 0.72105263  5.4         0.93333333  6.         -1.77945495  0.72631579
  5.63333333  0.93859649  5.86666667 -1.42246473  0.73157895  5.53333333
  0.94210526  6.         -1.55164886  0.73684211  5.46666667  0.94736842
  6.16666667 -0.23917919]",2179.6052985191345
0.15833200000000003,[0.78650147],"[ 0.72631579  5.63333333  0.93859649  5.86666667 -1.42246473  0.73157895
  5.53333333  0.94210526  6.         -1.55164886  0.73684211  5.46666667
  0.94736842  6.16666667 -0.23917919  0.74385965  5.53333333  0.95438596
  6.26666667 -0.21349853]",2179.6850221157074
0.165968,[0.71294576],"[ 0.73157895  5.53333333  0.94210526  6.         -1.55164886  0.73684211
  5.46666667  0.94736842  6.16666667 -0.23917919  0.74385965  5.53333333
  0.95438596  6.26666667 -0.21349853  0.75438596  5.86666667  0.96666667
  6.03333333 -0.28705424]",2179.765288591385
0.1685239999999999,[-0.45478567],"[ 0.73684211  5.46666667  0.94736842  6.16666667 -0.23917919  0.74385965
  5.53333333  0.95438596  6.26666667 -0.21349853  0.75438596  5.86666667
  0.96666667  6.03333333 -0.28705424  0.76140351  6.1         0.97368421
  5.86666667 -1.4547857 ]",2179.8451755046844
0.17108,[0.15616608],"[ 0.74385965  5.53333333  0.95438596  6.26666667 -0.21349853  0.75438596
  5.86666667  0.96666667  6.03333333 -0.28705424  0.76140351  6.1
  0.97368421  5.86666667 -1.4547857   0.76666667  6.13333333  0.97894737
  5.8        -0.84383392]",2179.925014734268
0.17111200000000004,[0.5071041],"[ 0.75438596  5.86666667  0.96666667  6.03333333 -0.28705424  0.76140351
  6.1         0.97368421  5.86666667 -1.4547857   0.76666667  6.13333333
  0.97894737  5.8        -0.84383392  0.76842105  6.          0.98421053
  5.9        -0.4928959 ]",2180.005173444748
