reward,action,obs,time
,,"[0.         0.         0.         0.         0.         0.
 0.         0.         0.         0.         0.         0.
 0.         0.         0.         0.03157895 5.8        0.24561404
 5.33333333 0.        ]",4759.86173248291
0.0025400000000000006,[-0.5861784],"[ 0.          0.          0.          0.          0.          0.
  0.          0.          0.          0.          0.03157895  5.8
  0.24561404  5.33333333  0.          0.03333333  5.93333333  0.24385965
  5.23333333 -1.58617842]",4759.952643632889
1.9999999999999185e-05,[0.9577569],"[ 0.          0.          0.          0.          0.          0.03157895
  5.8         0.24561404  5.33333333  0.          0.03333333  5.93333333
  0.24385965  5.23333333 -1.58617842  0.03157895  5.63333333  0.24385965
  5.4        -0.04224312]",4760.006879091263
1.6000000000002124e-05,[-0.11710377],"[ 0.03157895  5.8         0.24561404  5.33333333  0.          0.03333333
  5.93333333  0.24385965  5.23333333 -1.58617842  0.03157895  5.63333333
  0.24385965  5.4        -0.04224312  0.03157895  5.66666667  0.24385965
  5.4        -1.11710382]",4760.05400800705
-0.0025439999999999977,[-0.30285826],"[ 0.03333333  5.93333333  0.24385965  5.23333333 -1.58617842  0.03157895
  5.63333333  0.24385965  5.4        -0.04224312  0.03157895  5.66666667
  0.24385965  5.4        -1.11710382  0.02982456  5.7         0.24385965
  5.4        -1.30285823]",4760.109370470047
1.2000000000005062e-05,[-0.54683304],"[ 0.03157895  5.63333333  0.24385965  5.4        -0.04224312  0.03157895
  5.66666667  0.24385965  5.4        -1.11710382  0.02982456  5.7
  0.24385965  5.4        -1.30285823  0.03157895  5.7         0.24561404
  5.4        -1.54683304]",4760.159577846527
8.000000000001062e-06,[-0.7223289],"[ 0.03157895  5.66666667  0.24385965  5.4        -1.11710382  0.02982456
  5.7         0.24385965  5.4        -1.30285823  0.03157895  5.7
  0.24561404  5.4        -1.54683304  0.03157895  5.73333333  0.24561404
  5.36666667 -1.7223289 ]",4760.209739208221
0.0025480000000000017,[-0.11968491],"[ 0.02982456  5.7         0.24385965  5.4        -1.30285823  0.03157895
  5.7         0.24561404  5.4        -1.54683304  0.03157895  5.73333333
  0.24561404  5.36666667 -1.7223289   0.03333333  5.86666667  0.24561404
  5.23333333 -1.11968493]",4760.260065078735
0.0025599999999999998,[0.34453735],"[ 0.03157895  5.7         0.24561404  5.4        -1.54683304  0.03157895
  5.73333333  0.24561404  5.36666667 -1.7223289   0.03333333  5.86666667
  0.24561404  5.23333333 -1.11968493  0.03333333  5.76666667  0.24561404
  5.36666667 -0.65546262]",4760.309575796127
0.002592000000000004,[0.63761365],"[ 0.03157895  5.73333333  0.24561404  5.36666667 -1.7223289   0.03333333
  5.86666667  0.24561404  5.23333333 -1.11968493  0.03333333  5.76666667
  0.24561404  5.36666667 -0.65546262  0.03333333  5.5         0.24736842
  5.6        -0.36238635]",4760.359795093536
0.010264000000000002,[-0.28549436],"[ 0.03333333  5.86666667  0.24561404  5.23333333 -1.11968493  0.03333333
  5.76666667  0.24561404  5.36666667 -0.65546262  0.03333333  5.5
  0.24736842  5.6        -0.36238635  0.03859649  5.46666667  0.25087719
  5.63333333 -1.28549433]",4760.41081571579
0.017903999999999996,[-0.7373807],"[ 0.03333333  5.76666667  0.24561404  5.36666667 -0.65546262  0.03333333
  5.5         0.24736842  5.6        -0.36238635  0.03859649  5.46666667
  0.25087719  5.63333333 -1.28549433  0.04385965  5.7         0.25614035
  5.36666667 -1.73738074]",4760.477779150009
0.025563999999999996,[0.29629275],"[ 0.03333333  5.5         0.24736842  5.6        -0.36238635  0.03859649
  5.46666667  0.25087719  5.63333333 -1.28549433  0.04385965  5.7
  0.25614035  5.36666667 -1.73738074  0.04912281  5.76666667  0.26140351
  5.26666667 -0.70370722]",4760.558007478714
0.033260000000000005,[0.13970654],"[ 0.03859649  5.46666667  0.25087719  5.63333333 -1.28549433  0.04385965
  5.7         0.25614035  5.36666667 -1.73738074  0.04912281  5.76666667
  0.26140351  5.26666667 -0.70370722  0.05438596  5.53333333  0.26666667
  5.43333333 -0.86029345]",4760.637897968292
0.046032,[-0.7959894],"[ 0.04385965  5.7         0.25614035  5.36666667 -1.73738074  0.04912281
  5.76666667  0.26140351  5.26666667 -0.70370722  0.05438596  5.53333333
  0.26666667  5.43333333 -0.86029345  0.06315789  5.6         0.2754386
  5.36666667 -1.79598939]",4760.717873334885
0.06136400000000001,[0.34088358],"[ 0.04912281  5.76666667  0.26140351  5.26666667 -0.70370722  0.05438596
  5.53333333  0.26666667  5.43333333 -0.86029345  0.06315789  5.6
  0.2754386   5.36666667 -1.79598939  0.07368421  5.63333333  0.28596491
  5.23333333 -0.65911639]",4760.797872543335
0.07415999999999999,[0.12106629],"[ 0.05438596  5.53333333  0.26666667  5.43333333 -0.86029345  0.06315789
  5.6         0.2754386   5.36666667 -1.79598939  0.07368421  5.63333333
  0.28596491  5.23333333 -0.65911639  0.08245614  5.5         0.29649123
  5.4        -0.87893373]",4760.878002882004
0.08947999999999999,[0.32816154],"[ 0.06315789  5.6         0.2754386   5.36666667 -1.79598939  0.07368421
  5.63333333  0.28596491  5.23333333 -0.65911639  0.08245614  5.5
  0.29649123  5.4        -0.87893373  0.09298246  5.63333333  0.30701754
  5.36666667 -0.67183846]",4760.957890033722
0.10224,[0.26358926],"[ 0.07368421  5.63333333  0.28596491  5.23333333 -0.65911639  0.08245614
  5.5         0.29649123  5.4        -0.87893373  0.09298246  5.63333333
  0.30701754  5.36666667 -0.67183846  0.10175439  5.8         0.31403509
  5.26666667 -0.73641074]",4761.037887334824
0.10990799999999998,[-0.7608976],"[ 0.08245614  5.5         0.29649123  5.4        -0.87893373  0.09298246
  5.63333333  0.30701754  5.36666667 -0.67183846  0.10175439  5.8
  0.31403509  5.26666667 -0.73641074  0.10701754  5.8         0.32105263
  5.13333333 -1.76089764]",4761.11777639389
0.11502399999999999,[-0.79287755],"[ 0.09298246  5.63333333  0.30701754  5.36666667 -0.67183846  0.10175439
  5.8         0.31403509  5.26666667 -0.73641074  0.10701754  5.8
  0.32105263  5.13333333 -1.76089764  0.11052632  5.76666667  0.32631579
  5.06666667 -1.79287755]",4761.197781801224
0.11252399999999999,[-0.14341272],"[ 0.10175439  5.8         0.31403509  5.26666667 -0.73641074  0.10701754
  5.8         0.32105263  5.13333333 -1.76089764  0.11052632  5.76666667
  0.32631579  5.06666667 -1.79287755  0.11052632  5.43333333  0.33333333
  5.23333333 -1.14341271]",4761.277802705765
0.1202,[0.58307934],"[ 0.10701754  5.8         0.32105263  5.13333333 -1.76089764  0.11052632
  5.76666667  0.32631579  5.06666667 -1.79287755  0.11052632  5.43333333
  0.33333333  5.23333333 -1.14341271  0.11403509  5.06666667  0.33859649
  5.33333333 -0.41692066]",4761.353642463684
0.16360400000000003,[0.39449173],"[ 0.11052632  5.76666667  0.32631579  5.06666667 -1.79287755  0.11052632
  5.43333333  0.33333333  5.23333333 -1.14341271  0.11403509  5.06666667
  0.33859649  5.33333333 -0.41692066  0.14385965  5.5         0.34561404
  5.2        -0.60550827]",4761.431131362915
0.171264,[-0.89510864],"[ 0.11052632  5.43333333  0.33333333  5.23333333 -1.14341271  0.11403509
  5.06666667  0.33859649  5.33333333 -0.41692066  0.14385965  5.5
  0.34561404  5.2        -0.60550827  0.14736842  5.6         0.35263158
  4.93333333 -1.8951087 ]",4761.511564493179
0.176376,[0.27625632],"[ 0.11403509  5.06666667  0.33859649  5.33333333 -0.41692066  0.14385965
  5.5         0.34561404  5.2        -0.60550827  0.14736842  5.6
  0.35263158  4.93333333 -1.8951087   0.15263158  5.6         0.35964912
  4.83333333 -0.72374368]",4761.595979452133
0.184076,[-0.93074626],"[ 0.14385965  5.5         0.34561404  5.2        -0.60550827  0.14736842
  5.6         0.35263158  4.93333333 -1.8951087   0.15263158  5.6
  0.35964912  4.83333333 -0.72374368  0.15789474  5.36666667  0.36842105
  4.9        -1.93074632]",4761.677300930023
0.196868,[0.6200898],"[ 0.14736842  5.6         0.35263158  4.93333333 -1.8951087   0.15263158
  5.6         0.35964912  4.83333333 -0.72374368  0.15789474  5.36666667
  0.36842105  4.9        -1.93074632  0.16842105  5.4         0.37719298
  4.76666667 -0.37991017]",4761.757814884186
0.207084,[-0.66854334],"[ 0.15263158  5.6         0.35964912  4.83333333 -0.72374368  0.15789474
  5.36666667  0.36842105  4.9        -1.93074632  0.16842105  5.4
  0.37719298  4.76666667 -0.37991017  0.1754386   5.36666667  0.38947368
  4.8        -1.66854334]",4761.837981939316
0.22238000000000002,[-0.9844665],"[ 0.15789474  5.36666667  0.36842105  4.9        -1.93074632  0.16842105
  5.4         0.37719298  4.76666667 -0.37991017  0.1754386   5.36666667
  0.38947368  4.8        -1.66854334  0.18596491  5.43333333  0.39824561
  4.8        -1.98446655]",4761.917762041092
0.22494399999999995,[-0.42549837],"[ 0.16842105  5.4         0.37719298  4.76666667 -0.37991017  0.1754386
  5.36666667  0.38947368  4.8        -1.66854334  0.18596491  5.43333333
  0.39824561  4.8        -1.98446655  0.19298246  5.33333333  0.40701754
  4.9        -1.42549837]",4761.997703790665
0.22245199999999996,[-0.3092187],"[ 0.1754386   5.36666667  0.38947368  4.8        -1.66854334  0.18596491
  5.43333333  0.39824561  4.8        -1.98446655  0.19298246  5.33333333
  0.40701754  4.9        -1.42549837  0.19649123  5.03333333  0.4122807
  5.06666667 -1.30921865]",4762.077958106995
0.22757199999999997,[-0.7760143],"[ 0.18596491  5.43333333  0.39824561  4.8        -1.98446655  0.19298246
  5.33333333  0.40701754  4.9        -1.42549837  0.19649123  5.03333333
  0.4122807   5.06666667 -1.30921865  0.20526316  5.03333333  0.41929825
  4.96666667 -1.77601433]",4762.158086776733
0.23266399999999998,[-0.9148554],"[ 0.19298246  5.33333333  0.40701754  4.9        -1.42549837  0.19649123
  5.03333333  0.4122807   5.06666667 -1.30921865  0.20526316  5.03333333
  0.41929825  4.96666667 -1.77601433  0.21403509  4.96666667  0.42631579
  4.93333333 -1.91485548]",4762.237947702408
0.22757999999999998,[-0.66300386],"[ 0.19649123  5.03333333  0.4122807   5.06666667 -1.30921865  0.20526316
  5.03333333  0.41929825  4.96666667 -1.77601433  0.21403509  4.96666667
  0.42631579  4.93333333 -1.91485548  0.21929825  4.8         0.43333333
  5.13333333 -1.66300392]",4762.317809820175
0.225036,[-0.7275888],"[ 0.20526316  5.03333333  0.41929825  4.96666667 -1.77601433  0.21403509
  4.96666667  0.42631579  4.93333333 -1.91485548  0.21929825  4.8
  0.43333333  5.13333333 -1.66300392  0.22807018  4.73333333  0.44210526
  5.23333333 -1.72758877]",4762.39794754982
0.222472,[0.68920875],"[ 0.21403509  4.96666667  0.42631579  4.93333333 -1.91485548  0.21929825
  4.8         0.43333333  5.13333333 -1.66300392  0.22807018  4.73333333
  0.44210526  5.23333333 -1.72758877  0.23508772  4.66666667  0.44912281
  5.23333333 -0.31079125]",4762.478040456772
0.21994000000000002,[-0.18451875],"[ 0.21929825  4.8         0.43333333  5.13333333 -1.66300392  0.22807018
  4.73333333  0.44210526  5.23333333 -1.72758877  0.23508772  4.66666667
  0.44912281  5.23333333 -0.31079125  0.24385965  4.6         0.45614035
  5.26666667 -1.18451881]",4762.557883739471
0.21482799999999996,[-0.71071875],"[ 0.22807018  4.73333333  0.44210526  5.23333333 -1.72758877  0.23508772
  4.66666667  0.44912281  5.23333333 -0.31079125  0.24385965  4.6
  0.45614035  5.26666667 -1.18451881  0.24912281  4.76666667  0.46491228
  5.1        -1.71071875]",4762.63738155365
0.21738800000000005,[0.5154493],"[ 0.23508772  4.66666667  0.44912281  5.23333333 -0.31079125  0.24385965
  4.6         0.45614035  5.26666667 -1.18451881  0.24912281  4.76666667
  0.46491228  5.1        -1.71071875  0.25614035  4.73333333  0.47017544
  5.16666667 -0.48455071]",4762.717746019363
0.21995200000000006,[0.21181062],"[ 0.24385965  4.6         0.45614035  5.26666667 -1.18451881  0.24912281
  4.76666667  0.46491228  5.1        -1.71071875  0.25614035  4.73333333
  0.47017544  5.16666667 -0.48455071  0.26140351  4.63333333  0.47368421
  5.33333333 -0.78818941]",4762.797290325165
0.22755600000000004,[-0.3608761],"[ 0.24912281  4.76666667  0.46491228  5.1        -1.71071875  0.25614035
  4.73333333  0.47017544  5.16666667 -0.48455071  0.26140351  4.63333333
  0.47368421  5.33333333 -0.78818941  0.26666667  4.83333333  0.48070175
  5.23333333 -1.36087608]",4762.871172904968
0.23261200000000004,[0.5071211],"[ 0.25614035  4.73333333  0.47017544  5.16666667 -0.48455071  0.26140351
  4.63333333  0.47368421  5.33333333 -0.78818941  0.26666667  4.83333333
  0.48070175  5.23333333 -1.36087608  0.27368421  4.93333333  0.4877193
  5.13333333 -0.49287891]",4762.951319932938
0.202,[0.9255726],"[ 0.26140351  4.63333333  0.47368421  5.33333333 -0.78818941  0.26666667
  4.83333333  0.48070175  5.23333333 -1.36087608  0.27368421  4.93333333
  0.4877193   5.13333333 -0.49287891  0.28245614  4.86666667  0.49649123
  5.2        -0.07442743]",4763.035962104797
0.20964799999999997,[-0.7049825],"[ 0.26666667  4.83333333  0.48070175  5.23333333 -1.36087608  0.27368421
  4.93333333  0.4877193   5.13333333 -0.49287891  0.28245614  4.86666667
  0.49649123  5.2        -0.07442743  0.29122807  5.13333333  0.50701754
  5.         -1.70498252]",4763.11593747139
0.21729199999999999,[-0.46247345],"[ 0.27368421  4.93333333  0.4877193   5.13333333 -0.49287891  0.28245614
  4.86666667  0.49649123  5.2        -0.07442743  0.29122807  5.13333333
  0.50701754  5.         -1.70498252  0.30175439  5.33333333  0.51403509
  4.73333333 -1.46247339]",4763.195899009705
0.21728,[-0.2822719],"[ 0.28245614  4.86666667  0.49649123  5.2        -0.07442743  0.29122807
  5.13333333  0.50701754  5.         -1.70498252  0.30175439  5.33333333
  0.51403509  4.73333333 -1.46247339  0.30701754  5.2         0.52105263
  4.8        -1.28227186]",4763.27783870697
0.212192,[-0.08924679],"[ 0.29122807  5.13333333  0.50701754  5.         -1.70498252  0.30175439
  5.33333333  0.51403509  4.73333333 -1.46247339  0.30701754  5.2
  0.52105263  4.8        -1.28227186  0.31403509  5.03333333  0.52807018
  4.96666667 -1.08924675]",4763.35795044899
0.214744,[-0.873739],"[ 0.30175439  5.33333333  0.51403509  4.73333333 -1.46247339  0.30701754
  5.2         0.52105263  4.8        -1.28227186  0.31403509  5.03333333
  0.52807018  4.96666667 -1.08924675  0.32280702  5.03333333  0.53684211
  4.93333333 -1.873739  ]",4763.437762737274
0.214748,[-0.6238233],"[ 0.30701754  5.2         0.52105263  4.8        -1.28227186  0.31403509
  5.03333333  0.52807018  4.96666667 -1.08924675  0.32280702  5.03333333
  0.53684211  4.93333333 -1.873739    0.33333333  5.06666667  0.54912281
  5.         -1.62382329]",4763.517820358276
0.22242799999999993,[-0.30212006],"[ 0.31403509  5.03333333  0.52807018  4.96666667 -1.08924675  0.32280702
  5.03333333  0.53684211  4.93333333 -1.873739    0.33333333  5.06666667
  0.54912281  5.         -1.62382329  0.34561404  4.86666667  0.55789474
  5.23333333 -1.30212009]",4763.597798109055
0.23006399999999996,[-0.05193572],"[ 0.32280702  5.03333333  0.53684211  4.93333333 -1.873739    0.33333333
  5.06666667  0.54912281  5.         -1.62382329  0.34561404  4.86666667
  0.55789474  5.23333333 -1.30212009  0.35438596  4.83333333  0.56842105
  5.23333333 -1.05193567]",4763.677837610245
0.22749999999999998,[0.16843487],"[ 0.33333333  5.06666667  0.54912281  5.         -1.62382329  0.34561404
  4.86666667  0.55789474  5.23333333 -1.30212009  0.35438596  4.83333333
  0.56842105  5.23333333 -1.05193567  0.36140351  4.9         0.57719298
  5.13333333 -0.83156514]",4763.758054018021
0.22748399999999996,[-0.5721913],"[ 0.34561404  4.86666667  0.55789474  5.23333333 -1.30212009  0.35438596
  4.83333333  0.56842105  5.23333333 -1.05193567  0.36140351  4.9
  0.57719298  5.13333333 -0.83156514  0.37017544  4.96666667  0.58421053
  5.06666667 -1.57219124]",4763.837818622589
0.23002000000000003,[-0.83344114],"[ 0.35438596  4.83333333  0.56842105  5.23333333 -1.05193567  0.36140351
  4.9         0.57719298  5.13333333 -0.83156514  0.37017544  4.96666667
  0.58421053  5.06666667 -1.57219124  0.37719298  4.96666667  0.59122807
  5.06666667 -1.83344114]",4763.918048381805
0.22492,[-0.05827712],"[ 0.36140351  4.9         0.57719298  5.13333333 -0.83156514  0.37017544
  4.96666667  0.58421053  5.06666667 -1.57219124  0.37719298  4.96666667
  0.59122807  5.06666667 -1.83344114  0.38245614  4.8         0.59649123
  5.3        -1.05827713]",4763.997848033905
0.22491999999999995,[-0.7355702],"[ 0.37017544  4.96666667  0.58421053  5.06666667 -1.57219124  0.37719298
  4.96666667  0.59122807  5.06666667 -1.83344114  0.38245614  4.8
  0.59649123  5.3        -1.05827713  0.38947368  4.73333333  0.6
  5.46666667 -1.73557019]",4764.082768440247
0.21978,[-0.51382685],"[ 0.37719298  4.96666667  0.59122807  5.06666667 -1.83344114  0.38245614
  4.8         0.59649123  5.3        -1.05827713  0.38947368  4.73333333
  0.6         5.46666667 -1.73557019  0.39473684  4.9         0.60701754
  5.36666667 -1.51382685]",4764.158032178879
0.22491600000000006,[0.1117792],"[ 0.38245614  4.8         0.59649123  5.3        -1.05827713  0.38947368
  4.73333333  0.6         5.46666667 -1.73557019  0.39473684  4.9
  0.60701754  5.36666667 -1.51382685  0.40350877  4.86666667  0.61578947
  5.36666667 -0.88822079]",4764.237797737122
0.22747599999999996,[0.6508498],"[ 0.38947368  4.73333333  0.6         5.46666667 -1.73557019  0.39473684
  4.9         0.60701754  5.36666667 -1.51382685  0.40350877  4.86666667
  0.61578947  5.36666667 -0.88822079  0.4122807   4.8         0.6245614
  5.53333333 -0.34915018]",4764.344897031784
0.232552,[0.52870053],"[ 0.39473684  4.9         0.60701754  5.36666667 -1.51382685  0.40350877
  4.86666667  0.61578947  5.36666667 -0.88822079  0.4122807   4.8
  0.6245614   5.53333333 -0.34915018  0.42105263  5.          0.63333333
  5.46666667 -0.47129947]",4764.397857427597
0.23765999999999998,[-0.6587968],"[ 0.40350877  4.86666667  0.61578947  5.36666667 -0.88822079  0.4122807
  4.8         0.6245614   5.53333333 -0.34915018  0.42105263  5.
  0.63333333  5.46666667 -0.47129947  0.42982456  5.23333333  0.64385965
  5.23333333 -1.65879679]",4764.483646631241
0.24021199999999995,[-0.63658154],"[ 0.4122807   4.8         0.6245614   5.53333333 -0.34915018  0.42105263
  5.          0.63333333  5.46666667 -0.47129947  0.42982456  5.23333333
  0.64385965  5.23333333 -1.65879679  0.43859649  5.36666667  0.65087719
  5.13333333 -1.63658154]",4764.557903289795
0.23254800000000006,[-0.52246195],"[ 0.42105263  5.          0.63333333  5.46666667 -0.47129947  0.42982456
  5.23333333  0.64385965  5.23333333 -1.65879679  0.43859649  5.36666667
  0.65087719  5.13333333 -1.63658154  0.44210526  5.26666667  0.65438596
  5.1        -1.52246189]",4764.637862443924
0.22492799999999996,[0.02025855],"[ 0.42982456  5.23333333  0.64385965  5.23333333 -1.65879679  0.43859649
  5.36666667  0.65087719  5.13333333 -1.63658154  0.44210526  5.26666667
  0.65438596  5.1        -1.52246189  0.44561404  5.13333333  0.65789474
  5.36666667 -0.97974145]",4764.7178699970245
0.21728400000000003,[-0.8558929],"[ 0.43859649  5.36666667  0.65087719  5.13333333 -1.63658154  0.44210526
  5.26666667  0.65438596  5.1        -1.52246189  0.44561404  5.13333333
  0.65789474  5.36666667 -0.97974145  0.45087719  5.13333333  0.66491228
  5.43333333 -1.8558929 ]",4764.797240018845
0.22492799999999996,[0.47495183],"[ 0.44210526  5.26666667  0.65438596  5.1        -1.52246189  0.44561404
  5.13333333  0.65789474  5.36666667 -0.97974145  0.45087719  5.13333333
  0.66491228  5.43333333 -1.8558929   0.46140351  5.2         0.6754386
  5.36666667 -0.52504814]",4764.878046512604
0.22747600000000007,[-0.10257429],"[ 0.44561404  5.13333333  0.65789474  5.36666667 -0.97974145  0.45087719
  5.13333333  0.66491228  5.43333333 -1.8558929   0.46140351  5.2
  0.6754386   5.36666667 -0.52504814  0.47017544  5.1         0.68245614
  5.56666667 -1.10257435]",4764.95242857933
0.23002000000000003,[-0.33152112],"[ 0.45087719  5.13333333  0.66491228  5.43333333 -1.8558929   0.46140351
  5.2         0.6754386   5.36666667 -0.52504814  0.47017544  5.1
  0.68245614  5.56666667 -1.10257435  0.48070175  5.2         0.69298246
  5.53333333 -1.33152115]",4765.036996841431
0.22746399999999997,[0.12898341],"[ 0.46140351  5.2         0.6754386   5.36666667 -0.52504814  0.47017544
  5.1         0.68245614  5.56666667 -1.10257435  0.48070175  5.2
  0.69298246  5.53333333 -1.33152115  0.48947368  5.23333333  0.70350877
  5.5        -0.87101662]",4765.111145019531
0.2248920000000001,[0.32200006],"[ 0.47017544  5.1         0.68245614  5.56666667 -1.10257435  0.48070175
  5.2         0.69298246  5.53333333 -1.33152115  0.48947368  5.23333333
  0.70350877  5.5        -0.87101662  0.5         5.16666667  0.71052632
  5.5        -0.67799997]",4765.19265294075
0.2223080000000001,[-0.1455831],"[ 0.48070175  5.2         0.69298246  5.53333333 -1.33152115  0.48947368
  5.23333333  0.70350877  5.5        -0.87101662  0.5         5.16666667
  0.71052632  5.5        -0.67799997  0.50701754  5.36666667  0.72105263
  5.33333333 -1.14558315]",4765.273102283478
0.21975200000000003,[-0.9750575],"[ 0.48947368  5.23333333  0.70350877  5.5        -0.87101662  0.5
  5.16666667  0.71052632  5.5        -0.67799997  0.50701754  5.36666667
  0.72105263  5.33333333 -1.14558315  0.5122807   5.43333333  0.7245614
  5.3        -1.97505748]",4765.351601362228
0.2121080000000001,[-0.15957206],"[ 0.5         5.16666667  0.71052632  5.5        -0.67799997  0.50701754
  5.36666667  0.72105263  5.33333333 -1.14558315  0.5122807   5.43333333
  0.7245614   5.3        -1.97505748  0.51578947  5.3         0.72807018
  5.5        -1.15957212]",4765.435914516449
0.209572,[0.31252566],"[ 0.50701754  5.36666667  0.72105263  5.33333333 -1.14558315  0.5122807
  5.43333333  0.7245614   5.3        -1.97505748  0.51578947  5.3
  0.72807018  5.5        -1.15957212  0.52105263  5.13333333  0.73157895
  5.7        -0.68747437]",4765.515869379044
0.21209199999999995,[0.29508147],"[ 0.5122807   5.43333333  0.7245614   5.3        -1.97505748  0.51578947
  5.3         0.72807018  5.5        -1.15957212  0.52105263  5.13333333
  0.73157895  5.7        -0.68747437  0.52807018  5.26666667  0.74035088
  5.56666667 -0.7049185 ]",4765.5958824157715
0.2146119999999999,[0.3361079],"[ 0.51578947  5.3         0.72807018  5.5        -1.15957212  0.52105263
  5.13333333  0.73157895  5.7        -0.68747437  0.52807018  5.26666667
  0.74035088  5.56666667 -0.7049185   0.53684211  5.5         0.74912281
  5.33333333 -0.66389209]",4765.677515506744
0.21973599999999993,[0.9378498],"[ 0.52105263  5.13333333  0.73157895  5.7        -0.68747437  0.52807018
  5.26666667  0.74035088  5.56666667 -0.7049185   0.53684211  5.5
  0.74912281  5.33333333 -0.66389209  0.54561404  5.56666667  0.75614035
  5.23333333 -0.06215018]",4765.757988214493
0.21971599999999988,[0.14094599],"[ 0.52807018  5.26666667  0.74035088  5.56666667 -0.7049185   0.53684211
  5.5         0.74912281  5.33333333 -0.66389209  0.54561404  5.56666667
  0.75614035  5.23333333 -0.06215018  0.55438596  5.7         0.76491228
  5.1        -0.85905403]",4765.837651968002
0.21969599999999997,[0.07097325],"[ 0.53684211  5.5         0.74912281  5.33333333 -0.66389209  0.54561404
  5.56666667  0.75614035  5.23333333 -0.06215018  0.55438596  5.7
  0.76491228  5.1        -0.85905403  0.56315789  5.8         0.77017544
  4.86666667 -0.92902672]",4765.9177367687225
0.2171759999999999,[0.4498699],"[ 0.54561404  5.56666667  0.75614035  5.23333333 -0.06215018  0.55438596
  5.7         0.76491228  5.1        -0.85905403  0.56315789  5.8
  0.77017544  4.86666667 -0.92902672  0.57017544  5.7         0.7754386
  4.86666667 -0.55013013]",4765.997752666473
0.20953599999999994,[0.4461937],"[ 0.55438596  5.7         0.76491228  5.1        -0.85905403  0.56315789
  5.8         0.77017544  4.86666667 -0.92902672  0.57017544  5.7
  0.7754386   4.86666667 -0.55013013  0.57368421  5.7         0.78245614
  4.86666667 -0.5538063 ]",4766.078029870987
0.20698399999999992,[-0.13887058],"[ 0.56315789  5.8         0.77017544  4.86666667 -0.92902672  0.57017544
  5.7         0.7754386   4.86666667 -0.55013013  0.57368421  5.7
  0.78245614  4.86666667 -0.5538063   0.58070175  5.8         0.78596491
  4.7        -1.1388706 ]",4766.158121347427
0.2095319999999999,[-0.4337422],"[ 0.57017544  5.7         0.7754386   4.86666667 -0.55013013  0.57368421
  5.7         0.78245614  4.86666667 -0.5538063   0.58070175  5.8
  0.78596491  4.7        -1.1388706   0.58596491  5.76666667  0.78947368
  4.63333333 -1.43374217]",4766.237682580948
0.20954000000000006,[0.5888965],"[ 0.57368421  5.7         0.78245614  4.86666667 -0.5538063   0.58070175
  5.8         0.78596491  4.7        -1.1388706   0.58596491  5.76666667
  0.78947368  4.63333333 -1.43374217  0.58947368  5.56666667  0.79649123
  4.7        -0.41110349]",4766.317719459534
0.21210400000000007,[-0.35133207],"[ 0.58070175  5.8         0.78596491  4.7        -1.1388706   0.58596491
  5.76666667  0.78947368  4.63333333 -1.43374217  0.58947368  5.56666667
  0.79649123  4.7        -0.41110349  0.59649123  5.5         0.80526316
  4.66666667 -1.35133207]",4766.397894144058
0.2095440000000001,[-0.7976233],"[ 0.58596491  5.76666667  0.78947368  4.63333333 -1.43374217  0.58947368
  5.56666667  0.79649123  4.7        -0.41110349  0.59649123  5.5
  0.80526316  4.66666667 -1.35133207  0.60526316  5.6         0.81052632
  4.4        -1.79762328]",4766.4780189991
0.20443599999999992,[0.14493918],"[ 0.58947368  5.56666667  0.79649123  4.7        -0.41110349  0.59649123
  5.5         0.80526316  4.66666667 -1.35133207  0.60526316  5.6
  0.81052632  4.4        -1.79762328  0.61052632  5.46666667  0.81578947
  4.43333333 -0.85506082]",4766.561282873154
0.19169999999999998,[-0.42579028],"[ 0.59649123  5.5         0.80526316  4.66666667 -1.35133207  0.60526316
  5.6         0.81052632  4.4        -1.79762328  0.61052632  5.46666667
  0.81578947  4.43333333 -0.85506082  0.6122807   5.2         0.8245614
  4.6        -1.42579031]",4766.631087064743
0.19170399999999999,[0.35067245],"[ 0.60526316  5.6         0.81052632  4.4        -1.79762328  0.61052632
  5.46666667  0.81578947  4.43333333 -0.85506082  0.6122807   5.2
  0.8245614   4.6        -1.42579031  0.62105263  5.2         0.83157895
  4.4        -0.64932752]",4766.715458393097
0.18659599999999998,[-0.87003636],"[ 0.61052632  5.46666667  0.81578947  4.43333333 -0.85506082  0.6122807
  5.2         0.8245614   4.6        -1.42579031  0.62105263  5.2
  0.83157895  4.4        -0.64932752  0.62807018  5.1         0.83859649
  4.3        -1.87003636]",4766.797851800919
0.19428,[-0.02389689],"[ 0.6122807   5.2         0.8245614   4.6        -1.42579031  0.62105263
  5.2         0.83157895  4.4        -0.64932752  0.62807018  5.1
  0.83859649  4.3        -1.87003636  0.64035088  5.16666667  0.84736842
  4.16666667 -1.02389693]",4766.877817153931
0.19685999999999992,[0.02388112],"[ 0.62105263  5.2         0.83157895  4.4        -0.64932752  0.62807018
  5.1         0.83859649  4.3        -1.87003636  0.64035088  5.16666667
  0.84736842  4.16666667 -1.02389693  0.64736842  5.03333333  0.85614035
  4.2        -0.97611886]",4766.957780599594
0.20452399999999993,[-0.04890855],"[ 0.62807018  5.1         0.83859649  4.3        -1.87003636  0.64035088
  5.16666667  0.84736842  4.16666667 -1.02389693  0.64736842  5.03333333
  0.85614035  4.2        -0.97611886  0.65614035  4.93333333  0.86315789
  4.03333333 -1.04890859]",4767.0379865169525
0.20706800000000003,[-0.01044465],"[ 0.64035088  5.16666667  0.84736842  4.16666667 -1.02389693  0.64736842
  5.03333333  0.85614035  4.2        -0.97611886  0.65614035  4.93333333
  0.86315789  4.03333333 -1.04890859  0.66315789  4.86666667  0.87192982
  3.93333333 -1.01044464]",4767.117957353592
0.20708400000000005,[0.63471675],"[ 0.64736842  5.03333333  0.85614035  4.2        -0.97611886  0.65614035
  4.93333333  0.86315789  4.03333333 -1.04890859  0.66315789  4.86666667
  0.87192982  3.93333333 -1.01044464  0.67017544  4.86666667  0.87719298
  3.9        -0.36528325]",4767.197754859924
0.2019920000000001,[-0.09334139],"[ 0.65614035  4.93333333  0.86315789  4.03333333 -1.04890859  0.66315789
  4.86666667  0.87192982  3.93333333 -1.01044464  0.67017544  4.86666667
  0.87719298  3.9        -0.36528325  0.6754386   4.93333333  0.88245614
  3.86666667 -1.09334135]",4767.278000354767
0.19176800000000005,[-0.42090517],"[ 0.66315789  4.86666667  0.87192982  3.93333333 -1.01044464  0.67017544
  4.86666667  0.87719298  3.9        -0.36528325  0.6754386   4.93333333
  0.88245614  3.86666667 -1.09334135  0.67719298  5.          0.88421053
  3.9        -1.42090511]",4767.357864141464
0.17902400000000007,[0.04501672],"[ 0.67017544  4.86666667  0.87719298  3.9        -0.36528325  0.6754386
  4.93333333  0.88245614  3.86666667 -1.09334135  0.67719298  5.
  0.88421053  3.9        -1.42090511  0.67719298  4.83333333  0.8877193
  4.06666667 -0.95498329]",4767.437736988068
0.1713840000000001,[0.8157458],"[ 0.6754386   4.93333333  0.88245614  3.86666667 -1.09334135  0.67719298
  5.          0.88421053  3.9        -1.42090511  0.67719298  4.83333333
  0.8877193   4.06666667 -0.95498329  0.68070175  4.7         0.89298246
  4.26666667 -0.18425423]",4767.517845630646
0.17134400000000005,[0.7141728],"[ 0.67719298  5.          0.88421053  3.9        -1.42090511  0.67719298
  4.83333333  0.8877193   4.06666667 -0.95498329  0.68070175  4.7
  0.89298246  4.26666667 -0.18425423  0.6877193   4.93333333  0.89824561
  4.23333333 -0.28582722]",4767.597898244858
0.17643200000000003,[0.6793518],"[ 0.67719298  4.83333333  0.8877193   4.06666667 -0.95498329  0.68070175
  4.7         0.89298246  4.26666667 -0.18425423  0.6877193   4.93333333
  0.89824561  4.23333333 -0.28582722  0.69473684  5.13333333  0.90350877
  4.03333333 -0.32064819]",4767.6774871349335
0.17644400000000005,[0.72904694],"[ 0.68070175  4.7         0.89298246  4.26666667 -0.18425423  0.6877193
  4.93333333  0.89824561  4.23333333 -0.28582722  0.69473684  5.13333333
  0.90350877  4.03333333 -0.32064819  0.70175439  5.13333333  0.90526316
  3.93333333 -0.27095306]",4767.759230852127
0.17132399999999992,[-0.08546357],"[ 0.6877193   4.93333333  0.89824561  4.23333333 -0.28582722  0.69473684
  5.13333333  0.90350877  4.03333333 -0.32064819  0.70175439  5.13333333
  0.90526316  3.93333333 -0.27095306  0.70350877  5.16666667  0.90701754
  3.9        -1.08546352]",4767.837777137756
0.16874,[0.12520997],"[ 0.69473684  5.13333333  0.90350877  4.03333333 -0.32064819  0.70175439
  5.13333333  0.90526316  3.93333333 -0.27095306  0.70350877  5.16666667
  0.90701754  3.9        -1.08546352  0.70526316  5.2         0.90701754
  3.93333333 -0.87479001]",4767.917712926865
0.158516,[0.65974295],"[ 0.70175439  5.13333333  0.90526316  3.93333333 -0.27095306  0.70350877
  5.16666667  0.90701754  3.9        -1.08546352  0.70526316  5.2
  0.90701754  3.93333333 -0.87479001  0.70526316  5.13333333  0.9122807
  4.1        -0.34025705]",4767.997854709625
0.15084799999999987,[0.36304677],"[ 0.70350877  5.16666667  0.90701754  3.9        -1.08546352  0.70526316
  5.2         0.90701754  3.93333333 -0.87479001  0.70526316  5.13333333
  0.9122807   4.1        -0.34025705  0.70877193  5.23333333  0.91578947
  4.1        -0.63695323]",4768.077903270721
0.15081599999999995,[-0.6944798],"[ 0.70526316  5.2         0.90701754  3.93333333 -0.87479001  0.70526316
  5.13333333  0.9122807   4.1        -0.34025705  0.70877193  5.23333333
  0.91578947  4.1        -0.63695323  0.71403509  5.36666667  0.91578947
  4.         -1.69447982]",4768.157876729965
0.15079199999999993,[0.79446304],"[ 0.70526316  5.13333333  0.9122807   4.1        -0.34025705  0.70877193
  5.23333333  0.91578947  4.1        -0.63695323  0.71403509  5.36666667
  0.91578947  4.         -1.69447982  0.71578947  5.3         0.91929825
  4.06666667 -0.20553696]",4768.237883806229
0.14058800000000005,[0.93353784],"[ 0.70877193  5.23333333  0.91578947  4.1        -0.63695323  0.71403509
  5.36666667  0.91578947  4.         -1.69447982  0.71578947  5.3
  0.91929825  4.06666667 -0.20553696  0.71754386  5.13333333  0.9245614
  4.23333333 -0.06646216]",4768.31800365448
0.1379999999999999,[0.813469],"[ 0.71403509  5.36666667  0.91578947  4.         -1.69447982  0.71578947
  5.3         0.91929825  4.06666667 -0.20553696  0.71754386  5.13333333
  0.9245614   4.23333333 -0.06646216  0.72280702  5.3         0.92807018
  4.1        -0.18653101]",4768.3950209617615
0.13541999999999987,[0.87609535],"[ 0.71578947  5.3         0.91929825  4.06666667 -0.20553696  0.71754386
  5.13333333  0.9245614   4.23333333 -0.06646216  0.72280702  5.3
  0.92807018  4.1        -0.18653101  0.73333333  5.56666667  0.92982456
  3.9        -0.12390465]",4768.472138404846
0.13283199999999995,[-0.8363757],"[ 0.71754386  5.13333333  0.9245614   4.23333333 -0.06646216  0.72280702
  5.3         0.92807018  4.1        -0.18653101  0.73333333  5.56666667
  0.92982456  3.9        -0.12390465  0.73859649  5.7         0.93157895
  3.93333333 -1.83637571]",4768.555812835693
0.12003600000000003,[0.74875176],"[ 0.72280702  5.3         0.92807018  4.1        -0.18653101  0.73333333
  5.56666667  0.92982456  3.9        -0.12390465  0.73859649  5.7
  0.93157895  3.93333333 -1.83637571  0.73859649  5.73333333  0.92982456
  3.9        -0.25124824]",4768.637052536011
0.10726400000000003,[0.24681503],"[ 0.73333333  5.56666667  0.92982456  3.9        -0.12390465  0.73859649
  5.7         0.93157895  3.93333333 -1.83637571  0.73859649  5.73333333
  0.92982456  3.9        -0.25124824  0.73684211  5.6         0.93333333
  3.96666667 -0.75318497]",4768.717138051987
0.1046959999999999,[0.02639819],"[ 0.73859649  5.7         0.93157895  3.93333333 -1.83637571  0.73859649
  5.73333333  0.92982456  3.9        -0.25124824  0.73684211  5.6
  0.93333333  3.96666667 -0.75318497  0.74210526  5.7         0.93684211
  3.96666667 -0.97360182]",4768.794817686081
0.1021399999999999,[0.81825644],"[ 0.73859649  5.73333333  0.92982456  3.9        -0.25124824  0.73684211
  5.6         0.93333333  3.96666667 -0.75318497  0.74210526  5.7
  0.93684211  3.96666667 -0.97360182  0.74561404  5.76666667  0.94210526
  4.03333333 -0.18174356]",4768.872765541077
0.10470800000000002,[-0.59105444],"[ 0.73684211  5.6         0.93333333  3.96666667 -0.75318497  0.74210526
  5.7         0.93684211  3.96666667 -0.97360182  0.74561404  5.76666667
  0.94210526  4.03333333 -0.18174356  0.74912281  5.73333333  0.94385965
  4.         -1.59105444]",4768.957224845886
0.11489999999999989,[-0.10562567],"[ 0.74210526  5.7         0.93684211  3.96666667 -0.97360182  0.74561404
  5.76666667  0.94210526  4.03333333 -0.18174356  0.74912281  5.73333333
  0.94385965  4.         -1.59105444  0.75614035  5.83333333  0.94385965
  3.9        -1.10562563]",4769.037870883942
0.10466799999999987,[0.83948827],"[ 0.74561404  5.76666667  0.94210526  4.03333333 -0.18174356  0.74912281
  5.73333333  0.94385965  4.         -1.59105444  0.75614035  5.83333333
  0.94385965  3.9        -1.10562563  0.75263158  5.76666667  0.94912281
  4.1        -0.16051173]",4769.117052555084
0.09447199999999989,[-0.62883943],"[ 0.74912281  5.73333333  0.94385965  4.         -1.59105444  0.75614035
  5.83333333  0.94385965  3.9        -1.10562563  0.75263158  5.76666667
  0.94912281  4.1        -0.16051173  0.75263158  5.76666667  0.95263158
  4.26666667 -1.62883949]",4769.192311286926
0.09447199999999989,[-0.23459527],"[ 0.75614035  5.83333333  0.94385965  3.9        -1.10562563  0.75263158
  5.76666667  0.94912281  4.1        -0.16051173  0.75263158  5.76666667
  0.95263158  4.26666667 -1.62883949  0.75964912  5.96666667  0.95263158
  4.16666667 -1.2345953 ]",4769.277242422104
0.084252,[-0.58895373],"[ 0.75263158  5.76666667  0.94912281  4.1        -0.16051173  0.75263158
  5.76666667  0.95263158  4.26666667 -1.62883949  0.75964912  5.96666667
  0.95263158  4.16666667 -1.2345953   0.75964912  5.93333333  0.95789474
  4.3        -1.58895373]",4769.358446359634
0.08171600000000012,[0.64412266],"[ 0.75263158  5.76666667  0.95263158  4.26666667 -1.62883949  0.75964912
  5.96666667  0.95263158  4.16666667 -1.2345953   0.75964912  5.93333333
  0.95789474  4.3        -1.58895373  0.75964912  5.8         0.96315789
  4.53333333 -0.35587734]",4769.43811750412
0.08428799999999992,[-0.031548],"[ 0.75964912  5.96666667  0.95263158  4.16666667 -1.2345953   0.75964912
  5.93333333  0.95789474  4.3        -1.58895373  0.75964912  5.8
  0.96315789  4.53333333 -0.35587734  0.76315789  5.7         0.96842105
  4.56666667 -1.03154802]",4769.517383337021
0.09449599999999991,[0.83518904],"[ 0.75964912  5.93333333  0.95789474  4.3        -1.58895373  0.75964912
  5.8         0.96315789  4.53333333 -0.35587734  0.76315789  5.7
  0.96842105  4.56666667 -1.03154802  0.77017544  5.76666667  0.97192982
  4.4        -0.16481096]",4769.597917318344
0.09705600000000003,[0.29090077],"[ 0.75964912  5.8         0.96315789  4.53333333 -0.35587734  0.76315789
  5.7         0.96842105  4.56666667 -1.03154802  0.77017544  5.76666667
  0.97192982  4.4        -0.16481096  0.7754386   5.83333333  0.97368421
  4.33333333 -0.70909923]",4769.6778473854065
0.09705600000000003,[0.776718],"[ 0.76315789  5.7         0.96842105  4.56666667 -1.03154802  0.77017544
  5.76666667  0.97192982  4.4        -0.16481096  0.7754386   5.83333333
  0.97368421  4.33333333 -0.70909923  0.78070175  5.96666667  0.9754386
  4.2        -0.22328198]",4769.751893520355
0.09704800000000002,[0.2632304],"[ 0.77017544  5.76666667  0.97192982  4.4        -0.16481096  0.7754386
  5.83333333  0.97368421  4.33333333 -0.70909923  0.78070175  5.96666667
  0.9754386   4.2        -0.22328198  0.78245614  5.96666667  0.97368421
  4.1        -0.73676956]",4769.832050085068
