reward,action,obs,time
,,"[0.         0.         0.         0.         0.         0.
 0.         0.         0.         0.         0.         0.
 0.         0.         0.         0.03157895 5.83333333 0.24385965
 5.33333333 0.        ]",3409.402400493622
0.0025319999999999995,[0.8759423],"[ 0.          0.          0.          0.          0.          0.
  0.          0.          0.          0.          0.03157895  5.83333333
  0.24385965  5.33333333  0.          0.03333333  6.03333333  0.24385965
  5.23333333 -0.12405771]",3409.501008272171
1.6000000000002124e-05,[0.62029696],"[ 0.          0.          0.          0.          0.          0.03157895
  5.83333333  0.24385965  5.33333333  0.          0.03333333  6.03333333
  0.24385965  5.23333333 -0.12405771  0.03157895  5.7         0.24385965
  5.4        -0.37970304]",3409.5553483963013
-4.000000000004e-06,[0.4496805],"[ 0.03157895  5.83333333  0.24385965  5.33333333  0.          0.03333333
  6.03333333  0.24385965  5.23333333 -0.12405771  0.03157895  5.7
  0.24385965  5.4        -0.37970304  0.03157895  5.86666667  0.24385965
  5.3        -0.55031949]",3409.6018607616425
-4.000000000004e-06,[0.38845572],"[ 0.03333333  6.03333333  0.24385965  5.23333333 -0.12405771  0.03157895
  5.7         0.24385965  5.4        -0.37970304  0.03157895  5.86666667
  0.24385965  5.3        -0.55031949  0.03157895  5.86666667  0.24385965
  5.3        -0.61154425]",3409.657259464264
-4.000000000004e-06,[-0.1990139],"[ 0.03157895  5.7         0.24385965  5.4        -0.37970304  0.03157895
  5.86666667  0.24385965  5.3        -0.55031949  0.03157895  5.86666667
  0.24385965  5.3        -0.61154425  0.03157895  5.86666667  0.24385965
  5.3        -1.19901395]",3409.707709789276
0.0025480000000000017,[-0.5919651],"[ 0.03157895  5.86666667  0.24385965  5.3        -0.55031949  0.03157895
  5.86666667  0.24385965  5.3        -0.61154425  0.03157895  5.86666667
  0.24385965  5.3        -1.19901395  0.03333333  5.9         0.24385965
  5.3        -1.59196508]",3409.757833957672
0.005088000000000002,[-0.3796693],"[ 0.03157895  5.86666667  0.24385965  5.3        -0.61154425  0.03157895
  5.86666667  0.24385965  5.3        -1.19901395  0.03333333  5.9
  0.24385965  5.3        -1.59196508  0.03508772  6.03333333  0.24385965
  5.16666667 -1.37966931]",3409.8080639839172
0.005083999999999998,[-0.8509143],"[ 0.03157895  5.86666667  0.24385965  5.3        -1.19901395  0.03333333
  5.9         0.24385965  5.3        -1.59196508  0.03508772  6.03333333
  0.24385965  5.16666667 -1.37966931  0.03508772  6.06666667  0.24385965
  5.13333333 -1.85091424]",3409.858507871628
0.0025559999999999958,[0.66597927],"[ 0.03333333  5.9         0.24385965  5.3        -1.59196508  0.03508772
  6.03333333  0.24385965  5.16666667 -1.37966931  0.03508772  6.06666667
  0.24385965  5.13333333 -1.85091424  0.03333333  5.83333333  0.24561404
  5.36666667 -0.33402073]",3409.90864443779
0.005131999999999998,[0.82071006],"[ 0.03508772  6.03333333  0.24385965  5.16666667 -1.37966931  0.03508772
  6.06666667  0.24385965  5.13333333 -1.85091424  0.03333333  5.83333333
  0.24561404  5.36666667 -0.33402073  0.03508772  5.66666667  0.24912281
  5.5        -0.17928994]",3409.962434053421
0.012808,[-0.18021186],"[ 0.03508772  6.06666667  0.24385965  5.13333333 -1.85091424  0.03333333
  5.83333333  0.24561404  5.36666667 -0.33402073  0.03508772  5.66666667
  0.24912281  5.5        -0.17928994  0.04035088  5.6         0.25438596
  5.56666667 -1.1802119 ]",3410.021465778351
0.020456000000000002,[-0.33258495],"[ 0.03333333  5.83333333  0.24561404  5.36666667 -0.33402073  0.03508772
  5.66666667  0.24912281  5.5        -0.17928994  0.04035088  5.6
  0.25438596  5.56666667 -1.1802119   0.04561404  5.76666667  0.25789474
  5.43333333 -1.33258498]",3410.1017038822174
0.025575999999999998,[0.50684965],"[ 0.03508772  5.66666667  0.24912281  5.5        -0.17928994  0.04035088
  5.6         0.25438596  5.56666667 -1.1802119   0.04561404  5.76666667
  0.25789474  5.43333333 -1.33258498  0.04912281  5.7         0.26140351
  5.46666667 -0.49315035]",3410.1812965869904
0.033252000000000004,[-0.880304],"[ 0.04035088  5.6         0.25438596  5.56666667 -1.1802119   0.04561404
  5.76666667  0.25789474  5.43333333 -1.33258498  0.04912281  5.7
  0.26140351  5.46666667 -0.49315035  0.05438596  5.63333333  0.26666667
  5.5        -1.88030398]",3410.26131772995
0.04346,[0.33333245],"[ 0.04561404  5.76666667  0.25789474  5.43333333 -1.33258498  0.04912281
  5.7         0.26140351  5.46666667 -0.49315035  0.05438596  5.63333333
  0.26666667  5.5        -1.88030398  0.06140351  5.76666667  0.27368421
  5.26666667 -0.66666758]",3410.3412959575653
0.053692000000000004,[-0.7603627],"[ 0.04912281  5.7         0.26140351  5.46666667 -0.49315035  0.05438596
  5.63333333  0.26666667  5.5        -1.88030398  0.06140351  5.76666667
  0.27368421  5.26666667 -0.66666758  0.06842105  5.7         0.28070175
  5.26666667 -1.76036263]",3410.4212806224823
0.061356,[-0.15008074],"[ 0.05438596  5.63333333  0.26666667  5.5        -1.88030398  0.06140351
  5.76666667  0.27368421  5.26666667 -0.66666758  0.06842105  5.7
  0.28070175  5.26666667 -1.76036263  0.07368421  5.73333333  0.28596491
  5.26666667 -1.15008068]",3410.501339673996
0.071584,[-0.8833222],"[ 0.06140351  5.76666667  0.27368421  5.26666667 -0.66666758  0.06842105
  5.7         0.28070175  5.26666667 -1.76036263  0.07368421  5.73333333
  0.28596491  5.26666667 -1.15008068  0.08070175  5.7         0.29298246
  5.4        -1.88332224]",3410.5813524723053
0.08181200000000002,[-0.32078496],"[ 0.06842105  5.7         0.28070175  5.26666667 -1.76036263  0.07368421
  5.73333333  0.28596491  5.26666667 -1.15008068  0.08070175  5.7
  0.29298246  5.4        -1.88332224  0.0877193   5.66666667  0.3
  5.46666667 -1.32078493]",3410.6613550186157
0.08950000000000002,[0.3660062],"[ 0.07368421  5.73333333  0.28596491  5.26666667 -1.15008068  0.08070175
  5.7         0.29298246  5.4        -1.88332224  0.0877193   5.66666667
  0.3         5.46666667 -1.32078493  0.09298246  5.5         0.30877193
  5.56666667 -0.6339938 ]",3410.7383255958557
0.09718399999999998,[-0.5370743],"[ 0.08070175  5.7         0.29298246  5.4        -1.88332224  0.0877193
  5.66666667  0.3         5.46666667 -1.32078493  0.09298246  5.5
  0.30877193  5.56666667 -0.6339938   0.1         5.56666667  0.31578947
  5.46666667 -1.53707433]",3410.8146390914917
0.109908,[0.8939197],"[ 0.0877193   5.66666667  0.3         5.46666667 -1.32078493  0.09298246
  5.5         0.30877193  5.56666667 -0.6339938   0.1         5.56666667
  0.31578947  5.46666667 -1.53707433  0.10701754  5.7         0.31929825
  5.26666667 -0.10608029]",3410.895750761032
0.11250000000000002,[-0.09132641],"[ 0.09298246  5.5         0.30877193  5.56666667 -0.6339938   0.1
  5.56666667  0.31578947  5.46666667 -1.53707433  0.10701754  5.7
  0.31929825  5.26666667 -0.10608029  0.10877193  5.56666667  0.32631579
  5.3        -1.09132636]",3410.9795277118683
0.115044,[-0.91739506],"[ 0.1         5.56666667  0.31578947  5.46666667 -1.53707433  0.10701754
  5.7         0.31929825  5.26666667 -0.10608029  0.10877193  5.56666667
  0.32631579  5.3        -1.09132636  0.11052632  5.66666667  0.33157895
  5.16666667 -1.91739511]",3411.0607209205627
0.12269999999999999,[-0.06040169],"[ 0.10701754  5.7         0.31929825  5.26666667 -0.10608029  0.10877193
  5.56666667  0.32631579  5.3        -1.09132636  0.11052632  5.66666667
  0.33157895  5.16666667 -1.91739511  0.11578947  5.76666667  0.33859649
  5.23333333 -1.06040168]",3411.1415395736694
0.163656,[-0.9333519],"[ 0.10877193  5.56666667  0.32631579  5.3        -1.09132636  0.11052632
  5.66666667  0.33157895  5.16666667 -1.91739511  0.11578947  5.76666667
  0.33859649  5.23333333 -1.06040168  0.14561404  5.3         0.34912281
  5.36666667 -1.93335187]",3411.2214868068695
0.16621999999999998,[-0.5562227],"[ 0.11052632  5.66666667  0.33157895  5.16666667 -1.91739511  0.11578947
  5.76666667  0.33859649  5.23333333 -1.06040168  0.14561404  5.3
  0.34912281  5.36666667 -1.93335187  0.14912281  5.36666667  0.35789474
  5.3        -1.55622268]",3411.3013637065887
0.1739,[-0.6564995],"[ 0.11578947  5.76666667  0.33859649  5.23333333 -1.06040168  0.14561404
  5.3         0.34912281  5.36666667 -1.93335187  0.14912281  5.36666667
  0.35789474  5.3        -1.55622268  0.15438596  5.3         0.36842105
  5.46666667 -1.65649951]",3411.3812985420227
0.191776,[-0.65798753],"[ 0.14561404  5.3         0.34912281  5.36666667 -1.93335187  0.14912281
  5.36666667  0.35789474  5.3        -1.55622268  0.15438596  5.3
  0.36842105  5.46666667 -1.65649951  0.16491228  5.2         0.37719298
  5.56666667 -1.65798759]",3411.4613416194916
0.19942800000000002,[0.20602451],"[ 0.14912281  5.36666667  0.35789474  5.3        -1.55622268  0.15438596
  5.3         0.36842105  5.46666667 -1.65649951  0.16491228  5.2
  0.37719298  5.56666667 -1.65798759  0.17192982  5.16666667  0.38596491
  5.66666667 -0.79397547]",3411.541223049164
0.201976,[0.3682461],"[ 0.15438596  5.3         0.36842105  5.46666667 -1.65649951  0.16491228
  5.2         0.37719298  5.56666667 -1.65798759  0.17192982  5.16666667
  0.38596491  5.66666667 -0.79397547  0.17894737  5.16666667  0.39298246
  5.7        -0.63175392]",3411.6148130893707
0.20453200000000002,[0.4118035],"[ 0.16491228  5.2         0.37719298  5.56666667 -1.65798759  0.17192982
  5.16666667  0.38596491  5.66666667 -0.79397547  0.17894737  5.16666667
  0.39298246  5.7        -0.63175392  0.18596491  5.33333333  0.40175439
  5.5        -0.58819652]",3411.694792509079
0.20961999999999997,[0.6590797],"[ 0.17192982  5.16666667  0.38596491  5.66666667 -0.79397547  0.17894737
  5.16666667  0.39298246  5.7        -0.63175392  0.18596491  5.33333333
  0.40175439  5.5        -0.58819652  0.19298246  5.46666667  0.40701754
  5.33333333 -0.34092033]",3411.779459953308
0.20960399999999996,[-0.7137077],"[ 0.17894737  5.16666667  0.39298246  5.7        -0.63175392  0.18596491
  5.33333333  0.40175439  5.5        -0.58819652  0.19298246  5.46666667
  0.40701754  5.33333333 -0.34092033  0.19824561  5.53333333  0.41052632
  5.2        -1.71370769]",3411.8610982894897
0.20450799999999997,[-0.82763624],"[ 0.18596491  5.33333333  0.40175439  5.5        -0.58819652  0.19298246
  5.46666667  0.40701754  5.33333333 -0.34092033  0.19824561  5.53333333
  0.41052632  5.2        -1.71370769  0.20175439  5.53333333  0.41403509
  5.1        -1.82763624]",3411.9414386749268
0.20197200000000004,[0.7002226],"[ 0.19298246  5.46666667  0.40701754  5.33333333 -0.34092033  0.19824561
  5.53333333  0.41052632  5.2        -1.71370769  0.20175439  5.53333333
  0.41403509  5.1        -1.82763624  0.20701754  5.3         0.42105263
  5.33333333 -0.29977739]",3412.0212841033936
0.20455199999999998,[-0.11960819],"[ 0.19824561  5.53333333  0.41052632  5.2        -1.71370769  0.20175439
  5.53333333  0.41403509  5.1        -1.82763624  0.20701754  5.3
  0.42105263  5.33333333 -0.29977739  0.21403509  5.13333333  0.42807018
  5.56666667 -1.11960816]",3412.1012840270996
0.20708,[-0.70856583],"[ 0.20175439  5.53333333  0.41403509  5.1        -1.82763624  0.20701754
  5.3         0.42105263  5.33333333 -0.29977739  0.21403509  5.13333333
  0.42807018  5.56666667 -1.11960816  0.22280702  5.33333333  0.43684211
  5.46666667 -1.70856583]",3412.1813831329346
0.21218399999999998,[-0.19829838],"[ 0.20701754  5.3         0.42105263  5.33333333 -0.29977739  0.21403509
  5.13333333  0.42807018  5.56666667 -1.11960816  0.22280702  5.33333333
  0.43684211  5.46666667 -1.70856583  0.23333333  5.36666667  0.44736842
  5.5        -1.19829834]",3412.261430978775
0.21985199999999994,[-0.83808094],"[ 0.21403509  5.13333333  0.42807018  5.56666667 -1.11960816  0.22280702
  5.33333333  0.43684211  5.46666667 -1.70856583  0.23333333  5.36666667
  0.44736842  5.5        -1.19829834  0.24385965  5.2         0.45789474
  5.7        -1.83808088]",3412.3412754535675
0.22496799999999997,[0.8747879],"[ 0.22280702  5.33333333  0.43684211  5.46666667 -1.70856583  0.23333333
  5.36666667  0.44736842  5.5        -1.19829834  0.24385965  5.2
  0.45789474  5.7        -1.83808088  0.25438596  5.23333333  0.46842105
  5.7        -0.12521207]",3412.4217965602875
0.230112,[-0.7243202],"[ 0.23333333  5.36666667  0.44736842  5.5        -1.19829834  0.24385965
  5.2         0.45789474  5.7        -1.83808088  0.25438596  5.23333333
  0.46842105  5.7        -0.12521207  0.26491228  5.1         0.47719298
  5.8        -1.72432017]",3412.501399040222
0.23774800000000001,[-0.16934444],"[ 0.24385965  5.2         0.45789474  5.7        -1.83808088  0.25438596
  5.23333333  0.46842105  5.7        -0.12521207  0.26491228  5.1
  0.47719298  5.8        -1.72432017  0.27192982  5.23333333  0.48596491
  5.73333333 -1.16934443]",3412.5813207626343
0.24542800000000004,[-0.85717523],"[ 0.25438596  5.23333333  0.46842105  5.7        -0.12521207  0.26491228
  5.1         0.47719298  5.8        -1.72432017  0.27192982  5.23333333
  0.48596491  5.73333333 -1.16934443  0.27894737  5.23333333  0.49122807
  5.76666667 -1.85717523]",3412.661388158798
0.24799999999999994,[-0.00183531],"[ 0.26491228  5.1         0.47719298  5.8        -1.72432017  0.27192982
  5.23333333  0.48596491  5.73333333 -1.16934443  0.27894737  5.23333333
  0.49122807  5.76666667 -1.85717523  0.28596491  5.2         0.49824561
  5.9        -1.00183535]",3412.7412157058716
0.21728399999999998,[0.48473135],"[ 0.27192982  5.23333333  0.48596491  5.73333333 -1.16934443  0.27894737
  5.23333333  0.49122807  5.76666667 -1.85717523  0.28596491  5.2
  0.49824561  5.9        -1.00183535  0.29473684  5.1         0.50350877
  6.06666667 -0.51526868]",3412.8212926387787
0.22494400000000003,[-0.10956253],"[ 0.27894737  5.23333333  0.49122807  5.76666667 -1.85717523  0.28596491
  5.2         0.49824561  5.9        -1.00183535  0.29473684  5.1
  0.50350877  6.06666667 -0.51526868  0.30350877  5.23333333  0.51403509
  5.93333333 -1.10956252]",3412.9013316631317
0.22746,[-0.8489817],"[ 0.28596491  5.2         0.49824561  5.9        -1.00183535  0.29473684
  5.1         0.50350877  6.06666667 -0.51526868  0.30350877  5.23333333
  0.51403509  5.93333333 -1.10956252  0.31052632  5.5         0.5245614
  5.7        -1.84898162]",3412.9815142154694
0.22490000000000002,[0.92220825],"[ 0.29473684  5.1         0.50350877  6.06666667 -0.51526868  0.30350877
  5.23333333  0.51403509  5.93333333 -1.10956252  0.31052632  5.5
  0.5245614   5.7        -1.84898162  0.31929825  5.43333333  0.53157895
  5.83333333 -0.07779175]",3413.0615017414093
0.227468,[0.13735741],"[ 0.30350877  5.23333333  0.51403509  5.93333333 -1.10956252  0.31052632
  5.5         0.5245614   5.7        -1.84898162  0.31929825  5.43333333
  0.53157895  5.83333333 -0.07779175  0.32807018  5.3         0.53859649
  6.1        -0.86264259]",3413.1412653923035
0.23255999999999996,[0.2572169],"[ 0.31052632  5.5         0.5245614   5.7        -1.84898162  0.31929825
  5.43333333  0.53157895  5.83333333 -0.07779175  0.32807018  5.3
  0.53859649  6.1        -0.86264259  0.33859649  5.46666667  0.55087719
  6.06666667 -0.74278307]",3413.221352815628
0.237668,[-0.34474778],"[ 0.31929825  5.43333333  0.53157895  5.83333333 -0.07779175  0.32807018
  5.3         0.53859649  6.1        -0.86264259  0.33859649  5.46666667
  0.55087719  6.06666667 -0.74278307  0.34912281  5.66666667  0.56315789
  5.93333333 -1.34474778]",3413.3014307022095
0.24534799999999998,[-0.11729291],"[ 0.32807018  5.3         0.53859649  6.1        -0.86264259  0.33859649
  5.46666667  0.55087719  6.06666667 -0.74278307  0.34912281  5.66666667
  0.56315789  5.93333333 -1.34474778  0.36140351  5.7         0.57368421
  5.9        -1.11729288]",3413.3813605308533
0.250472,[0.19511078],"[ 0.33859649  5.46666667  0.55087719  6.06666667 -0.74278307  0.34912281
  5.66666667  0.56315789  5.93333333 -1.34474778  0.36140351  5.7
  0.57368421  5.9        -1.11729288  0.37017544  5.66666667  0.58421053
  6.03333333 -0.8048892 ]",3413.4613258838654
0.25812799999999997,[0.15740518],"[ 0.34912281  5.66666667  0.56315789  5.93333333 -1.34474778  0.36140351
  5.7         0.57368421  5.9        -1.11729288  0.37017544  5.66666667
  0.58421053  6.03333333 -0.8048892   0.37894737  5.76666667  0.59298246
  6.         -0.8425948 ]",3413.5413296222687
0.263204,[-0.7604532],"[ 0.36140351  5.7         0.57368421  5.9        -1.11729288  0.37017544
  5.66666667  0.58421053  6.03333333 -0.8048892   0.37894737  5.76666667
  0.59298246  6.         -0.8425948   0.3877193   5.83333333  0.60175439
  5.9        -1.76045322]",3413.621567964554
0.26574000000000003,[-0.2775526],"[ 0.37017544  5.66666667  0.58421053  6.03333333 -0.8048892   0.37894737
  5.76666667  0.59298246  6.         -0.8425948   0.3877193   5.83333333
  0.60175439  5.9        -1.76045322  0.39649123  5.83333333  0.61052632
  5.86666667 -1.2775526 ]",3413.701369047165
0.2632200000000001,[-0.6245761],"[ 0.37894737  5.76666667  0.59298246  6.         -0.8425948   0.3877193
  5.83333333  0.60175439  5.9        -1.76045322  0.39649123  5.83333333
  0.61052632  5.86666667 -1.2775526   0.40350877  5.73333333  0.61578947
  6.06666667 -1.62457609]",3413.781628370285
0.255556,[-0.96098465],"[ 0.3877193   5.83333333  0.60175439  5.9        -1.76045322  0.39649123
  5.83333333  0.61052632  5.86666667 -1.2775526   0.40350877  5.73333333
  0.61578947  6.06666667 -1.62457609  0.40877193  5.73333333  0.62105263
  6.16666667 -1.96098471]",3413.861355304718
0.252992,[-0.82238585],"[ 0.39649123  5.83333333  0.61052632  5.86666667 -1.2775526   0.40350877
  5.73333333  0.61578947  6.06666667 -1.62457609  0.40877193  5.73333333
  0.62105263  6.16666667 -1.96098471  0.41754386  5.63333333  0.62807018
  6.26666667 -1.82238579]",3413.9413895606995
0.250444,[-0.64733505],"[ 0.40350877  5.73333333  0.61578947  6.06666667 -1.62457609  0.40877193
  5.73333333  0.62105263  6.16666667 -1.96098471  0.41754386  5.63333333
  0.62807018  6.26666667 -1.82238579  0.42631579  5.6         0.63508772
  6.43333333 -1.64733505]",3414.042462825775
0.24531599999999995,[-0.57934254],"[ 0.40877193  5.73333333  0.62105263  6.16666667 -1.96098471  0.41754386
  5.63333333  0.62807018  6.26666667 -1.82238579  0.42631579  5.6
  0.63508772  6.43333333 -1.64733505  0.43333333  5.6         0.64210526
  6.5        -1.5793426 ]",3414.101369380951
0.245336,[-0.61841094],"[ 0.41754386  5.63333333  0.62807018  6.26666667 -1.82238579  0.42631579
  5.6         0.63508772  6.43333333 -1.64733505  0.43333333  5.6
  0.64210526  6.5        -1.5793426   0.44035088  5.56666667  0.64736842
  6.6        -1.61841094]",3414.181560277939
0.24277600000000002,[-0.0392643],"[ 0.42631579  5.6         0.63508772  6.43333333 -1.64733505  0.43333333
  5.6         0.64210526  6.5        -1.5793426   0.44035088  5.56666667
  0.64736842  6.6        -1.61841094  0.44561404  5.6         0.65263158
  6.63333333 -1.03926432]",3414.2613809108734
0.2402120000000001,[0.16422556],"[ 0.43333333  5.6         0.64210526  6.5        -1.5793426   0.44035088
  5.56666667  0.64736842  6.6        -1.61841094  0.44561404  5.6
  0.65263158  6.63333333 -1.03926432  0.45087719  5.63333333  0.65614035
  6.7        -0.83577442]",3414.341421842575
0.22996000000000003,[-0.6213763],"[ 0.44035088  5.56666667  0.64736842  6.6        -1.61841094  0.44561404
  5.6         0.65263158  6.63333333 -1.03926432  0.45087719  5.63333333
  0.65614035  6.7        -0.83577442  0.45263158  5.76666667  0.65964912
  6.6        -1.62137628]",3414.4377534389496
0.22229599999999997,[0.15690883],"[ 0.44561404  5.6         0.65263158  6.63333333 -1.03926432  0.45087719
  5.63333333  0.65614035  6.7        -0.83577442  0.45263158  5.76666667
  0.65964912  6.6        -1.62137628  0.45614035  5.86666667  0.66491228
  6.53333333 -0.84309119]",3414.4987766742706
0.21465199999999998,[-0.932141],"[ 0.45087719  5.63333333  0.65614035  6.7        -0.83577442  0.45263158
  5.76666667  0.65964912  6.6        -1.62137628  0.45614035  5.86666667
  0.66491228  6.53333333 -0.84309119  0.45789474  5.93333333  0.66842105
  6.56666667 -1.93214107]",3414.575576543808
0.20696799999999999,[-0.90914196],"[ 0.45263158  5.76666667  0.65964912  6.6        -1.62137628  0.45614035
  5.86666667  0.66491228  6.53333333 -0.84309119  0.45789474  5.93333333
  0.66842105  6.56666667 -1.93214107  0.46140351  6.          0.67192982
  6.56666667 -1.90914202]",3414.661519765854
0.20184800000000003,[0.01379755],"[ 0.45614035  5.86666667  0.66491228  6.53333333 -0.84309119  0.45789474
  5.93333333  0.66842105  6.56666667 -1.93214107  0.46140351  6.
  0.67192982  6.56666667 -1.90914202  0.46666667  5.93333333  0.6754386
  6.73333333 -0.98620248]",3414.741463661194
0.19421600000000006,[-0.3218945],"[ 0.45789474  5.93333333  0.66842105  6.56666667 -1.93214107  0.46140351
  6.          0.67192982  6.56666667 -1.90914202  0.46666667  5.93333333
  0.6754386   6.73333333 -0.98620248  0.47192982  5.8         0.6754386
  7.         -1.32189453]",3414.821452856064
0.18144000000000005,[0.7830257],"[ 0.46140351  6.          0.67192982  6.56666667 -1.90914202  0.46666667
  5.93333333  0.6754386   6.73333333 -0.98620248  0.47192982  5.8
  0.6754386   7.         -1.32189453  0.47368421  5.96666667  0.68070175
  7.         -0.21697432]",3414.9015889167786
0.17120400000000002,[0.7214086],"[ 0.46666667  5.93333333  0.6754386   6.73333333 -0.98620248  0.47192982
  5.8         0.6754386   7.         -1.32189453  0.47368421  5.96666667
  0.68070175  7.         -0.21697432  0.47894737  6.1         0.68421053
  6.96666667 -0.27859139]",3414.9817159175873
0.16350399999999998,[0.01569658],"[ 0.47192982  5.8         0.6754386   7.         -1.32189453  0.47368421
  5.96666667  0.68070175  7.         -0.21697432  0.47894737  6.1
  0.68421053  6.96666667 -0.27859139  0.48245614  6.33333333  0.69298246
  6.76666667 -0.98430341]",3415.061562538147
0.15838799999999997,[-0.910477],"[ 0.47368421  5.96666667  0.68070175  7.         -0.21697432  0.47894737
  6.1         0.68421053  6.96666667 -0.27859139  0.48245614  6.33333333
  0.69298246  6.76666667 -0.98430341  0.4877193   6.46666667  0.7
  6.63333333 -1.91047692]",3415.141355276108
0.155856,[-0.19851792],"[ 0.47894737  6.1         0.68421053  6.96666667 -0.27859139  0.48245614
  6.33333333  0.69298246  6.76666667 -0.98430341  0.4877193   6.46666667
  0.7         6.63333333 -1.91047692  0.49473684  6.33333333  0.70526316
  6.73333333 -1.19851792]",3415.2208001613617
0.15076,[-0.6497414],"[ 0.48245614  6.33333333  0.69298246  6.76666667 -0.98430341  0.4877193
  6.46666667  0.7         6.63333333 -1.91047692  0.49473684  6.33333333
  0.70526316  6.73333333 -1.19851792  0.5         6.2         0.70701754
  6.96666667 -1.64974141]",3415.301463842392
0.14817999999999998,[0.28641942],"[ 0.4877193   6.46666667  0.7         6.63333333 -1.91047692  0.49473684
  6.33333333  0.70526316  6.73333333 -1.19851792  0.5         6.2
  0.70701754  6.96666667 -1.64974141  0.50526316  6.3         0.71403509
  7.06666667 -0.71358061]",3415.3809320926666
0.15328799999999998,[-0.69588184],"[ 0.49473684  6.33333333  0.70526316  6.73333333 -1.19851792  0.5
  6.2         0.70701754  6.96666667 -1.64974141  0.50526316  6.3
  0.71403509  7.06666667 -0.71358061  0.51403509  6.33333333  0.72280702
  7.16666667 -1.69588184]",3415.454670190811
0.15581600000000007,[-0.9095458],"[ 0.5         6.2         0.70701754  6.96666667 -1.64974141  0.50526316
  6.3         0.71403509  7.06666667 -0.71358061  0.51403509  6.33333333
  0.72280702  7.16666667 -1.69588184  0.5245614   6.46666667  0.73333333
  7.16666667 -1.90954578]",3415.540686607361
0.15838399999999997,[0.15868948],"[ 0.50526316  6.3         0.71403509  7.06666667 -0.71358061  0.51403509
  6.33333333  0.72280702  7.16666667 -1.69588184  0.5245614   6.46666667
  0.73333333  7.16666667 -1.90954578  0.53508772  6.33333333  0.74035088
  7.3        -0.8413105 ]",3415.621586084366
0.163512,[-0.56707007],"[ 0.51403509  6.33333333  0.72280702  7.16666667 -1.69588184  0.5245614
  6.46666667  0.73333333  7.16666667 -1.90954578  0.53508772  6.33333333
  0.74035088  7.3        -0.8413105   0.54561404  6.2         0.74561404
  7.5        -1.56707001]",3415.701352596283
0.15582399999999996,[0.01182587],"[ 0.5245614   6.46666667  0.73333333  7.16666667 -1.90954578  0.53508772
  6.33333333  0.74035088  7.3        -0.8413105   0.54561404  6.2
  0.74561404  7.5        -1.56707001  0.54736842  6.33333333  0.75087719
  7.5        -0.98817414]",3415.782374382019
0.15581599999999995,[0.1888487],"[ 0.53508772  6.33333333  0.74035088  7.3        -0.8413105   0.54561404
  6.2         0.74561404  7.5        -1.56707001  0.54736842  6.33333333
  0.75087719  7.5        -0.98817414  0.55263158  6.43333333  0.75614035
  7.63333333 -0.81115127]",3415.8616337776184
0.16090799999999994,[-0.342509],"[ 0.54561404  6.2         0.74561404  7.5        -1.56707001  0.54736842
  6.33333333  0.75087719  7.5        -0.98817414  0.55263158  6.43333333
  0.75614035  7.63333333 -0.81115127  0.56140351  6.63333333  0.76491228
  7.7        -1.34250903]",3415.9416387081146
0.17113999999999996,[-0.00281151],"[ 0.54736842  6.33333333  0.75087719  7.5        -0.98817414  0.55263158
  6.43333333  0.75614035  7.63333333 -0.81115127  0.56140351  6.63333333
  0.76491228  7.7        -1.34250903  0.57017544  6.7         0.7754386
  7.7        -1.00281155]",3416.021439552307
0.181384,[-0.23102137],"[ 0.55263158  6.43333333  0.75614035  7.63333333 -0.81115127  0.56140351
  6.63333333  0.76491228  7.7        -1.34250903  0.57017544  6.7
  0.7754386   7.7        -1.00281155  0.58070175  6.63333333  0.78421053
  7.8        -1.2310214 ]",3416.101445913315
0.186492,[-0.77574545],"[ 0.56140351  6.63333333  0.76491228  7.7        -1.34250903  0.57017544
  6.7         0.7754386   7.7        -1.00281155  0.58070175  6.63333333
  0.78421053  7.8        -1.2310214   0.58596491  6.73333333  0.78947368
  7.86666667 -1.77574539]",3416.1817915439606
0.186496,[0.5636123],"[ 0.57017544  6.7         0.7754386   7.7        -1.00281155  0.58070175
  6.63333333  0.78421053  7.8        -1.2310214   0.58596491  6.73333333
  0.78947368  7.86666667 -1.77574539  0.58947368  6.76666667  0.79298246
  7.93333333 -0.43638772]",3416.261707544327
0.18394,[-0.61400914],"[ 0.58070175  6.63333333  0.78421053  7.8        -1.2310214   0.58596491
  6.73333333  0.78947368  7.86666667 -1.77574539  0.58947368  6.76666667
  0.79298246  7.93333333 -0.43638772  0.59298246  6.7         0.79649123
  7.9        -1.61400914]",3416.3417553901672
0.18390799999999996,[-0.86049896],"[ 0.58596491  6.73333333  0.78947368  7.86666667 -1.77574539  0.58947368
  6.76666667  0.79298246  7.93333333 -0.43638772  0.59298246  6.7
  0.79649123  7.9        -1.61400914  0.59824561  6.83333333  0.80526316
  7.7        -1.86049891]",3416.421780347824
0.189052,[-0.840847],"[ 0.58947368  6.76666667  0.79298246  7.93333333 -0.43638772  0.59298246
  6.7         0.79649123  7.9        -1.61400914  0.59824561  6.83333333
  0.80526316  7.7        -1.86049891  0.60350877  6.73333333  0.81052632
  7.66666667 -1.84084702]",3416.501551389694
0.19164400000000004,[-0.95595443],"[ 0.59298246  6.7         0.79649123  7.9        -1.61400914  0.59824561
  6.83333333  0.80526316  7.7        -1.86049891  0.60350877  6.73333333
  0.81052632  7.66666667 -1.84084702  0.61052632  6.56666667  0.8122807
  7.76666667 -1.95595443]",3416.5817143917084
0.19167600000000007,[-0.6430046],"[ 0.59824561  6.83333333  0.80526316  7.7        -1.86049891  0.60350877
  6.73333333  0.81052632  7.66666667 -1.84084702  0.61052632  6.56666667
  0.8122807   7.76666667 -1.95595443  0.61403509  6.53333333  0.81578947
  7.76666667 -1.64300466]",3416.661784887314
0.19169199999999997,[0.7757113],"[ 0.60350877  6.73333333  0.81052632  7.66666667 -1.84084702  0.61052632
  6.56666667  0.8122807   7.76666667 -1.95595443  0.61403509  6.53333333
  0.81578947  7.76666667 -1.64300466  0.61929825  6.53333333  0.81929825
  7.8        -0.2242887 ]",3416.7417085170746
0.18655199999999994,[-0.0528803],"[ 0.61052632  6.56666667  0.8122807   7.76666667 -1.95595443  0.61403509
  6.53333333  0.81578947  7.76666667 -1.64300466  0.61929825  6.53333333
  0.81929825  7.8        -0.2242887   0.62280702  6.63333333  0.82631579
  7.76666667 -1.05288029]",3416.825859069824
0.18396,[-0.9661891],"[ 0.61403509  6.53333333  0.81578947  7.76666667 -1.64300466  0.61929825
  6.53333333  0.81929825  7.8        -0.2242887   0.62280702  6.63333333
  0.82631579  7.76666667 -1.05288029  0.62631579  6.8         0.83508772
  7.53333333 -1.96618915]",3416.9054164886475
0.18142000000000003,[-0.44793585],"[ 0.61929825  6.53333333  0.81929825  7.8        -0.2242887   0.62280702
  6.63333333  0.82631579  7.76666667 -1.05288029  0.62631579  6.8
  0.83508772  7.53333333 -1.96618915  0.62982456  6.76666667  0.83859649
  7.53333333 -1.44793582]",3416.9855830669403
0.17633999999999994,[0.77613056],"[ 0.62280702  6.63333333  0.82631579  7.76666667 -1.05288029  0.62631579
  6.8         0.83508772  7.53333333 -1.96618915  0.62982456  6.76666667
  0.83859649  7.53333333 -1.44793582  0.63508772  6.53333333  0.83684211
  7.73333333 -0.22386944]",3417.0654413700104
0.16101199999999993,[0.6834978],"[ 0.62631579  6.8         0.83508772  7.53333333 -1.96618915  0.62982456
  6.76666667  0.83859649  7.53333333 -1.44793582  0.63508772  6.53333333
  0.83684211  7.73333333 -0.22386944  0.63508772  6.6         0.84035088
  7.66666667 -0.31650221]",3417.1454045772552
0.1507400000000001,[-0.7493845],"[ 0.62982456  6.76666667  0.83859649  7.53333333 -1.44793582  0.63508772
  6.53333333  0.83684211  7.73333333 -0.22386944  0.63508772  6.6
  0.84035088  7.66666667 -0.31650221  0.63859649  6.86666667  0.84912281
  7.36666667 -1.74938452]",3417.225613117218
0.14815200000000006,[0.30603427],"[ 0.63508772  6.53333333  0.83684211  7.73333333 -0.22386944  0.63508772
  6.6         0.84035088  7.66666667 -0.31650221  0.63859649  6.86666667
  0.84912281  7.36666667 -1.74938452  0.64736842  7.          0.85789474
  7.23333333 -0.69396573]",3417.305494785309
0.160964,[-0.9494134],"[ 0.63508772  6.6         0.84035088  7.66666667 -0.31650221  0.63859649
  6.86666667  0.84912281  7.36666667 -1.74938452  0.64736842  7.
  0.85789474  7.23333333 -0.69396573  0.65789474  6.86666667  0.86666667
  7.26666667 -1.94941342]",3417.3854172229767
0.163524,[-0.97857857],"[ 0.63859649  6.86666667  0.84912281  7.36666667 -1.74938452  0.64736842
  7.          0.85789474  7.23333333 -0.69396573  0.65789474  6.86666667
  0.86666667  7.26666667 -1.94941342  0.66491228  6.93333333  0.8754386
  7.2        -1.97857857]",3417.465588569641
0.15845200000000004,[0.42843387],"[ 0.64736842  7.          0.85789474  7.23333333 -0.69396573  0.65789474
  6.86666667  0.86666667  7.26666667 -1.94941342  0.66491228  6.93333333
  0.8754386   7.2        -1.97857857  0.67017544  6.8         0.87894737
  7.36666667 -0.5715661 ]",3417.545354127884
0.15847200000000006,[-0.84225416],"[ 0.65789474  6.86666667  0.86666667  7.26666667 -1.94941342  0.66491228
  6.93333333  0.8754386   7.2        -1.97857857  0.67017544  6.8
  0.87894737  7.36666667 -0.5715661   0.67894737  6.7         0.88421053
  7.7        -1.84225416]",3417.6257576942444
0.15589199999999992,[0.18949991],"[ 0.66491228  6.93333333  0.8754386   7.2        -1.97857857  0.67017544
  6.8         0.87894737  7.36666667 -0.5715661   0.67894737  6.7
  0.88421053  7.7        -1.84225416  0.6877193   6.83333333  0.89298246
  7.7        -0.81050009]",3417.7054369449615
0.16101599999999994,[-0.17130424],"[ 0.67017544  6.8         0.87894737  7.36666667 -0.5715661   0.67894737
  6.7         0.88421053  7.7        -1.84225416  0.6877193   6.83333333
  0.89298246  7.7        -0.81050009  0.69649123  6.83333333  0.90175439
  7.76666667 -1.17130423]",3417.7854013442993
0.16612000000000005,[-0.47573543],"[ 0.67894737  6.7         0.88421053  7.7        -1.84225416  0.6877193
  6.83333333  0.89298246  7.7        -0.81050009  0.69649123  6.83333333
  0.90175439  7.76666667 -1.17130423  0.70350877  6.93333333  0.91052632
  7.76666667 -1.47573543]",3417.865564584732
0.17377599999999993,[0.30417496],"[ 0.6877193   6.83333333  0.89298246  7.7        -0.81050009  0.69649123
  6.83333333  0.90175439  7.76666667 -1.17130423  0.70350877  6.93333333
  0.91052632  7.76666667 -1.47573543  0.7122807   6.96666667  0.91754386
  7.83333333 -0.69582504]",3417.9454679489136
0.17379600000000006,[0.1795001],"[ 0.69649123  6.83333333  0.90175439  7.76666667 -1.17130423  0.70350877
  6.93333333  0.91052632  7.76666667 -1.47573543  0.7122807   6.96666667
  0.91754386  7.83333333 -0.69582504  0.71754386  6.93333333  0.92280702
  7.86666667 -0.8204999 ]",3418.025468111038
0.17376399999999992,[-0.2976288],"[ 0.70350877  6.93333333  0.91052632  7.76666667 -1.47573543  0.7122807
  6.96666667  0.91754386  7.83333333 -0.69582504  0.71754386  6.93333333
  0.92280702  7.86666667 -0.8204999   0.72280702  7.1         0.93157895
  7.63333333 -1.29762876]",3418.105339050293
0.171184,[-0.16058214],"[ 0.7122807   6.96666667  0.91754386  7.83333333 -0.69582504  0.71754386
  6.93333333  0.92280702  7.86666667 -0.8204999   0.72280702  7.1
  0.93157895  7.63333333 -1.29762876  0.72807018  7.13333333  0.93859649
  7.56666667 -1.16058218]",3418.1811561584473
0.17630800000000002,[-0.44572467],"[ 0.71754386  6.93333333  0.92280702  7.86666667 -0.8204999   0.72280702
  7.1         0.93157895  7.63333333 -1.29762876  0.72807018  7.13333333
  0.93859649  7.56666667 -1.16058218  0.73508772  7.          0.94385965
  7.63333333 -1.44572473]",3418.2595376968384
0.17886400000000013,[-0.40273592],"[ 0.72280702  7.1         0.93157895  7.63333333 -1.29762876  0.72807018
  7.13333333  0.93859649  7.56666667 -1.16058218  0.73508772  7.
  0.94385965  7.63333333 -1.44572473  0.74210526  7.          0.95087719
  7.66666667 -1.40273595]",3418.344666004181
0.18398400000000004,[-0.26602745],"[ 0.72807018  7.13333333  0.93859649  7.56666667 -1.16058218  0.73508772
  7.          0.94385965  7.63333333 -1.44572473  0.74210526  7.
  0.95087719  7.66666667 -1.40273595  0.74912281  7.03333333  0.95614035
  7.73333333 -1.26602745]",3418.4254529476166
0.18399200000000004,[-0.5298373],"[ 0.73508772  7.          0.94385965  7.63333333 -1.44572473  0.74210526
  7.          0.95087719  7.66666667 -1.40273595  0.74912281  7.03333333
  0.95614035  7.73333333 -1.26602745  0.75263158  7.13333333  0.96140351
  7.76666667 -1.52983737]",3418.505222797394
0.18653999999999993,[0.94644976],"[ 0.74210526  7.          0.95087719  7.66666667 -1.40273595  0.74912281
  7.03333333  0.95614035  7.73333333 -1.26602745  0.75263158  7.13333333
  0.96140351  7.76666667 -1.52983737  0.75789474  7.16666667  0.96491228
  7.83333333 -0.05355024]",3418.5856466293335
0.183956,[-0.83679354],"[ 0.74912281  7.03333333  0.95614035  7.73333333 -1.26602745  0.75263158
  7.13333333  0.96140351  7.76666667 -1.52983737  0.75789474  7.16666667
  0.96491228  7.83333333 -0.05355024  0.76140351  7.16666667  0.96842105
  7.83333333 -1.83679354]",3418.664871454239
0.1864920000000001,[0.01591267],"[ 0.75263158  7.13333333  0.96140351  7.76666667 -1.52983737  0.75789474
  7.16666667  0.96491228  7.83333333 -0.05355024  0.76140351  7.16666667
  0.96842105  7.83333333 -1.83679354  0.76315789  7.4         0.97368421
  7.7        -0.98408735]",3418.7456097602844
0.18652799999999992,[-0.75569606],"[ 0.75789474  7.16666667  0.96491228  7.83333333 -0.05355024  0.76140351
  7.16666667  0.96842105  7.83333333 -1.83679354  0.76315789  7.4
  0.97368421  7.7        -0.98408735  0.76666667  7.36666667  0.97719298
  7.73333333 -1.75569606]",3418.825450897217
0.17888800000000005,[-0.6420399],"[ 0.76140351  7.16666667  0.96842105  7.83333333 -1.83679354  0.76315789
  7.4         0.97368421  7.7        -0.98408735  0.76666667  7.36666667
  0.97719298  7.73333333 -1.75569606  0.77017544  7.26666667  0.98070175
  7.73333333 -1.6420399 ]",3418.905282020569
0.17122799999999994,[0.23578809],"[ 0.76315789  7.4         0.97368421  7.7        -0.98408735  0.76666667
  7.36666667  0.97719298  7.73333333 -1.75569606  0.77017544  7.26666667
  0.98070175  7.73333333 -1.6420399   0.7754386   7.06666667  0.98421053
  7.83333333 -0.76421189]",3418.9854328632355
0.16867600000000005,[0.06150512],"[ 0.76666667  7.36666667  0.97719298  7.73333333 -1.75569606  0.77017544
  7.26666667  0.98070175  7.73333333 -1.6420399   0.7754386   7.06666667
  0.98421053  7.83333333 -0.76421189  0.78070175  7.1         0.98947368
  7.86666667 -0.93849486]",3419.0670807361603
0.1711879999999999,[-0.7453625],"[ 0.77017544  7.26666667  0.98070175  7.73333333 -1.6420399   0.7754386
  7.06666667  0.98421053  7.83333333 -0.76421189  0.78070175  7.1
  0.98947368  7.86666667 -0.93849486  0.7877193   7.33333333  0.99649123
  7.73333333 -1.74536252]",3419.1456685066223
0.1686279999999999,[0.7992267],"[ 0.7754386   7.06666667  0.98421053  7.83333333 -0.76421189  0.78070175
  7.1         0.98947368  7.86666667 -0.93849486  0.7877193   7.33333333
  0.99649123  7.73333333 -1.74536252  0.79473684  7.26666667  1.00350877
  7.7        -0.2007733 ]",3419.22247505188
0.16610800000000014,[0.2178668],"[ 0.78070175  7.1         0.98947368  7.86666667 -0.93849486  0.7877193
  7.33333333  0.99649123  7.73333333 -1.74536252  0.79473684  7.26666667
  1.00350877  7.7        -0.2007733   0.80175439  7.1         1.00877193
  7.8        -0.78213322]",3419.298774957657
0.1558600000000001,[-0.42555344],"[ 0.7877193   7.33333333  0.99649123  7.73333333 -1.74536252  0.79473684
  7.26666667  1.00350877  7.7        -0.2007733   0.80175439  7.1
  1.00877193  7.8        -0.78213322  0.80350877  7.3         1.01403509
  7.7        -1.42555344]",3419.386547088623
