reward,action,obs,time
,,"[0.         0.         0.         0.         0.         0.
 0.         0.         0.         0.         0.         0.
 0.         0.         0.         0.03157895 5.83333333 0.24385965
 5.3        0.        ]",3662.951767206192
0.005088000000000002,[0.70375824],"[ 0.          0.          0.          0.          0.          0.
  0.          0.          0.          0.          0.03157895  5.83333333
  0.24385965  5.3         0.          0.03508772  6.03333333  0.24385965
  5.2        -0.29624176]",3663.0428392887115
1.6000000000002124e-05,[0.51158214],"[ 0.          0.          0.          0.          0.          0.03157895
  5.83333333  0.24385965  5.3         0.          0.03508772  6.03333333
  0.24385965  5.2        -0.29624176  0.03157895  5.7         0.24385965
  5.36666667 -0.48841786]",3663.098482608795
8.000000000001062e-06,[0.15909249],"[ 0.03157895  5.83333333  0.24385965  5.3         0.          0.03508772
  6.03333333  0.24385965  5.2        -0.29624176  0.03157895  5.7
  0.24385965  5.36666667 -0.48841786  0.03157895  5.76666667  0.24561404
  5.33333333 -0.84090751]",3663.1428344249725
8.000000000001062e-06,[-0.8602935],"[ 0.03508772  6.03333333  0.24385965  5.2        -0.29624176  0.03157895
  5.7         0.24385965  5.36666667 -0.48841786  0.03157895  5.76666667
  0.24561404  5.33333333 -0.84090751  0.03157895  5.76666667  0.24385965
  5.33333333 -1.86029351]",3663.1958520412445
8.000000000001062e-06,[-0.66769767],"[ 0.03157895  5.7         0.24385965  5.36666667 -0.48841786  0.03157895
  5.76666667  0.24561404  5.33333333 -0.84090751  0.03157895  5.76666667
  0.24385965  5.33333333 -1.86029351  0.03157895  5.76666667  0.24561404
  5.33333333 -1.66769767]",3663.2496757507324
0.0025480000000000017,[-0.8068288],"[ 0.03157895  5.76666667  0.24561404  5.33333333 -0.84090751  0.03157895
  5.76666667  0.24385965  5.33333333 -1.86029351  0.03157895  5.76666667
  0.24561404  5.33333333 -1.66769767  0.03333333  5.9         0.24561404
  5.23333333 -1.80682874]",3663.2994680404663
3.9999999999970615e-06,[-0.5161414],"[ 0.03157895  5.76666667  0.24385965  5.33333333 -1.86029351  0.03157895
  5.76666667  0.24561404  5.33333333 -1.66769767  0.03333333  5.9
  0.24561404  5.23333333 -1.80682874  0.03157895  5.8         0.24561404
  5.36666667 -1.51614141]",3663.350642681122
0.002599999999999998,[0.9180375],"[ 0.03157895  5.76666667  0.24561404  5.33333333 -1.66769767  0.03333333
  5.9         0.24561404  5.23333333 -1.80682874  0.03157895  5.8
  0.24561404  5.36666667 -1.51614141  0.03333333  5.46666667  0.24736842
  5.63333333 -0.08196253]",3663.3937890529633
0.007719999999999998,[-0.21488775],"[ 0.03333333  5.9         0.24561404  5.23333333 -1.80682874  0.03157895
  5.8         0.24561404  5.36666667 -1.51614141  0.03333333  5.46666667
  0.24736842  5.63333333 -0.08196253  0.03684211  5.4         0.25087719
  5.73333333 -1.21488774]",3663.465399503708
0.015371999999999997,[-0.5427157],"[ 0.03157895  5.8         0.24561404  5.36666667 -1.51614141  0.03333333
  5.46666667  0.24736842  5.63333333 -0.08196253  0.03684211  5.4
  0.25087719  5.73333333 -1.21488774  0.04210526  5.53333333  0.25614035
  5.63333333 -1.54271579]",3663.5403616428375
0.023043999999999995,[-0.7870506],"[ 0.03333333  5.46666667  0.24736842  5.63333333 -0.08196253  0.03684211
  5.4         0.25087719  5.73333333 -1.21488774  0.04210526  5.53333333
  0.25614035  5.63333333 -1.54271579  0.04736842  5.5         0.25964912
  5.7        -1.7870506 ]",3663.621532678604
0.030731999999999992,[-0.07643352],"[ 0.03684211  5.4         0.25087719  5.73333333 -1.21488774  0.04210526
  5.53333333  0.25614035  5.63333333 -1.54271579  0.04736842  5.5
  0.25964912  5.7        -1.7870506   0.05263158  5.33333333  0.26491228
  5.93333333 -1.07643354]",3663.7030391693115
0.040959999999999996,[0.6862519],"[ 0.04210526  5.53333333  0.25614035  5.63333333 -1.54271579  0.04736842
  5.5         0.25964912  5.7        -1.7870506   0.05263158  5.33333333
  0.26491228  5.93333333 -1.07643354  0.05964912  5.3         0.27017544
  6.         -0.31374812]",3663.7823853492737
0.048600000000000004,[-0.4384845],"[ 0.04736842  5.5         0.25964912  5.7        -1.7870506   0.05263158
  5.33333333  0.26491228  5.93333333 -1.07643354  0.05964912  5.3
  0.27017544  6.         -0.31374812  0.06491228  5.53333333  0.27894737
  5.8        -1.43848443]",3663.859179496765
0.05624,[0.49583784],"[ 0.05263158  5.33333333  0.26491228  5.93333333 -1.07643354  0.05964912
  5.3         0.27017544  6.         -0.31374812  0.06491228  5.53333333
  0.27894737  5.8        -1.43848443  0.07017544  5.76666667  0.28421053
  5.56666667 -0.50416219]",3663.9432241916656
0.0639,[0.22888303],"[ 0.05964912  5.3         0.27017544  6.         -0.31374812  0.06491228
  5.53333333  0.27894737  5.8        -1.43848443  0.07017544  5.76666667
  0.28421053  5.56666667 -0.50416219  0.0754386   5.83333333  0.2877193
  5.56666667 -0.77111697]",3664.0252158641815
0.069004,[-0.2778695],"[ 0.06491228  5.53333333  0.27894737  5.8        -1.43848443  0.07017544
  5.76666667  0.28421053  5.56666667 -0.50416219  0.0754386   5.83333333
  0.2877193   5.56666667 -0.77111697  0.07894737  5.9         0.29122807
  5.53333333 -1.27786946]",3664.1056101322174
0.07668,[-0.69900066],"[ 0.07017544  5.76666667  0.28421053  5.56666667 -0.50416219  0.0754386
  5.83333333  0.2877193   5.56666667 -0.77111697  0.07894737  5.9
  0.29122807  5.53333333 -1.27786946  0.08421053  5.83333333  0.29649123
  5.5        -1.6990006 ]",3664.185446023941
0.08437199999999999,[-0.5231147],"[ 0.0754386   5.83333333  0.2877193   5.56666667 -0.77111697  0.07894737
  5.9         0.29122807  5.53333333 -1.27786946  0.08421053  5.83333333
  0.29649123  5.5        -1.6990006   0.08947368  5.63333333  0.30350877
  5.63333333 -1.52311468]",3664.2653844356537
0.09460400000000001,[-0.62423337],"[ 0.07894737  5.9         0.29122807  5.53333333 -1.27786946  0.08421053
  5.83333333  0.29649123  5.5        -1.6990006   0.08947368  5.63333333
  0.30350877  5.63333333 -1.52311468  0.09649123  5.56666667  0.31052632
  5.76666667 -1.62423337]",3664.3457005023956
0.09718000000000002,[-0.85070175],"[ 0.08421053  5.83333333  0.29649123  5.5        -1.6990006   0.08947368
  5.63333333  0.30350877  5.63333333 -1.52311468  0.09649123  5.56666667
  0.31052632  5.76666667 -1.62423337  0.10175439  5.6         0.31754386
  5.83333333 -1.85070181]",3664.425444126129
0.107372,[-0.61775535],"[ 0.08947368  5.63333333  0.30350877  5.63333333 -1.52311468  0.09649123
  5.56666667  0.31052632  5.76666667 -1.62423337  0.10175439  5.6
  0.31754386  5.83333333 -1.85070181  0.10526316  5.53333333  0.32280702
  5.96666667 -1.61775541]",3664.5053255558014
0.11250000000000002,[-0.5242087],"[ 0.09649123  5.56666667  0.31052632  5.76666667 -1.62423337  0.10175439
  5.6         0.31754386  5.83333333 -1.85070181  0.10526316  5.53333333
  0.32280702  5.96666667 -1.61775541  0.10877193  5.46666667  0.32631579
  6.03333333 -1.52420878]",3664.579591989517
0.11505200000000002,[-0.84376514],"[ 0.10175439  5.6         0.31754386  5.83333333 -1.85070181  0.10526316
  5.53333333  0.32280702  5.96666667 -1.61775541  0.10877193  5.46666667
  0.32631579  6.03333333 -1.52420878  0.11052632  5.5         0.32982456
  6.         -1.84376514]",3664.6590518951416
0.11762000000000002,[0.60266256],"[ 0.10526316  5.53333333  0.32280702  5.96666667 -1.61775541  0.10877193
  5.46666667  0.32631579  6.03333333 -1.52420878  0.11052632  5.5
  0.32982456  6.         -1.84376514  0.1122807   5.4         0.33157895
  6.1        -0.39733744]",3664.7436339855194
0.117628,[-0.27516663],"[ 0.10877193  5.46666667  0.32631579  6.03333333 -1.52420878  0.11052632
  5.5         0.32982456  6.         -1.84376514  0.1122807   5.4
  0.33157895  6.1        -0.39733744  0.11403509  5.46666667  0.33333333
  6.13333333 -1.27516663]",3664.8248913288116
0.125232,[-0.83661133],"[ 0.11052632  5.5         0.32982456  6.         -1.84376514  0.1122807
  5.4         0.33157895  6.1        -0.39733744  0.11403509  5.46666667
  0.33333333  6.13333333 -1.27516663  0.11754386  5.9         0.33859649
  5.93333333 -1.83661127]",3664.8992710113525
0.12519600000000003,[-0.44504544],"[ 0.1122807   5.4         0.33157895  6.1        -0.39733744  0.11403509
  5.46666667  0.33333333  6.13333333 -1.27516663  0.11754386  5.9
  0.33859649  5.93333333 -1.83661127  0.11929825  5.86666667  0.34210526
  6.06666667 -1.44504547]",3664.98357129097
0.155912,[-0.8685643],"[ 0.11403509  5.46666667  0.33333333  6.13333333 -1.27516663  0.11754386
  5.9         0.33859649  5.93333333 -1.83661127  0.11929825  5.86666667
  0.34210526  6.06666667 -1.44504547  0.14385965  5.43333333  0.34561404
  6.23333333 -1.86856437]",3665.065230846405
0.153372,[0.4588305],"[ 0.11754386  5.9         0.33859649  5.93333333 -1.83661127  0.11929825
  5.86666667  0.34210526  6.06666667 -1.44504547  0.14385965  5.43333333
  0.34561404  6.23333333 -1.86856437  0.14736842  5.43333333  0.35263158
  6.3        -0.54116952]",3665.14541888237
0.153372,[-0.47222364],"[ 0.11929825  5.86666667  0.34210526  6.06666667 -1.44504547  0.14385965
  5.43333333  0.34561404  6.23333333 -1.86856437  0.14736842  5.43333333
  0.35263158  6.3        -0.54116952  0.15263158  5.4         0.35964912
  6.43333333 -1.47222364]",3665.225427865982
0.15588399999999997,[0.01467956],"[ 0.14385965  5.43333333  0.34561404  6.23333333 -1.86856437  0.14736842
  5.43333333  0.35263158  6.3        -0.54116952  0.15263158  5.4
  0.35964912  6.43333333 -1.47222364  0.15964912  5.6         0.37192982
  6.36666667 -0.98532045]",3665.3056259155273
0.155876,[-0.6441478],"[ 0.14736842  5.43333333  0.35263158  6.3        -0.54116952  0.15263158
  5.4         0.35964912  6.43333333 -1.47222364  0.15964912  5.6
  0.37192982  6.36666667 -0.98532045  0.16666667  5.63333333  0.37719298
  6.43333333 -1.64414787]",3665.385673522949
0.15589999999999998,[-0.95084786],"[ 0.15263158  5.4         0.35964912  6.43333333 -1.47222364  0.15964912
  5.6         0.37192982  6.36666667 -0.98532045  0.16666667  5.63333333
  0.37719298  6.43333333 -1.64414787  0.17192982  5.66666667  0.38245614
  6.46666667 -1.95084786]",3665.46560049057
0.15594800000000003,[0.34733212],"[ 0.15964912  5.6         0.37192982  6.36666667 -0.98532045  0.16666667
  5.63333333  0.37719298  6.43333333 -1.64414787  0.17192982  5.66666667
  0.38245614  6.46666667 -1.95084786  0.17719298  5.5         0.38421053
  6.66666667 -0.65266788]",3665.5454795360565
0.15596400000000005,[0.2907878],"[ 0.16666667  5.63333333  0.37719298  6.43333333 -1.64414787  0.17192982
  5.66666667  0.38245614  6.46666667 -1.95084786  0.17719298  5.5
  0.38421053  6.66666667 -0.65266788  0.18245614  5.43333333  0.38421053
  6.83333333 -0.70921218]",3665.6256415843964
0.155936,[0.85469913],"[ 0.17192982  5.66666667  0.38245614  6.46666667 -1.95084786  0.17719298
  5.5         0.38421053  6.66666667 -0.65266788  0.18245614  5.43333333
  0.38421053  6.83333333 -0.70921218  0.18596491  5.73333333  0.39298246
  6.73333333 -0.14530087]",3665.7050042152405
0.153336,[0.7434918],"[ 0.17719298  5.5         0.38421053  6.66666667 -0.65266788  0.18245614
  5.43333333  0.38421053  6.83333333 -0.70921218  0.18596491  5.73333333
  0.39298246  6.73333333 -0.14530087  0.18947368  6.03333333  0.40175439
  6.56666667 -0.25650817]",3665.7789323329926
0.155844,[-0.6625956],"[ 0.18245614  5.43333333  0.38421053  6.83333333 -0.70921218  0.18596491
  5.73333333  0.39298246  6.73333333 -0.14530087  0.18947368  6.03333333
  0.40175439  6.56666667 -0.25650817  0.19649123  6.23333333  0.4122807
  6.4        -1.66259563]",3665.8652908802032
0.155836,[0.16104032],"[ 0.18596491  5.73333333  0.39298246  6.73333333 -0.14530087  0.18947368
  6.03333333  0.40175439  6.56666667 -0.25650817  0.19649123  6.23333333
  0.4122807   6.4        -1.66259563  0.20350877  6.23333333  0.41754386
  6.36666667 -0.83895969]",3665.945865392685
0.15585199999999996,[-0.09615197],"[ 0.18947368  6.03333333  0.40175439  6.56666667 -0.25650817  0.19649123
  6.23333333  0.4122807   6.4        -1.66259563  0.20350877  6.23333333
  0.41754386  6.36666667 -0.83895969  0.20877193  6.13333333  0.42280702
  6.5        -1.09615195]",3666.0257103443146
0.15838400000000002,[0.29663154],"[ 0.19649123  6.23333333  0.4122807   6.4        -1.66259563  0.20350877
  6.23333333  0.41754386  6.36666667 -0.83895969  0.20877193  6.13333333
  0.42280702  6.5        -1.09615195  0.21403509  6.26666667  0.42982456
  6.5        -0.70336843]",3666.105588912964
0.16602399999999998,[-0.8321655],"[ 0.20350877  6.23333333  0.41754386  6.36666667 -0.83895969  0.20877193
  6.13333333  0.42280702  6.5        -1.09615195  0.21403509  6.26666667
  0.42982456  6.5        -0.70336843  0.22280702  6.43333333  0.43684211
  6.53333333 -1.83216548]",3666.1848883628845
0.17624,[-0.6433233],"[ 0.20877193  6.13333333  0.42280702  6.5        -1.09615195  0.21403509
  6.26666667  0.42982456  6.5        -0.70336843  0.22280702  6.43333333
  0.43684211  6.53333333 -1.83216548  0.23157895  6.53333333  0.44736842
  6.53333333 -1.6433233 ]",3666.265551328659
0.18647999999999998,[-0.6309378],"[ 0.21403509  6.26666667  0.42982456  6.5        -0.70336843  0.22280702
  6.43333333  0.43684211  6.53333333 -1.83216548  0.23157895  6.53333333
  0.44736842  6.53333333 -1.6433233   0.24035088  6.3         0.45438596
  6.73333333 -1.63093781]",3666.3456375598907
0.194176,[-0.4269546],"[ 0.22280702  6.43333333  0.43684211  6.53333333 -1.83216548  0.23157895
  6.53333333  0.44736842  6.53333333 -1.6433233   0.24035088  6.3
  0.45438596  6.73333333 -1.63093781  0.24736842  6.13333333  0.45789474
  6.83333333 -1.42695463]",3666.4296605587006
0.19422799999999998,[-0.9325107],"[ 0.23157895  6.53333333  0.44736842  6.53333333 -1.6433233   0.24035088
  6.3         0.45438596  6.73333333 -1.63093781  0.24736842  6.13333333
  0.45789474  6.83333333 -1.42695463  0.25087719  6.13333333  0.46140351
  6.83333333 -1.93251061]",3666.5096485614777
0.19677599999999995,[-0.1686717],"[ 0.24035088  6.3         0.45438596  6.73333333 -1.63093781  0.24736842
  6.13333333  0.45789474  6.83333333 -1.42695463  0.25087719  6.13333333
  0.46140351  6.83333333 -1.93251061  0.25438596  6.16666667  0.46491228
  7.         -1.16867173]",3666.589676141739
0.17372400000000005,[0.82498807],"[ 0.24736842  6.13333333  0.45789474  6.83333333 -1.42695463  0.25087719
  6.13333333  0.46140351  6.83333333 -1.93251061  0.25438596  6.16666667
  0.46491228  7.         -1.16867173  0.26315789  6.13333333  0.47017544
  7.2        -0.17501193]",3666.6696152687073
0.176252,[0.3687561],"[ 0.25087719  6.13333333  0.46140351  6.83333333 -1.93251061  0.25438596
  6.16666667  0.46491228  7.         -1.16867173  0.26315789  6.13333333
  0.47017544  7.2        -0.17501193  0.26842105  6.36666667  0.48070175
  7.06666667 -0.63124394]",3666.7494308948517
0.17622,[0.7414855],"[ 0.25438596  6.16666667  0.46491228  7.         -1.16867173  0.26315789
  6.13333333  0.47017544  7.2        -0.17501193  0.26842105  6.36666667
  0.48070175  7.06666667 -0.63124394  0.27368421  6.6         0.48947368
  6.73333333 -0.25851452]",3666.829525709152
0.17367200000000005,[0.31256822],"[ 0.26315789  6.13333333  0.47017544  7.2        -0.17501193  0.26842105
  6.36666667  0.48070175  7.06666667 -0.63124394  0.27368421  6.6
  0.48947368  6.73333333 -0.25851452  0.27894737  6.73333333  0.49298246
  6.6        -0.68743181]",3666.909513235092
0.17366,[-0.20495255],"[ 0.26842105  6.36666667  0.48070175  7.06666667 -0.63124394  0.27368421
  6.6         0.48947368  6.73333333 -0.25851452  0.27894737  6.73333333
  0.49298246  6.6        -0.68743181  0.28596491  6.86666667  0.49824561
  6.46666667 -1.2049526 ]",3666.9894936084747
0.17622,[-0.55067295],"[ 0.27368421  6.6         0.48947368  6.73333333 -0.25851452  0.27894737
  6.73333333  0.49298246  6.6        -0.68743181  0.28596491  6.86666667
  0.49824561  6.46666667 -1.2049526   0.29298246  6.86666667  0.50526316
  6.53333333 -1.55067301]",3667.069692134857
0.17621199999999998,[-0.6173821],"[ 0.27894737  6.73333333  0.49298246  6.6        -0.68743181  0.28596491
  6.86666667  0.49824561  6.46666667 -1.2049526   0.29298246  6.86666667
  0.50526316  6.53333333 -1.55067301  0.29824561  6.76666667  0.5122807
  6.7        -1.61738205]",3667.1493792533875
0.178772,[0.03829239],"[ 0.28596491  6.86666667  0.49824561  6.46666667 -1.2049526   0.29298246
  6.86666667  0.50526316  6.53333333 -1.55067301  0.29824561  6.76666667
  0.5122807   6.7        -1.61738205  0.30526316  6.66666667  0.51754386
  6.83333333 -0.96170759]",3667.2296895980835
0.18391200000000002,[0.9279882],"[ 0.29298246  6.86666667  0.50526316  6.53333333 -1.55067301  0.29824561
  6.76666667  0.5122807   6.7        -1.61738205  0.30526316  6.66666667
  0.51754386  6.83333333 -0.96170759  0.3122807   6.73333333  0.52807018
  6.8        -0.07201183]",3667.3092336654663
0.19159599999999996,[-0.34422764],"[ 0.29824561  6.76666667  0.5122807   6.7        -1.61738205  0.30526316
  6.66666667  0.51754386  6.83333333 -0.96170759  0.3122807   6.73333333
  0.52807018  6.8        -0.07201183  0.32105263  6.9         0.53508772
  6.63333333 -1.34422767]",3667.3904559612274
0.194156,[-0.5521305],"[ 0.30526316  6.66666667  0.51754386  6.83333333 -0.96170759  0.3122807
  6.73333333  0.52807018  6.8        -0.07201183  0.32105263  6.9
  0.53508772  6.63333333 -1.34422767  0.32982456  7.06666667  0.54035088
  6.36666667 -1.55213046]",3667.464907884598
0.183952,[-0.96367365],"[ 0.3122807   6.73333333  0.52807018  6.8        -0.07201183  0.32105263
  6.9         0.53508772  6.63333333 -1.34422767  0.32982456  7.06666667
  0.54035088  6.36666667 -1.55213046  0.32982456  6.9         0.54035088
  6.36666667 -1.96367359]",3667.549148797989
0.17630000000000004,[-0.91363704],"[ 0.32105263  6.9         0.53508772  6.63333333 -1.34422767  0.32982456
  7.06666667  0.54035088  6.36666667 -1.55213046  0.32982456  6.9
  0.54035088  6.36666667 -1.96367359  0.32982456  6.66666667  0.54210526
  6.63333333 -1.91363704]",3667.629819869995
0.17632799999999998,[0.07950556],"[ 0.32982456  7.06666667  0.54035088  6.36666667 -1.55213046  0.32982456
  6.9         0.54035088  6.36666667 -1.96367359  0.32982456  6.66666667
  0.54210526  6.63333333 -1.91363704  0.33508772  6.56666667  0.54561404
  6.86666667 -0.92049444]",3667.709510087967
0.17890399999999995,[0.9765252],"[ 0.32982456  6.9         0.54035088  6.36666667 -1.96367359  0.32982456
  6.66666667  0.54210526  6.63333333 -1.91363704  0.33508772  6.56666667
  0.54561404  6.86666667 -0.92049444  0.34561404  6.56666667  0.55614035
  7.         -0.02347481]",3667.7893447875977
0.18400799999999992,[-0.38122788],"[ 0.32982456  6.66666667  0.54210526  6.63333333 -1.91363704  0.33508772
  6.56666667  0.54561404  6.86666667 -0.92049444  0.34561404  6.56666667
  0.55614035  7.         -0.02347481  0.35789474  6.73333333  0.57017544
  6.8        -1.38122785]",3667.869553089142
0.19417999999999996,[0.07681864],"[ 0.33508772  6.56666667  0.54561404  6.86666667 -0.92049444  0.34561404
  6.56666667  0.55614035  7.         -0.02347481  0.35789474  6.73333333
  0.57017544  6.8        -1.38122785  0.37368421  6.93333333  0.58421053
  6.5        -0.92318135]",3667.94944524765
0.194168,[-0.66199553],"[ 0.34561404  6.56666667  0.55614035  7.         -0.02347481  0.35789474
  6.73333333  0.57017544  6.8        -1.38122785  0.37368421  6.93333333
  0.58421053  6.5        -0.92318135  0.38070175  6.86666667  0.59122807
  6.43333333 -1.66199553]",3668.029554128647
0.19418000000000002,[-0.78768766],"[ 0.35789474  6.73333333  0.57017544  6.8        -1.38122785  0.37368421
  6.93333333  0.58421053  6.5        -0.92318135  0.38070175  6.86666667
  0.59122807  6.43333333 -1.66199553  0.38421053  6.76666667  0.59649123
  6.46666667 -1.78768766]",3668.1094682216644
0.19420000000000004,[0.70623994],"[ 0.37368421  6.93333333  0.58421053  6.5        -0.92318135  0.38070175
  6.86666667  0.59122807  6.43333333 -1.66199553  0.38421053  6.76666667
  0.59649123  6.46666667 -1.78768766  0.3877193   6.63333333  0.60175439
  6.66666667 -0.29376006]",3668.1893804073334
0.19164400000000004,[-0.84712386],"[ 0.38070175  6.86666667  0.59122807  6.43333333 -1.66199553  0.38421053
  6.76666667  0.59649123  6.46666667 -1.78768766  0.3877193   6.63333333
  0.60175439  6.66666667 -0.29376006  0.39473684  6.6         0.60877193
  6.73333333 -1.84712386]",3668.26518368721
0.19932800000000006,[0.6984224],"[ 0.38421053  6.76666667  0.59649123  6.46666667 -1.78768766  0.3877193
  6.63333333  0.60175439  6.66666667 -0.29376006  0.39473684  6.6
  0.60877193  6.73333333 -1.84712386  0.40526316  6.7         0.61929825
  6.63333333 -0.30157763]",3668.3428263664246
0.21214799999999995,[0.49362266],"[ 0.3877193   6.63333333  0.60175439  6.66666667 -0.29376006  0.39473684
  6.6         0.60877193  6.73333333 -1.84712386  0.40526316  6.7
  0.61929825  6.63333333 -0.30157763  0.41929825  6.6         0.63157895
  6.7        -0.50637734]",3668.42351603508
0.21982,[-0.63287026],"[ 0.39473684  6.6         0.60877193  6.73333333 -1.84712386  0.40526316
  6.7         0.61929825  6.63333333 -0.30157763  0.41929825  6.6
  0.63157895  6.7        -0.50637734  0.42982456  6.7         0.64210526
  6.5        -1.6328702 ]",3668.507644176483
0.22493199999999997,[0.37336677],"[ 0.40526316  6.7         0.61929825  6.63333333 -0.30157763  0.41929825
  6.6         0.63157895  6.7        -0.50637734  0.42982456  6.7
  0.64210526  6.5        -1.6328702   0.44035088  6.83333333  0.64912281
  6.26666667 -0.62663323]",3668.5894045829773
0.21984000000000004,[0.25796956],"[ 0.41929825  6.6         0.63157895  6.7        -0.50637734  0.42982456
  6.7         0.64210526  6.5        -1.6328702   0.44035088  6.83333333
  0.64912281  6.26666667 -0.62663323  0.44385965  6.66666667  0.65438596
  6.3        -0.74203044]",3668.6693572998047
0.22492799999999996,[-0.9241856],"[ 0.42982456  6.7         0.64210526  6.5        -1.6328702   0.44035088
  6.83333333  0.64912281  6.26666667 -0.62663323  0.44385965  6.66666667
  0.65438596  6.3        -0.74203044  0.45263158  6.76666667  0.66140351
  6.2        -1.92418551]",3668.7497041225433
0.23002399999999995,[-0.5111345],"[ 0.44035088  6.83333333  0.64912281  6.26666667 -0.62663323  0.44385965
  6.66666667  0.65438596  6.3        -0.74203044  0.45263158  6.76666667
  0.66140351  6.2        -1.92418551  0.46315789  6.8         0.67192982
  6.13333333 -1.51113451]",3668.8294298648834
0.23261600000000007,[0.08603565],"[ 0.44385965  6.66666667  0.65438596  6.3        -0.74203044  0.45263158
  6.76666667  0.66140351  6.2        -1.92418551  0.46315789  6.8
  0.67192982  6.13333333 -1.51113451  0.47192982  6.56666667  0.68596491
  6.3        -0.91396433]",3668.909393787384
0.23519999999999994,[0.5443975],"[ 0.45263158  6.76666667  0.66140351  6.2        -1.92418551  0.46315789
  6.8         0.67192982  6.13333333 -1.51113451  0.47192982  6.56666667
  0.68596491  6.3        -0.91396433  0.48245614  6.5         0.69473684
  6.3        -0.45560253]",3668.9895012378693
0.2403079999999999,[-0.15241848],"[ 0.46315789  6.8         0.67192982  6.13333333 -1.51113451  0.47192982
  6.56666667  0.68596491  6.3        -0.91396433  0.48245614  6.5
  0.69473684  6.3        -0.45560253  0.49473684  6.7         0.70350877
  6.03333333 -1.15241849]",3669.0694093704224
0.25561599999999995,[-0.34835538],"[ 0.47192982  6.56666667  0.68596491  6.3        -0.91396433  0.48245614
  6.5         0.69473684  6.3        -0.45560253  0.49473684  6.7
  0.70350877  6.03333333 -1.15241849  0.50526316  6.76666667  0.70877193
  5.8        -1.34835541]",3669.1494460105896
0.26328,[0.38350984],"[ 0.48245614  6.5         0.69473684  6.3        -0.45560253  0.49473684
  6.7         0.70350877  6.03333333 -1.15241849  0.50526316  6.76666667
  0.70877193  5.8        -1.34835541  0.51052632  6.56666667  0.71929825
  5.86666667 -0.61649013]",3669.2295076847076
0.26838799999999996,[0.65512633],"[ 0.49473684  6.7         0.70350877  6.03333333 -1.15241849  0.50526316
  6.76666667  0.70877193  5.8        -1.34835541  0.51052632  6.56666667
  0.71929825  5.86666667 -0.61649013  0.51929825  6.5         0.72982456
  5.86666667 -0.34487367]",3669.309293270111
0.27347600000000005,[-0.758123],"[ 0.50526316  6.76666667  0.70877193  5.8        -1.34835541  0.51052632
  6.56666667  0.71929825  5.86666667 -0.61649013  0.51929825  6.5
  0.72982456  5.86666667 -0.34487367  0.53333333  6.7         0.73684211
  5.56666667 -1.75812292]",3669.3893949985504
0.26838400000000007,[0.5422555],"[ 0.51052632  6.56666667  0.71929825  5.86666667 -0.61649013  0.51929825
  6.5         0.72982456  5.86666667 -0.34487367  0.53333333  6.7
  0.73684211  5.56666667 -1.75812292  0.54210526  6.7         0.74210526
  5.33333333 -0.45774448]",3669.4696605205536
0.25309600000000004,[-0.4456569],"[ 0.51929825  6.5         0.72982456  5.86666667 -0.34487367  0.53333333
  6.7         0.73684211  5.56666667 -1.75812292  0.54210526  6.7
  0.74210526  5.33333333 -0.45774448  0.54736842  6.5         0.75087719
  5.33333333 -1.4456569 ]",3669.5494706630707
0.2582,[-0.96696556],"[ 0.53333333  6.7         0.73684211  5.56666667 -1.75812292  0.54210526
  6.7         0.74210526  5.33333333 -0.45774448  0.54736842  6.5
  0.75087719  5.33333333 -1.4456569   0.55789474  6.5         0.75789474
  5.16666667 -1.96696556]",3669.6295125484467
0.26332000000000005,[0.43637472],"[ 0.54210526  6.7         0.74210526  5.33333333 -0.45774448  0.54736842
  6.5         0.75087719  5.33333333 -1.4456569   0.55789474  6.5
  0.75789474  5.16666667 -1.96696556  0.56491228  6.33333333  0.76842105
  5.2        -0.56362528]",3669.709307909012
0.2659000000000001,[-0.91584796],"[ 0.54736842  6.5         0.75087719  5.33333333 -1.4456569   0.55789474
  6.5         0.75789474  5.16666667 -1.96696556  0.56491228  6.33333333
  0.76842105  5.2        -0.56362528  0.57017544  6.          0.77894737
  5.33333333 -1.91584802]",3669.789397954941
0.27100799999999997,[0.7590482],"[ 0.55789474  6.5         0.75789474  5.16666667 -1.96696556  0.56491228
  6.33333333  0.76842105  5.2        -0.56362528  0.57017544  6.
  0.77894737  5.33333333 -1.91584802  0.58070175  6.          0.78947368
  5.23333333 -0.24095178]",3669.8694183826447
0.27359199999999995,[-0.25132895],"[ 0.56491228  6.33333333  0.76842105  5.2        -0.56362528  0.57017544
  6.          0.77894737  5.33333333 -1.91584802  0.58070175  6.
  0.78947368  5.23333333 -0.24095178  0.59298246  5.86666667  0.80350877
  5.23333333 -1.25132895]",3669.949476003647
0.27102400000000004,[0.77457345],"[ 0.57017544  6.          0.77894737  5.33333333 -1.91584802  0.58070175
  6.          0.78947368  5.23333333 -0.24095178  0.59298246  5.86666667
  0.80350877  5.23333333 -1.25132895  0.60526316  5.86666667  0.81403509
  5.13333333 -0.22542655]",3670.0293366909027
0.26848400000000006,[-0.01524059],"[ 0.58070175  6.          0.78947368  5.23333333 -0.24095178  0.59298246
  5.86666667  0.80350877  5.23333333 -1.25132895  0.60526316  5.86666667
  0.81403509  5.13333333 -0.22542655  0.61403509  5.83333333  0.82105263
  4.96666667 -1.01524055]",3670.109344482422
0.26594000000000007,[0.67983985],"[ 0.59298246  5.86666667  0.80350877  5.23333333 -1.25132895  0.60526316
  5.86666667  0.81403509  5.13333333 -0.22542655  0.61403509  5.83333333
  0.82105263  4.96666667 -1.01524055  0.62280702  5.86666667  0.82807018
  4.66666667 -0.32016015]",3670.1894192695618
0.27104,[0.7536123],"[ 0.60526316  5.86666667  0.81403509  5.13333333 -0.22542655  0.61403509
  5.83333333  0.82105263  4.96666667 -1.01524055  0.62280702  5.86666667
  0.82807018  4.66666667 -0.32016015  0.62982456  5.8         0.83333333
  4.53333333 -0.24638772]",3670.2695660591125
0.27104799999999996,[0.09897393],"[ 0.61403509  5.83333333  0.82105263  4.96666667 -1.01524055  0.62280702
  5.86666667  0.82807018  4.66666667 -0.32016015  0.62982456  5.8
  0.83333333  4.53333333 -0.24638772  0.63859649  5.83333333  0.83684211
  4.3        -0.90102607]",3670.3786311149597
0.26593599999999995,[-0.3667553],"[ 0.62280702  5.86666667  0.82807018  4.66666667 -0.32016015  0.62982456
  5.8         0.83333333  4.53333333 -0.24638772  0.63859649  5.83333333
  0.83684211  4.3        -0.90102607  0.64561404  5.86666667  0.83859649
  4.1        -1.36675525]",3670.4295563697815
0.2633559999999999,[0.40323842],"[ 0.62982456  5.8         0.83333333  4.53333333 -0.24638772  0.63859649
  5.83333333  0.83684211  4.3        -0.90102607  0.64561404  5.86666667
  0.83859649  4.1        -1.36675525  0.65263158  5.83333333  0.84210526
  3.93333333 -0.59676158]",3670.512452840805
0.25058800000000003,[-0.6038246],"[ 0.63859649  5.83333333  0.83684211  4.3        -0.90102607  0.64561404
  5.86666667  0.83859649  4.1        -1.36675525  0.65263158  5.83333333
  0.84210526  3.93333333 -0.59676158  0.65438596  5.66666667  0.84736842
  3.93333333 -1.60382462]",3670.58935046196
0.23786000000000004,[-0.25710738],"[ 0.64561404  5.86666667  0.83859649  4.1        -1.36675525  0.65263158
  5.83333333  0.84210526  3.93333333 -0.59676158  0.65438596  5.66666667
  0.84736842  3.93333333 -1.60382462  0.65789474  5.43333333  0.85789474
  3.96666667 -1.25710738]",3670.669445037842
0.2302159999999999,[-0.23879303],"[ 0.65263158  5.83333333  0.84210526  3.93333333 -0.59676158  0.65438596
  5.66666667  0.84736842  3.93333333 -1.60382462  0.65789474  5.43333333
  0.85789474  3.96666667 -1.25710738  0.66315789  5.3         0.86666667
  4.         -1.23879302]",3670.7724578380585
0.2327519999999999,[-0.7020938],"[ 0.65438596  5.66666667  0.84736842  3.93333333 -1.60382462  0.65789474
  5.43333333  0.85789474  3.96666667 -1.25710738  0.66315789  5.3
  0.86666667  4.         -1.23879302  0.67017544  5.26666667  0.87192982
  3.9        -1.70209384]",3670.8294734954834
0.225092,[0.83527064],"[ 0.65789474  5.43333333  0.85789474  3.96666667 -1.25710738  0.66315789
  5.3         0.86666667  4.         -1.23879302  0.67017544  5.26666667
  0.87192982  3.9        -1.70209384  0.67368421  5.13333333  0.87719298
  3.9        -0.16472936]",3670.9094364643097
0.20469199999999996,[-0.36208773],"[ 0.66315789  5.3         0.86666667  4.         -1.23879302  0.67017544
  5.26666667  0.87192982  3.9        -1.70209384  0.67368421  5.13333333
  0.87719298  3.9        -0.16472936  0.67368421  4.93333333  0.88070175
  3.9        -1.36208773]",3670.9894304275513
0.19701199999999996,[-0.21785754],"[ 0.67017544  5.26666667  0.87192982  3.9        -1.70209384  0.67368421
  5.13333333  0.87719298  3.9        -0.16472936  0.67368421  4.93333333
  0.88070175  3.9        -1.36208773  0.67719298  5.03333333  0.88245614
  3.9        -1.2178576 ]",3671.069379091263
0.19187600000000005,[-0.83167857],"[ 0.67368421  5.13333333  0.87719298  3.9        -0.16472936  0.67368421
  4.93333333  0.88070175  3.9        -1.36208773  0.67719298  5.03333333
  0.88245614  3.9        -1.2178576   0.67894737  5.03333333  0.88596491
  4.06666667 -1.83167863]",3671.149370908737
0.17655600000000005,[0.73309636],"[ 0.67368421  4.93333333  0.88070175  3.9        -1.36208773  0.67719298
  5.03333333  0.88245614  3.9        -1.2178576   0.67894737  5.03333333
  0.88596491  4.06666667 -1.83167863  0.67894737  4.9         0.89122807
  4.23333333 -0.26690364]",3671.2227654457092
0.17144000000000004,[-0.22973609],"[ 0.67719298  5.03333333  0.88245614  3.9        -1.2178576   0.67894737
  5.03333333  0.88596491  4.06666667 -1.83167863  0.67894737  4.9
  0.89122807  4.23333333 -0.26690364  0.68245614  4.76666667  0.89473684
  4.43333333 -1.22973609]",3671.308792591095
0.16883199999999998,[0.69704664],"[ 0.67894737  5.03333333  0.88596491  4.06666667 -1.83167863  0.67894737
  4.9         0.89122807  4.23333333 -0.26690364  0.68245614  4.76666667
  0.89473684  4.43333333 -1.22973609  0.68596491  4.86666667  0.89824561
  4.36666667 -0.30295336]",3671.3895893096924
0.15860000000000007,[-0.89854366],"[ 0.67894737  4.9         0.89122807  4.23333333 -0.26690364  0.68245614
  4.76666667  0.89473684  4.43333333 -1.22973609  0.68596491  4.86666667
  0.89824561  4.36666667 -0.30295336  0.68947368  4.93333333  0.9
  4.36666667 -1.8985436 ]",3671.46941280365
0.14578800000000003,[-0.59286606],"[ 0.68245614  4.76666667  0.89473684  4.43333333 -1.22973609  0.68596491
  4.86666667  0.89824561  4.36666667 -0.30295336  0.68947368  4.93333333
  0.9         4.36666667 -1.8985436   0.69298246  5.06666667  0.90175439
  4.26666667 -1.59286606]",3671.549490213394
0.13046800000000003,[0.37641224],"[ 0.68596491  4.86666667  0.89824561  4.36666667 -0.30295336  0.68947368
  4.93333333  0.9         4.36666667 -1.8985436   0.69298246  5.06666667
  0.90175439  4.26666667 -1.59286606  0.69473684  4.93333333  0.90526316
  4.4        -0.62358773]",3671.6293890476227
0.12025600000000003,[0.77571756],"[ 0.68947368  4.93333333  0.9         4.36666667 -1.8985436   0.69298246
  5.06666667  0.90175439  4.26666667 -1.59286606  0.69473684  4.93333333
  0.90526316  4.4        -0.62358773  0.69649123  4.8         0.91052632
  4.63333333 -0.22428244]",3671.7095687389374
0.120228,[0.30689722],"[ 0.69298246  5.06666667  0.90175439  4.26666667 -1.59286606  0.69473684
  4.93333333  0.90526316  4.4        -0.62358773  0.69649123  4.8
  0.91052632  4.63333333 -0.22428244  0.70526316  5.06666667  0.91754386
  4.46666667 -0.69310278]",3671.789351463318
0.12274799999999997,[-0.78343856],"[ 0.69473684  4.93333333  0.90526316  4.4        -0.62358773  0.69649123
  4.8         0.91052632  4.63333333 -0.22428244  0.70526316  5.06666667
  0.91754386  4.46666667 -0.69310278  0.71403509  5.3         0.92280702
  4.3        -1.78343856]",3671.8696069717407
0.11508800000000008,[-0.6087917],"[ 0.69649123  4.8         0.91052632  4.63333333 -0.22428244  0.70526316
  5.06666667  0.91754386  4.46666667 -0.69310278  0.71403509  5.3
  0.92280702  4.3        -1.78343856  0.71754386  5.26666667  0.92631579
  4.36666667 -1.60879171]",3671.9487130641937
0.1100040000000001,[-0.87222767],"[ 0.70526316  5.06666667  0.91754386  4.46666667 -0.69310278  0.71403509
  5.3         0.92280702  4.3        -1.78343856  0.71754386  5.26666667
  0.92631579  4.36666667 -1.60879171  0.72105263  5.06666667  0.93333333
  4.56666667 -1.87222767]",3672.0252385139465
0.11257600000000001,[0.6843463],"[ 0.71403509  5.3         0.92280702  4.3        -1.78343856  0.71754386
  5.26666667  0.92631579  4.36666667 -1.60879171  0.72105263  5.06666667
  0.93333333  4.56666667 -1.87222767  0.72982456  4.9         0.94210526
  4.73333333 -0.31565368]",3672.1030502319336
0.12278,[-0.37314683],"[ 0.71754386  5.26666667  0.92631579  4.36666667 -1.60879171  0.72105263
  5.06666667  0.93333333  4.56666667 -1.87222767  0.72982456  4.9
  0.94210526  4.73333333 -0.31565368  0.73859649  4.9         0.95263158
  4.83333333 -1.37314677]",3672.187577486038
0.13040399999999996,[-0.6037706],"[ 0.72105263  5.06666667  0.93333333  4.56666667 -1.87222767  0.72982456
  4.9         0.94210526  4.73333333 -0.31565368  0.73859649  4.9
  0.95263158  4.83333333 -1.37314677  0.74736842  5.03333333  0.96140351
  4.8        -1.60377061]",3672.269292116165
0.12784800000000007,[-0.05964949],"[ 0.72982456  4.9         0.94210526  4.73333333 -0.31565368  0.73859649
  4.9         0.95263158  4.83333333 -1.37314677  0.74736842  5.03333333
  0.96140351  4.8        -1.60377061  0.75087719  4.9         0.96666667
  4.86666667 -1.05964947]",3672.3442103862762
0.12530799999999997,[-0.0198685],"[ 0.73859649  4.9         0.95263158  4.83333333 -1.37314677  0.74736842
  5.03333333  0.96140351  4.8        -1.60377061  0.75087719  4.9
  0.96666667  4.86666667 -1.05964947  0.75614035  4.73333333  0.97017544
  4.86666667 -1.01986849]",3672.4337074756622
0.13039200000000006,[-0.43655133],"[ 0.74736842  5.03333333  0.96140351  4.8        -1.60377061  0.75087719
  4.9         0.96666667  4.86666667 -1.05964947  0.75614035  4.73333333
  0.97017544  4.86666667 -1.01986849  0.76315789  4.83333333  0.97719298
  4.73333333 -1.43655133]",3672.509225130081
0.14058799999999994,[0.6358015],"[ 0.75087719  4.9         0.96666667  4.86666667 -1.05964947  0.75614035
  4.73333333  0.97017544  4.86666667 -1.01986849  0.76315789  4.83333333
  0.97719298  4.73333333 -1.43655133  0.77017544  4.86666667  0.98421053
  4.76666667 -0.36419851]",3672.589676141739
0.14315599999999995,[-0.84462917],"[ 0.75614035  4.73333333  0.97017544  4.86666667 -1.01986849  0.76315789
  4.83333333  0.97719298  4.73333333 -1.43655133  0.77017544  4.86666667
  0.98421053  4.76666667 -0.36419851  0.7754386   4.86666667  0.98947368
  4.9        -1.84462917]",3672.6697056293488
0.14825199999999994,[0.44097528],"[ 0.76315789  4.83333333  0.97719298  4.73333333 -1.43655133  0.77017544
  4.86666667  0.98421053  4.76666667 -0.36419851  0.7754386   4.86666667
  0.98947368  4.9        -1.84462917  0.78070175  5.          0.99473684
  4.73333333 -0.55902469]",3672.7497322559357
0.15846799999999994,[-0.48616627],"[ 0.77017544  4.86666667  0.98421053  4.76666667 -0.36419851  0.7754386
  4.86666667  0.98947368  4.9        -1.84462917  0.78070175  5.
  0.99473684  4.73333333 -0.55902469  0.7877193   4.93333333  1.00175439
  4.7        -1.48616624]",3672.829704761505
0.16866799999999993,[0.29980248],"[ 0.7754386   4.86666667  0.98947368  4.9        -1.84462917  0.78070175
  5.          0.99473684  4.73333333 -0.55902469  0.7877193   4.93333333
  1.00175439  4.7        -1.48616624  0.79824561  5.          1.01052632
  4.66666667 -0.70019752]",3672.909536600113
0.17634400000000006,[0.11417442],"[ 0.78070175  5.          0.99473684  4.73333333 -0.55902469  0.7877193
  4.93333333  1.00175439  4.7        -1.48616624  0.79824561  5.
  1.01052632  4.66666667 -0.70019752  0.80701754  5.03333333  1.01929825
  4.76666667 -0.88582557]",3672.98961186409
