reward,action,obs,time
,,"[0.         0.         0.         0.         0.         0.
 0.         0.         0.         0.         0.         0.
 0.         0.         0.         0.03508772 5.63333333 0.24912281
 5.23333333 0.        ]",3577.356968641281
-0.007656000000000003,[0.60615456],"[ 0.          0.          0.          0.          0.          0.
  0.          0.          0.          0.          0.03508772  5.63333333
  0.24912281  5.23333333  0.          0.02982456  5.53333333  0.24385965
  5.46666667 -0.39384544]",3577.44833612442
-0.005128000000000001,[0.36726823],"[ 0.          0.          0.          0.          0.          0.03508772
  5.63333333  0.24912281  5.23333333  0.          0.02982456  5.53333333
  0.24385965  5.46666667 -0.39384544  0.03157895  5.76666667  0.24561404
  5.33333333 -0.6327318 ]",3577.499565601349
-0.005112000000000005,[-0.6578319],"[ 0.03508772  5.63333333  0.24912281  5.23333333  0.          0.02982456
  5.53333333  0.24385965  5.46666667 -0.39384544  0.03157895  5.76666667
  0.24561404  5.33333333 -0.6327318   0.03157895  5.63333333  0.24561404
  5.43333333 -1.65783191]",3577.553532600403
-0.005112000000000005,[0.4599275],"[ 0.02982456  5.53333333  0.24385965  5.46666667 -0.39384544  0.03157895
  5.76666667  0.24561404  5.33333333 -0.6327318   0.03157895  5.63333333
  0.24561404  5.43333333 -1.65783191  0.03157895  5.63333333  0.24561404
  5.43333333 -0.5400725 ]",3577.605171442032
-0.007664000000000004,[-0.84505713],"[ 0.03157895  5.76666667  0.24561404  5.33333333 -0.6327318   0.03157895
  5.63333333  0.24561404  5.43333333 -1.65783191  0.03157895  5.63333333
  0.24561404  5.43333333 -0.5400725   0.02982456  5.6         0.24561404
  5.43333333 -1.84505713]",3577.6557655334473
-0.0051160000000000025,[0.3904581],"[ 0.03157895  5.63333333  0.24561404  5.43333333 -1.65783191  0.03157895
  5.63333333  0.24561404  5.43333333 -0.5400725   0.02982456  5.6
  0.24561404  5.43333333 -1.84505713  0.03157895  5.66666667  0.24561404
  5.36666667 -0.60954189]",3577.6996579170227
-0.005112000000000005,[0.42586645],"[ 0.03157895  5.63333333  0.24561404  5.43333333 -0.5400725   0.02982456
  5.6         0.24561404  5.43333333 -1.84505713  0.03157895  5.66666667
  0.24561404  5.36666667 -0.60954189  0.03157895  5.63333333  0.24561404
  5.4        -0.57413352]",3577.755035161972
-0.005104000000000004,[-0.39914292],"[ 0.02982456  5.6         0.24561404  5.43333333 -1.84505713  0.03157895
  5.66666667  0.24561404  5.36666667 -0.60954189  0.03157895  5.63333333
  0.24561404  5.4        -0.57413352  0.03157895  5.56666667  0.24561404
  5.46666667 -1.39914298]",3577.8000547885895
0.0,[0.18938635],"[ 0.03157895  5.66666667  0.24561404  5.36666667 -0.60954189  0.03157895
  5.63333333  0.24561404  5.4        -0.57413352  0.03157895  5.56666667
  0.24561404  5.46666667 -1.39914298  0.03508772  5.63333333  0.24736842
  5.43333333 -0.81061363]",3577.8524413108826
-8.000000000001062e-06,[-0.09426001],"[ 0.03157895  5.63333333  0.24561404  5.4        -0.57413352  0.03157895
  5.56666667  0.24561404  5.46666667 -1.39914298  0.03508772  5.63333333
  0.24736842  5.43333333 -0.81061363  0.03508772  5.7         0.24736842
  5.33333333 -1.09425998]",3577.9172570705414
3.9999999999970615e-06,[0.7827803],"[ 0.03157895  5.56666667  0.24561404  5.46666667 -1.39914298  0.03508772
  5.63333333  0.24736842  5.43333333 -0.81061363  0.03508772  5.7
  0.24736842  5.33333333 -1.09425998  0.03508772  5.6         0.24912281
  5.36666667 -0.21721971]",3577.997714281082
0.0051119999999999985,[-0.44888726],"[ 0.03508772  5.63333333  0.24736842  5.43333333 -0.81061363  0.03508772
  5.7         0.24736842  5.33333333 -1.09425998  0.03508772  5.6
  0.24912281  5.36666667 -0.21721971  0.03859649  5.63333333  0.25087719
  5.36666667 -1.44888723]",3578.071033000946
0.010203999999999998,[-0.85584027],"[ 0.03508772  5.7         0.24736842  5.33333333 -1.09425998  0.03508772
  5.6         0.24912281  5.36666667 -0.21721971  0.03859649  5.63333333
  0.25087719  5.36666667 -1.44888723  0.04210526  5.8         0.25263158
  5.16666667 -1.85584021]",3578.157278776169
0.01278,[0.5113152],"[ 0.03508772  5.6         0.24912281  5.36666667 -0.21721971  0.03859649
  5.63333333  0.25087719  5.36666667 -1.44888723  0.04210526  5.8
  0.25263158  5.16666667 -1.85584021  0.04385965  5.63333333  0.25614035
  5.26666667 -0.48868477]",3578.2490923404694
0.012812000000000004,[-0.43617836],"[ 0.03859649  5.63333333  0.25087719  5.36666667 -1.44888723  0.04210526
  5.8         0.25263158  5.16666667 -1.85584021  0.04385965  5.63333333
  0.25614035  5.26666667 -0.48868477  0.04385965  5.36666667  0.25789474
  5.63333333 -1.43617833]",3578.3173689842224
0.020487999999999992,[-0.39575753],"[ 0.04210526  5.8         0.25263158  5.16666667 -1.85584021  0.04385965
  5.63333333  0.25614035  5.26666667 -0.48868477  0.04385965  5.36666667
  0.25789474  5.63333333 -1.43617833  0.04912281  5.3         0.26140351
  5.73333333 -1.39575756]",3578.3975687026978
0.030708000000000003,[-0.64435685],"[ 0.04385965  5.63333333  0.25614035  5.26666667 -0.48868477  0.04385965
  5.36666667  0.25789474  5.63333333 -1.43617833  0.04912281  5.3
  0.26140351  5.73333333 -1.39575756  0.05614035  5.33333333  0.26842105
  5.76666667 -1.64435685]",3578.477550268173
0.04094000000000001,[0.5521837],"[ 0.04385965  5.36666667  0.25789474  5.63333333 -1.43617833  0.04912281
  5.3         0.26140351  5.73333333 -1.39575756  0.05614035  5.33333333
  0.26842105  5.76666667 -1.64435685  0.06315789  5.26666667  0.27719298
  5.9        -0.44781631]",3578.5511813163757
0.05116799999999999,[-0.5422143],"[ 0.04912281  5.3         0.26140351  5.73333333 -1.39575756  0.05614035
  5.33333333  0.26842105  5.76666667 -1.64435685  0.06315789  5.26666667
  0.27719298  5.9        -0.44781631  0.07017544  5.23333333  0.28421053
  6.         -1.54221427]",3578.64608836174
0.05881599999999999,[-0.7784904],"[ 0.05614035  5.33333333  0.26842105  5.76666667 -1.64435685  0.06315789
  5.26666667  0.27719298  5.9        -0.44781631  0.07017544  5.23333333
  0.28421053  6.         -1.54221427  0.0754386   5.4         0.29122807
  5.9        -1.77849042]",3578.713308572769
0.07156799999999999,[-0.78681433],"[ 0.06315789  5.26666667  0.27719298  5.9        -0.44781631  0.07017544
  5.23333333  0.28421053  6.         -1.54221427  0.0754386   5.4
  0.29122807  5.9        -1.77849042  0.07894737  5.53333333  0.29649123
  5.66666667 -1.78681433]",3578.791139125824
0.07417599999999999,[0.48692396],"[ 0.07017544  5.23333333  0.28421053  6.         -1.54221427  0.0754386
  5.4         0.29122807  5.9        -1.77849042  0.07894737  5.53333333
  0.29649123  5.66666667 -1.78681433  0.08245614  5.33333333  0.29473684
  5.83333333 -0.51307607]",3578.8774576187134
0.079288,[0.46001625],"[ 0.0754386   5.4         0.29122807  5.9        -1.77849042  0.07894737
  5.53333333  0.29649123  5.66666667 -1.78681433  0.08245614  5.33333333
  0.29473684  5.83333333 -0.51307607  0.08596491  5.2         0.29473684
  6.06666667 -0.53998375]",3578.9569766521454
0.08692400000000003,[0.39635664],"[ 0.07894737  5.53333333  0.29649123  5.66666667 -1.78681433  0.08245614
  5.33333333  0.29473684  5.83333333 -0.51307607  0.08596491  5.2
  0.29473684  6.06666667 -0.53998375  0.09122807  5.46666667  0.30175439
  5.96666667 -0.60364336]",3579.037473678589
0.10222800000000001,[-0.70761347],"[ 0.08245614  5.33333333  0.29473684  5.83333333 -0.51307607  0.08596491
  5.2         0.29473684  6.06666667 -0.53998375  0.09122807  5.46666667
  0.30175439  5.96666667 -0.60364336  0.1         5.7         0.31403509
  5.76666667 -1.70761347]",3579.1174347400665
0.11500800000000003,[-0.3155057],"[ 0.08596491  5.2         0.29473684  6.06666667 -0.53998375  0.09122807
  5.46666667  0.30175439  5.96666667 -0.60364336  0.1         5.7
  0.31403509  5.76666667 -1.70761347  0.11052632  5.76666667  0.32631579
  5.76666667 -1.31550574]",3579.1972341537476
0.12011600000000003,[0.8358052],"[ 0.09122807  5.46666667  0.30175439  5.96666667 -0.60364336  0.1
  5.7         0.31403509  5.76666667 -1.70761347  0.11052632  5.76666667
  0.32631579  5.76666667 -1.31550574  0.11403509  5.76666667  0.33859649
  6.         -0.16419482]",3579.277456998825
0.161032,[-0.23036852],"[ 0.1         5.7         0.31403509  5.76666667 -1.70761347  0.11052632
  5.76666667  0.32631579  5.76666667 -1.31550574  0.11403509  5.76666667
  0.33859649  6.         -0.16419482  0.14210526  5.53333333  0.34912281
  6.         -1.23036849]",3579.3576204776764
0.168672,[0.49214175],"[ 0.11052632  5.76666667  0.32631579  5.76666667 -1.31550574  0.11403509
  5.76666667  0.33859649  6.         -0.16419482  0.14210526  5.53333333
  0.34912281  6.         -1.23036849  0.15087719  5.83333333  0.35964912
  5.8        -0.50785828]",3579.4374647140503
0.173784,[-0.52408004],"[ 0.11403509  5.76666667  0.33859649  6.         -0.16419482  0.14210526
  5.53333333  0.34912281  6.         -1.23036849  0.15087719  5.83333333
  0.35964912  5.8        -0.50785828  0.15438596  5.9         0.36315789
  5.8        -1.52408004]",3579.517664670944
0.18142799999999998,[-0.45611724],"[ 0.14210526  5.53333333  0.34912281  6.         -1.23036849  0.15087719
  5.83333333  0.35964912  5.8        -0.50785828  0.15438596  5.9
  0.36315789  5.8        -1.52408004  0.15964912  6.          0.37017544
  5.76666667 -1.45611727]",3579.6004123687744
0.181448,[-0.66342705],"[ 0.15087719  5.83333333  0.35964912  5.8        -0.50785828  0.15438596
  5.9         0.36315789  5.8        -1.52408004  0.15964912  6.
  0.37017544  5.76666667 -1.45611727  0.16315789  5.86666667  0.37719298
  5.9        -1.66342711]",3579.677473306656
0.189148,[-0.47608867],"[ 0.15438596  5.9         0.36315789  5.8        -1.52408004  0.15964912
  6.          0.37017544  5.76666667 -1.45611727  0.16315789  5.86666667
  0.37719298  5.9        -1.66342711  0.17192982  5.76666667  0.38596491
  6.         -1.47608864]",3579.7575056552887
0.201912,[-0.941448],"[ 0.15964912  6.          0.37017544  5.76666667 -1.45611727  0.16315789
  5.86666667  0.37719298  5.9        -1.66342711  0.17192982  5.76666667
  0.38596491  6.         -1.47608864  0.18245614  5.73333333  0.39649123
  6.03333333 -1.94144797]",3579.837646007538
0.21722000000000002,[-0.30253646],"[ 0.16315789  5.86666667  0.37719298  5.9        -1.66342711  0.17192982
  5.76666667  0.38596491  6.         -1.47608864  0.18245614  5.73333333
  0.39649123  6.03333333 -1.94144797  0.19298246  5.7         0.40701754
  6.16666667 -1.30253649]",3579.9150528907776
0.222328,[0.06464803],"[ 0.17192982  5.76666667  0.38596491  6.         -1.47608864  0.18245614
  5.73333333  0.39649123  6.03333333 -1.94144797  0.19298246  5.7
  0.40701754  6.16666667 -1.30253649  0.20175439  5.66666667  0.41403509
  6.3        -0.93535197]",3579.9915454387665
0.219756,[-0.37766296],"[ 0.18245614  5.73333333  0.39649123  6.03333333 -1.94144797  0.19298246
  5.7         0.40701754  6.16666667 -1.30253649  0.20175439  5.66666667
  0.41403509  6.3        -0.93535197  0.20701754  5.83333333  0.42280702
  6.13333333 -1.3776629 ]",3580.0718936920166
0.21719200000000005,[-0.62848544],"[ 0.19298246  5.7         0.40701754  6.16666667 -1.30253649  0.20175439
  5.66666667  0.41403509  6.3        -0.93535197  0.20701754  5.83333333
  0.42280702  6.13333333 -1.3776629   0.2122807   5.83333333  0.42631579
  6.06666667 -1.62848544]",3580.155538082123
0.217208,[0.35626867],"[ 0.20175439  5.66666667  0.41403509  6.3        -0.93535197  0.20701754
  5.83333333  0.42280702  6.13333333 -1.3776629   0.2122807   5.83333333
  0.42631579  6.06666667 -1.62848544  0.21929825  5.66666667  0.43157895
  6.2        -0.64373136]",3580.2367918491364
0.21977600000000003,[-0.683151],"[ 0.20701754  5.83333333  0.42280702  6.13333333 -1.3776629   0.2122807
  5.83333333  0.42631579  6.06666667 -1.62848544  0.21929825  5.66666667
  0.43157895  6.2        -0.64373136  0.22631579  5.73333333  0.43859649
  6.23333333 -1.68315101]",3580.3173291683197
0.22743199999999994,[0.23415363],"[ 0.2122807   5.83333333  0.42631579  6.06666667 -1.62848544  0.21929825
  5.66666667  0.43157895  6.2        -0.64373136  0.22631579  5.73333333
  0.43859649  6.23333333 -1.68315101  0.23508772  5.96666667  0.44912281
  6.16666667 -0.76584637]",3580.3975801467896
0.235084,[-0.39945975],"[ 0.21929825  5.66666667  0.43157895  6.2        -0.64373136  0.22631579
  5.73333333  0.43859649  6.23333333 -1.68315101  0.23508772  5.96666667
  0.44912281  6.16666667 -0.76584637  0.24385965  5.9         0.45789474
  6.3        -1.39945972]",3580.477226257324
0.24272799999999997,[-0.8978734],"[ 0.22631579  5.73333333  0.43859649  6.23333333 -1.68315101  0.23508772
  5.96666667  0.44912281  6.16666667 -0.76584637  0.24385965  5.9
  0.45789474  6.3        -1.39945972  0.25263158  5.96666667  0.46842105
  6.3        -1.8978734 ]",3580.5573217868805
0.25044,[-0.23245072],"[ 0.23508772  5.96666667  0.44912281  6.16666667 -0.76584637  0.24385965
  5.9         0.45789474  6.3        -1.39945972  0.25263158  5.96666667
  0.46842105  6.3        -1.8978734   0.26315789  5.86666667  0.47719298
  6.5        -1.23245072]",3580.637330532074
0.253036,[0.09804828],"[ 0.24385965  5.9         0.45789474  6.3        -1.39945972  0.25263158
  5.96666667  0.46842105  6.3        -1.8978734   0.26315789  5.86666667
  0.47719298  6.5        -1.23245072  0.27368421  5.76666667  0.48421053
  6.63333333 -0.90195173]",3580.7175183296204
0.24534799999999998,[-0.6415941],"[ 0.25263158  5.96666667  0.46842105  6.3        -1.8978734   0.26315789
  5.86666667  0.47719298  6.5        -1.23245072  0.27368421  5.76666667
  0.48421053  6.63333333 -0.90195173  0.27894737  6.          0.49122807
  6.5        -1.64159417]",3580.7973775863647
0.2504519999999999,[-0.8378482],"[ 0.26315789  5.86666667  0.47719298  6.5        -1.23245072  0.27368421
  5.76666667  0.48421053  6.63333333 -0.90195173  0.27894737  6.
  0.49122807  6.5        -1.64159417  0.28596491  6.06666667  0.5
  6.5        -1.83784819]",3580.880094766617
0.222328,[0.74493116],"[ 0.27368421  5.76666667  0.48421053  6.63333333 -0.90195173  0.27894737
  6.          0.49122807  6.5        -1.64159417  0.28596491  6.06666667
  0.5         6.5        -1.83784819  0.29473684  5.9         0.50526316
  6.83333333 -0.25506884]",3580.9521777629852
0.22492399999999996,[0.39106503],"[ 0.27894737  6.          0.49122807  6.5        -1.64159417  0.28596491
  6.06666667  0.5         6.5        -1.83784819  0.29473684  5.9
  0.50526316  6.83333333 -0.25506884  0.30526316  5.86666667  0.51052632
  6.96666667 -0.608935  ]",3581.0316166877747
0.23001999999999997,[-0.887793],"[ 0.28596491  6.06666667  0.5         6.5        -1.83784819  0.29473684
  5.9         0.50526316  6.83333333 -0.25506884  0.30526316  5.86666667
  0.51052632  6.96666667 -0.608935    0.3122807   6.06666667  0.52280702
  6.83333333 -1.88779306]",3581.1175713539124
0.23512000000000005,[0.8189205],"[ 0.29473684  5.9         0.50526316  6.83333333 -0.25506884  0.30526316
  5.86666667  0.51052632  6.96666667 -0.608935    0.3122807   6.06666667
  0.52280702  6.83333333 -1.88779306  0.32105263  6.26666667  0.53333333
  6.73333333 -0.18107951]",3581.197578907013
0.24533199999999997,[-0.5077165],"[ 0.30526316  5.86666667  0.51052632  6.96666667 -0.608935    0.3122807
  6.06666667  0.52280702  6.83333333 -1.88779306  0.32105263  6.26666667
  0.53333333  6.73333333 -0.18107951  0.33157895  6.23333333  0.54210526
  6.93333333 -1.50771642]",3581.277477502823
0.24785999999999997,[-0.46003002],"[ 0.3122807   6.06666667  0.52280702  6.83333333 -1.88779306  0.32105263
  6.26666667  0.53333333  6.73333333 -0.18107951  0.33157895  6.23333333
  0.54210526  6.93333333 -1.50771642  0.34210526  6.36666667  0.55438596
  6.96666667 -1.46003008]",3581.357587814331
0.25041599999999997,[0.80119777],"[ 0.32105263  6.26666667  0.53333333  6.73333333 -0.18107951  0.33157895
  6.23333333  0.54210526  6.93333333 -1.50771642  0.34210526  6.36666667
  0.55438596  6.96666667 -1.46003008  0.35438596  6.33333333  0.56491228
  7.06666667 -0.19880223]",3581.437545776367
0.250404,[0.44510064],"[ 0.33157895  6.23333333  0.54210526  6.93333333 -1.50771642  0.34210526
  6.36666667  0.55438596  6.96666667 -1.46003008  0.35438596  6.33333333
  0.56491228  7.06666667 -0.19880223  0.36491228  6.4         0.5754386
  7.13333333 -0.55489933]",3581.5172803401947
0.25036,[-0.58614874],"[ 0.34210526  6.36666667  0.55438596  6.96666667 -1.46003008  0.35438596
  6.33333333  0.56491228  7.06666667 -0.19880223  0.36491228  6.4
  0.5754386   7.13333333 -0.55489933  0.37368421  6.73333333  0.5877193
  6.96666667 -1.58614874]",3581.5977187156677
0.255484,[0.17843989],"[ 0.35438596  6.33333333  0.56491228  7.06666667 -0.19880223  0.36491228
  6.4         0.5754386   7.13333333 -0.55489933  0.37368421  6.73333333
  0.5877193   6.96666667 -1.58614874  0.38245614  6.8         0.59473684
  7.         -0.82156014]",3581.6775891780853
0.26060799999999995,[-0.5610448],"[ 0.36491228  6.4         0.5754386   7.13333333 -0.55489933  0.37368421
  6.73333333  0.5877193   6.96666667 -1.58614874  0.38245614  6.8
  0.59473684  7.         -0.82156014  0.39122807  6.7         0.60175439
  7.16666667 -1.56104481]",3581.7578353881836
0.26058400000000004,[-0.66915226],"[ 0.37368421  6.73333333  0.5877193   6.96666667 -1.58614874  0.38245614
  6.8         0.59473684  7.         -0.82156014  0.39122807  6.7
  0.60175439  7.16666667 -1.56104481  0.39824561  6.73333333  0.60877193
  7.13333333 -1.66915226]",3581.837627887726
0.26315600000000006,[0.9762332],"[ 0.38245614  6.8         0.59473684  7.         -0.82156014  0.39122807
  6.7         0.60175439  7.16666667 -1.56104481  0.39824561  6.73333333
  0.60877193  7.13333333 -1.66915226  0.40701754  6.66666667  0.61578947
  7.3        -0.02376682]",3581.9174654483795
0.26573199999999997,[-0.40506774],"[ 0.39122807  6.7         0.60175439  7.16666667 -1.56104481  0.39824561
  6.73333333  0.60877193  7.13333333 -1.66915226  0.40701754  6.66666667
  0.61578947  7.3        -0.02376682  0.41754386  6.73333333  0.62631579
  7.43333333 -1.40506768]",3581.997397661209
0.268248,[-0.26592216],"[ 0.39824561  6.73333333  0.60877193  7.13333333 -1.66915226  0.40701754
  6.66666667  0.61578947  7.3        -0.02376682  0.41754386  6.73333333
  0.62631579  7.43333333 -1.40506768  0.42807018  7.          0.64035088
  7.36666667 -1.26592219]",3582.0774652957916
0.27337599999999995,[-0.9681794],"[ 0.40701754  6.66666667  0.61578947  7.3        -0.02376682  0.41754386
  6.73333333  0.62631579  7.43333333 -1.40506768  0.42807018  7.
  0.64035088  7.36666667 -1.26592219  0.44035088  6.93333333  0.65087719
  7.46666667 -1.96817946]",3582.1574342250824
0.27593600000000007,[-0.978207],"[ 0.41754386  6.73333333  0.62631579  7.43333333 -1.40506768  0.42807018
  7.          0.64035088  7.36666667 -1.26592219  0.44035088  6.93333333
  0.65087719  7.46666667 -1.96817946  0.45263158  6.8         0.65964912
  7.56666667 -1.97820699]",3582.2374799251556
0.27082800000000007,[-0.5341248],"[ 0.42807018  7.          0.64035088  7.36666667 -1.26592219  0.44035088
  6.93333333  0.65087719  7.46666667 -1.96817946  0.45263158  6.8
  0.65964912  7.56666667 -1.97820699  0.45964912  6.66666667  0.66315789
  7.76666667 -1.53412485]",3582.3174636363983
0.27084,[-0.80465513],"[ 0.44035088  6.93333333  0.65087719  7.46666667 -1.96817946  0.45263158
  6.8         0.65964912  7.56666667 -1.97820699  0.45964912  6.66666667
  0.66315789  7.76666667 -1.53412485  0.46491228  6.8         0.66842105
  7.86666667 -1.80465508]",3582.3974719047546
0.26828799999999997,[-0.00138001],"[ 0.45263158  6.8         0.65964912  7.56666667 -1.97820699  0.45964912
  6.66666667  0.66315789  7.76666667 -1.53412485  0.46491228  6.8
  0.66842105  7.86666667 -1.80465508  0.47017544  6.83333333  0.67368421
  7.93333333 -1.00137997]",3582.4774627685547
0.263164,[0.7279731],"[ 0.45964912  6.66666667  0.66315789  7.76666667 -1.53412485  0.46491228
  6.8         0.66842105  7.86666667 -1.80465508  0.47017544  6.83333333
  0.67368421  7.93333333 -1.00137997  0.4754386   6.76666667  0.67894737
  7.86666667 -0.2720269 ]",3582.557583093643
0.252908,[0.4079818],"[ 0.46491228  6.8         0.66842105  7.86666667 -1.80465508  0.47017544
  6.83333333  0.67368421  7.93333333 -1.00137997  0.4754386   6.76666667
  0.67894737  7.86666667 -0.2720269   0.47894737  7.          0.68947368
  7.56666667 -0.59201819]",3582.637492418289
0.2529080000000001,[-0.93910253],"[ 0.47017544  6.83333333  0.67368421  7.93333333 -1.00137997  0.4754386
  6.76666667  0.67894737  7.86666667 -0.2720269   0.47894737  7.
  0.68947368  7.56666667 -0.59201819  0.48596491  7.2         0.69649123
  7.3        -1.93910253]",3582.717559814453
0.24782800000000002,[-0.8048717],"[ 0.4754386   6.76666667  0.67894737  7.86666667 -0.2720269   0.47894737
  7.          0.68947368  7.56666667 -0.59201819  0.48596491  7.2
  0.69649123  7.3        -1.93910253  0.49122807  7.13333333  0.70175439
  7.26666667 -1.80487168]",3582.797494649887
0.23762000000000008,[0.7897797],"[ 0.47894737  7.          0.68947368  7.56666667 -0.59201819  0.48596491
  7.2         0.69649123  7.3        -1.93910253  0.49122807  7.13333333
  0.70175439  7.26666667 -1.80487168  0.49473684  6.96666667  0.70526316
  7.46666667 -0.21022028]",3582.8774898052216
0.2325240000000001,[0.10484005],"[ 0.48596491  7.2         0.69649123  7.3        -1.93910253  0.49122807
  7.13333333  0.70175439  7.26666667 -1.80487168  0.49473684  6.96666667
  0.70526316  7.46666667 -0.21022028  0.50175439  6.96666667  0.71052632
  7.56666667 -0.89515996]",3582.9576337337494
0.22482800000000003,[-0.51054317],"[ 0.49122807  7.13333333  0.70175439  7.26666667 -1.80487168  0.49473684
  6.96666667  0.70526316  7.46666667 -0.21022028  0.50175439  6.96666667
  0.71052632  7.56666667 -0.89515996  0.50877193  7.16666667  0.72105263
  7.43333333 -1.51054311]",3583.037528038025
0.2299479999999999,[0.44072223],"[ 0.49473684  6.96666667  0.70526316  7.46666667 -0.21022028  0.50175439
  6.96666667  0.71052632  7.56666667 -0.89515996  0.50877193  7.16666667
  0.72105263  7.43333333 -1.51054311  0.52280702  7.16666667  0.73333333
  7.4        -0.55927777]",3583.1176252365112
0.23255599999999993,[-0.40566218],"[ 0.50175439  6.96666667  0.71052632  7.56666667 -0.89515996  0.50877193
  7.16666667  0.72105263  7.43333333 -1.51054311  0.52280702  7.16666667
  0.73333333  7.4        -0.55927777  0.53333333  7.06666667  0.74385965
  7.43333333 -1.40566218]",3583.201606273651
0.22999599999999995,[0.7668553],"[ 0.50877193  7.16666667  0.72105263  7.43333333 -1.51054311  0.52280702
  7.16666667  0.73333333  7.4        -0.55927777  0.53333333  7.06666667
  0.74385965  7.43333333 -1.40566218  0.54035088  7.16666667  0.75263158
  7.2        -0.2331447 ]",3583.281460762024
0.224876,[0.7150737],"[ 0.52280702  7.16666667  0.73333333  7.4        -0.55927777  0.53333333
  7.06666667  0.74385965  7.43333333 -1.40566218  0.54035088  7.16666667
  0.75263158  7.2        -0.2331447   0.54561404  7.13333333  0.75614035
  7.2        -0.2849263 ]",3583.3614645004272
0.22230399999999992,[0.4232829],"[ 0.53333333  7.06666667  0.74385965  7.43333333 -1.40566218  0.54035088
  7.16666667  0.75263158  7.2        -0.2331447   0.54561404  7.13333333
  0.75614035  7.2        -0.2849263   0.55087719  7.3         0.76140351
  7.         -0.57671714]",3583.4414632320404
0.2248359999999999,[-0.1777144],"[ 0.54035088  7.16666667  0.75263158  7.2        -0.2331447   0.54561404
  7.13333333  0.75614035  7.2        -0.2849263   0.55087719  7.3
  0.76140351  7.         -0.57671714  0.56140351  7.43333333  0.76842105
  6.7        -1.17771435]",3583.521482229233
0.21974000000000005,[-0.08048519],"[ 0.54561404  7.13333333  0.75614035  7.2        -0.2849263   0.55087719
  7.3         0.76140351  7.         -0.57671714  0.56140351  7.43333333
  0.76842105  6.7        -1.17771435  0.56842105  7.36666667  0.7754386
  6.56666667 -1.08048522]",3583.601889371872
0.21211999999999995,[-0.5467638],"[ 0.55087719  7.3         0.76140351  7.         -0.57671714  0.56140351
  7.43333333  0.76842105  6.7        -1.17771435  0.56842105  7.36666667
  0.7754386   6.56666667 -1.08048522  0.57368421  7.23333333  0.78245614
  6.6        -1.54676378]",3583.675680398941
0.19933600000000007,[-0.2645576],"[ 0.56140351  7.43333333  0.76842105  6.7        -1.17771435  0.56842105
  7.36666667  0.7754386   6.56666667 -1.08048522  0.57368421  7.23333333
  0.78245614  6.6        -1.54676378  0.57719298  7.2         0.7877193
  6.56666667 -1.2645576 ]",3583.755628824234
0.19421600000000006,[0.6494416],"[ 0.56842105  7.36666667  0.7754386   6.56666667 -1.08048522  0.57368421
  7.23333333  0.78245614  6.6        -1.54676378  0.57719298  7.2
  0.7877193   6.56666667 -1.2645576   0.58596491  7.13333333  0.79473684
  6.56666667 -0.3505584 ]",3583.837837457657
0.2018559999999999,[-0.7541366],"[ 0.57368421  7.23333333  0.78245614  6.6        -1.54676378  0.57719298
  7.2         0.7877193   6.56666667 -1.2645576   0.58596491  7.13333333
  0.79473684  6.56666667 -0.3505584   0.59824561  7.23333333  0.80526316
  6.4        -1.75413656]",3583.9195578098297
0.21463599999999997,[-0.9745688],"[ 0.57719298  7.2         0.7877193   6.56666667 -1.2645576   0.58596491
  7.13333333  0.79473684  6.56666667 -0.3505584   0.59824561  7.23333333
  0.80526316  6.4        -1.75413656  0.6122807   7.36666667  0.81403509
  6.16666667 -1.97456884]",3583.9995675086975
0.20956399999999994,[-0.12395602],"[ 0.58596491  7.13333333  0.79473684  6.56666667 -0.3505584   0.59824561
  7.23333333  0.80526316  6.4        -1.75413656  0.6122807   7.36666667
  0.81403509  6.16666667 -1.97456884  0.61403509  7.06666667  0.82105263
  6.26666667 -1.12395597]",3584.0795373916626
0.201924,[-0.24600174],"[ 0.59824561  7.23333333  0.80526316  6.4        -1.75413656  0.6122807
  7.36666667  0.81403509  6.16666667 -1.97456884  0.61403509  7.06666667
  0.82105263  6.26666667 -1.12395597  0.61403509  6.76666667  0.8245614
  6.4        -1.24600172]",3584.159538269043
0.20194800000000002,[-0.6893941],"[ 0.6122807   7.36666667  0.81403509  6.16666667 -1.97456884  0.61403509
  7.06666667  0.82105263  6.26666667 -1.12395597  0.61403509  6.76666667
  0.8245614   6.4        -1.24600172  0.61754386  6.8         0.82807018
  6.26666667 -1.68939412]",3584.2394728660583
0.20454000000000008,[0.37771353],"[ 0.61403509  7.06666667  0.82105263  6.26666667 -1.12395597  0.61403509
  6.76666667  0.8245614   6.4        -1.24600172  0.61754386  6.8
  0.82807018  6.26666667 -1.68939412  0.62631579  6.7         0.83684211
  6.26666667 -0.62228644]",3584.3213815689087
0.21221999999999994,[-0.97423536],"[ 0.61403509  6.76666667  0.8245614   6.4        -1.24600172  0.61754386
  6.8         0.82807018  6.26666667 -1.68939412  0.62631579  6.7
  0.83684211  6.26666667 -0.62228644  0.63684211  6.53333333  0.84912281
  6.26666667 -1.9742353 ]",3584.40150141716
0.22751999999999994,[-0.9125292],"[ 0.61754386  6.8         0.82807018  6.26666667 -1.68939412  0.62631579
  6.7         0.83684211  6.26666667 -0.62228644  0.63684211  6.53333333
  0.84912281  6.26666667 -1.9742353   0.65087719  6.66666667  0.86140351
  5.93333333 -1.91252923]",3584.4815516471863
0.23264799999999997,[-0.55691636],"[ 0.62631579  6.7         0.83684211  6.26666667 -0.62228644  0.63684211
  6.53333333  0.84912281  6.26666667 -1.9742353   0.65087719  6.66666667
  0.86140351  5.93333333 -1.91252923  0.66140351  6.53333333  0.87017544
  5.96666667 -1.55691636]",3584.561463356018
0.2301519999999999,[-0.76552945],"[ 0.63684211  6.53333333  0.84912281  6.26666667 -1.9742353   0.65087719
  6.66666667  0.86140351  5.93333333 -1.91252923  0.66140351  6.53333333
  0.87017544  5.96666667 -1.55691636  0.66666667  6.23333333  0.87894737
  6.13333333 -1.76552939]",3584.641288280487
0.219936,[0.507429],"[ 0.65087719  6.66666667  0.86140351  5.93333333 -1.91252923  0.66140351
  6.53333333  0.87017544  5.96666667 -1.55691636  0.66666667  6.23333333
  0.87894737  6.13333333 -1.76552939  0.67368421  6.16666667  0.88596491
  6.13333333 -0.492571  ]",3584.7156047821045
0.21738,[-0.57768494],"[ 0.66140351  6.53333333  0.87017544  5.96666667 -1.55691636  0.66666667
  6.23333333  0.87894737  6.13333333 -1.76552939  0.67368421  6.16666667
  0.88596491  6.13333333 -0.492571    0.68245614  6.06666667  0.89649123
  6.16666667 -1.57768488]",3584.7948734760284
0.222492,[-0.73712146],"[ 0.66666667  6.23333333  0.87894737  6.13333333 -1.76552939  0.67368421
  6.16666667  0.88596491  6.13333333 -0.492571    0.68245614  6.06666667
  0.89649123  6.16666667 -1.57768488  0.69298246  6.16666667  0.90701754
  6.1        -1.73712146]",3584.8750603199005
0.22761999999999993,[-0.95158345],"[ 0.67368421  6.16666667  0.88596491  6.13333333 -0.492571    0.68245614
  6.06666667  0.89649123  6.16666667 -1.57768488  0.69298246  6.16666667
  0.90701754  6.1        -1.73712146  0.70175439  6.          0.91403509
  6.23333333 -1.95158339]",3584.9552042484283
0.23276799999999995,[-0.31370962],"[ 0.68245614  6.06666667  0.89649123  6.16666667 -1.57768488  0.69298246
  6.16666667  0.90701754  6.1        -1.73712146  0.70175439  6.
  0.91403509  6.23333333 -1.95158339  0.71052632  5.86666667  0.92105263
  6.4        -1.31370962]",3585.039568901062
0.22768400000000008,[-0.92540467],"[ 0.69298246  6.16666667  0.90701754  6.1        -1.73712146  0.70175439
  6.          0.91403509  6.23333333 -1.95158339  0.71052632  5.86666667
  0.92105263  6.4        -1.31370962  0.71754386  5.76666667  0.92631579
  6.4        -1.92540467]",3585.116387605667
0.22512399999999996,[0.7882662],"[ 0.70175439  6.          0.91403509  6.23333333 -1.95158339  0.71052632
  5.86666667  0.92105263  6.4        -1.31370962  0.71754386  5.76666667
  0.92631579  6.4        -1.92540467  0.72280702  5.73333333  0.93333333
  6.36666667 -0.21173382]",3585.1956927776337
0.22767599999999985,[-0.47401434],"[ 0.71052632  5.86666667  0.92105263  6.4        -1.31370962  0.71754386
  5.76666667  0.92631579  6.4        -1.92540467  0.72280702  5.73333333
  0.93333333  6.36666667 -0.21173382  0.72982456  5.63333333  0.93684211
  6.46666667 -1.47401428]",3585.2747762203217
0.23277199999999998,[-0.08367602],"[ 0.71754386  5.76666667  0.92631579  6.4        -1.92540467  0.72280702
  5.73333333  0.93333333  6.36666667 -0.21173382  0.72982456  5.63333333
  0.93684211  6.46666667 -1.47401428  0.73684211  5.73333333  0.94561404
  6.43333333 -1.08367598]",3585.3594784736633
0.22764799999999985,[-0.32137567],"[ 0.72280702  5.73333333  0.93333333  6.36666667 -0.21173382  0.72982456
  5.63333333  0.93684211  6.46666667 -1.47401428  0.73684211  5.73333333
  0.94561404  6.43333333 -1.08367598  0.74210526  5.76666667  0.95263158
  6.46666667 -1.32137561]",3585.4353835582733
0.22255200000000008,[-0.79283166],"[ 0.72982456  5.63333333  0.93684211  6.46666667 -1.47401428  0.73684211
  5.73333333  0.94561404  6.43333333 -1.08367598  0.74210526  5.76666667
  0.95263158  6.46666667 -1.32137561  0.75087719  5.73333333  0.95964912
  6.5        -1.79283166]",3585.519552707672
0.2149080000000001,[-0.17394188],"[ 0.73684211  5.73333333  0.94561404  6.43333333 -1.08367598  0.74210526
  5.76666667  0.95263158  6.46666667 -1.32137561  0.75087719  5.73333333
  0.95964912  6.5        -1.79283166  0.75964912  5.66666667  0.96491228
  6.6        -1.17394185]",3585.59601354599
0.21998400000000004,[0.8756128],"[ 0.74210526  5.76666667  0.95263158  6.46666667 -1.32137561  0.75087719
  5.73333333  0.95964912  6.5        -1.79283166  0.75964912  5.66666667
  0.96491228  6.6        -1.17394185  0.76491228  5.66666667  0.97017544
  6.7        -0.1243872 ]",3585.675067424774
0.2275799999999999,[-0.98809177],"[ 0.75087719  5.73333333  0.95964912  6.5        -1.79283166  0.75964912
  5.66666667  0.96491228  6.6        -1.17394185  0.76491228  5.66666667
  0.97017544  6.7        -0.1243872   0.77017544  5.96666667  0.97894737
  6.53333333 -1.98809171]",3585.759643793106
0.22499599999999984,[-0.12234212],"[ 0.75964912  5.66666667  0.96491228  6.6        -1.17394185  0.76491228
  5.66666667  0.97017544  6.7        -0.1243872   0.77017544  5.96666667
  0.97894737  6.53333333 -1.98809171  0.77192982  6.23333333  0.98596491
  6.36666667 -1.12234211]",3585.836818933487
0.21732799999999997,[-0.38394287],"[ 0.76491228  5.66666667  0.97017544  6.7        -0.1243872   0.77017544
  5.96666667  0.97894737  6.53333333 -1.98809171  0.77192982  6.23333333
  0.98596491  6.36666667 -1.12234211  0.7754386   6.13333333  0.98947368
  6.43333333 -1.38394284]",3585.915123939514
0.21220799999999995,[-0.39407352],"[ 0.77017544  5.96666667  0.97894737  6.53333333 -1.98809171  0.77192982
  6.23333333  0.98596491  6.36666667 -1.12234211  0.7754386   6.13333333
  0.98947368  6.43333333 -1.38394284  0.78245614  6.03333333  0.99473684
  6.53333333 -1.39407349]",3585.9995279312134
0.20456000000000008,[-0.7171109],"[ 0.77192982  6.23333333  0.98596491  6.36666667 -1.12234211  0.7754386
  6.13333333  0.98947368  6.43333333 -1.38394284  0.78245614  6.03333333
  0.99473684  6.53333333 -1.39407349  0.79122807  6.          1.00350877
  6.56666667 -1.71711087]",3586.0809473991394
0.20454799999999995,[-0.89423764],"[ 0.7754386   6.13333333  0.98947368  6.43333333 -1.38394284  0.78245614
  6.03333333  0.99473684  6.53333333 -1.39407349  0.79122807  6.
  1.00350877  6.56666667 -1.71711087  0.80175439  5.96666667  1.01052632
  6.66666667 -1.89423764]",3586.1550800800323
0.21218400000000015,[-0.8468558],"[ 0.78245614  6.03333333  0.99473684  6.53333333 -1.39407349  0.79122807
  6.          1.00350877  6.56666667 -1.71711087  0.80175439  5.96666667
  1.01052632  6.66666667 -1.89423764  0.8122807   5.93333333  1.01754386
  6.86666667 -1.84685588]",3586.2350630760193
0.21217599999999992,[0.6837944],"[ 0.79122807  6.          1.00350877  6.56666667 -1.71711087  0.80175439
  5.96666667  1.01052632  6.66666667 -1.89423764  0.8122807   5.93333333
  1.01754386  6.86666667 -1.84685588  0.81929825  5.93333333  1.02105263
  7.03333333 -0.31620562]",3586.3195781707764
0.20705199999999993,[0.25182953],"[ 0.80175439  5.96666667  1.01052632  6.66666667 -1.89423764  0.8122807
  5.93333333  1.01754386  6.86666667 -1.84685588  0.81929825  5.93333333
  1.02105263  7.03333333 -0.31620562  0.8245614   5.93333333  1.02631579
  7.         -0.7481705 ]",3586.401394844055
0.1891480000000001,[-0.87084174],"[ 0.8122807   5.93333333  1.01754386  6.86666667 -1.84685588  0.81929825
  5.93333333  1.02105263  7.03333333 -0.31620562  0.8245614   5.93333333
  1.02631579  7.         -0.7481705   0.82280702  6.13333333  1.03157895
  6.76666667 -1.87084174]",3586.4814269542694
0.17633600000000005,[-0.5616696],"[ 0.81929825  5.93333333  1.02105263  7.03333333 -0.31620562  0.8245614
  5.93333333  1.02631579  7.         -0.7481705   0.82280702  6.13333333
  1.03157895  6.76666667 -1.87084174  0.82280702  6.23333333  1.03508772
  6.7        -1.56166959]",3586.56169629097
0.16866800000000004,[-0.88910943],"[ 0.8245614   5.93333333  1.02631579  7.         -0.7481705   0.82280702
  6.13333333  1.03157895  6.76666667 -1.87084174  0.82280702  6.23333333
  1.03508772  6.7        -1.56166959  0.82631579  6.1         1.03508772
  6.93333333 -1.88910937]",3586.6356959342957
0.1686599999999998,[0.7348193],"[ 0.82280702  6.13333333  1.03157895  6.76666667 -1.87084174  0.82280702
  6.23333333  1.03508772  6.7        -1.56166959  0.82631579  6.1
  1.03508772  6.93333333 -1.88910937  0.83333333  6.06666667  1.04035088
  7.16666667 -0.26518071]",3586.7213938236237
0.17632000000000003,[-0.0820225],"[ 0.82280702  6.23333333  1.03508772  6.7        -1.56166959  0.82631579
  6.1         1.03508772  6.93333333 -1.88910937  0.83333333  6.06666667
  1.04035088  7.16666667 -0.26518071  0.84385965  6.1         1.04736842
  7.3        -1.08202255]",3586.7959666252136
0.1762760000000001,[0.62710893],"[ 0.82631579  6.1         1.03508772  6.93333333 -1.88910937  0.83333333
  6.06666667  1.04035088  7.16666667 -0.26518071  0.84385965  6.1
  1.04736842  7.3        -1.08202255  0.85087719  6.36666667  1.05789474
  7.2        -0.37289107]",3586.881217479706
0.17881999999999998,[0.7874024],"[ 0.83333333  6.06666667  1.04035088  7.16666667 -0.26518071  0.84385965
  6.1         1.04736842  7.3        -1.08202255  0.85087719  6.36666667
  1.05789474  7.2        -0.37289107  0.85964912  6.56666667  1.06666667
  7.16666667 -0.21259761]",3586.9579179286957
0.18135200000000018,[0.9837069],"[ 0.84385965  6.1         1.04736842  7.3        -1.08202255  0.85087719
  6.36666667  1.05789474  7.2        -0.37289107  0.85964912  6.56666667
  1.06666667  7.16666667 -0.21259761  0.86666667  6.8         1.0754386
  7.         -0.01629311]",3587.040983438492
0.17366799999999993,[-0.08610489],"[ 0.85087719  6.36666667  1.05789474  7.2        -0.37289107  0.85964912
  6.56666667  1.06666667  7.16666667 -0.21259761  0.86666667  6.8
  1.0754386   7.         -0.01629311  0.87017544  6.9         1.08070175
  6.8        -1.08610487]",3587.1215102672577
0.1608719999999999,[-0.87574327],"[ 0.85964912  6.56666667  1.06666667  7.16666667 -0.21259761  0.86666667
  6.8         1.0754386   7.         -0.01629311  0.87017544  6.9
  1.08070175  6.8        -1.08610487  0.87017544  6.96666667  1.08245614
  6.7        -1.87574327]",3587.2017521858215
0.1532119999999999,[-0.3916136],"[ 0.86666667  6.8         1.0754386   7.         -0.01629311  0.87017544
  6.9         1.08070175  6.8        -1.08610487  0.87017544  6.96666667
  1.08245614  6.7        -1.87574327  0.87017544  6.9         1.08245614
  6.86666667 -1.3916136 ]",3587.2755234241486
0.14815600000000018,[-0.21135882],"[ 0.87017544  6.9         1.08070175  6.8        -1.08610487  0.87017544
  6.96666667  1.08245614  6.7        -1.87574327  0.87017544  6.9
  1.08245614  6.86666667 -1.3916136   0.87192982  6.73333333  1.08596491
  7.23333333 -1.21135879]",3587.354738712311
