reward,action,obs,time
,,"[0.         0.         0.         0.         0.         0.
 0.         0.         0.         0.         0.         0.
 0.         0.         0.         0.03157895 5.76666667 0.24385965
 5.4        0.        ]",139.74813795089722
-0.0025280000000000025,[0.45461452],"[ 0.          0.          0.          0.          0.          0.
  0.          0.          0.          0.          0.03157895  5.76666667
  0.24385965  5.4         0.          0.02982456  5.53333333  0.24385965
  5.5        -0.54538548]",139.8722906112671
0.0,[-0.17355916],"[ 0.          0.          0.          0.          0.          0.03157895
  5.76666667  0.24385965  5.4         0.          0.02982456  5.53333333
  0.24385965  5.5        -0.54538548  0.03157895  5.76666667  0.24385965
  5.36666667 -1.17355919]",139.92139554023743
-0.0025360000000000035,[-0.52054715],"[ 0.03157895  5.76666667  0.24385965  5.4         0.          0.02982456
  5.53333333  0.24385965  5.5        -0.54538548  0.03157895  5.76666667
  0.24385965  5.36666667 -1.17355919  0.02982456  5.6         0.24385965
  5.46666667 -1.52054715]",139.97708296775818
1.9999999999999185e-05,[-0.72913057],"[ 0.02982456  5.53333333  0.24385965  5.5        -0.54538548  0.03157895
  5.76666667  0.24385965  5.36666667 -1.17355919  0.02982456  5.6
  0.24385965  5.46666667 -1.52054715  0.03157895  5.6         0.24385965
  5.46666667 -1.72913051]",140.0328164100647
-0.0025360000000000035,[-0.44681686],"[ 0.03157895  5.76666667  0.24385965  5.36666667 -1.17355919  0.02982456
  5.6         0.24385965  5.46666667 -1.52054715  0.03157895  5.6
  0.24385965  5.46666667 -1.72913051  0.02982456  5.6         0.24385965
  5.46666667 -1.44681692]",140.0769853591919
2.8000000000000247e-05,[0.6111482],"[ 0.02982456  5.6         0.24385965  5.46666667 -1.52054715  0.03157895
  5.6         0.24385965  5.46666667 -1.72913051  0.02982456  5.6
  0.24385965  5.46666667 -1.44681692  0.03157895  5.53333333  0.24561404
  5.53333333 -0.38885182]",140.12844061851501
4.399999999999543e-05,[-0.71067244],"[ 0.03157895  5.6         0.24385965  5.46666667 -1.72913051  0.02982456
  5.6         0.24385965  5.46666667 -1.44681692  0.03157895  5.53333333
  0.24561404  5.53333333 -0.38885182  0.03157895  5.4         0.24736842
  5.66666667 -1.71067238]",140.18129467964172
0.002603999999999995,[0.5419516],"[ 0.02982456  5.6         0.24385965  5.46666667 -1.44681692  0.03157895
  5.53333333  0.24561404  5.53333333 -0.38885182  0.03157895  5.4
  0.24736842  5.66666667 -1.71067238  0.03333333  5.36666667  0.24736842
  5.66666667 -0.4580484 ]",140.23072004318237
3.199999999999731e-05,[-0.26487997],"[ 0.03157895  5.53333333  0.24561404  5.53333333 -0.38885182  0.03157895
  5.4         0.24736842  5.66666667 -1.71067238  0.03333333  5.36666667
  0.24736842  5.66666667 -0.4580484   0.03157895  5.5         0.24736842
  5.53333333 -1.26487994]",140.2859308719635
0.002596000000000001,[-0.6181664],"[ 0.03157895  5.4         0.24736842  5.66666667 -1.71067238  0.03333333
  5.36666667  0.24736842  5.66666667 -0.4580484   0.03157895  5.5
  0.24736842  5.53333333 -1.26487994  0.03333333  5.43333333  0.24736842
  5.53333333 -1.61816645]",140.37234210968018
0.005156000000000001,[-0.58195865],"[ 0.03333333  5.36666667  0.24736842  5.66666667 -0.4580484   0.03157895
  5.5         0.24736842  5.53333333 -1.26487994  0.03333333  5.43333333
  0.24736842  5.53333333 -1.61816645  0.03508772  5.4         0.24912281
  5.6        -1.58195865]",140.44302821159363
0.012836,[0.34839],"[ 0.03157895  5.5         0.24736842  5.53333333 -1.26487994  0.03333333
  5.43333333  0.24736842  5.53333333 -1.61816645  0.03508772  5.4
  0.24912281  5.6        -1.58195865  0.04035088  5.3         0.25263158
  5.73333333 -0.65161002]",140.52810263633728
0.015383999999999995,[0.4348727],"[ 0.03333333  5.43333333  0.24736842  5.53333333 -1.61816645  0.03508772
  5.4         0.24912281  5.6        -1.58195865  0.04035088  5.3
  0.25263158  5.73333333 -0.65161002  0.04210526  5.36666667  0.25614035
  5.7        -0.56512731]",140.5975399017334
0.023016000000000002,[0.4553233],"[ 0.03508772  5.4         0.24912281  5.6        -1.58195865  0.04035088
  5.3         0.25263158  5.73333333 -0.65161002  0.04210526  5.36666667
  0.25614035  5.7        -0.56512731  0.04736842  5.66666667  0.26140351
  5.43333333 -0.54467666]",140.69140315055847
0.025559999999999992,[-0.76503706],"[ 0.04035088  5.3         0.25263158  5.73333333 -0.65161002  0.04210526
  5.36666667  0.25614035  5.7        -0.56512731  0.04736842  5.66666667
  0.26140351  5.43333333 -0.54467666  0.04912281  5.76666667  0.26315789
  5.26666667 -1.76503706]",140.76850128173828
0.02812,[-0.6936442],"[ 0.04210526  5.36666667  0.25614035  5.7        -0.56512731  0.04736842
  5.66666667  0.26140351  5.43333333 -0.54467666  0.04912281  5.76666667
  0.26315789  5.26666667 -1.76503706  0.05087719  5.73333333  0.26315789
  5.23333333 -1.69364429]",140.84587001800537
0.030707999999999992,[-0.07348006],"[ 0.04736842  5.66666667  0.26140351  5.43333333 -0.54467666  0.04912281
  5.76666667  0.26315789  5.26666667 -1.76503706  0.05087719  5.73333333
  0.26315789  5.23333333 -1.69364429  0.05263158  5.46666667  0.26491228
  5.43333333 -1.07348001]",140.94556403160095
0.035831999999999996,[0.11396752],"[ 0.04912281  5.76666667  0.26315789  5.26666667 -1.76503706  0.05087719
  5.73333333  0.26315789  5.23333333 -1.69364429  0.05263158  5.46666667
  0.26491228  5.43333333 -1.07348001  0.05614035  5.36666667  0.26842105
  5.53333333 -0.88603246]",141.02541065216064
0.046032,[-0.5411617],"[ 0.05087719  5.73333333  0.26315789  5.23333333 -1.69364429  0.05263158
  5.46666667  0.26491228  5.43333333 -1.07348001  0.05614035  5.36666667
  0.26842105  5.53333333 -0.88603246  0.06315789  5.56666667  0.27368421
  5.36666667 -1.54116178]",141.0847945213318
0.053700000000000005,[0.9329723],"[ 0.05263158  5.46666667  0.26491228  5.43333333 -1.07348001  0.05614035
  5.36666667  0.26842105  5.53333333 -0.88603246  0.06315789  5.56666667
  0.27368421  5.36666667 -1.54116178  0.06842105  5.56666667  0.28070175
  5.3        -0.06702769]",141.16474771499634
0.066468,[0.63983464],"[ 0.05614035  5.36666667  0.26842105  5.53333333 -0.88603246  0.06315789
  5.56666667  0.27368421  5.36666667 -1.54116178  0.06842105  5.56666667
  0.28070175  5.3        -0.06702769  0.0754386   5.43333333  0.28947368
  5.43333333 -0.36016536]",141.23973989486694
0.07669999999999999,[0.63289386],"[ 0.06315789  5.56666667  0.27368421  5.36666667 -1.54116178  0.06842105
  5.56666667  0.28070175  5.3        -0.06702769  0.0754386   5.43333333
  0.28947368  5.43333333 -0.36016536  0.08421053  5.6         0.29649123
  5.16666667 -0.36710614]",141.32384777069092
0.094548,[0.45253772],"[ 0.06842105  5.56666667  0.28070175  5.3        -0.06702769  0.0754386
  5.43333333  0.28947368  5.43333333 -0.36016536  0.08421053  5.6
  0.29649123  5.16666667 -0.36710614  0.09473684  5.8         0.30175439
  4.83333333 -0.54746228]",141.4134418964386
0.09965199999999999,[-0.1562004],"[ 0.0754386   5.43333333  0.28947368  5.43333333 -0.36016536  0.08421053
  5.6         0.29649123  5.16666667 -0.36710614  0.09473684  5.8
  0.30175439  4.83333333 -0.54746228  0.1         5.86666667  0.30350877
  4.66666667 -1.15620041]",141.4801046848297
0.109868,[0.4384563],"[ 0.08421053  5.6         0.29649123  5.16666667 -0.36710614  0.09473684
  5.8         0.30175439  4.83333333 -0.54746228  0.1         5.86666667
  0.30350877  4.66666667 -1.15620041  0.10526316  5.93333333  0.30526316
  4.6        -0.5615437 ]",141.57860255241394
0.109868,[-0.12334067],"[ 0.09473684  5.8         0.30175439  4.83333333 -0.54746228  0.1
  5.86666667  0.30350877  4.66666667 -1.15620041  0.10526316  5.93333333
  0.30526316  4.6        -0.5615437   0.10701754  5.86666667  0.30877193
  4.6        -1.12334073]",141.64798021316528
0.117516,[0.50250745],"[ 0.1         5.86666667  0.30350877  4.66666667 -1.15620041  0.10526316
  5.93333333  0.30526316  4.6        -0.5615437   0.10701754  5.86666667
  0.30877193  4.6        -1.12334073  0.1122807   5.9         0.3122807
  4.36666667 -0.49749255]",141.72799801826477
0.12007600000000003,[0.7811993],"[ 0.10526316  5.93333333  0.30526316  4.6        -0.5615437   0.10701754
  5.86666667  0.30877193  4.6        -1.12334073  0.1122807   5.9
  0.3122807   4.36666667 -0.49749255  0.11578947  5.83333333  0.31929825
  4.26666667 -0.21880072]",141.80601859092712
0.135408,[-0.36881799],"[ 0.10701754  5.86666667  0.30877193  4.6        -1.12334073  0.1122807
  5.9         0.3122807   4.36666667 -0.49749255  0.11578947  5.83333333
  0.31929825  4.26666667 -0.21880072  0.1245614   6.          0.32280702
  4.03333333 -1.36881804]",141.88801503181458
0.17375599999999997,[-0.99573886],"[ 0.1122807   5.9         0.3122807   4.36666667 -0.49749255  0.11578947
  5.83333333  0.31929825  4.26666667 -0.21880072  0.1245614   6.
  0.32280702  4.03333333 -1.36881804  0.15263158  5.86666667  0.32280702
  3.76666667 -1.99573886]",141.97293138504028
0.16610399999999997,[0.00632842],"[ 0.11578947  5.83333333  0.31929825  4.26666667 -0.21880072  0.1245614
  6.          0.32280702  4.03333333 -1.36881804  0.15263158  5.86666667
  0.32280702  3.76666667 -1.99573886  0.14912281  5.7         0.32982456
  3.8        -0.9936716 ]",142.0534679889679
0.153352,[0.41313383],"[ 0.1245614   6.          0.32280702  4.03333333 -1.36881804  0.15263158
  5.86666667  0.32280702  3.76666667 -1.99573886  0.14912281  5.7
  0.32982456  3.8        -0.9936716   0.14561404  5.36666667  0.33859649
  3.96666667 -0.58686614]",142.1298062801361
0.15592,[0.22908516],"[ 0.15263158  5.86666667  0.32280702  3.76666667 -1.99573886  0.14912281
  5.7         0.32982456  3.8        -0.9936716   0.14561404  5.36666667
  0.33859649  3.96666667 -0.58686614  0.14912281  5.33333333  0.34210526
  3.76666667 -0.77091485]",142.2035768032074
0.16106000000000004,[-0.58623827],"[ 0.14912281  5.7         0.32982456  3.8        -0.9936716   0.14561404
  5.36666667  0.33859649  3.96666667 -0.58686614  0.14912281  5.33333333
  0.34210526  3.76666667 -0.77091485  0.15789474  5.4         0.34561404
  3.66666667 -1.58623827]",142.2861876487732
0.16619200000000003,[0.9146677],"[ 0.14561404  5.36666667  0.33859649  3.96666667 -0.58686614  0.14912281
  5.33333333  0.34210526  3.76666667 -0.77091485  0.15789474  5.4
  0.34561404  3.66666667 -1.58623827  0.16315789  5.33333333  0.35614035
  3.73333333 -0.08533227]",142.37318086624146
0.173884,[0.13040553],"[ 0.14912281  5.33333333  0.34210526  3.76666667 -0.77091485  0.15789474
  5.4         0.34561404  3.66666667 -1.58623827  0.16315789  5.33333333
  0.35614035  3.73333333 -0.08533227  0.17017544  5.1         0.37017544
  3.8        -0.86959445]",142.4398512840271
0.18662400000000004,[0.6515968],"[ 0.15789474  5.4         0.34561404  3.66666667 -1.58623827  0.16315789
  5.33333333  0.35614035  3.73333333 -0.08533227  0.17017544  5.1
  0.37017544  3.8        -0.86959445  0.18070175  5.16666667  0.37894737
  3.66666667 -0.34840322]",142.51845359802246
0.194252,[0.81547165],"[ 0.16315789  5.33333333  0.35614035  3.73333333 -0.08533227  0.17017544
  5.1         0.37017544  3.8        -0.86959445  0.18070175  5.16666667
  0.37894737  3.66666667 -0.34840322  0.18947368  5.4         0.38245614
  3.76666667 -0.18452835]",142.61166620254517
0.19169200000000003,[-0.48384255],"[ 0.17017544  5.1         0.37017544  3.8        -0.86959445  0.18070175
  5.16666667  0.37894737  3.66666667 -0.34840322  0.18947368  5.4
  0.38245614  3.76666667 -0.18452835  0.19473684  5.63333333  0.38421053
  3.8        -1.48384261]",142.67647457122803
0.18913600000000003,[0.86706007],"[ 0.18070175  5.16666667  0.37894737  3.66666667 -0.34840322  0.18947368
  5.4         0.38245614  3.76666667 -0.18452835  0.19473684  5.63333333
  0.38421053  3.8        -1.48384261  0.19824561  5.63333333  0.38596491
  3.8        -0.13293993]",142.7547311782837
0.173812,[0.9629196],"[ 0.18947368  5.4         0.38245614  3.76666667 -0.18452835  0.19473684
  5.63333333  0.38421053  3.8        -1.48384261  0.19824561  5.63333333
  0.38596491  3.8        -0.13293993  0.19473684  5.4         0.39298246
  3.9        -0.03708041]",142.84077715873718
0.17381199999999997,[0.28892308],"[ 0.19473684  5.63333333  0.38421053  3.8        -1.48384261  0.19824561
  5.63333333  0.38596491  3.8        -0.13293993  0.19473684  5.4
  0.39298246  3.9        -0.03708041  0.20350877  5.56666667  0.39298246
  3.8        -0.71107692]",142.9153802394867
0.168696,[0.86895925],"[ 0.19824561  5.63333333  0.38596491  3.8        -0.13293993  0.19473684
  5.4         0.39298246  3.9        -0.03708041  0.20350877  5.56666667
  0.39298246  3.8        -0.71107692  0.21052632  5.8         0.39122807
  3.7        -0.13104075]",142.99668192863464
0.161032,[-0.9131005],"[ 0.19473684  5.4         0.39298246  3.9        -0.03708041  0.20350877
  5.56666667  0.39298246  3.8        -0.71107692  0.21052632  5.8
  0.39122807  3.7        -0.13104075  0.21052632  5.83333333  0.39122807
  3.73333333 -1.91310048]",143.07375979423523
0.16359200000000002,[0.46506333],"[ 0.20350877  5.56666667  0.39298246  3.8        -0.71107692  0.21052632
  5.8         0.39122807  3.7        -0.13104075  0.21052632  5.83333333
  0.39122807  3.73333333 -1.91310048  0.21754386  5.86666667  0.39122807
  3.6        -0.53493667]",143.15587186813354
0.16103200000000004,[-0.4642098],"[ 0.21052632  5.8         0.39122807  3.7        -0.13104075  0.21052632
  5.83333333  0.39122807  3.73333333 -1.91310048  0.21754386  5.86666667
  0.39122807  3.6        -0.53493667  0.21754386  5.83333333  0.39473684
  3.63333333 -1.46420979]",143.23376154899597
0.15847600000000003,[0.21123439],"[ 0.21052632  5.83333333  0.39122807  3.73333333 -1.91310048  0.21754386
  5.86666667  0.39122807  3.6        -0.53493667  0.21754386  5.83333333
  0.39473684  3.63333333 -1.46420979  0.22105263  5.86666667  0.39649123
  3.66666667 -0.78876561]",143.31386971473694
0.15846799999999997,[-0.49660343],"[ 0.21754386  5.86666667  0.39122807  3.6        -0.53493667  0.21754386
  5.83333333  0.39473684  3.63333333 -1.46420979  0.22105263  5.86666667
  0.39649123  3.66666667 -0.78876561  0.2245614   5.86666667  0.40350877
  3.73333333 -1.49660349]",143.39605498313904
0.150824,[-0.30160007],"[ 0.21754386  5.83333333  0.39473684  3.63333333 -1.46420979  0.22105263
  5.86666667  0.39649123  3.66666667 -0.78876561  0.2245614   5.86666667
  0.40350877  3.73333333 -1.49660349  0.22807018  5.83333333  0.41052632
  3.73333333 -1.3016001 ]",143.47379636764526
0.109932,[0.13020837],"[ 0.22105263  5.86666667  0.39649123  3.66666667 -0.78876561  0.2245614
  5.86666667  0.40350877  3.73333333 -1.49660349  0.22807018  5.83333333
  0.41052632  3.73333333 -1.3016001   0.22807018  5.66666667  0.41754386
  3.83333333 -0.86979163]",143.56080317497253
0.12013600000000002,[-0.5263338],"[ 0.2245614   5.86666667  0.40350877  3.73333333 -1.49660349  0.22807018
  5.83333333  0.41052632  3.73333333 -1.3016001   0.22807018  5.66666667
  0.41754386  3.83333333 -0.86979163  0.23157895  5.66666667  0.41754386
  3.7        -1.52633381]",143.63557624816895
0.12520800000000004,[0.76108384],"[ 0.22807018  5.83333333  0.41052632  3.73333333 -1.3016001   0.22807018
  5.66666667  0.41754386  3.83333333 -0.86979163  0.23157895  5.66666667
  0.41754386  3.7        -1.52633381  0.23157895  5.66666667  0.41578947
  3.66666667 -0.23891616]",143.74481201171875
0.11244800000000003,[0.8023163],"[ 0.22807018  5.66666667  0.41754386  3.83333333 -0.86979163  0.23157895
  5.66666667  0.41754386  3.7        -1.52633381  0.23157895  5.66666667
  0.41578947  3.66666667 -0.23891616  0.22631579  5.46666667  0.41929825
  3.76666667 -0.19768369]",143.7937228679657
0.10988400000000001,[0.31244192],"[ 0.23157895  5.66666667  0.41754386  3.7        -1.52633381  0.23157895
  5.66666667  0.41578947  3.66666667 -0.23891616  0.22631579  5.46666667
  0.41929825  3.76666667 -0.19768369  0.23333333  5.6         0.41754386
  3.63333333 -0.68755805]",143.88016080856323
0.11240800000000002,[0.3855248],"[ 0.23157895  5.66666667  0.41578947  3.66666667 -0.23891616  0.22631579
  5.46666667  0.41929825  3.76666667 -0.19768369  0.23333333  5.6
  0.41754386  3.63333333 -0.68755805  0.24035088  5.8         0.41754386
  3.7        -0.61447519]",143.9576678276062
0.104712,[-0.4585453],"[ 0.22631579  5.46666667  0.41929825  3.76666667 -0.19768369  0.23333333
  5.6         0.41754386  3.63333333 -0.68755805  0.24035088  5.8
  0.41754386  3.7        -0.61447519  0.24210526  5.8         0.4245614
  3.83333333 -1.45854533]",144.03797674179077
0.09449600000000002,[-0.90924704],"[ 0.23333333  5.6         0.41754386  3.63333333 -0.68755805  0.24035088
  5.8         0.41754386  3.7        -0.61447519  0.24210526  5.8
  0.4245614   3.83333333 -1.45854533  0.24561404  5.8         0.43157895
  3.9        -1.90924704]",144.11385893821716
0.07922000000000001,[-0.62504405],"[ 0.24035088  5.8         0.41754386  3.7        -0.61447519  0.24210526
  5.8         0.4245614   3.83333333 -1.45854533  0.24561404  5.8
  0.43157895  3.9        -1.90924704  0.24385965  5.53333333  0.44561404
  4.23333333 -1.62504411]",144.19543528556824
0.07416,[0.72954166],"[ 0.24210526  5.8         0.4245614   3.83333333 -1.45854533  0.24561404
  5.8         0.43157895  3.9        -1.90924704  0.24385965  5.53333333
  0.44561404  4.23333333 -1.62504411  0.24561404  5.33333333  0.45614035
  4.53333333 -0.27045834]",144.27454447746277
0.07158799999999998,[0.5279551],"[ 0.24561404  5.8         0.43157895  3.9        -1.90924704  0.24385965
  5.53333333  0.44561404  4.23333333 -1.62504411  0.24561404  5.33333333
  0.45614035  4.53333333 -0.27045834  0.24736842  5.46666667  0.45789474
  4.6        -0.47204489]",144.35447692871094
0.084312,[0.45175797],"[ 0.24385965  5.53333333  0.44561404  4.23333333 -1.62504411  0.24561404
  5.33333333  0.45614035  4.53333333 -0.27045834  0.24736842  5.46666667
  0.45789474  4.6        -0.47204489  0.25263158  5.7         0.45614035
  4.43333333 -0.54824203]",144.4439115524292
0.079204,[-0.21194316],"[ 0.24561404  5.33333333  0.45614035  4.53333333 -0.27045834  0.24736842
  5.46666667  0.45789474  4.6        -0.47204489  0.25263158  5.7
  0.45614035  4.43333333 -0.54824203  0.25789474  5.83333333  0.45438596
  4.26666667 -1.21194315]",144.51473903656006
0.06901599999999997,[0.5148442],"[ 0.24736842  5.46666667  0.45789474  4.6        -0.47204489  0.25263158
  5.7         0.45614035  4.43333333 -0.54824203  0.25789474  5.83333333
  0.45438596  4.26666667 -1.21194315  0.25789474  5.76666667  0.45438596
  4.23333333 -0.48515582]",144.609867811203
0.07413599999999998,[0.96367425],"[ 0.25263158  5.7         0.45614035  4.43333333 -0.54824203  0.25789474
  5.83333333  0.45438596  4.26666667 -1.21194315  0.25789474  5.76666667
  0.45438596  4.23333333 -0.48515582  0.26140351  5.73333333  0.45614035
  4.23333333 -0.03632575]",144.6863317489624
0.07921999999999996,[-0.68901044],"[ 0.25789474  5.83333333  0.45438596  4.26666667 -1.21194315  0.25789474
  5.76666667  0.45438596  4.23333333 -0.48515582  0.26140351  5.73333333
  0.45614035  4.23333333 -0.03632575  0.27192982  6.          0.45614035
  4.03333333 -1.68901038]",144.7574074268341
0.091976,[0.86565155],"[ 0.25789474  5.76666667  0.45438596  4.23333333 -0.48515582  0.26140351
  5.73333333  0.45614035  4.23333333 -0.03632575  0.27192982  6.
  0.45614035  4.03333333 -1.68901038  0.28070175  6.16666667  0.45789474
  3.9        -0.13434845]",144.83991694450378
0.08687599999999995,[0.16166997],"[ 0.26140351  5.73333333  0.45614035  4.23333333 -0.03632575  0.27192982
  6.          0.45614035  4.03333333 -1.68901038  0.28070175  6.16666667
  0.45789474  3.9        -0.13434845  0.28070175  6.1         0.46140351
  4.         -0.83833003]",144.91538166999817
0.08943600000000002,[-0.10523237],"[ 0.27192982  6.          0.45614035  4.03333333 -1.68901038  0.28070175
  6.16666667  0.45789474  3.9        -0.13434845  0.28070175  6.1
  0.46140351  4.         -0.83833003  0.28596491  6.06666667  0.46315789
  3.83333333 -1.10523236]",144.99821543693542
0.08434000000000003,[-0.25278783],"[ 0.28070175  6.16666667  0.45789474  3.9        -0.13434845  0.28070175
  6.1         0.46140351  4.         -0.83833003  0.28596491  6.06666667
  0.46315789  3.83333333 -1.10523236  0.28596491  5.9         0.46491228
  3.73333333 -1.25278783]",145.0765392780304
0.08433599999999997,[-0.54448074],"[ 0.28070175  6.1         0.46140351  4.         -0.83833003  0.28596491
  6.06666667  0.46315789  3.83333333 -1.10523236  0.28596491  5.9
  0.46491228  3.73333333 -1.25278783  0.28596491  5.76666667  0.47017544
  3.76666667 -1.5444808 ]",145.15393209457397
0.07923599999999997,[0.563424],"[ 0.28596491  6.06666667  0.46315789  3.83333333 -1.10523236  0.28596491
  5.9         0.46491228  3.73333333 -1.25278783  0.28596491  5.76666667
  0.47017544  3.76666667 -1.5444808   0.28596491  5.66666667  0.47368421
  3.8        -0.43657601]",145.2338056564331
0.08435999999999999,[-0.61450344],"[ 0.28596491  5.9         0.46491228  3.73333333 -1.25278783  0.28596491
  5.76666667  0.47017544  3.76666667 -1.5444808   0.28596491  5.66666667
  0.47368421  3.8        -0.43657601  0.28947368  5.56666667  0.47719298
  3.73333333 -1.61450338]",145.32409858703613
0.09710799999999997,[-0.3199555],"[ 0.28596491  5.76666667  0.47017544  3.76666667 -1.5444808   0.28596491
  5.66666667  0.47368421  3.8        -0.43657601  0.28947368  5.56666667
  0.47719298  3.73333333 -1.61450338  0.29298246  5.63333333  0.47894737
  3.7        -1.31995547]",145.39673042297363
0.08180799999999999,[-0.5355965],"[ 0.28596491  5.66666667  0.47368421  3.8        -0.43657601  0.28947368
  5.56666667  0.47719298  3.73333333 -1.61450338  0.29298246  5.63333333
  0.47894737  3.7        -1.31995547  0.28947368  5.46666667  0.48596491
  3.9        -1.53559649]",145.48013019561768
0.07162000000000002,[-0.53037757],"[ 0.28947368  5.56666667  0.47719298  3.73333333 -1.61450338  0.29298246
  5.63333333  0.47894737  3.7        -1.31995547  0.28947368  5.46666667
  0.48596491  3.9        -1.53559649  0.28947368  5.36666667  0.48947368
  3.96666667 -1.53037763]",145.5591254234314
0.07163199999999997,[0.90775365],"[ 0.29298246  5.63333333  0.47894737  3.7        -1.31995547  0.28947368
  5.46666667  0.48596491  3.9        -1.53559649  0.28947368  5.36666667
  0.48947368  3.96666667 -1.53037763  0.29122807  5.26666667  0.49473684
  4.06666667 -0.09224635]",145.65429759025574
0.07162399999999997,[-0.67576456],"[ 0.28947368  5.46666667  0.48596491  3.9        -1.53559649  0.28947368
  5.36666667  0.48947368  3.96666667 -1.53037763  0.29122807  5.26666667
  0.49473684  4.06666667 -0.09224635  0.29473684  5.33333333  0.49649123
  4.1        -1.67576456]",145.74728846549988
0.08179600000000004,[0.76525205],"[ 0.28947368  5.36666667  0.48947368  3.96666667 -1.53037763  0.29122807
  5.26666667  0.49473684  4.06666667 -0.09224635  0.29473684  5.33333333
  0.49649123  4.1        -1.67576456  0.3         5.5         0.49649123
  3.93333333 -0.23474795]",145.8010904788971
0.07668799999999998,[0.8142981],"[ 0.29122807  5.26666667  0.49473684  4.06666667 -0.09224635  0.29473684
  5.33333333  0.49649123  4.1        -1.67576456  0.3         5.5
  0.49649123  3.93333333 -0.23474795  0.29824561  5.26666667  0.5
  4.         -0.18570191]",145.87602019309998
0.079264,[0.23112778],"[ 0.29473684  5.33333333  0.49649123  4.1        -1.67576456  0.3
  5.5         0.49649123  3.93333333 -0.23474795  0.29824561  5.26666667
  0.5         4.         -0.18570191  0.30175439  5.23333333  0.50175439
  3.93333333 -0.7688722 ]",145.958735704422
0.08438000000000001,[0.45709345],"[ 0.3         5.5         0.49649123  3.93333333 -0.23474795  0.29824561
  5.26666667  0.5         4.         -0.18570191  0.30175439  5.23333333
  0.50175439  3.93333333 -0.7688722   0.31052632  5.43333333  0.50175439
  3.66666667 -0.54290652]",146.0338237285614
0.08182800000000001,[-0.31195465],"[ 0.29824561  5.26666667  0.5         4.         -0.18570191  0.30175439
  5.23333333  0.50175439  3.93333333 -0.7688722   0.31052632  5.43333333
  0.50175439  3.66666667 -0.54290652  0.31403509  5.53333333  0.50350877
  3.76666667 -1.31195462]",146.12144541740417
0.08438000000000001,[0.01379385],"[ 0.30175439  5.23333333  0.50175439  3.93333333 -0.7688722   0.31052632
  5.43333333  0.50175439  3.66666667 -0.54290652  0.31403509  5.53333333
  0.50350877  3.76666667 -1.31195462  0.31578947  5.5         0.50877193
  3.83333333 -0.98620617]",146.19960188865662
0.08183600000000002,[-0.70026034],"[ 0.31052632  5.43333333  0.50175439  3.66666667 -0.54290652  0.31403509
  5.53333333  0.50350877  3.76666667 -1.31195462  0.31578947  5.5
  0.50877193  3.83333333 -0.98620617  0.31754386  5.36666667  0.51578947
  3.9        -1.7002604 ]",146.27790808677673
0.07675600000000005,[-0.16218612],"[ 0.31403509  5.53333333  0.50350877  3.76666667 -1.31195462  0.31578947
  5.5         0.50877193  3.83333333 -0.98620617  0.31754386  5.36666667
  0.51578947  3.9        -1.7002604   0.3245614   5.36666667  0.5245614
  3.9        -1.16218615]",146.3583059310913
0.07167999999999997,[0.68828326],"[ 0.31578947  5.5         0.50877193  3.83333333 -0.98620617  0.31754386
  5.36666667  0.51578947  3.9        -1.7002604   0.3245614   5.36666667
  0.5245614   3.9        -1.16218615  0.32982456  5.23333333  0.53508772
  4.1        -0.31171674]",146.4337501525879
0.08188000000000001,[-0.65377116],"[ 0.31754386  5.36666667  0.51578947  3.9        -1.7002604   0.3245614
  5.36666667  0.5245614   3.9        -1.16218615  0.32982456  5.23333333
  0.53508772  4.1        -0.31171674  0.33684211  5.36666667  0.53684211
  4.         -1.65377116]",146.51609563827515
0.081868,[-0.7525973],"[ 0.3245614   5.36666667  0.5245614   3.9        -1.16218615  0.32982456
  5.23333333  0.53508772  4.1        -0.31171674  0.33684211  5.36666667
  0.53684211  4.         -1.65377116  0.34210526  5.43333333  0.53508772
  3.76666667 -1.75259733]",146.59633564949036
0.07422400000000001,[0.7625072],"[ 0.32982456  5.23333333  0.53508772  4.1        -0.31171674  0.33684211
  5.36666667  0.53684211  4.         -1.65377116  0.34210526  5.43333333
  0.53508772  3.76666667 -1.75259733  0.33684211  5.06666667  0.54035088
  3.93333333 -0.2374928 ]",146.67736768722534
0.07422800000000002,[0.29841453],"[ 0.33684211  5.36666667  0.53684211  4.         -1.65377116  0.34210526
  5.43333333  0.53508772  3.76666667 -1.75259733  0.33684211  5.06666667
  0.54035088  3.93333333 -0.2374928   0.33684211  4.9         0.54561404
  4.03333333 -0.70158547]",146.75559735298157
0.08697600000000005,[0.08844466],"[ 0.34210526  5.43333333  0.53508772  3.76666667 -1.75259733  0.33684211
  5.06666667  0.54035088  3.93333333 -0.2374928   0.33684211  4.9
  0.54561404  4.03333333 -0.70158547  0.34561404  5.06666667  0.54912281
  3.83333333 -0.91155535]",146.83652639389038
0.09718000000000004,[-0.29684356],"[ 0.33684211  5.06666667  0.54035088  3.93333333 -0.2374928   0.33684211
  4.9         0.54561404  4.03333333 -0.70158547  0.34561404  5.06666667
  0.54912281  3.83333333 -0.91155535  0.35614035  5.13333333  0.55614035
  3.73333333 -1.29684353]",146.92643117904663
0.10231199999999996,[-0.02948393],"[ 0.33684211  4.9         0.54561404  4.03333333 -0.70158547  0.34561404
  5.06666667  0.54912281  3.83333333 -0.91155535  0.35614035  5.13333333
  0.55614035  3.73333333 -1.29684353  0.36315789  5.03333333  0.56491228
  3.76666667 -1.02948391]",147.0009253025055
0.11509199999999997,[-0.7016993],"[ 0.34561404  5.06666667  0.54912281  3.83333333 -0.91155535  0.35614035
  5.13333333  0.55614035  3.73333333 -1.29684353  0.36315789  5.03333333
  0.56491228  3.76666667 -1.02948391  0.36842105  4.86666667  0.57368421
  3.73333333 -1.70169926]",147.07742524147034
0.12273999999999996,[0.2197928],"[ 0.35614035  5.13333333  0.55614035  3.73333333 -1.29684353  0.36315789
  5.03333333  0.56491228  3.76666667 -1.02948391  0.36842105  4.86666667
  0.57368421  3.73333333 -1.70169926  0.37368421  4.93333333  0.57719298
  3.8        -0.78020722]",147.15811729431152
0.12273600000000003,[-0.40030074],"[ 0.36315789  5.03333333  0.56491228  3.76666667 -1.02948391  0.36842105
  4.86666667  0.57368421  3.73333333 -1.70169926  0.37368421  4.93333333
  0.57719298  3.8        -0.78020722  0.3754386   4.86666667  0.58421053
  4.03333333 -1.40030074]",147.23545503616333
0.125284,[-0.9206922],"[ 0.36842105  4.86666667  0.57368421  3.73333333 -1.70169926  0.37368421
  4.93333333  0.57719298  3.8        -0.78020722  0.3754386   4.86666667
  0.58421053  4.03333333 -1.40030074  0.38070175  5.          0.58596491
  4.         -1.92069221]",147.31751251220703
0.11509599999999998,[-0.95520514],"[ 0.37368421  4.93333333  0.57719298  3.8        -0.78020722  0.3754386
  4.86666667  0.58421053  4.03333333 -1.40030074  0.38070175  5.
  0.58596491  4.         -1.92069221  0.37894737  4.86666667  0.58947368
  4.2        -1.9552052 ]",147.40472221374512
0.11766000000000003,[0.24918361],"[ 0.3754386   4.86666667  0.58421053  4.03333333 -1.40030074  0.38070175
  5.          0.58596491  4.         -1.92069221  0.37894737  4.86666667
  0.58947368  4.2        -1.9552052   0.37894737  4.56666667  0.59298246
  4.4        -0.7508164 ]",147.4856915473938
0.11766000000000006,[0.16094981],"[ 0.38070175  5.          0.58596491  4.         -1.92069221  0.37894737
  4.86666667  0.58947368  4.2        -1.9552052   0.37894737  4.56666667
  0.59298246  4.4        -0.7508164   0.38245614  4.53333333  0.59649123
  4.46666667 -0.83905017]",147.55933356285095
0.11255600000000006,[0.67864877],"[ 0.37894737  4.86666667  0.58947368  4.2        -1.9552052   0.37894737
  4.56666667  0.59298246  4.4        -0.7508164   0.38245614  4.53333333
  0.59649123  4.46666667 -0.83905017  0.3877193   4.66666667  0.60175439
  4.3        -0.32135123]",147.6467092037201
0.11766400000000003,[-0.23295328],"[ 0.37894737  4.56666667  0.59298246  4.4        -0.7508164   0.38245614
  4.53333333  0.59649123  4.46666667 -0.83905017  0.3877193   4.66666667
  0.60175439  4.3        -0.32135123  0.39473684  4.8         0.60526316
  4.13333333 -1.23295331]",147.7237708568573
0.12276400000000005,[0.94559854],"[ 0.38245614  4.53333333  0.59649123  4.46666667 -0.83905017  0.3877193
  4.66666667  0.60175439  4.3        -0.32135123  0.39473684  4.8
  0.60526316  4.13333333 -1.23295331  0.4         4.86666667  0.60877193
  4.         -0.05440146]",147.8083484172821
0.12276400000000005,[-0.06338591],"[ 0.3877193   4.66666667  0.60175439  4.3        -0.32135123  0.39473684
  4.8         0.60526316  4.13333333 -1.23295331  0.4         4.86666667
  0.60877193  4.         -0.05440146  0.40175439  4.73333333  0.6122807
  4.06666667 -1.06338596]",147.88791275024414
0.12274400000000003,[-0.0452402],"[ 0.39473684  4.8         0.60526316  4.13333333 -1.23295331  0.4
  4.86666667  0.60877193  4.         -0.05440146  0.40175439  4.73333333
  0.6122807   4.06666667 -1.06338596  0.40877193  4.9         0.61754386
  3.96666667 -1.04524016]",147.96868515014648
0.12528000000000006,[-0.5054647],"[ 0.4         4.86666667  0.60877193  4.         -0.05440146  0.40175439
  4.73333333  0.6122807   4.06666667 -1.06338596  0.40877193  4.9
  0.61754386  3.96666667 -1.04524016  0.41578947  4.93333333  0.6245614
  4.03333333 -1.50546467]",148.04444646835327
0.12019199999999997,[-0.4714247],"[ 0.40175439  4.73333333  0.6122807   4.06666667 -1.06338596  0.40877193
  4.9         0.61754386  3.96666667 -1.04524016  0.41578947  4.93333333
  0.6245614   4.03333333 -1.50546467  0.41929825  4.86666667  0.62982456
  4.16666667 -1.4714247 ]",148.13056588172913
0.12021599999999999,[-0.55384773],"[ 0.40877193  4.9         0.61754386  3.96666667 -1.04524016  0.41578947
  4.93333333  0.6245614   4.03333333 -1.50546467  0.41929825  4.86666667
  0.62982456  4.16666667 -1.4714247   0.4245614   4.73333333  0.63684211
  4.26666667 -1.55384779]",148.1994068622589
0.13551199999999997,[-0.21519095],"[ 0.41578947  4.93333333  0.6245614   4.03333333 -1.50546467  0.41929825
  4.86666667  0.62982456  4.16666667 -1.4714247   0.4245614   4.73333333
  0.63684211  4.26666667 -1.55384779  0.42982456  4.7         0.64210526
  4.3        -1.21519089]",148.2837393283844
0.145716,[0.8514054],"[ 0.41929825  4.86666667  0.62982456  4.16666667 -1.4714247   0.4245614
  4.73333333  0.63684211  4.26666667 -1.55384779  0.42982456  4.7
  0.64210526  4.3        -1.21519089  0.43684211  4.7         0.64736842
  4.33333333 -0.14859462]",148.36866426467896
0.13805599999999996,[-0.9998893],"[ 0.4245614   4.73333333  0.63684211  4.26666667 -1.55384779  0.42982456
  4.7         0.64210526  4.3        -1.21519089  0.43684211  4.7
  0.64736842  4.33333333 -0.14859462  0.44035088  4.8         0.65087719
  4.2        -1.99988937]",148.44830965995789
0.12783199999999995,[-0.7890505],"[ 0.42982456  4.7         0.64210526  4.3        -1.21519089  0.43684211
  4.7         0.64736842  4.33333333 -0.14859462  0.44035088  4.8
  0.65087719  4.2        -1.99988937  0.44385965  4.86666667  0.65087719
  3.9        -1.78905058]",148.5181450843811
0.11507200000000006,[0.7136416],"[ 0.43684211  4.7         0.64736842  4.33333333 -0.14859462  0.44035088
  4.8         0.65087719  4.2        -1.99988937  0.44385965  4.86666667
  0.65087719  3.9        -1.78905058  0.44210526  4.6         0.65263158
  3.96666667 -0.28635842]",148.59887218475342
0.10996800000000007,[-0.26724264],"[ 0.44035088  4.8         0.65087719  4.2        -1.99988937  0.44385965
  4.86666667  0.65087719  3.9        -1.78905058  0.44210526  4.6
  0.65263158  3.96666667 -0.28635842  0.44385965  4.36666667  0.65789474
  4.16666667 -1.26724267]",148.6855947971344
0.11507600000000007,[0.57678056],"[ 0.44385965  4.86666667  0.65087719  3.9        -1.78905058  0.44210526
  4.6         0.65263158  3.96666667 -0.28635842  0.44385965  4.36666667
  0.65789474  4.16666667 -1.26724267  0.45263158  4.46666667  0.66491228
  4.1        -0.42321944]",148.77708768844604
0.12529199999999996,[-0.09085958],"[ 0.44210526  4.6         0.65263158  3.96666667 -0.28635842  0.44385965
  4.36666667  0.65789474  4.16666667 -1.26724267  0.45263158  4.46666667
  0.66491228  4.1        -0.42321944  0.46140351  4.46666667  0.67368421
  4.06666667 -1.09085953]",148.8430197238922
0.13551599999999997,[-0.80665976],"[ 0.44385965  4.36666667  0.65789474  4.16666667 -1.26724267  0.45263158
  4.46666667  0.66491228  4.1        -0.42321944  0.46140351  4.46666667
  0.67368421  4.06666667 -1.09085953  0.47368421  4.6         0.68421053
  3.86666667 -1.8066597 ]",148.92653107643127
0.14829599999999998,[0.01946426],"[ 0.45263158  4.46666667  0.66491228  4.1        -0.42321944  0.46140351
  4.46666667  0.67368421  4.06666667 -1.09085953  0.47368421  4.6
  0.68421053  3.86666667 -1.8066597   0.48070175  4.46666667  0.69298246
  3.86666667 -0.98053575]",149.01316022872925
0.161068,[0.22027335],"[ 0.46140351  4.46666667  0.67368421  4.06666667 -1.09085953  0.47368421
  4.6         0.68421053  3.86666667 -1.8066597   0.48070175  4.46666667
  0.69298246  3.86666667 -0.98053575  0.48947368  4.23333333  0.70350877
  4.1        -0.77972662]",149.07785844802856
0.17126799999999998,[-0.27231878],"[ 0.47368421  4.6         0.68421053  3.86666667 -1.8066597   0.48070175
  4.46666667  0.69298246  3.86666667 -0.98053575  0.48947368  4.23333333
  0.70350877  4.1        -0.77972662  0.5         4.4         0.7122807
  4.03333333 -1.27231884]",149.17679071426392
0.176388,[-0.6893379],"[ 0.48070175  4.46666667  0.69298246  3.86666667 -0.98053575  0.48947368
  4.23333333  0.70350877  4.1        -0.77972662  0.5         4.4
  0.7122807   4.03333333 -1.27231884  0.50877193  4.46666667  0.72105263
  3.96666667 -1.68933797]",149.23786306381226
0.17131999999999992,[-0.23957896],"[ 0.48947368  4.23333333  0.70350877  4.1        -0.77972662  0.5
  4.4         0.7122807   4.03333333 -1.27231884  0.50877193  4.46666667
  0.72105263  3.96666667 -1.68933797  0.5122807   4.23333333  0.72807018
  4.06666667 -1.23957896]",149.32170176506042
0.17900799999999994,[-0.8053092],"[ 0.5         4.4         0.7122807   4.03333333 -1.27231884  0.50877193
  4.46666667  0.72105263  3.96666667 -1.68933797  0.5122807   4.23333333
  0.72807018  4.06666667 -1.23957896  0.52280702  4.13333333  0.73508772
  4.13333333 -1.80530918]",149.40338850021362
0.19432399999999994,[0.3313565],"[ 0.50877193  4.46666667  0.72105263  3.96666667 -1.68933797  0.5122807
  4.23333333  0.72807018  4.06666667 -1.23957896  0.52280702  4.13333333
  0.73508772  4.13333333 -1.80530918  0.53508772  4.16666667  0.74912281
  4.16666667 -0.66864347]",149.49107813835144
0.20202799999999996,[0.10886616],"[ 0.5122807   4.23333333  0.72807018  4.06666667 -1.23957896  0.52280702
  4.13333333  0.73508772  4.13333333 -1.80530918  0.53508772  4.16666667
  0.74912281  4.16666667 -0.66864347  0.54736842  4.03333333  0.75964912
  4.3        -0.89113384]",149.57106232643127
0.20202399999999998,[-0.2680373],"[ 0.52280702  4.13333333  0.73508772  4.13333333 -1.80530918  0.53508772
  4.16666667  0.74912281  4.16666667 -0.66864347  0.54736842  4.03333333
  0.75964912  4.3        -0.89113384  0.55438596  4.1         0.77017544
  4.1        -1.26803732]",149.64026856422424
0.20712800000000006,[-0.04101859],"[ 0.53508772  4.16666667  0.74912281  4.16666667 -0.66864347  0.54736842
  4.03333333  0.75964912  4.3        -0.89113384  0.55438596  4.1
  0.77017544  4.1        -1.26803732  0.56140351  4.1         0.77719298
  3.96666667 -1.04101861]",149.72194623947144
0.2096680000000001,[-0.20634659],"[ 0.54736842  4.03333333  0.75964912  4.3        -0.89113384  0.55438596
  4.1         0.77017544  4.1        -1.26803732  0.56140351  4.1
  0.77719298  3.96666667 -1.04101861  0.56842105  4.1         0.78070175
  4.03333333 -1.20634663]",149.8025517463684
