reward,action,obs,time
,,"[0.         0.         0.         0.         0.         0.
 0.         0.         0.         0.         0.         0.
 0.         0.         0.         0.02982456 5.46666667 0.24561404
 5.5        0.        ]",3266.4518094062805
0.0025200000000000014,[0.7547909],"[ 0.          0.          0.          0.          0.          0.
  0.          0.          0.          0.          0.02982456  5.46666667
  0.24561404  5.5         0.          0.03157895  5.76666667  0.24561404
  5.36666667 -0.2452091 ]",3266.5529747009277
-4.000000000004e-06,[0.75209117],"[ 0.          0.          0.          0.          0.          0.02982456
  5.46666667  0.24561404  5.5         0.          0.03157895  5.76666667
  0.24561404  5.36666667 -0.2452091   0.02982456  5.5         0.24561404
  5.5        -0.24790883]",3266.6074166297913
-1.1999999999998123e-05,[0.5453056],"[ 0.02982456  5.46666667  0.24561404  5.5         0.          0.03157895
  5.76666667  0.24561404  5.36666667 -0.2452091   0.02982456  5.5
  0.24561404  5.5        -0.24790883  0.02982456  5.56666667  0.24561404
  5.46666667 -0.45469439]",3266.6577842235565
0.0025439999999999977,[-0.7568943],"[ 0.03157895  5.76666667  0.24561404  5.36666667 -0.2452091   0.02982456
  5.5         0.24561404  5.5        -0.24790883  0.02982456  5.56666667
  0.24561404  5.46666667 -0.45469439  0.03157895  5.56666667  0.24561404
  5.46666667 -1.75689435]",3266.707938194275
-1.1999999999998123e-05,[0.18608162],"[ 0.02982456  5.5         0.24561404  5.5        -0.24790883  0.02982456
  5.56666667  0.24561404  5.46666667 -0.45469439  0.03157895  5.56666667
  0.24561404  5.46666667 -1.75689435  0.02982456  5.56666667  0.24561404
  5.46666667 -0.81391835]",3266.758294582367
0.0025359999999999966,[-0.27655727],"[ 0.02982456  5.56666667  0.24561404  5.46666667 -0.45469439  0.03157895
  5.56666667  0.24561404  5.46666667 -1.75689435  0.02982456  5.56666667
  0.24561404  5.46666667 -0.81391835  0.03157895  5.63333333  0.24561404
  5.4        -1.27655721]",3266.8085482120514
0.005072,[0.5479404],"[ 0.03157895  5.56666667  0.24561404  5.46666667 -1.75689435  0.02982456
  5.56666667  0.24561404  5.46666667 -0.81391835  0.03157895  5.63333333
  0.24561404  5.4        -1.27655721  0.03333333  5.8         0.24561404
  5.23333333 -0.45205963]",3266.8589193820953
0.005083999999999998,[-0.44197044],"[ 0.02982456  5.56666667  0.24561404  5.46666667 -0.81391835  0.03157895
  5.63333333  0.24561404  5.4        -1.27655721  0.03333333  5.8
  0.24561404  5.23333333 -0.45205963  0.03333333  5.7         0.24561404
  5.3        -1.44197047]",3266.909217119217
0.0051,[-0.8209342],"[ 0.03157895  5.63333333  0.24561404  5.4        -1.27655721  0.03333333
  5.8         0.24561404  5.23333333 -0.45205963  0.03333333  5.7
  0.24561404  5.3        -1.44197047  0.03333333  5.56666667  0.24561404
  5.43333333 -1.82093418]",3266.959733724594
0.010208000000000002,[0.32571828],"[ 0.03333333  5.8         0.24561404  5.23333333 -0.45205963  0.03333333
  5.7         0.24561404  5.3        -1.44197047  0.03333333  5.56666667
  0.24561404  5.43333333 -1.82093418  0.03684211  5.6         0.24736842
  5.46666667 -0.67428172]",3267.013465642929
0.015339999999999998,[-0.91365147],"[ 0.03333333  5.7         0.24561404  5.3        -1.44197047  0.03333333
  5.56666667  0.24561404  5.43333333 -1.82093418  0.03684211  5.6
  0.24736842  5.46666667 -0.67428172  0.04035088  5.43333333  0.25263158
  5.6        -1.91365147]",3267.0933544635773
0.023012000000000005,[0.44467238],"[ 0.03333333  5.56666667  0.24561404  5.43333333 -1.82093418  0.03684211
  5.6         0.24736842  5.46666667 -0.67428172  0.04035088  5.43333333
  0.25263158  5.6        -1.91365147  0.04561404  5.4         0.25964912
  5.7        -0.55532765]",3267.1710934638977
0.033240000000000006,[-0.74837327],"[ 0.03684211  5.6         0.24736842  5.46666667 -0.67428172  0.04035088
  5.43333333  0.25263158  5.6        -1.91365147  0.04561404  5.4
  0.25964912  5.7        -0.55532765  0.05263158  5.36666667  0.26666667
  5.8        -1.74837327]",3267.246702194214
0.04346,[-0.19986205],"[ 0.04035088  5.43333333  0.25263158  5.6        -1.91365147  0.04561404
  5.4         0.25964912  5.7        -0.55532765  0.05263158  5.36666667
  0.26666667  5.8        -1.74837327  0.05964912  5.4         0.27368421
  5.76666667 -1.199862  ]",3267.328546524048
0.04858,[-0.91432047],"[ 0.04561404  5.4         0.25964912  5.7        -0.55532765  0.05263158
  5.36666667  0.26666667  5.8        -1.74837327  0.05964912  5.4
  0.27368421  5.76666667 -1.199862    0.06315789  5.33333333  0.27719298
  5.8        -1.91432047]",3267.411436319351
0.051136,[0.90294325],"[ 0.05263158  5.36666667  0.26666667  5.8        -1.74837327  0.05964912
  5.4         0.27368421  5.76666667 -1.199862    0.06315789  5.33333333
  0.27719298  5.8        -1.91432047  0.06491228  5.33333333  0.28070175
  5.86666667 -0.09705675]",3267.493262052536
0.058816,[0.2636111],"[ 0.05964912  5.4         0.27368421  5.76666667 -1.199862    0.06315789
  5.33333333  0.27719298  5.8        -1.91432047  0.06491228  5.33333333
  0.28070175  5.86666667 -0.09705675  0.07017544  5.23333333  0.28070175
  6.06666667 -0.73638892]",3267.573362350464
0.061343999999999996,[0.7258507],"[ 0.06315789  5.33333333  0.27719298  5.8        -1.91432047  0.06491228
  5.33333333  0.28070175  5.86666667 -0.09705675  0.07017544  5.23333333
  0.28070175  6.06666667 -0.73638892  0.07192982  5.46666667  0.28421053
  5.96666667 -0.2741493 ]",3267.6534543037415
0.06898,[-0.9602456],"[ 0.06491228  5.33333333  0.28070175  5.86666667 -0.09705675  0.07017544
  5.23333333  0.28070175  6.06666667 -0.73638892  0.07192982  5.46666667
  0.28421053  5.96666667 -0.2741493   0.07719298  5.73333333  0.29122807
  5.7        -1.96024561]",3267.7332730293274
0.076636,[0.5354263],"[ 0.07017544  5.23333333  0.28070175  6.06666667 -0.73638892  0.07192982
  5.46666667  0.28421053  5.96666667 -0.2741493   0.07719298  5.73333333
  0.29122807  5.7        -1.96024561  0.08245614  5.83333333  0.29649123
  5.56666667 -0.46457368]",3267.8132135868073
0.084356,[0.04810901],"[ 0.07192982  5.46666667  0.28421053  5.96666667 -0.2741493   0.07719298
  5.73333333  0.29122807  5.7        -1.96024561  0.08245614  5.83333333
  0.29649123  5.56666667 -0.46457368  0.08947368  5.7         0.30175439
  5.63333333 -0.95189101]",3267.8928260803223
0.09709200000000001,[-0.43504784],"[ 0.07719298  5.73333333  0.29122807  5.7        -1.96024561  0.08245614
  5.83333333  0.29649123  5.56666667 -0.46457368  0.08947368  5.7
  0.30175439  5.63333333 -0.95189101  0.09649123  5.8         0.30877193
  5.53333333 -1.43504786]",3267.96661567688
0.107324,[0.672161],"[ 0.08245614  5.83333333  0.29649123  5.56666667 -0.46457368  0.08947368
  5.7         0.30175439  5.63333333 -0.95189101  0.09649123  5.8
  0.30877193  5.53333333 -1.43504786  0.10350877  5.8         0.31754386
  5.6        -0.32783902]",3268.0532519817352
0.11244000000000001,[-0.58721507],"[ 0.08947368  5.7         0.30175439  5.63333333 -0.95189101  0.09649123
  5.8         0.30877193  5.53333333 -1.43504786  0.10350877  5.8
  0.31754386  5.6        -0.32783902  0.10877193  5.76666667  0.32631579
  5.7        -1.58721507]",3268.1331086158752
0.125192,[-0.96024007],"[ 0.09649123  5.8         0.30877193  5.53333333 -1.43504786  0.10350877
  5.8         0.31754386  5.6        -0.32783902  0.10877193  5.76666667
  0.32631579  5.7        -1.58721507  0.11578947  6.          0.33333333
  5.53333333 -1.96024013]",3268.2133100032806
0.127756,[-0.20947403],"[ 0.10350877  5.8         0.31754386  5.6        -0.32783902  0.10877193
  5.76666667  0.32631579  5.7        -1.58721507  0.11578947  6.
  0.33333333  5.53333333 -1.96024013  0.11929825  6.          0.34035088
  5.63333333 -1.20947409]",3268.2934124469757
0.155956,[0.76607466],"[ 0.10877193  5.76666667  0.32631579  5.7        -1.58721507  0.11578947
  6.          0.33333333  5.53333333 -1.96024013  0.11929825  6.
  0.34035088  5.63333333 -1.20947409  0.14035088  5.46666667  0.34561404
  5.86666667 -0.23392534]",3268.373314142227
0.161044,[0.6588958],"[ 0.11578947  6.          0.33333333  5.53333333 -1.96024013  0.11929825
  6.          0.34035088  5.63333333 -1.20947409  0.14035088  5.46666667
  0.34561404  5.86666667 -0.23392534  0.14385965  5.56666667  0.35087719
  5.73333333 -0.34110421]",3268.4532957077026
0.17631999999999998,[-0.43507907],"[ 0.11929825  6.          0.34035088  5.63333333 -1.20947409  0.14035088
  5.46666667  0.34561404  5.86666667 -0.23392534  0.14385965  5.56666667
  0.35087719  5.73333333 -0.34110421  0.15438596  5.93333333  0.35789474
  5.4        -1.4350791 ]",3268.533436059952
0.18142799999999998,[-0.00251355],"[ 0.14035088  5.46666667  0.34561404  5.86666667 -0.23392534  0.14385965
  5.56666667  0.35087719  5.73333333 -0.34110421  0.15438596  5.93333333
  0.35789474  5.4        -1.4350791   0.16140351  6.          0.36491228
  5.3        -1.00251353]",3268.6132714748383
0.18141999999999997,[-0.39701793],"[ 0.14385965  5.56666667  0.35087719  5.73333333 -0.34110421  0.15438596
  5.93333333  0.35789474  5.4        -1.4350791   0.16140351  6.
  0.36491228  5.3        -1.00251353  0.16491228  5.9         0.3754386
  5.33333333 -1.39701796]",3268.6932895183563
0.18909199999999998,[-0.8642429],"[ 0.15438596  5.93333333  0.35789474  5.4        -1.4350791   0.16140351
  6.          0.36491228  5.3        -1.00251353  0.16491228  5.9
  0.3754386   5.33333333 -1.39701796  0.1754386   5.83333333  0.3877193
  5.33333333 -1.86424291]",3268.7734620571136
0.19421999999999998,[0.1387284],"[ 0.16140351  6.          0.36491228  5.3        -1.00251353  0.16491228
  5.9         0.3754386   5.33333333 -1.39701796  0.1754386   5.83333333
  0.3877193   5.33333333 -1.86424291  0.18596491  5.66666667  0.4
  5.4        -0.86127162]",3268.8533313274384
0.19678800000000002,[-0.14078984],"[ 0.16491228  5.9         0.3754386   5.33333333 -1.39701796  0.1754386
  5.83333333  0.3877193   5.33333333 -1.86424291  0.18596491  5.66666667
  0.4         5.4        -0.86127162  0.19473684  5.6         0.41052632
  5.43333333 -1.14078987]",3268.9332151412964
0.20442799999999997,[-0.44567707],"[ 0.1754386   5.83333333  0.3877193   5.33333333 -1.86424291  0.18596491
  5.66666667  0.4         5.4        -0.86127162  0.19473684  5.6
  0.41052632  5.43333333 -1.14078987  0.20350877  5.76666667  0.41754386
  5.33333333 -1.44567704]",3269.0132834911346
0.20954,[-0.2050062],"[ 0.18596491  5.66666667  0.4         5.4        -0.86127162  0.19473684
  5.6         0.41052632  5.43333333 -1.14078987  0.20350877  5.76666667
  0.41754386  5.33333333 -1.44567704  0.20877193  5.76666667  0.42105263
  5.33333333 -1.20500624]",3269.093645334244
0.20698399999999997,[0.15028766],"[ 0.19473684  5.6         0.41052632  5.43333333 -1.14078987  0.20350877
  5.76666667  0.41754386  5.33333333 -1.44567704  0.20877193  5.76666667
  0.42105263  5.33333333 -1.20500624  0.2122807   5.66666667  0.42631579
  5.33333333 -0.84971237]",3269.1734607219696
0.21467999999999998,[0.8408396],"[ 0.20350877  5.76666667  0.41754386  5.33333333 -1.44567704  0.20877193
  5.76666667  0.42105263  5.33333333 -1.20500624  0.2122807   5.66666667
  0.42631579  5.33333333 -0.84971237  0.21929825  5.66666667  0.43157895
  5.13333333 -0.15916038]",3269.25328373909
0.22492800000000002,[-0.540519],"[ 0.20877193  5.76666667  0.42105263  5.33333333 -1.20500624  0.2122807
  5.66666667  0.42631579  5.33333333 -0.84971237  0.21929825  5.66666667
  0.43157895  5.13333333 -0.15916038  0.23157895  5.73333333  0.43859649
  4.9        -1.540519  ]",3269.333454847336
0.23003999999999997,[0.92148334],"[ 0.2122807   5.66666667  0.42631579  5.33333333 -0.84971237  0.21929825
  5.66666667  0.43157895  5.13333333 -0.15916038  0.23157895  5.73333333
  0.43859649  4.9        -1.540519    0.24035088  5.83333333  0.44561404
  4.7        -0.07851666]",3269.4135439395905
0.22492399999999996,[0.8959843],"[ 0.21929825  5.66666667  0.43157895  5.13333333 -0.15916038  0.23157895
  5.73333333  0.43859649  4.9        -1.540519    0.24035088  5.83333333
  0.44561404  4.7        -0.07851666  0.24385965  5.73333333  0.45087719
  4.73333333 -0.10401571]",3269.4934356212616
0.22748,[0.33937886],"[ 0.23157895  5.73333333  0.43859649  4.9        -1.540519    0.24035088
  5.83333333  0.44561404  4.7        -0.07851666  0.24385965  5.73333333
  0.45087719  4.73333333 -0.10401571  0.25263158  5.83333333  0.45438596
  4.53333333 -0.66062117]",3269.573399782181
0.23002800000000004,[-0.4500378],"[ 0.24035088  5.83333333  0.44561404  4.7        -0.07851666  0.24385965
  5.73333333  0.45087719  4.73333333 -0.10401571  0.25263158  5.83333333
  0.45438596  4.53333333 -0.66062117  0.26140351  5.9         0.45614035
  4.26666667 -1.45003784]",3269.653337955475
0.22748800000000005,[-0.9628476],"[ 0.24385965  5.73333333  0.45087719  4.73333333 -0.10401571  0.25263158
  5.83333333  0.45438596  4.53333333 -0.66062117  0.26140351  5.9
  0.45614035  4.26666667 -1.45003784  0.26491228  5.73333333  0.46140351
  4.23333333 -1.96284759]",3269.73340511322
0.21987600000000002,[0.98226327],"[ 0.25263158  5.83333333  0.45438596  4.53333333 -0.66062117  0.26140351
  5.9         0.45614035  4.26666667 -1.45003784  0.26491228  5.73333333
  0.46140351  4.23333333 -1.96284759  0.26666667  5.5         0.47192982
  4.46666667 -0.01773673]",3269.8068022727966
0.22245600000000004,[-0.78962255],"[ 0.26140351  5.9         0.45614035  4.26666667 -1.45003784  0.26491228
  5.73333333  0.46140351  4.23333333 -1.96284759  0.26666667  5.5
  0.47192982  4.46666667 -0.01773673  0.27192982  5.3         0.48245614
  4.6        -1.78962255]",3269.892681837082
0.207052,[0.30806145],"[ 0.26491228  5.73333333  0.46140351  4.23333333 -1.96284759  0.26666667
  5.5         0.47192982  4.46666667 -0.01773673  0.27192982  5.3
  0.48245614  4.6        -1.78962255  0.28245614  5.33333333  0.49122807
  4.46666667 -0.69193852]",3269.967093706131
0.21474399999999996,[-0.41733664],"[ 0.26666667  5.5         0.47192982  4.46666667 -0.01773673  0.27192982
  5.3         0.48245614  4.6        -1.78962255  0.28245614  5.33333333
  0.49122807  4.46666667 -0.69193852  0.29122807  5.23333333  0.50175439
  4.43333333 -1.4173367 ]",3270.0471560955048
0.21479600000000004,[0.42962378],"[ 0.27192982  5.3         0.48245614  4.6        -1.78962255  0.28245614
  5.33333333  0.49122807  4.46666667 -0.69193852  0.29122807  5.23333333
  0.50175439  4.43333333 -1.4173367   0.30175439  5.16666667  0.51052632
  4.33333333 -0.57037622]",3270.127791404724
0.217376,[-0.07752282],"[ 0.28245614  5.33333333  0.49122807  4.46666667 -0.69193852  0.29122807
  5.23333333  0.50175439  4.43333333 -1.4173367   0.30175439  5.16666667
  0.51052632  4.33333333 -0.57037622  0.31052632  5.03333333  0.51929825
  4.23333333 -1.07752287]",3270.2077391147614
0.22503600000000007,[0.1903202],"[ 0.29122807  5.23333333  0.50175439  4.43333333 -1.4173367   0.30175439
  5.16666667  0.51052632  4.33333333 -0.57037622  0.31052632  5.03333333
  0.51929825  4.23333333 -1.07752287  0.31929825  5.          0.52807018
  4.         -0.80967981]",3270.286774635315
0.21992000000000003,[-0.5485614],"[ 0.30175439  5.16666667  0.51052632  4.33333333 -0.57037622  0.31052632
  5.03333333  0.51929825  4.23333333 -1.07752287  0.31929825  5.
  0.52807018  4.         -0.80967981  0.32631579  4.96666667  0.53333333
  3.9        -1.54856133]",3270.3667693138123
0.21223999999999998,[-0.0579398],"[ 0.31052632  5.03333333  0.51929825  4.23333333 -1.07752287  0.31929825
  5.          0.52807018  4.         -0.80967981  0.32631579  4.96666667
  0.53333333  3.9        -1.54856133  0.33157895  4.9         0.53684211
  3.86666667 -1.05793977]",3270.446949005127
0.202032,[-0.9213326],"[ 0.31929825  5.          0.52807018  4.         -0.80967981  0.32631579
  4.96666667  0.53333333  3.9        -1.54856133  0.33157895  4.9
  0.53684211  3.86666667 -1.05793977  0.33333333  4.7         0.54210526
  3.9        -1.9213326 ]",3270.527284383774
0.19694399999999998,[0.6524951],"[ 0.32631579  4.96666667  0.53333333  3.9        -1.54856133  0.33157895
  4.9         0.53684211  3.86666667 -1.05793977  0.33333333  4.7
  0.54210526  3.9        -1.9213326   0.33859649  4.66666667  0.54736842
  3.83333333 -0.34750491]",3270.60799908638
0.196964,[-0.8033632],"[ 0.33157895  4.9         0.53684211  3.86666667 -1.05793977  0.33333333
  4.7         0.54210526  3.9        -1.9213326   0.33859649  4.66666667
  0.54736842  3.83333333 -0.34750491  0.34385965  4.5         0.55614035
  3.93333333 -1.8033632 ]",3270.6868937015533
0.20460799999999998,[0.57494193],"[ 0.33333333  4.7         0.54210526  3.9        -1.9213326   0.33859649
  4.66666667  0.54736842  3.83333333 -0.34750491  0.34385965  4.5
  0.55614035  3.93333333 -1.8033632   0.35263158  4.6         0.56315789
  3.8        -0.42505807]",3270.77143573761
0.21223599999999995,[-0.820271],"[ 0.33859649  4.66666667  0.54736842  3.83333333 -0.34750491  0.34385965
  4.5         0.55614035  3.93333333 -1.8033632   0.35263158  4.6
  0.56315789  3.8        -0.42505807  0.36491228  4.93333333  0.56842105
  3.73333333 -1.82027102]",3270.84805226326
0.20457199999999998,[0.49874607],"[ 0.34385965  4.5         0.55614035  3.93333333 -1.8033632   0.35263158
  4.6         0.56315789  3.8        -0.42505807  0.36491228  4.93333333
  0.56842105  3.73333333 -1.82027102  0.37192982  4.96666667  0.57368421
  3.76666667 -0.50125396]",3270.946810722351
0.194384,[-0.69311666],"[ 0.35263158  4.6         0.56315789  3.8        -0.42505807  0.36491228
  4.93333333  0.56842105  3.73333333 -1.82027102  0.37192982  4.96666667
  0.57368421  3.76666667 -0.50125396  0.37368421  4.76666667  0.58245614
  3.93333333 -1.69311666]",3271.0073833465576
0.19441200000000003,[-0.92699355],"[ 0.36491228  4.93333333  0.56842105  3.73333333 -1.82027102  0.37192982
  4.96666667  0.57368421  3.76666667 -0.50125396  0.37368421  4.76666667
  0.58245614  3.93333333 -1.69311666  0.37719298  4.43333333  0.59122807
  4.23333333 -1.92699361]",3271.0867414474487
0.19187199999999993,[-0.6312365],"[ 0.37192982  4.96666667  0.57368421  3.76666667 -0.50125396  0.37368421
  4.76666667  0.58245614  3.93333333 -1.69311666  0.37719298  4.43333333
  0.59122807  4.23333333 -1.92699361  0.38421053  4.4         0.59824561
  4.43333333 -1.63123655]",3271.172849178314
0.186776,[-0.6338154],"[ 0.37368421  4.76666667  0.58245614  3.93333333 -1.69311666  0.37719298
  4.43333333  0.59122807  4.23333333 -1.92699361  0.38421053  4.4
  0.59824561  4.43333333 -1.63123655  0.38947368  4.33333333  0.60526316
  4.63333333 -1.63381541]",3271.2471046447754
0.191876,[-0.9704493],"[ 0.37719298  4.43333333  0.59122807  4.23333333 -1.92699361  0.38421053
  4.4         0.59824561  4.43333333 -1.63123655  0.38947368  4.33333333
  0.60526316  4.63333333 -1.63381541  0.39649123  4.26666667  0.60877193
  4.7        -1.97044933]",3271.3314390182495
0.19697200000000004,[-0.3962216],"[ 0.38421053  4.4         0.59824561  4.43333333 -1.63123655  0.38947368
  4.33333333  0.60526316  4.63333333 -1.63381541  0.39649123  4.26666667
  0.60877193  4.7        -1.97044933  0.40175439  4.16666667  0.6122807
  4.86666667 -1.39622164]",3271.409843444824
0.196948,[0.7985044],"[ 0.38947368  4.33333333  0.60526316  4.63333333 -1.63381541  0.39649123
  4.26666667  0.60877193  4.7        -1.97044933  0.40175439  4.16666667
  0.6122807   4.86666667 -1.39622164  0.40701754  4.16666667  0.61578947
  5.06666667 -0.20149559]",3271.4872081279755
0.189256,[0.25316584],"[ 0.39649123  4.26666667  0.60877193  4.7        -1.97044933  0.40175439
  4.16666667  0.6122807   4.86666667 -1.39622164  0.40701754  4.16666667
  0.61578947  5.06666667 -0.20149559  0.4122807   4.4         0.62280702
  5.         -0.74683416]",3271.5714721679688
0.17898399999999998,[0.31032687],"[ 0.40175439  4.16666667  0.6122807   4.86666667 -1.39622164  0.40701754
  4.16666667  0.61578947  5.06666667 -0.20149559  0.4122807   4.4
  0.62280702  5.         -0.74683416  0.41403509  4.7         0.62631579
  4.86666667 -0.68967313]",3271.653224468231
0.16362799999999994,[0.2135823],"[ 0.40701754  4.16666667  0.61578947  5.06666667 -0.20149559  0.4122807
  4.4         0.62280702  5.         -0.74683416  0.41403509  4.7
  0.62631579  4.86666667 -0.68967313  0.41403509  4.8         0.62807018
  4.86666667 -0.78641772]",3271.727526664734
0.15592800000000007,[0.544125],"[ 0.4122807   4.4         0.62280702  5.         -0.74683416  0.41403509
  4.7         0.62631579  4.86666667 -0.68967313  0.41403509  4.8
  0.62807018  4.86666667 -0.78641772  0.41754386  4.93333333  0.63333333
  4.9        -0.45587498]",3271.8068499565125
0.15335200000000004,[0.15427811],"[ 0.41403509  4.7         0.62631579  4.86666667 -0.68967313  0.41403509
  4.8         0.62807018  4.86666667 -0.78641772  0.41754386  4.93333333
  0.63333333  4.9        -0.45587498  0.4245614   5.06666667  0.64035088
  4.9        -0.8457219 ]",3271.892599582672
0.15589200000000003,[-0.77355623],"[ 0.41403509  4.8         0.62807018  4.86666667 -0.78641772  0.41754386
  4.93333333  0.63333333  4.9        -0.45587498  0.4245614   5.06666667
  0.64035088  4.9        -0.8457219   0.43333333  5.16666667  0.64736842
  4.93333333 -1.77355623]",3271.973545074463
0.15333999999999998,[-0.70481515],"[ 0.41754386  4.93333333  0.63333333  4.9        -0.45587498  0.4245614
  5.06666667  0.64035088  4.9        -0.8457219   0.43333333  5.16666667
  0.64736842  4.93333333 -1.77355623  0.43684211  5.06666667  0.65087719
  5.1        -1.70481515]",3272.048457622528
0.15589599999999998,[0.07257903],"[ 0.4245614   5.06666667  0.64035088  4.9        -0.8457219   0.43333333
  5.16666667  0.64736842  4.93333333 -1.77355623  0.43684211  5.06666667
  0.65087719  5.1        -1.70481515  0.44035088  4.86666667  0.65087719
  5.33333333 -0.92742097]",3272.1327509880066
0.15077999999999997,[0.90799314],"[ 0.43333333  5.16666667  0.64736842  4.93333333 -1.77355623  0.43684211
  5.06666667  0.65087719  5.1        -1.70481515  0.44035088  4.86666667
  0.65087719  5.33333333 -0.92742097  0.44210526  4.86666667  0.65438596
  5.43333333 -0.09200686]",3272.213303565979
0.14817199999999997,[0.39951843],"[ 0.43684211  5.06666667  0.65087719  5.1        -1.70481515  0.44035088
  4.86666667  0.65087719  5.33333333 -0.92742097  0.44210526  4.86666667
  0.65438596  5.43333333 -0.09200686  0.44561404  5.13333333  0.65789474
  5.26666667 -0.60048157]",3272.28844332695
0.14048400000000005,[-0.15191437],"[ 0.44035088  4.86666667  0.65087719  5.33333333 -0.92742097  0.44210526
  4.86666667  0.65438596  5.43333333 -0.09200686  0.44561404  5.13333333
  0.65789474  5.26666667 -0.60048157  0.44912281  5.4         0.66140351
  5.06666667 -1.15191436]",3272.371536254883
0.12264000000000008,[-0.74351573],"[ 0.44210526  4.86666667  0.65438596  5.43333333 -0.09200686  0.44561404
  5.13333333  0.65789474  5.26666667 -0.60048157  0.44912281  5.4
  0.66140351  5.06666667 -1.15191436  0.44912281  5.33333333  0.66315789
  5.06666667 -1.74351573]",3272.4532980918884
0.11754799999999999,[-0.83411986],"[ 0.44561404  5.13333333  0.65789474  5.26666667 -0.60048157  0.44912281
  5.4         0.66140351  5.06666667 -1.15191436  0.44912281  5.33333333
  0.66315789  5.06666667 -1.74351573  0.45263158  5.2         0.66842105
  5.2        -1.8341198 ]",3272.527158975601
0.12775599999999998,[-0.62069225],"[ 0.44912281  5.4         0.66140351  5.06666667 -1.15191436  0.44912281
  5.33333333  0.66315789  5.06666667 -1.74351573  0.45263158  5.2
  0.66842105  5.2        -1.8341198   0.46140351  5.13333333  0.6754386
  5.43333333 -1.62069225]",3272.606669187546
0.14049599999999995,[-0.47127098],"[ 0.44912281  5.33333333  0.66315789  5.06666667 -1.74351573  0.45263158
  5.2         0.66842105  5.2        -1.8341198   0.46140351  5.13333333
  0.6754386   5.43333333 -1.62069225  0.47368421  5.13333333  0.68596491
  5.6        -1.47127104]",3272.6914250850677
0.14304000000000006,[-0.40504837],"[ 0.45263158  5.2         0.66842105  5.2        -1.8341198   0.46140351
  5.13333333  0.6754386   5.43333333 -1.62069225  0.47368421  5.13333333
  0.68596491  5.6        -1.47127104  0.48245614  5.2         0.69473684
  5.73333333 -1.40504837]",3272.772616624832
0.14302800000000004,[0.7426186],"[ 0.46140351  5.13333333  0.6754386   5.43333333 -1.62069225  0.47368421
  5.13333333  0.68596491  5.6        -1.47127104  0.48245614  5.2
  0.69473684  5.73333333 -1.40504837  0.4877193   5.23333333  0.69824561
  5.83333333 -0.25738138]",3272.846680879593
0.13534800000000002,[0.67047083],"[ 0.47368421  5.13333333  0.68596491  5.6        -1.47127104  0.48245614
  5.2         0.69473684  5.73333333 -1.40504837  0.4877193   5.23333333
  0.69824561  5.83333333 -0.25738138  0.48947368  5.26666667  0.7
  5.76666667 -0.32952917]",3272.9327816963196
0.13019599999999998,[-0.2987465],"[ 0.48245614  5.2         0.69473684  5.73333333 -1.40504837  0.4877193
  5.23333333  0.69824561  5.83333333 -0.25738138  0.48947368  5.26666667
  0.7         5.76666667 -0.32952917  0.49122807  5.5         0.70350877
  5.43333333 -1.29874647]",3273.012579202652
0.12763199999999997,[-0.6157527],"[ 0.4877193   5.23333333  0.69824561  5.83333333 -0.25738138  0.48947368
  5.26666667  0.7         5.76666667 -0.32952917  0.49122807  5.5
  0.70350877  5.43333333 -1.29874647  0.49473684  5.56666667  0.70701754
  5.26666667 -1.6157527 ]",3273.0936727523804
0.120008,[0.25411165],"[ 0.48947368  5.26666667  0.7         5.76666667 -0.32952917  0.49122807
  5.5         0.70350877  5.43333333 -1.29874647  0.49473684  5.56666667
  0.70701754  5.26666667 -1.6157527   0.49473684  5.43333333  0.70701754
  5.53333333 -0.74588835]",3273.16849565506
0.12260800000000005,[-0.79103374],"[ 0.49122807  5.5         0.70350877  5.43333333 -1.29874647  0.49473684
  5.56666667  0.70701754  5.26666667 -1.6157527   0.49473684  5.43333333
  0.70701754  5.53333333 -0.74588835  0.49824561  5.36666667  0.70877193
  5.73333333 -1.79103374]",3273.247124195099
0.13538400000000006,[-0.9553996],"[ 0.49473684  5.56666667  0.70701754  5.26666667 -1.6157527   0.49473684
  5.43333333  0.70701754  5.53333333 -0.74588835  0.49824561  5.36666667
  0.70877193  5.73333333 -1.79103374  0.50701754  5.5         0.71929825
  5.66666667 -1.95539951]",3273.3314254283905
0.1482,[0.34270298],"[ 0.49473684  5.43333333  0.70701754  5.53333333 -0.74588835  0.49824561
  5.36666667  0.70877193  5.73333333 -1.79103374  0.50701754  5.5
  0.71929825  5.66666667 -1.95539951  0.51929825  5.33333333  0.73157895
  5.83333333 -0.65729702]",3273.4114077091217
0.16101199999999993,[0.06206979],"[ 0.49824561  5.36666667  0.70877193  5.73333333 -1.79103374  0.50701754
  5.5         0.71929825  5.66666667 -1.95539951  0.51929825  5.33333333
  0.73157895  5.83333333 -0.65729702  0.53508772  5.2         0.74210526
  6.1        -0.93793023]",3273.487093448639
0.16099599999999992,[-0.17700984],"[ 0.50701754  5.5         0.71929825  5.66666667 -1.95539951  0.51929825
  5.33333333  0.73157895  5.83333333 -0.65729702  0.53508772  5.2
  0.74210526  6.1        -0.93793023  0.54385965  5.43333333  0.75263158
  6.03333333 -1.17700982]",3273.566707134247
0.166076,[-0.91483146],"[ 0.51929825  5.33333333  0.73157895  5.83333333 -0.65729702  0.53508772
  5.2         0.74210526  6.1        -0.93793023  0.54385965  5.43333333
  0.75263158  6.03333333 -1.17700982  0.55087719  5.6         0.76140351
  6.03333333 -1.9148314 ]",3273.651408433914
0.16862,[0.9586851],"[ 0.53508772  5.2         0.74210526  6.1        -0.93793023  0.54385965
  5.43333333  0.75263158  6.03333333 -1.17700982  0.55087719  5.6
  0.76140351  6.03333333 -1.9148314   0.55614035  5.5         0.76666667
  6.16666667 -0.0413149 ]",3273.7274358272552
0.176296,[0.6696451],"[ 0.54385965  5.43333333  0.75263158  6.03333333 -1.17700982  0.55087719
  5.6         0.76140351  6.03333333 -1.9148314   0.55614035  5.5
  0.76666667  6.16666667 -0.0413149   0.56315789  5.43333333  0.77017544
  6.36666667 -0.33035493]",3273.8114626407623
0.17886000000000002,[0.613706],"[ 0.55087719  5.6         0.76140351  6.03333333 -1.9148314   0.55614035
  5.5         0.76666667  6.16666667 -0.0413149   0.56315789  5.43333333
  0.77017544  6.36666667 -0.33035493  0.56842105  5.63333333  0.77894737
  6.26666667 -0.38629401]",3273.893502473831
0.1865239999999999,[0.14923173],"[ 0.55614035  5.5         0.76666667  6.16666667 -0.0413149   0.56315789
  5.43333333  0.77017544  6.36666667 -0.33035493  0.56842105  5.63333333
  0.77894737  6.26666667 -0.38629401  0.57719298  5.93333333  0.78947368
  5.93333333 -0.85076827]",3273.973512172699
0.2018359999999999,[-0.12480763],"[ 0.56315789  5.43333333  0.77017544  6.36666667 -0.33035493  0.56842105
  5.63333333  0.77894737  6.26666667 -0.38629401  0.57719298  5.93333333
  0.78947368  5.93333333 -0.85076827  0.5877193   6.06666667  0.79824561
  5.8        -1.1248076 ]",3274.0534987449646
0.206936,[0.24365248],"[ 0.56842105  5.63333333  0.77894737  6.26666667 -0.38629401  0.57719298
  5.93333333  0.78947368  5.93333333 -0.85076827  0.5877193   6.06666667
  0.79824561  5.8        -1.1248076   0.59473684  6.03333333  0.80877193
  5.9        -0.75634754]",3274.137237548828
0.20948000000000003,[0.0790974],"[ 0.57719298  5.93333333  0.78947368  5.93333333 -0.85076827  0.5877193
  6.06666667  0.79824561  5.8        -1.1248076   0.59473684  6.03333333
  0.80877193  5.9        -0.75634754  0.60526316  6.06666667  0.81578947
  5.86666667 -0.92090261]",3274.217267513275
0.20691199999999998,[0.8826561],"[ 0.5877193   6.06666667  0.79824561  5.8        -1.1248076   0.59473684
  6.03333333  0.80877193  5.9        -0.75634754  0.60526316  6.06666667
  0.81578947  5.86666667 -0.92090261  0.61578947  6.16666667  0.82631579
  5.7        -0.1173439 ]",3274.297199010849
0.20945999999999998,[-0.9170377],"[ 0.59473684  6.03333333  0.80877193  5.9        -0.75634754  0.60526316
  6.06666667  0.81578947  5.86666667 -0.92090261  0.61578947  6.16666667
  0.82631579  5.7        -0.1173439   0.62631579  6.3         0.83508772
  5.63333333 -1.91703773]",3274.377343416214
0.21455599999999997,[-0.20358858],"[ 0.60526316  6.06666667  0.81578947  5.86666667 -0.92090261  0.61578947
  6.16666667  0.82631579  5.7        -0.1173439   0.62631579  6.3
  0.83508772  5.63333333 -1.91703773  0.63508772  6.46666667  0.84210526
  5.5        -1.2035886 ]",3274.457347869873
0.21712799999999993,[-0.2913119],"[ 0.61578947  6.16666667  0.82631579  5.7        -0.1173439   0.62631579
  6.3         0.83508772  5.63333333 -1.91703773  0.63508772  6.46666667
  0.84210526  5.5        -1.2035886   0.63859649  6.36666667  0.84736842
  5.56666667 -1.29131186]",3274.534316301346
0.21718,[-0.3252963],"[ 0.62631579  6.3         0.83508772  5.63333333 -1.91703773  0.63508772
  6.46666667  0.84210526  5.5        -1.2035886   0.63859649  6.36666667
  0.84736842  5.56666667 -1.29131186  0.64035088  6.16666667  0.85087719
  5.63333333 -1.32529628]",3274.61200094223
0.2197520000000001,[-0.48015806],"[ 0.63508772  6.46666667  0.84210526  5.5        -1.2035886   0.63859649
  6.36666667  0.84736842  5.56666667 -1.29131186  0.64035088  6.16666667
  0.85087719  5.63333333 -1.32529628  0.64561404  6.1         0.85614035
  5.6        -1.48015809]",3274.6906955242157
0.22997199999999998,[0.23274522],"[ 0.63859649  6.36666667  0.84736842  5.56666667 -1.29131186  0.64035088
  6.16666667  0.85087719  5.63333333 -1.32529628  0.64561404  6.1
  0.85614035  5.6        -1.48015809  0.65263158  6.          0.86491228
  5.63333333 -0.76725477]",3274.7754426002502
0.23763199999999993,[0.12989871],"[ 0.64035088  6.16666667  0.85087719  5.63333333 -1.32529628  0.64561404
  6.1         0.85614035  5.6        -1.48015809  0.65263158  6.
  0.86491228  5.63333333 -0.76725477  0.66140351  6.          0.87368421
  5.63333333 -0.87010127]",3274.8571450710297
0.24019199999999996,[-0.5175142],"[ 0.64561404  6.1         0.85614035  5.6        -1.48015809  0.65263158
  6.          0.86491228  5.63333333 -0.76725477  0.66140351  6.
  0.87368421  5.63333333 -0.87010127  0.67192982  6.1         0.88245614
  5.43333333 -1.51751423]",3274.9371905326843
0.23251999999999998,[0.07848621],"[ 0.65263158  6.          0.86491228  5.63333333 -0.76725477  0.66140351
  6.          0.87368421  5.63333333 -0.87010127  0.67192982  6.1
  0.88245614  5.43333333 -1.51751423  0.67894737  5.96666667  0.8877193
  5.36666667 -0.9215138 ]",3275.0175535678864
0.21208000000000005,[0.6341803],"[ 0.66140351  6.          0.87368421  5.63333333 -0.87010127  0.67192982
  6.1         0.88245614  5.43333333 -1.51751423  0.67894737  5.96666667
  0.8877193   5.36666667 -0.9215138   0.68070175  5.76666667  0.89298246
  5.43333333 -0.36581969]",3275.097316980362
0.20952800000000008,[-0.20029311],"[ 0.67192982  6.1         0.88245614  5.43333333 -1.51751423  0.67894737
  5.96666667  0.8877193   5.36666667 -0.9215138   0.68070175  5.76666667
  0.89298246  5.43333333 -0.36581969  0.6877193   5.96666667  0.89649123
  5.16666667 -1.20029306]",3275.1767115592957
0.20952799999999994,[-0.22677706],"[ 0.67894737  5.96666667  0.8877193   5.36666667 -0.9215138   0.68070175
  5.76666667  0.89298246  5.43333333 -0.36581969  0.6877193   5.96666667
  0.89649123  5.16666667 -1.20029306  0.69473684  6.13333333  0.9
  5.         -1.22677708]",3275.2574515342712
0.20697200000000007,[0.24882367],"[ 0.68070175  5.76666667  0.89298246  5.43333333 -0.36581969  0.6877193
  5.96666667  0.89649123  5.16666667 -1.20029306  0.69473684  6.13333333
  0.9         5.         -1.22677708  0.69824561  6.03333333  0.90526316
  5.1        -0.75117636]",3275.337530851364
0.2069679999999999,[0.13419965],"[ 0.6877193   5.96666667  0.89649123  5.16666667 -1.20029306  0.69473684
  6.13333333  0.9         5.         -1.22677708  0.69824561  6.03333333
  0.90526316  5.1        -0.75117636  0.70526316  6.          0.91403509
  5.06666667 -0.86580038]",3275.4172093868256
0.21721200000000004,[-0.8371675],"[ 0.69473684  6.13333333  0.9         5.         -1.22677708  0.69824561
  6.03333333  0.90526316  5.1        -0.75117636  0.70526316  6.
  0.91403509  5.06666667 -0.86580038  0.71754386  6.03333333  0.92280702
  4.83333333 -1.8371675 ]",3275.4969034194946
0.21982400000000002,[0.7061014],"[ 0.69824561  6.03333333  0.90526316  5.1        -0.75117636  0.70526316
  6.          0.91403509  5.06666667 -0.86580038  0.71754386  6.03333333
  0.92280702  4.83333333 -1.8371675   0.72807018  5.86666667  0.93333333
  4.73333333 -0.29389858]",3275.572278022766
0.21475200000000005,[-0.41351062],"[ 0.70526316  6.          0.91403509  5.06666667 -0.86580038  0.71754386
  6.03333333  0.92280702  4.83333333 -1.8371675   0.72807018  5.86666667
  0.93333333  4.73333333 -0.29389858  0.73508772  5.66666667  0.94385965
  4.86666667 -1.41351056]",3275.6515412330627
0.21474000000000007,[-0.5429829],"[ 0.71754386  6.03333333  0.92280702  4.83333333 -1.8371675   0.72807018
  5.86666667  0.93333333  4.73333333 -0.29389858  0.73508772  5.66666667
  0.94385965  4.86666667 -1.41351056  0.74210526  5.73333333  0.95087719
  4.76666667 -1.54298282]",3275.736994743347
0.20709599999999995,[-0.8114296],"[ 0.72807018  5.86666667  0.93333333  4.73333333 -0.29389858  0.73508772
  5.66666667  0.94385965  4.86666667 -1.41351056  0.74210526  5.73333333
  0.95087719  4.76666667 -1.54298282  0.74736842  5.56666667  0.95614035
  4.73333333 -1.81142962]",3275.8174090385437
0.19690799999999997,[0.49626604],"[ 0.73508772  5.66666667  0.94385965  4.86666667 -1.41351056  0.74210526
  5.73333333  0.95087719  4.76666667 -1.54298282  0.74736842  5.56666667
  0.95614035  4.73333333 -1.81142962  0.75087719  5.36666667  0.96315789
  4.8        -0.50373399]",3275.897376060486
0.1918240000000001,[0.35541508],"[ 0.74210526  5.73333333  0.95087719  4.76666667 -1.54298282  0.74736842
  5.56666667  0.95614035  4.73333333 -1.81142962  0.75087719  5.36666667
  0.96315789  4.8        -0.50373399  0.75789474  5.26666667  0.97017544
  4.73333333 -0.64458489]",3275.977393388748
0.1943840000000001,[-0.31262347],"[ 0.74736842  5.56666667  0.95614035  4.73333333 -1.81142962  0.75087719
  5.36666667  0.96315789  4.8        -0.50373399  0.75789474  5.26666667
  0.97017544  4.73333333 -0.64458489  0.76842105  5.4         0.9754386
  4.43333333 -1.3126235 ]",3276.0573852062225
0.19948,[-0.02453176],"[ 0.75087719  5.36666667  0.96315789  4.8        -0.50373399  0.75789474
  5.26666667  0.97017544  4.73333333 -0.64458489  0.76842105  5.4
  0.9754386   4.43333333 -1.3126235   0.7754386   5.43333333  0.98070175
  4.23333333 -1.02453172]",3276.137460231781
0.20202399999999984,[-0.68045866],"[ 0.75789474  5.26666667  0.97017544  4.73333333 -0.64458489  0.76842105
  5.4         0.9754386   4.43333333 -1.3126235   0.7754386   5.43333333
  0.98070175  4.23333333 -1.02453172  0.77894737  5.33333333  0.98596491
  4.26666667 -1.68045866]",3276.217404603958
0.20459199999999997,[-0.9783801],"[ 0.76842105  5.4         0.9754386   4.43333333 -1.3126235   0.7754386
  5.43333333  0.98070175  4.23333333 -1.02453172  0.77894737  5.33333333
  0.98596491  4.26666667 -1.68045866  0.78596491  5.16666667  0.99298246
  4.16666667 -1.97838008]",3276.2973623275757
0.2046120000000001,[-0.43467116],"[ 0.7754386   5.43333333  0.98070175  4.23333333 -1.02453172  0.77894737
  5.33333333  0.98596491  4.26666667 -1.68045866  0.78596491  5.16666667
  0.99298246  4.16666667 -1.97838008  0.79298246  4.9         1.00526316
  4.26666667 -1.43467116]",3276.377366065979
0.20718000000000006,[0.32181218],"[ 0.77894737  5.33333333  0.98596491  4.26666667 -1.68045866  0.78596491
  5.16666667  0.99298246  4.16666667 -1.97838008  0.79298246  4.9
  1.00526316  4.26666667 -1.43467116  0.80350877  4.8         1.01578947
  4.36666667 -0.67818785]",3276.457282304764
