reward,action,obs,time
,,"[0.         0.         0.         0.         0.         0.
 0.         0.         0.         0.         0.         0.
 0.         0.         0.         0.03157895 5.76666667 0.24385965
 5.36666667 0.        ]",1303.30215716362
-0.0025240000000000054,[-0.5918512],"[ 0.          0.          0.          0.          0.          0.
  0.          0.          0.          0.          0.03157895  5.76666667
  0.24385965  5.36666667  0.          0.02982456  5.5         0.24385965
  5.5        -1.59185123]",1303.354879617691
0.0,[0.16779599],"[ 0.          0.          0.          0.          0.          0.03157895
  5.76666667  0.24385965  5.36666667  0.          0.02982456  5.5
  0.24385965  5.5        -1.59185123  0.03157895  5.76666667  0.24385965
  5.36666667 -0.83220398]",1303.4043798446655
1.9999999999999185e-05,[-0.9518921],"[ 0.03157895  5.76666667  0.24385965  5.36666667  0.          0.02982456
  5.5         0.24385965  5.5        -1.59185123  0.03157895  5.76666667
  0.24385965  5.36666667 -0.83220398  0.03157895  5.6         0.24385965
  5.43333333 -1.95189214]",1303.4544084072113
-0.0025360000000000035,[0.41783822],"[ 0.02982456  5.5         0.24385965  5.5        -1.59185123  0.03157895
  5.76666667  0.24385965  5.36666667 -0.83220398  0.03157895  5.6
  0.24385965  5.43333333 -1.95189214  0.02982456  5.6         0.24561404
  5.43333333 -0.58216178]",1303.504602432251
-0.0025319999999999995,[-0.15186268],"[ 0.03157895  5.76666667  0.24385965  5.36666667 -0.83220398  0.03157895
  5.6         0.24385965  5.43333333 -1.95189214  0.02982456  5.6
  0.24561404  5.43333333 -0.58216178  0.02982456  5.56666667  0.24561404
  5.46666667 -1.15186262]",1303.5544683933258
2.8000000000000247e-05,[-0.7702438],"[ 0.03157895  5.6         0.24385965  5.43333333 -1.95189214  0.02982456
  5.6         0.24561404  5.43333333 -0.58216178  0.02982456  5.56666667
  0.24561404  5.46666667 -1.15186262  0.03157895  5.53333333  0.24561404
  5.5        -1.77024388]",1303.6055047512054
3.600000000000131e-05,[-0.18075506],"[ 0.02982456  5.6         0.24561404  5.43333333 -0.58216178  0.02982456
  5.56666667  0.24561404  5.46666667 -1.15186262  0.03157895  5.53333333
  0.24561404  5.5        -1.77024388  0.03157895  5.46666667  0.24736842
  5.56666667 -1.18075502]",1303.6548509597778
3.600000000000131e-05,[-0.87925315],"[ 0.02982456  5.56666667  0.24561404  5.46666667 -1.15186262  0.03157895
  5.53333333  0.24561404  5.5        -1.77024388  0.03157895  5.46666667
  0.24736842  5.56666667 -1.18075502  0.03157895  5.46666667  0.24736842
  5.5        -1.87925315]",1303.706167936325
4.799999999999943e-05,[-0.03282299],"[ 0.03157895  5.53333333  0.24561404  5.5        -1.77024388  0.03157895
  5.46666667  0.24736842  5.56666667 -1.18075502  0.03157895  5.46666667
  0.24736842  5.5        -1.87925315  0.03157895  5.36666667  0.24561404
  5.66666667 -1.03282297]",1303.786025762558
0.005171999999999996,[0.87833047],"[ 0.03157895  5.46666667  0.24736842  5.56666667 -1.18075502  0.03157895
  5.46666667  0.24736842  5.5        -1.87925315  0.03157895  5.36666667
  0.24561404  5.66666667 -1.03282297  0.03508772  5.26666667  0.24736842
  5.73333333 -0.12166953]",1303.8662045001984
0.0076999999999999985,[-0.09166664],"[ 0.03157895  5.46666667  0.24736842  5.5        -1.87925315  0.03157895
  5.36666667  0.24561404  5.66666667 -1.03282297  0.03508772  5.26666667
  0.24736842  5.73333333 -0.12166953  0.03684211  5.5         0.25087719
  5.53333333 -1.0916667 ]",1303.946137189865
0.015335999999999994,[-0.32936707],"[ 0.03157895  5.36666667  0.24561404  5.66666667 -1.03282297  0.03508772
  5.26666667  0.24736842  5.73333333 -0.12166953  0.03684211  5.5
  0.25087719  5.53333333 -1.0916667   0.04210526  5.76666667  0.25263158
  5.16666667 -1.32936704]",1304.0262479782104
0.017903999999999996,[-0.00203946],"[ 0.03508772  5.26666667  0.24736842  5.73333333 -0.12166953  0.03684211
  5.5         0.25087719  5.53333333 -1.0916667   0.04210526  5.76666667
  0.25263158  5.16666667 -1.32936704  0.04385965  5.66666667  0.25438596
  5.23333333 -1.00203943]",1304.1218178272247
0.023028,[0.9386731],"[ 0.03684211  5.5         0.25087719  5.53333333 -1.0916667   0.04210526
  5.76666667  0.25263158  5.16666667 -1.32936704  0.04385965  5.66666667
  0.25438596  5.23333333 -1.00203943  0.04736842  5.56666667  0.25789474
  5.3        -0.06132692]",1304.2003083229065
0.035792,[-0.16320957],"[ 0.04210526  5.76666667  0.25263158  5.16666667 -1.32936704  0.04385965
  5.66666667  0.25438596  5.23333333 -1.00203943  0.04736842  5.56666667
  0.25789474  5.3        -0.06132692  0.05614035  5.7         0.26491228
  5.1        -1.16320956]",1304.2758586406708
0.05366800000000001,[-0.01398585],"[ 0.04385965  5.66666667  0.25438596  5.23333333 -1.00203943  0.04736842
  5.56666667  0.25789474  5.3        -0.06132692  0.05614035  5.7
  0.26491228  5.1        -1.16320956  0.06842105  5.83333333  0.2754386
  4.83333333 -1.01398587]",1304.3462133407593
0.063904,[-0.2751057],"[ 0.04736842  5.56666667  0.25789474  5.3        -0.06132692  0.05614035
  5.7         0.26491228  5.1        -1.16320956  0.06842105  5.83333333
  0.2754386   4.83333333 -1.01398587  0.0754386   5.73333333  0.28421053
  4.83333333 -1.27510571]",1304.431722164154
0.07414400000000002,[-0.16395298],"[ 0.05614035  5.7         0.26491228  5.1        -1.16320956  0.06842105
  5.83333333  0.2754386   4.83333333 -1.01398587  0.0754386   5.73333333
  0.28421053  4.83333333 -1.27510571  0.08245614  5.6         0.29298246
  4.9        -1.16395295]",1304.5124492645264
0.08438000000000002,[-0.21131608],"[ 0.06842105  5.83333333  0.2754386   4.83333333 -1.01398587  0.0754386
  5.73333333  0.28421053  4.83333333 -1.27510571  0.08245614  5.6
  0.29298246  4.9        -1.16395295  0.08947368  5.5         0.3
  4.9        -1.21131611]",1304.5986533164978
0.094612,[0.64569455],"[ 0.0754386   5.73333333  0.28421053  4.83333333 -1.27510571  0.08245614
  5.6         0.29298246  4.9        -1.16395295  0.08947368  5.5
  0.3         4.9        -1.21131611  0.09649123  5.43333333  0.30701754
  4.8        -0.35430545]",1304.666074514389
0.1048,[0.46236023],"[ 0.08245614  5.6         0.29298246  4.9        -1.16395295  0.08947368
  5.5         0.3         4.9        -1.21131611  0.09649123  5.43333333
  0.30701754  4.8        -0.35430545  0.10175439  5.46666667  0.31403509
  4.73333333 -0.53763974]",1304.749436378479
0.11247200000000002,[0.8691356],"[ 0.08947368  5.5         0.3         4.9        -1.21131611  0.09649123
  5.43333333  0.30701754  4.8        -0.35430545  0.10175439  5.46666667
  0.31403509  4.73333333 -0.53763974  0.10877193  5.7         0.31754386
  4.46666667 -0.13086438]",1304.8261425495148
0.117556,[-0.7184374],"[ 0.09649123  5.43333333  0.30701754  4.8        -0.35430545  0.10175439
  5.46666667  0.31403509  4.73333333 -0.53763974  0.10877193  5.7
  0.31754386  4.46666667 -0.13086438  0.1122807   5.76666667  0.31754386
  4.3        -1.71843743]",1304.9128632545471
0.122672,[0.41531023],"[ 0.10175439  5.46666667  0.31403509  4.73333333 -0.53763974  0.10877193
  5.7         0.31754386  4.46666667 -0.13086438  0.1122807   5.76666667
  0.31754386  4.3        -1.71843743  0.11403509  5.73333333  0.31578947
  4.06666667 -0.58468974]",1304.9862606525421
0.12013599999999999,[0.84594125],"[ 0.10877193  5.7         0.31754386  4.46666667 -0.13086438  0.1122807
  5.76666667  0.31754386  4.3        -1.71843743  0.11403509  5.73333333
  0.31578947  4.06666667 -0.58468974  0.1122807   5.53333333  0.31929825
  4.06666667 -0.15405875]",1305.0663468837738
0.16356400000000004,[0.40389404],"[ 0.1122807   5.76666667  0.31754386  4.3        -1.71843743  0.11403509
  5.73333333  0.31578947  4.06666667 -0.58468974  0.1122807   5.53333333
  0.31929825  4.06666667 -0.15405875  0.14385965  5.7         0.32105263
  3.86666667 -0.59610593]",1305.1523234844208
0.17377599999999999,[-0.13032453],"[ 0.11403509  5.73333333  0.31578947  4.06666667 -0.58468974  0.1122807
  5.53333333  0.31929825  4.06666667 -0.15405875  0.14385965  5.7
  0.32105263  3.86666667 -0.59610593  0.15087719  5.73333333  0.32280702
  3.66666667 -1.13032448]",1305.2267715930939
0.17634800000000003,[0.20658836],"[ 0.1122807   5.53333333  0.31929825  4.06666667 -0.15405875  0.14385965
  5.7         0.32105263  3.86666667 -0.59610593  0.15087719  5.73333333
  0.32280702  3.66666667 -1.13032448  0.15263158  5.6         0.32982456
  3.63333333 -0.79341161]",1305.3060607910156
0.173796,[-0.03129821],"[ 0.14385965  5.7         0.32105263  3.86666667 -0.59610593  0.15087719
  5.73333333  0.32280702  3.66666667 -1.13032448  0.15263158  5.6
  0.32982456  3.63333333 -0.79341161  0.15087719  5.46666667  0.33684211
  3.6        -1.03129816]",1305.3861060142517
0.17378,[0.06697485],"[ 0.15087719  5.73333333  0.32280702  3.66666667 -1.13032448  0.15263158
  5.6         0.32982456  3.63333333 -0.79341161  0.15087719  5.46666667
  0.33684211  3.6        -1.03129816  0.15438596  5.5         0.34035088
  3.6        -0.93302512]",1305.4661507606506
0.17892400000000003,[-0.02603294],"[ 0.15263158  5.6         0.32982456  3.63333333 -0.79341161  0.15087719
  5.46666667  0.33684211  3.6        -1.03129816  0.15438596  5.5
  0.34035088  3.6        -0.93302512  0.15964912  5.46666667  0.34561404
  3.66666667 -1.02603292]",1305.5518600940704
0.17384400000000003,[0.7927518],"[ 0.15087719  5.46666667  0.33684211  3.6        -1.03129816  0.15438596
  5.5         0.34035088  3.6        -0.93302512  0.15964912  5.46666667
  0.34561404  3.66666667 -1.02603292  0.16140351  5.46666667  0.35263158
  3.7        -0.20724821]",1305.6318533420563
0.176384,[-0.17749403],"[ 0.15438596  5.5         0.34035088  3.6        -0.93302512  0.15964912
  5.46666667  0.34561404  3.66666667 -1.02603292  0.16140351  5.46666667
  0.35263158  3.7        -0.20724821  0.16491228  5.5         0.35438596
  3.66666667 -1.17749405]",1305.7130415439606
0.17636400000000002,[-0.04735706],"[ 0.15964912  5.46666667  0.34561404  3.66666667 -1.02603292  0.16140351
  5.46666667  0.35263158  3.7        -0.20724821  0.16491228  5.5
  0.35438596  3.66666667 -1.17749405  0.16842105  5.56666667  0.35438596
  3.63333333 -1.04735708]",1305.7860701084137
0.15594000000000002,[0.9323673],"[ 0.16140351  5.46666667  0.35263158  3.7        -0.20724821  0.16491228
  5.5         0.35438596  3.66666667 -1.17749405  0.16842105  5.56666667
  0.35438596  3.63333333 -1.04735708  0.16315789  5.5         0.35614035
  3.8        -0.06763268]",1305.866406917572
0.13551200000000002,[-0.8971274],"[ 0.16491228  5.5         0.35438596  3.66666667 -1.17749405  0.16842105
  5.56666667  0.35438596  3.63333333 -1.04735708  0.16315789  5.5
  0.35614035  3.8        -0.06763268  0.16140351  5.46666667  0.35614035
  3.9        -1.89712739]",1305.9460155963898
0.132924,[-0.94847757],"[ 0.16842105  5.56666667  0.35438596  3.63333333 -1.04735708  0.16315789
  5.5         0.35614035  3.8        -0.06763268  0.16140351  5.46666667
  0.35614035  3.9        -1.89712739  0.16666667  5.63333333  0.35438596
  3.8        -1.94847751]",1306.0262937545776
0.11759200000000003,[0.21795364],"[ 0.16315789  5.5         0.35614035  3.8        -0.06763268  0.16140351
  5.46666667  0.35614035  3.9        -1.89712739  0.16666667  5.63333333
  0.35438596  3.8        -1.94847751  0.16315789  5.46666667  0.35964912
  3.96666667 -0.78204638]",1306.111091375351
0.10738400000000003,[-0.7347958],"[ 0.16140351  5.46666667  0.35614035  3.9        -1.89712739  0.16666667
  5.63333333  0.35438596  3.8        -1.94847751  0.16315789  5.46666667
  0.35964912  3.96666667 -0.78204638  0.16315789  5.23333333  0.36842105
  4.33333333 -1.73479581]",1306.1860480308533
0.10993200000000003,[0.63382226],"[ 0.16666667  5.63333333  0.35438596  3.8        -1.94847751  0.16315789
  5.46666667  0.35964912  3.96666667 -0.78204638  0.16315789  5.23333333
  0.36842105  4.33333333 -1.73479581  0.17192982  5.23333333  0.37719298
  4.3        -0.36617774]",1306.2677302360535
0.11506000000000002,[0.77647465],"[ 0.16315789  5.46666667  0.35964912  3.96666667 -0.78204638  0.16315789
  5.23333333  0.36842105  4.33333333 -1.73479581  0.17192982  5.23333333
  0.37719298  4.3        -0.36617774  0.18070175  5.13333333  0.38947368
  4.4        -0.22352535]",1306.3461635112762
0.122732,[0.34941173],"[ 0.16315789  5.23333333  0.36842105  4.33333333 -1.73479581  0.17192982
  5.23333333  0.37719298  4.3        -0.36617774  0.18070175  5.13333333
  0.38947368  4.4        -0.22352535  0.19298246  5.33333333  0.4
  4.3        -0.65058827]",1306.426012992859
0.135484,[-0.3021095],"[ 0.17192982  5.23333333  0.37719298  4.3        -0.36617774  0.18070175
  5.13333333  0.38947368  4.4        -0.22352535  0.19298246  5.33333333
  0.4         4.3        -0.65058827  0.20526316  5.63333333  0.40350877
  4.06666667 -1.30210948]",1306.5133690834045
0.135496,[0.40282956],"[ 0.18070175  5.13333333  0.38947368  4.4        -0.22352535  0.19298246
  5.33333333  0.4         4.3        -0.65058827  0.20526316  5.63333333
  0.40350877  4.06666667 -1.30210948  0.20701754  5.5         0.40350877
  4.         -0.59717047]",1306.5860707759857
0.138052,[-0.5784168],"[ 0.19298246  5.33333333  0.4         4.3        -0.65058827  0.20526316
  5.63333333  0.40350877  4.06666667 -1.30210948  0.20701754  5.5
  0.40350877  4.         -0.59717047  0.20701754  5.3         0.40701754
  4.         -1.57841682]",1306.666035413742
0.10227599999999999,[-0.23959109],"[ 0.20526316  5.63333333  0.40350877  4.06666667 -1.30210948  0.20701754
  5.5         0.40350877  4.         -0.59717047  0.20701754  5.3
  0.40701754  4.         -1.57841682  0.21403509  5.4         0.40877193
  3.8        -1.23959112]",1306.7519550323486
0.09718399999999999,[-0.50274855],"[ 0.20701754  5.5         0.40350877  4.         -0.59717047  0.20701754
  5.3         0.40701754  4.         -1.57841682  0.21403509  5.4
  0.40877193  3.8        -1.23959112  0.21754386  5.26666667  0.41754386
  3.86666667 -1.50274849]",1306.8326845169067
0.10485600000000002,[-0.9907581],"[ 0.20701754  5.3         0.40701754  4.         -1.57841682  0.21403509
  5.4         0.40877193  3.8        -1.23959112  0.21754386  5.26666667
  0.41754386  3.86666667 -1.50274849  0.2245614   5.1         0.42807018
  3.93333333 -1.99075818]",1306.9138584136963
0.12021199999999999,[0.74324954],"[ 0.21403509  5.4         0.40877193  3.8        -1.23959112  0.21754386
  5.26666667  0.41754386  3.86666667 -1.50274849  0.2245614   5.1
  0.42807018  3.93333333 -1.99075818  0.23333333  4.8         0.44210526
  3.9        -0.25675046]",1306.9864575862885
0.12535599999999997,[-0.2429276],"[ 0.21754386  5.26666667  0.41754386  3.86666667 -1.50274849  0.2245614
  5.1         0.42807018  3.93333333 -1.99075818  0.23333333  4.8
  0.44210526  3.9        -0.25675046  0.24035088  4.56666667  0.45263158
  3.9        -1.24292755]",1307.0661664009094
0.13045199999999998,[-0.52195376],"[ 0.2245614   5.1         0.42807018  3.93333333 -1.99075818  0.23333333
  4.8         0.44210526  3.9        -0.25675046  0.24035088  4.56666667
  0.45263158  3.9        -1.24292755  0.24912281  4.66666667  0.45789474
  3.7        -1.52195382]",1307.1521081924438
0.130456,[0.30284417],"[ 0.23333333  4.8         0.44210526  3.9        -0.25675046  0.24035088
  4.56666667  0.45263158  3.9        -1.24292755  0.24912281  4.66666667
  0.45789474  3.7        -1.52195382  0.25087719  4.63333333  0.45964912
  3.66666667 -0.69715583]",1307.2265455722809
0.12791599999999997,[0.68101156],"[ 0.24035088  4.56666667  0.45263158  3.9        -1.24292755  0.24912281
  4.66666667  0.45789474  3.7        -1.52195382  0.25087719  4.63333333
  0.45964912  3.66666667 -0.69715583  0.25263158  4.53333333  0.46140351
  3.66666667 -0.31898844]",1307.3061485290527
0.133008,[0.3874812],"[ 0.24912281  4.66666667  0.45789474  3.7        -1.52195382  0.25087719
  4.63333333  0.45964912  3.66666667 -0.69715583  0.25263158  4.53333333
  0.46140351  3.66666667 -0.31898844  0.25964912  4.76666667  0.46315789
  3.66666667 -0.61251879]",1307.3932402133942
0.15341999999999995,[0.43181473],"[ 0.25087719  4.63333333  0.45964912  3.66666667 -0.69715583  0.25263158
  4.53333333  0.46140351  3.66666667 -0.31898844  0.25964912  4.76666667
  0.46315789  3.66666667 -0.61251879  0.26842105  5.          0.47017544
  3.7        -0.56818527]",1307.466204404831
0.16619599999999998,[-0.20453228],"[ 0.25263158  4.53333333  0.46140351  3.66666667 -0.31898844  0.25964912
  4.76666667  0.46315789  3.66666667 -0.61251879  0.26842105  5.
  0.47017544  3.7        -0.56818527  0.2754386   5.          0.47719298
  3.8        -1.20453227]",1307.5521721839905
0.166216,[-0.14935017],"[ 0.25964912  4.76666667  0.46315789  3.66666667 -0.61251879  0.26842105
  5.          0.47017544  3.7        -0.56818527  0.2754386   5.
  0.47719298  3.8        -1.20453227  0.28070175  5.          0.48596491
  3.86666667 -1.14935017]",1307.6261532306671
0.176436,[-0.9442962],"[ 0.26842105  5.          0.47017544  3.7        -0.56818527  0.2754386
  5.          0.47719298  3.8        -1.20453227  0.28070175  5.
  0.48596491  3.86666667 -1.14935017  0.28421053  4.86666667  0.49649123
  4.1        -1.94429612]",1307.7060477733612
0.18408399999999997,[0.81650835],"[ 0.2754386   5.          0.47719298  3.8        -1.20453227  0.28070175
  5.          0.48596491  3.86666667 -1.14935017  0.28421053  4.86666667
  0.49649123  4.1        -1.94429612  0.28947368  4.8         0.50350877
  4.3        -0.18349165]",1307.7984898090363
0.173876,[0.2252975],"[ 0.28070175  5.          0.48596491  3.86666667 -1.14935017  0.28421053
  4.86666667  0.49649123  4.1        -1.94429612  0.28947368  4.8
  0.50350877  4.3        -0.18349165  0.29122807  4.66666667  0.50701754
  4.56666667 -0.77470249]",1307.8698122501373
0.168732,[0.9359422],"[ 0.28421053  4.86666667  0.49649123  4.1        -1.94429612  0.28947368
  4.8         0.50350877  4.3        -0.18349165  0.29122807  4.66666667
  0.50701754  4.56666667 -0.77470249  0.29649123  4.83333333  0.51052632
  4.5        -0.06405783]",1307.9463686943054
0.15850000000000003,[0.7403764],"[ 0.28947368  4.8         0.50350877  4.3        -0.18349165  0.29122807
  4.66666667  0.50701754  4.56666667 -0.77470249  0.29649123  4.83333333
  0.51052632  4.5        -0.06405783  0.30175439  5.1         0.51052632
  4.23333333 -0.25962359]",1308.026050567627
0.14573600000000003,[0.37439826],"[ 0.29122807  4.66666667  0.50701754  4.56666667 -0.77470249  0.29649123
  4.83333333  0.51052632  4.5        -0.06405783  0.30175439  5.1
  0.51052632  4.23333333 -0.25962359  0.30526316  5.26666667  0.50877193
  4.         -0.62560177]",1308.1061825752258
0.15082,[0.45082644],"[ 0.29649123  4.83333333  0.51052632  4.5        -0.06405783  0.30175439
  5.1         0.51052632  4.23333333 -0.25962359  0.30526316  5.26666667
  0.50877193  4.         -0.62560177  0.31052632  5.36666667  0.50701754
  3.9        -0.54917359]",1308.1864454746246
0.15589999999999998,[0.29996186],"[ 0.30175439  5.1         0.51052632  4.23333333 -0.25962359  0.30526316
  5.26666667  0.50877193  4.         -0.62560177  0.31052632  5.36666667
  0.50701754  3.9        -0.54917359  0.31403509  5.43333333  0.50877193
  3.86666667 -0.70003814]",1308.2666108608246
0.15845599999999999,[0.09293196],"[ 0.30526316  5.26666667  0.50877193  4.         -0.62560177  0.31052632
  5.36666667  0.50701754  3.9        -0.54917359  0.31403509  5.43333333
  0.50877193  3.86666667 -0.70003814  0.32280702  5.53333333  0.51578947
  3.83333333 -0.90706801]",1308.3460040092468
0.16355600000000003,[0.14591877],"[ 0.31052632  5.36666667  0.50701754  3.9        -0.54917359  0.31403509
  5.43333333  0.50877193  3.86666667 -0.70003814  0.32280702  5.53333333
  0.51578947  3.83333333 -0.90706801  0.32982456  5.5         0.52280702
  3.83333333 -0.85408121]",1308.4261209964752
0.158428,[0.66092175],"[ 0.31403509  5.43333333  0.50877193  3.86666667 -0.70003814  0.32280702
  5.53333333  0.51578947  3.83333333 -0.90706801  0.32982456  5.5
  0.52280702  3.83333333 -0.85408121  0.33333333  5.46666667  0.52807018
  3.76666667 -0.33907825]",1308.5061240196228
0.15072799999999997,[0.22360502],"[ 0.32280702  5.53333333  0.51578947  3.83333333 -0.90706801  0.32982456
  5.5         0.52280702  3.83333333 -0.85408121  0.33333333  5.46666667
  0.52807018  3.76666667 -0.33907825  0.33684211  5.43333333  0.52807018
  3.66666667 -0.77639496]",1308.5860872268677
0.14302399999999998,[0.3428299],"[ 0.32982456  5.5         0.52280702  3.83333333 -0.85408121  0.33333333
  5.46666667  0.52807018  3.76666667 -0.33907825  0.33684211  5.43333333
  0.52807018  3.66666667 -0.77639496  0.33859649  5.5         0.52807018
  3.66666667 -0.65717006]",1308.6823263168335
0.12259599999999997,[0.97779965],"[ 0.33333333  5.46666667  0.52807018  3.76666667 -0.33907825  0.33684211
  5.43333333  0.52807018  3.66666667 -0.77639496  0.33859649  5.5
  0.52807018  3.66666667 -0.65717006  0.33333333  5.43333333  0.52631579
  3.73333333 -0.02220035]",1308.7461812496185
0.11746800000000004,[0.6820552],"[ 0.33684211  5.43333333  0.52807018  3.66666667 -0.77639496  0.33859649
  5.5         0.52807018  3.66666667 -0.65717006  0.33333333  5.43333333
  0.52631579  3.73333333 -0.02220035  0.33157895  5.53333333  0.52280702
  3.73333333 -0.31794482]",1308.8262591362
0.11743999999999999,[-0.57424754],"[ 0.33859649  5.5         0.52807018  3.66666667 -0.65717006  0.33333333
  5.43333333  0.52631579  3.73333333 -0.02220035  0.33157895  5.53333333
  0.52280702  3.73333333 -0.31794482  0.33333333  5.66666667  0.51578947
  3.63333333 -1.5742476 ]",1308.9063878059387
0.10213200000000003,[-0.342027],"[ 0.33333333  5.43333333  0.52631579  3.73333333 -0.02220035  0.33157895
  5.53333333  0.52280702  3.73333333 -0.31794482  0.33333333  5.66666667
  0.51578947  3.63333333 -1.5742476   0.32982456  5.66666667  0.51403509
  3.66666667 -1.34202695]",1308.9874017238617
0.07918400000000003,[-0.85667014],"[ 0.33157895  5.53333333  0.52280702  3.73333333 -0.31794482  0.33333333
  5.66666667  0.51578947  3.63333333 -1.5742476   0.32982456  5.66666667
  0.51403509  3.66666667 -1.34202695  0.32280702  5.43333333  0.51929825
  3.9        -1.85667014]",1309.074509859085
0.068992,[-0.32610998],"[ 0.33333333  5.66666667  0.51578947  3.63333333 -1.5742476   0.32982456
  5.66666667  0.51403509  3.66666667 -1.34202695  0.32280702  5.43333333
  0.51929825  3.9        -1.85667014  0.32280702  5.16666667  0.52631579
  4.1        -1.32611001]",1309.1521124839783
0.06645200000000001,[-0.12174524],"[ 0.32982456  5.66666667  0.51403509  3.66666667 -1.34202695  0.32280702
  5.43333333  0.51929825  3.9        -1.85667014  0.32280702  5.16666667
  0.52631579  4.1        -1.32611001  0.32631579  5.03333333  0.53684211
  4.3        -1.12174523]",1309.2260134220123
0.076648,[0.10032871],"[ 0.32280702  5.43333333  0.51929825  3.9        -1.85667014  0.32280702
  5.16666667  0.52631579  4.1        -1.32611001  0.32631579  5.03333333
  0.53684211  4.3        -1.12174523  0.33684211  5.13333333  0.54561404
  4.3        -0.89967132]",1309.3121683597565
0.07662800000000003,[0.94930434],"[ 0.32280702  5.16666667  0.52631579  4.1        -1.32611001  0.32631579
  5.03333333  0.53684211  4.3        -1.12174523  0.33684211  5.13333333
  0.54561404  4.3        -0.89967132  0.34210526  5.23333333  0.55087719
  4.23333333 -0.05069566]",1309.3860416412354
0.07916400000000001,[-0.0011451],"[ 0.32631579  5.03333333  0.53684211  4.3        -1.12174523  0.33684211
  5.13333333  0.54561404  4.3        -0.89967132  0.34210526  5.23333333
  0.55087719  4.23333333 -0.05069566  0.34561404  5.26666667  0.55087719
  4.06666667 -1.00114512]",1309.475524187088
0.07661600000000002,[0.32104987],"[ 0.33684211  5.13333333  0.54561404  4.3        -0.89967132  0.34210526
  5.23333333  0.55087719  4.23333333 -0.05069566  0.34561404  5.26666667
  0.55087719  4.06666667 -1.00114512  0.34912281  5.36666667  0.54736842
  3.8        -0.67895013]",1309.5521292686462
0.06386799999999998,[0.32014838],"[ 0.34210526  5.23333333  0.55087719  4.23333333 -0.05069566  0.34561404
  5.26666667  0.55087719  4.06666667 -1.00114512  0.34912281  5.36666667
  0.54736842  3.8        -0.67895013  0.34561404  5.36666667  0.54385965
  3.83333333 -0.67985165]",1309.6294949054718
0.05877199999999999,[0.4261754],"[ 0.34561404  5.26666667  0.55087719  4.06666667 -1.00114512  0.34912281
  5.36666667  0.54736842  3.8        -0.67895013  0.34561404  5.36666667
  0.54385965  3.83333333 -0.67985165  0.34561404  5.4         0.54035088
  3.83333333 -0.57382464]",1309.7060987949371
0.053672,[-0.90947616],"[ 0.34912281  5.36666667  0.54736842  3.8        -0.67895013  0.34561404
  5.36666667  0.54385965  3.83333333 -0.67985165  0.34561404  5.4
  0.54035088  3.83333333 -0.57382464  0.34736842  5.4         0.53859649
  3.73333333 -1.90947616]",1309.7859725952148
0.05114000000000002,[0.12199057],"[ 0.34561404  5.36666667  0.54385965  3.83333333 -0.67985165  0.34561404
  5.4         0.54035088  3.83333333 -0.57382464  0.34736842  5.4
  0.53859649  3.73333333 -1.90947616  0.34912281  5.26666667  0.54385965
  3.7        -0.87800944]",1309.8721060752869
0.03840400000000005,[-0.73189867],"[ 0.34561404  5.4         0.54035088  3.83333333 -0.57382464  0.34736842
  5.4         0.53859649  3.73333333 -1.90947616  0.34912281  5.26666667
  0.54385965  3.7        -0.87800944  0.34912281  5.          0.55263158
  3.8        -1.73189867]",1309.9463024139404
0.04095599999999994,[0.51220685],"[ 0.34736842  5.4         0.53859649  3.73333333 -1.90947616  0.34912281
  5.26666667  0.54385965  3.7        -0.87800944  0.34912281  5.
  0.55263158  3.8        -1.73189867  0.35789474  5.          0.55964912
  3.7        -0.48779315]",1310.0259974002838
0.04096799999999995,[0.67480904],"[ 0.34912281  5.26666667  0.54385965  3.7        -0.87800944  0.34912281
  5.          0.55263158  3.8        -1.73189867  0.35789474  5.
  0.55964912  3.7        -0.48779315  0.36140351  4.86666667  0.56666667
  3.73333333 -0.32519096]",1310.1118776798248
0.048607999999999985,[-0.37032625],"[ 0.34912281  5.          0.55263158  3.8        -1.73189867  0.35789474
  5.          0.55964912  3.7        -0.48779315  0.36140351  4.86666667
  0.56666667  3.73333333 -0.32519096  0.37017544  5.06666667  0.57017544
  3.7        -1.37032628]",1310.1892714500427
0.053703999999999974,[0.686743],"[ 0.35789474  5.          0.55964912  3.7        -0.48779315  0.36140351
  4.86666667  0.56666667  3.73333333 -0.32519096  0.37017544  5.06666667
  0.57017544  3.7        -1.37032628  0.3754386   5.26666667  0.57192982
  3.73333333 -0.31325698]",1310.266664981842
0.05626399999999998,[-0.8051423],"[ 0.36140351  4.86666667  0.56666667  3.73333333 -0.32519096  0.37017544
  5.06666667  0.57017544  3.7        -1.37032628  0.3754386   5.26666667
  0.57192982  3.73333333 -0.31325698  0.37192982  5.16666667  0.57368421
  3.86666667 -1.80514228]",1310.3530251979828
0.061379999999999935,[0.47711888],"[ 0.37017544  5.06666667  0.57017544  3.7        -1.37032628  0.3754386
  5.26666667  0.57192982  3.73333333 -0.31325698  0.37192982  5.16666667
  0.57368421  3.86666667 -1.80514228  0.37368421  5.23333333  0.57368421
  3.86666667 -0.52288115]",1310.4335124492645
0.06395199999999995,[-0.954634],"[ 0.3754386   5.26666667  0.57192982  3.73333333 -0.31325698  0.37192982
  5.16666667  0.57368421  3.86666667 -1.80514228  0.37368421  5.23333333
  0.57368421  3.86666667 -0.52288115  0.37719298  5.23333333  0.57894737
  4.03333333 -1.95463395]",1310.5062537193298
0.07927599999999996,[-0.78190935],"[ 0.37192982  5.16666667  0.57368421  3.86666667 -1.80514228  0.37368421
  5.23333333  0.57368421  3.86666667 -0.52288115  0.37719298  5.23333333
  0.57894737  4.03333333 -1.95463395  0.38421053  5.33333333  0.5877193
  4.1        -1.78190935]",1310.5934681892395
0.09461599999999998,[0.34460598],"[ 0.37368421  5.23333333  0.57368421  3.86666667 -0.52288115  0.37719298
  5.23333333  0.57894737  4.03333333 -1.95463395  0.38421053  5.33333333
  0.5877193   4.1        -1.78190935  0.3877193   5.06666667  0.59649123
  4.3        -0.65539402]",1310.6726624965668
0.10227200000000003,[0.848414],"[ 0.37719298  5.23333333  0.57894737  4.03333333 -1.95463395  0.38421053
  5.33333333  0.5877193   4.1        -1.78190935  0.3877193   5.06666667
  0.59649123  4.3        -0.65539402  0.39298246  4.9         0.60526316
  4.43333333 -0.151586  ]",1310.7518746852875
0.109896,[-0.97532254],"[ 0.38421053  5.33333333  0.5877193   4.1        -1.78190935  0.3877193
  5.06666667  0.59649123  4.3        -0.65539402  0.39298246  4.9
  0.60526316  4.43333333 -0.151586    0.40175439  5.13333333  0.61052632
  4.26666667 -1.97532248]",1310.8299882411957
0.10476399999999997,[-0.4115163],"[ 0.3877193   5.06666667  0.59649123  4.3        -0.65539402  0.39298246
  4.9         0.60526316  4.43333333 -0.151586    0.40175439  5.13333333
  0.61052632  4.26666667 -1.97532248  0.40877193  5.4         0.61052632
  4.03333333 -1.41151631]",1310.9100186824799
0.09455999999999998,[0.34391084],"[ 0.39298246  4.9         0.60526316  4.43333333 -0.151586    0.40175439
  5.13333333  0.61052632  4.26666667 -1.97532248  0.40877193  5.4
  0.61052632  4.03333333 -1.41151631  0.40701754  5.33333333  0.61052632
  4.13333333 -0.65608919]",1310.9921071529388
0.09201599999999999,[-0.95472723],"[ 0.40175439  5.13333333  0.61052632  4.26666667 -1.97532248  0.40877193
  5.4         0.61052632  4.03333333 -1.41151631  0.40701754  5.33333333
  0.61052632  4.13333333 -0.65608919  0.40877193  5.26666667  0.61403509
  4.23333333 -1.95472717]",1311.0762224197388
0.10224,[0.76645577],"[ 0.40877193  5.4         0.61052632  4.03333333 -1.41151631  0.40701754
  5.33333333  0.61052632  4.13333333 -0.65608919  0.40877193  5.26666667
  0.61403509  4.23333333 -1.95472717  0.41929825  5.36666667  0.61929825
  4.06666667 -0.23354423]",1311.1501848697662
0.12013600000000002,[0.4244639],"[ 0.40701754  5.33333333  0.61052632  4.13333333 -0.65608919  0.40877193
  5.26666667  0.61403509  4.23333333 -1.95472717  0.41929825  5.36666667
  0.61929825  4.06666667 -0.23354423  0.42807018  5.33333333  0.63333333
  4.2        -0.57553613]",1311.2271275520325
0.14312800000000003,[-0.7517375],"[ 0.40877193  5.26666667  0.61403509  4.23333333 -1.95472717  0.41929825
  5.36666667  0.61929825  4.06666667 -0.23354423  0.42807018  5.33333333
  0.63333333  4.2        -0.57553613  0.44385965  5.46666667  0.64385965
  4.1        -1.75173748]",1311.3093962669373
0.15590800000000005,[-0.12771603],"[ 0.41929825  5.36666667  0.61929825  4.06666667 -0.23354423  0.42807018
  5.33333333  0.63333333  4.2        -0.57553613  0.44385965  5.46666667
  0.64385965  4.1        -1.75173748  0.45438596  5.46666667  0.65087719
  3.86666667 -1.12771606]",1311.3860669136047
0.15593599999999996,[0.5089312],"[ 0.42807018  5.33333333  0.63333333  4.2        -0.57553613  0.44385965
  5.46666667  0.64385965  4.1        -1.75173748  0.45438596  5.46666667
  0.65087719  3.86666667 -1.12771606  0.45614035  5.1         0.65964912
  3.83333333 -0.49106878]",1311.4720396995544
0.16868799999999995,[-0.5174165],"[ 0.44385965  5.46666667  0.64385965  4.1        -1.75173748  0.45438596
  5.46666667  0.65087719  3.86666667 -1.12771606  0.45614035  5.1
  0.65964912  3.83333333 -0.49106878  0.46491228  5.06666667  0.66491228
  3.73333333 -1.51741648]",1311.5563027858734
0.16610400000000003,[0.0291317],"[ 0.45438596  5.46666667  0.65087719  3.86666667 -1.12771606  0.45614035
  5.1         0.65964912  3.83333333 -0.49106878  0.46491228  5.06666667
  0.66491228  3.73333333 -1.51741648  0.47192982  5.3         0.66842105
  3.8        -0.97086829]",1311.6373534202576
0.15843200000000002,[0.7988272],"[ 0.45614035  5.1         0.65964912  3.83333333 -0.49106878  0.46491228
  5.06666667  0.66491228  3.73333333 -1.51741648  0.47192982  5.3
  0.66842105  3.8        -0.97086829  0.47017544  5.2         0.67368421
  3.96666667 -0.20117283]",1311.7139649391174
0.15590000000000004,[0.20529608],"[ 0.46491228  5.06666667  0.66491228  3.73333333 -1.51741648  0.47192982
  5.3         0.66842105  3.8        -0.97086829  0.47017544  5.2
  0.67368421  3.96666667 -0.20117283  0.47719298  5.2         0.67719298
  3.86666667 -0.7947039 ]",1311.7860600948334
0.16101600000000005,[-0.7790666],"[ 0.47192982  5.3         0.66842105  3.8        -0.97086829  0.47017544
  5.2         0.67368421  3.96666667 -0.20117283  0.47719298  5.2
  0.67719298  3.86666667 -0.7947039   0.48596491  5.36666667  0.68245614
  3.76666667 -1.77906656]",1311.8729815483093
0.16868000000000005,[0.18356073],"[ 0.47017544  5.2         0.67368421  3.96666667 -0.20117283  0.47719298
  5.2         0.67719298  3.86666667 -0.7947039   0.48596491  5.36666667
  0.68245614  3.76666667 -1.77906656  0.4877193   5.3         0.69122807
  4.06666667 -0.81643927]",1311.948574066162
0.17126400000000008,[0.7442539],"[ 0.47719298  5.2         0.67719298  3.86666667 -0.7947039   0.48596491
  5.36666667  0.68245614  3.76666667 -1.77906656  0.4877193   5.3
  0.69122807  4.06666667 -0.81643927  0.49122807  5.13333333  0.70175439
  4.33333333 -0.25574613]",1312.0395584106445
0.18402000000000007,[-0.57539415],"[ 0.48596491  5.36666667  0.68245614  3.76666667 -1.77906656  0.4877193
  5.3         0.69122807  4.06666667 -0.81643927  0.49122807  5.13333333
  0.70175439  4.33333333 -0.25574613  0.50350877  5.33333333  0.70701754
  4.23333333 -1.57539415]",1312.1063330173492
0.18656800000000007,[0.33692315],"[ 0.4877193   5.3         0.69122807  4.06666667 -0.81643927  0.49122807
  5.13333333  0.70175439  4.33333333 -0.25574613  0.50350877  5.33333333
  0.70701754  4.23333333 -1.57539415  0.5122807   5.5         0.71052632
  4.06666667 -0.66307688]",1312.1922330856323
0.18142800000000003,[0.83708364],"[ 0.49122807  5.13333333  0.70175439  4.33333333 -0.25574613  0.50350877
  5.33333333  0.70701754  4.23333333 -1.57539415  0.5122807   5.5
  0.71052632  4.06666667 -0.66307688  0.5122807   5.46666667  0.71578947
  4.2        -0.16291636]",1312.2723245620728
0.183952,[-0.6257966],"[ 0.50350877  5.33333333  0.70701754  4.23333333 -1.57539415  0.5122807
  5.5         0.71052632  4.06666667 -0.66307688  0.5122807   5.46666667
  0.71578947  4.2        -0.16291636  0.51929825  5.56666667  0.71754386
  4.03333333 -1.62579656]",1312.351087808609
0.18652800000000003,[0.47202924],"[ 0.5122807   5.5         0.71052632  4.06666667 -0.66307688  0.5122807
  5.46666667  0.71578947  4.2        -0.16291636  0.51929825  5.56666667
  0.71754386  4.03333333 -1.62579656  0.52982456  5.63333333  0.71929825
  3.76666667 -0.52797079]",1312.430579662323
0.18401600000000007,[0.21118057],"[ 0.5122807   5.46666667  0.71578947  4.2        -0.16291636  0.51929825
  5.56666667  0.71754386  4.03333333 -1.62579656  0.52982456  5.63333333
  0.71929825  3.76666667 -0.52797079  0.53508772  5.53333333  0.72807018
  3.83333333 -0.78881943]",1312.5107338428497
0.19677600000000006,[-0.38803235],"[ 0.51929825  5.56666667  0.71754386  4.03333333 -1.62579656  0.52982456
  5.63333333  0.71929825  3.76666667 -0.52797079  0.53508772  5.53333333
  0.72807018  3.83333333 -0.78881943  0.54210526  5.63333333  0.73333333
  3.8        -1.38803232]",1312.590344429016
0.19933599999999996,[-0.28950852],"[ 0.52982456  5.63333333  0.71929825  3.76666667 -0.52797079  0.53508772
  5.53333333  0.72807018  3.83333333 -0.78881943  0.54210526  5.63333333
  0.73333333  3.8        -1.38803232  0.54561404  5.53333333  0.73859649
  3.76666667 -1.28950858]",1312.6722605228424
0.18914799999999998,[0.72577685],"[ 0.53508772  5.53333333  0.72807018  3.83333333 -0.78881943  0.54210526
  5.63333333  0.73333333  3.8        -1.38803232  0.54561404  5.53333333
  0.73859649  3.76666667 -1.28950858  0.54912281  5.33333333  0.74561404
  3.76666667 -0.27422315]",1312.7495183944702
0.18402799999999997,[0.82223237],"[ 0.54210526  5.63333333  0.73333333  3.8        -1.38803232  0.54561404
  5.53333333  0.73859649  3.76666667 -1.28950858  0.54912281  5.33333333
  0.74561404  3.76666667 -0.27422315  0.55438596  5.36666667  0.75087719
  3.76666667 -0.17776763]",1312.8283622264862
0.17633599999999994,[-0.8186766],"[ 0.54561404  5.53333333  0.73859649  3.76666667 -1.28950858  0.54912281
  5.33333333  0.74561404  3.76666667 -0.27422315  0.55438596  5.36666667
  0.75087719  3.76666667 -0.17776763  0.56491228  5.7         0.75263158
  3.8        -1.81867659]",1312.9062724113464
0.16610399999999992,[0.44261894],"[ 0.54912281  5.33333333  0.74561404  3.76666667 -0.27422315  0.55438596
  5.36666667  0.75087719  3.76666667 -0.17776763  0.56491228  5.7
  0.75263158  3.8        -1.81867659  0.56842105  5.76666667  0.75438596
  3.8        -0.55738103]",1312.9922358989716
0.155852,[0.85658103],"[ 0.55438596  5.36666667  0.75087719  3.76666667 -0.17776763  0.56491228
  5.7         0.75263158  3.8        -1.81867659  0.56842105  5.76666667
  0.75438596  3.8        -0.55738103  0.56315789  5.63333333  0.75789474
  3.93333333 -0.14341897]",1313.0750977993011
0.15072399999999997,[0.50973016],"[ 0.56491228  5.7         0.75263158  3.8        -1.81867659  0.56842105
  5.76666667  0.75438596  3.8        -0.55738103  0.56315789  5.63333333
  0.75789474  3.93333333 -0.14341897  0.56842105  5.73333333  0.75789474
  3.86666667 -0.49026984]",1313.1460857391357
0.15073599999999998,[0.48796308],"[ 0.56842105  5.76666667  0.75438596  3.8        -0.55738103  0.56315789
  5.63333333  0.75789474  3.93333333 -0.14341897  0.56842105  5.73333333
  0.75789474  3.86666667 -0.49026984  0.5754386   5.86666667  0.75789474
  3.76666667 -0.51203692]",1313.2269887924194
0.15838799999999997,[0.9002062],"[ 0.56315789  5.63333333  0.75789474  3.93333333 -0.14341897  0.56842105
  5.73333333  0.75789474  3.86666667 -0.49026984  0.5754386   5.86666667
  0.75789474  3.76666667 -0.51203692  0.57894737  5.9         0.76140351
  3.8        -0.09979379]",1313.313732624054
