reward,action,obs,time
,,"[0.         0.         0.         0.         0.         0.
 0.         0.         0.         0.         0.         0.
 0.         0.         0.         0.03157895 5.7        0.24385965
 5.4        0.        ]",2851.531678915024
0.0025319999999999995,[0.34747243],"[ 0.          0.          0.          0.          0.          0.
  0.          0.          0.          0.          0.03157895  5.7
  0.24385965  5.4         0.          0.03333333  5.9         0.24385965
  5.26666667 -0.65252757]",2851.629281759262
-0.0025440000000000046,[0.7954787],"[ 0.          0.          0.          0.          0.          0.03157895
  5.7         0.24385965  5.4         0.          0.03333333  5.9
  0.24385965  5.26666667 -0.65252757  0.02982456  5.6         0.24561404
  5.43333333 -0.2045213 ]",2851.6765832901
3.9999999999970615e-06,[0.22061025],"[ 0.03157895  5.7         0.24385965  5.4         0.          0.03333333
  5.9         0.24385965  5.26666667 -0.65252757  0.02982456  5.6
  0.24561404  5.43333333 -0.2045213   0.03157895  5.66666667  0.24385965
  5.4        -0.77938974]",2851.731811761856
-0.0025520000000000057,[0.37316528],"[ 0.03333333  5.9         0.24385965  5.26666667 -0.65252757  0.02982456
  5.6         0.24561404  5.43333333 -0.2045213   0.03157895  5.66666667
  0.24385965  5.4        -0.77938974  0.02982456  5.66666667  0.24385965
  5.4        -0.62683475]",2851.775884628296
7.999999999994123e-06,[-0.06027395],"[ 0.02982456  5.6         0.24561404  5.43333333 -0.2045213   0.03157895
  5.66666667  0.24385965  5.4        -0.77938974  0.02982456  5.66666667
  0.24385965  5.4        -0.62683475  0.03157895  5.63333333  0.24561404
  5.4        -1.06027389]",2851.829571723938
3.9999999999970615e-06,[0.6419995],"[ 0.03157895  5.66666667  0.24385965  5.4        -0.77938974  0.02982456
  5.66666667  0.24385965  5.4        -0.62683475  0.03157895  5.63333333
  0.24561404  5.4        -1.06027389  0.03157895  5.66666667  0.24561404
  5.4        -0.35800052]",2851.8826456069946
0.0025439999999999977,[-0.1187958],"[ 0.02982456  5.66666667  0.24385965  5.4        -0.62683475  0.03157895
  5.63333333  0.24561404  5.4        -1.06027389  0.03157895  5.66666667
  0.24561404  5.4        -0.35800052  0.03333333  5.8         0.24561404
  5.26666667 -1.11879575]",2851.9324765205383
0.0025439999999999977,[-0.8955998],"[ 0.03157895  5.63333333  0.24561404  5.4        -1.06027389  0.03157895
  5.66666667  0.24561404  5.4        -0.35800052  0.03333333  5.8
  0.24561404  5.26666667 -1.11879575  0.03333333  5.8         0.24561404
  5.3        -1.89559984]",2851.9832339286804
0.0025519999999999987,[0.01614704],"[ 0.03157895  5.66666667  0.24561404  5.4        -0.35800052  0.03333333
  5.8         0.24561404  5.26666667 -1.11879575  0.03333333  5.8
  0.24561404  5.3        -1.89559984  0.03333333  5.73333333  0.24561404
  5.33333333 -0.98385298]",2852.0271830558777
0.0051079999999999945,[-0.7280725],"[ 0.03333333  5.8         0.24561404  5.26666667 -1.11879575  0.03333333
  5.8         0.24561404  5.3        -1.89559984  0.03333333  5.73333333
  0.24561404  5.33333333 -0.98385298  0.03508772  5.73333333  0.24561404
  5.36666667 -1.72807252]",2852.0800216197968
0.005127999999999994,[-0.33528575],"[ 0.03333333  5.8         0.24561404  5.3        -1.89559984  0.03333333
  5.73333333  0.24561404  5.33333333 -0.98385298  0.03508772  5.73333333
  0.24561404  5.36666667 -1.72807252  0.03508772  5.56666667  0.24736842
  5.56666667 -1.33528578]",2852.153312921524
0.0076919999999999975,[0.5953541],"[ 0.03333333  5.73333333  0.24561404  5.33333333 -0.98385298  0.03508772
  5.73333333  0.24561404  5.36666667 -1.72807252  0.03508772  5.56666667
  0.24736842  5.56666667 -1.33528578  0.03684211  5.5         0.25087719
  5.66666667 -0.40464592]",2852.233304977417
0.015343999999999997,[0.1804667],"[ 0.03508772  5.73333333  0.24561404  5.36666667 -1.72807252  0.03508772
  5.56666667  0.24736842  5.56666667 -1.33528578  0.03684211  5.5
  0.25087719  5.66666667 -0.40464592  0.04210526  5.63333333  0.25614035
  5.56666667 -0.81953329]",2852.313140153885
0.022992,[-0.5508721],"[ 0.03508772  5.56666667  0.24736842  5.56666667 -1.33528578  0.03684211
  5.5         0.25087719  5.66666667 -0.40464592  0.04210526  5.63333333
  0.25614035  5.56666667 -0.81953329  0.04736842  5.8         0.25964912
  5.36666667 -1.55087209]",2852.3934478759766
0.02556,[-0.27712664],"[ 0.03684211  5.5         0.25087719  5.66666667 -0.40464592  0.04210526
  5.63333333  0.25614035  5.56666667 -0.81953329  0.04736842  5.8
  0.25964912  5.36666667 -1.55087209  0.04912281  5.7         0.26315789
  5.36666667 -1.27712667]",2852.4731147289276
0.02814,[-0.523008],"[ 0.04210526  5.63333333  0.25614035  5.56666667 -0.81953329  0.04736842
  5.8         0.25964912  5.36666667 -1.55087209  0.04912281  5.7
  0.26315789  5.36666667 -1.27712667  0.05087719  5.5         0.26491228
  5.53333333 -1.52300799]",2852.5531163215637
0.03325199999999999,[-0.83193475],"[ 0.04736842  5.8         0.25964912  5.36666667 -1.55087209  0.04912281
  5.7         0.26315789  5.36666667 -1.27712667  0.05087719  5.5
  0.26491228  5.53333333 -1.52300799  0.05438596  5.5         0.26842105
  5.56666667 -1.83193469]",2852.6266644001007
0.040928,[-0.07413026],"[ 0.04912281  5.7         0.26315789  5.36666667 -1.27712667  0.05087719
  5.5         0.26491228  5.53333333 -1.52300799  0.05438596  5.5
  0.26842105  5.56666667 -1.83193469  0.05964912  5.43333333  0.27368421
  5.73333333 -1.0741303 ]",2852.7174417972565
0.051148000000000006,[-0.29379594],"[ 0.05087719  5.5         0.26491228  5.53333333 -1.52300799  0.05438596
  5.5         0.26842105  5.56666667 -1.83193469  0.05964912  5.43333333
  0.27368421  5.73333333 -1.0741303   0.06666667  5.46666667  0.28070175
  5.8        -1.29379594]",2852.7867357730865
0.0588,[-0.74782467],"[ 0.05438596  5.5         0.26842105  5.56666667 -1.83193469  0.05964912
  5.43333333  0.27368421  5.73333333 -1.0741303   0.06666667  5.46666667
  0.28070175  5.8        -1.29379594  0.07192982  5.6         0.2877193
  5.7        -1.74782467]",2852.866622209549
0.06395200000000001,[-0.04079833],"[ 0.05964912  5.43333333  0.27368421  5.73333333 -1.0741303   0.06666667
  5.46666667  0.28070175  5.8        -1.29379594  0.07192982  5.6
  0.2877193   5.7        -1.74782467  0.07719298  5.46666667  0.29122807
  5.83333333 -1.04079831]",2852.9513654708862
0.076708,[0.1657607],"[ 0.06666667  5.46666667  0.28070175  5.8        -1.29379594  0.07192982
  5.6         0.2877193   5.7        -1.74782467  0.07719298  5.46666667
  0.29122807  5.83333333 -1.04079831  0.08245614  5.36666667  0.29473684
  5.86666667 -0.8342393 ]",2853.026863336563
0.07924400000000001,[0.08687591],"[ 0.07192982  5.6         0.2877193   5.7        -1.74782467  0.07719298
  5.46666667  0.29122807  5.83333333 -1.04079831  0.08245614  5.36666667
  0.29473684  5.86666667 -0.8342393   0.08596491  5.6         0.3
  5.66666667 -0.91312408]",2853.1112751960754
0.09202,[0.36082307],"[ 0.07719298  5.46666667  0.29122807  5.83333333 -1.04079831  0.08245614
  5.36666667  0.29473684  5.86666667 -0.8342393   0.08596491  5.6
  0.3         5.66666667 -0.91312408  0.09298246  5.63333333  0.30701754
  5.63333333 -0.63917696]",2853.1931579113007
0.09712,[-0.27487645],"[ 0.08245614  5.36666667  0.29473684  5.86666667 -0.8342393   0.08596491
  5.6         0.3         5.66666667 -0.91312408  0.09298246  5.63333333
  0.30701754  5.63333333 -0.63917696  0.09824561  5.7         0.3122807
  5.56666667 -1.27487648]",2853.2673003673553
0.10478399999999999,[-0.47786528],"[ 0.08596491  5.6         0.3         5.66666667 -0.91312408  0.09298246
  5.63333333  0.30701754  5.63333333 -0.63917696  0.09824561  5.7
  0.3122807   5.56666667 -1.27487648  0.10350877  5.76666667  0.31929825
  5.5        -1.47786522]",2853.35133600235
0.10738400000000001,[-0.648887],"[ 0.09298246  5.63333333  0.30701754  5.63333333 -0.63917696  0.09824561
  5.7         0.3122807   5.56666667 -1.27487648  0.10350877  5.76666667
  0.31929825  5.5        -1.47786522  0.10701754  5.53333333  0.3245614
  5.7        -1.64888692]",2853.4328825473785
0.10995600000000001,[-0.7777752],"[ 0.09824561  5.7         0.3122807   5.56666667 -1.27487648  0.10350877
  5.76666667  0.31929825  5.5        -1.47786522  0.10701754  5.53333333
  0.3245614   5.7        -1.64888692  0.10877193  5.4         0.32982456
  5.8        -1.77777529]",2853.507526397705
0.11506800000000002,[-0.1801016],"[ 0.10350877  5.76666667  0.31929825  5.5        -1.47786522  0.10701754
  5.53333333  0.3245614   5.7        -1.64888692  0.10877193  5.4
  0.32982456  5.8        -1.77777529  0.1122807   5.33333333  0.33333333
  5.93333333 -1.18010163]",2853.586508989334
0.11501999999999998,[0.30884343],"[ 0.10701754  5.53333333  0.3245614   5.7        -1.64888692  0.10877193
  5.4         0.32982456  5.8        -1.77777529  0.1122807   5.33333333
  0.33333333  5.93333333 -1.18010163  0.11403509  5.73333333  0.33859649
  6.         -0.69115657]",2853.671186208725
0.153364,[-0.76523745],"[ 0.10877193  5.4         0.32982456  5.8        -1.77777529  0.1122807
  5.33333333  0.33333333  5.93333333 -1.18010163  0.11403509  5.73333333
  0.33859649  6.         -0.69115657  0.14035088  5.53333333  0.34561404
  5.86666667 -1.76523745]",2853.7473475933075
0.153352,[-0.6499455],"[ 0.1122807   5.33333333  0.33333333  5.93333333 -1.18010163  0.11403509
  5.73333333  0.33859649  6.         -0.69115657  0.14035088  5.53333333
  0.34561404  5.86666667 -1.76523745  0.14210526  5.56666667  0.35087719
  5.76666667 -1.6499455 ]",2853.833130836487
0.15338399999999996,[-0.58980155],"[ 0.11403509  5.73333333  0.33859649  6.         -0.69115657  0.14035088
  5.53333333  0.34561404  5.86666667 -1.76523745  0.14210526  5.56666667
  0.35087719  5.76666667 -1.6499455   0.14736842  5.43333333  0.35438596
  5.93333333 -1.58980155]",2853.9126315116882
0.15341200000000002,[-0.5097426],"[ 0.14035088  5.53333333  0.34561404  5.86666667 -1.76523745  0.14210526
  5.56666667  0.35087719  5.76666667 -1.6499455   0.14736842  5.43333333
  0.35438596  5.93333333 -1.58980155  0.15263158  5.36666667  0.36140351
  6.1        -1.50974262]",2853.9889562129974
0.15851200000000001,[-0.5435976],"[ 0.14210526  5.56666667  0.35087719  5.76666667 -1.6499455   0.14736842
  5.43333333  0.35438596  5.93333333 -1.58980155  0.15263158  5.36666667
  0.36140351  6.1        -1.50974262  0.15789474  5.36666667  0.36842105
  6.16666667 -1.54359758]",2854.0666785240173
0.16615600000000003,[0.3943492],"[ 0.14736842  5.43333333  0.35438596  5.93333333 -1.58980155  0.15263158
  5.36666667  0.36140351  6.1        -1.50974262  0.15789474  5.36666667
  0.36842105  6.16666667 -1.54359758  0.16491228  5.36666667  0.3754386
  6.33333333 -0.60565078]",2854.1469604969025
0.17125200000000002,[0.15472296],"[ 0.15263158  5.36666667  0.36140351  6.1        -1.50974262  0.15789474
  5.36666667  0.36842105  6.16666667 -1.54359758  0.16491228  5.36666667
  0.3754386   6.33333333 -0.60565078  0.17192982  5.5         0.38245614
  6.33333333 -0.84527707]",2854.2265949249268
0.171224,[-0.88983667],"[ 0.15789474  5.36666667  0.36842105  6.16666667 -1.54359758  0.16491228
  5.36666667  0.3754386   6.33333333 -0.60565078  0.17192982  5.5
  0.38245614  6.33333333 -0.84527707  0.17719298  5.66666667  0.39122807
  6.16666667 -1.88983667]",2854.3087544441223
0.166128,[0.72857475],"[ 0.16491228  5.36666667  0.3754386   6.33333333 -0.60565078  0.17192982
  5.5         0.38245614  6.33333333 -0.84527707  0.17719298  5.66666667
  0.39122807  6.16666667 -1.88983667  0.18070175  5.56666667  0.39298246
  6.23333333 -0.27142525]",2854.386659860611
0.168724,[0.14374039],"[ 0.17192982  5.5         0.38245614  6.33333333 -0.84527707  0.17719298
  5.66666667  0.39122807  6.16666667 -1.88983667  0.18070175  5.56666667
  0.39298246  6.23333333 -0.27142525  0.1877193   5.36666667  0.39473684
  6.5        -0.85625958]",2854.4709000587463
0.168684,[-0.57625926],"[ 0.17719298  5.66666667  0.39122807  6.16666667 -1.88983667  0.18070175
  5.56666667  0.39298246  6.23333333 -0.27142525  0.1877193   5.36666667
  0.39473684  6.5        -0.85625958  0.19298246  5.56666667  0.40175439
  6.5        -1.57625926]",2854.546513080597
0.168648,[-0.80680764],"[ 0.18070175  5.56666667  0.39298246  6.23333333 -0.27142525  0.1877193
  5.36666667  0.39473684  6.5        -0.85625958  0.19298246  5.56666667
  0.40175439  6.5        -1.57625926  0.19824561  5.76666667  0.40877193
  6.5        -1.80680764]",2854.6267993450165
0.18147599999999997,[-0.04439593],"[ 0.1877193   5.36666667  0.39473684  6.5        -0.85625958  0.19298246
  5.56666667  0.40175439  6.5        -1.57625926  0.19824561  5.76666667
  0.40877193  6.5        -1.80680764  0.21052632  5.6         0.41578947
  6.83333333 -1.04439592]",2854.713401556015
0.189144,[0.45322034],"[ 0.19298246  5.56666667  0.40175439  6.5        -1.57625926  0.19824561
  5.76666667  0.40877193  6.5        -1.80680764  0.21052632  5.6
  0.41578947  6.83333333 -1.04439592  0.22280702  5.63333333  0.42631579
  6.96666667 -0.54677963]",2854.7882063388824
0.19168,[-0.4647077],"[ 0.19824561  5.76666667  0.40877193  6.5        -1.80680764  0.21052632
  5.6         0.41578947  6.83333333 -1.04439592  0.22280702  5.63333333
  0.42631579  6.96666667 -0.54677963  0.22982456  5.86666667  0.44035088
  6.8        -1.46470773]",2854.866848707199
0.196784,[0.37685007],"[ 0.21052632  5.6         0.41578947  6.83333333 -1.04439592  0.22280702
  5.63333333  0.42631579  6.96666667 -0.54677963  0.22982456  5.86666667
  0.44035088  6.8        -1.46470773  0.23859649  6.          0.45087719
  6.7        -0.62314993]",2854.951367855072
0.204408,[0.7303536],"[ 0.22280702  5.63333333  0.42631579  6.96666667 -0.54677963  0.22982456
  5.86666667  0.44035088  6.8        -1.46470773  0.23859649  6.
  0.45087719  6.7        -0.62314993  0.24736842  6.13333333  0.45964912
  6.83333333 -0.26964641]",2855.029266357422
0.21202799999999997,[-0.33302504],"[ 0.22982456  5.86666667  0.44035088  6.8        -1.46470773  0.23859649
  6.          0.45087719  6.7        -0.62314993  0.24736842  6.13333333
  0.45964912  6.83333333 -0.26964641  0.25438596  6.4         0.46842105
  6.73333333 -1.33302498]",2855.1082067489624
0.21968000000000001,[0.5479201],"[ 0.23859649  6.          0.45087719  6.7        -0.62314993  0.24736842
  6.13333333  0.45964912  6.83333333 -0.26964641  0.25438596  6.4
  0.46842105  6.73333333 -1.33302498  0.26315789  6.46666667  0.47719298
  6.63333333 -0.45207989]",2855.187420606613
0.22483999999999998,[-0.9776529],"[ 0.24736842  6.13333333  0.45964912  6.83333333 -0.26964641  0.25438596
  6.4         0.46842105  6.73333333 -1.33302498  0.26315789  6.46666667
  0.47719298  6.63333333 -0.45207989  0.26842105  6.46666667  0.48245614
  6.66666667 -1.97765291]",2855.2683293819427
0.19413200000000005,[-0.71903336],"[ 0.25438596  6.4         0.46842105  6.73333333 -1.33302498  0.26315789
  6.46666667  0.47719298  6.63333333 -0.45207989  0.26842105  6.46666667
  0.48245614  6.66666667 -1.97765291  0.27368421  6.56666667  0.48947368
  6.66666667 -1.71903336]",2855.349822998047
0.20438,[-0.03698556],"[ 0.26315789  6.46666667  0.47719298  6.63333333 -0.45207989  0.26842105
  6.46666667  0.48245614  6.66666667 -1.97765291  0.27368421  6.56666667
  0.48947368  6.66666667 -1.71903336  0.28245614  6.4         0.49473684
  6.93333333 -1.03698552]",2855.4271075725555
0.20947600000000005,[0.7387151],"[ 0.26842105  6.46666667  0.48245614  6.66666667 -1.97765291  0.27368421
  6.56666667  0.48947368  6.66666667 -1.71903336  0.28245614  6.4
  0.49473684  6.93333333 -1.03698552  0.29122807  6.4         0.50175439
  7.1        -0.26128489]",2855.511325120926
0.21709599999999996,[-0.8080608],"[ 0.27368421  6.56666667  0.48947368  6.66666667 -1.71903336  0.28245614
  6.4         0.49473684  6.93333333 -1.03698552  0.29122807  6.4
  0.50175439  7.1        -0.26128489  0.30175439  6.73333333  0.51403509
  6.93333333 -1.80806088]",2855.5913121700287
0.224744,[0.3795037],"[ 0.28245614  6.4         0.49473684  6.93333333 -1.03698552  0.29122807
  6.4         0.50175439  7.1        -0.26128489  0.30175439  6.73333333
  0.51403509  6.93333333 -1.80806088  0.3122807   6.9         0.52631579
  6.73333333 -0.62049627]",2855.667219877243
0.227304,[-0.07383558],"[ 0.29122807  6.4         0.50175439  7.1        -0.26128489  0.30175439
  6.73333333  0.51403509  6.93333333 -1.80806088  0.3122807   6.9
  0.52631579  6.73333333 -0.62049627  0.32105263  6.86666667  0.53508772
  6.76666667 -1.07383561]",2855.7513246536255
0.22987600000000002,[-0.3903918],"[ 0.30175439  6.73333333  0.51403509  6.93333333 -1.80806088  0.3122807
  6.9         0.52631579  6.73333333 -0.62049627  0.32105263  6.86666667
  0.53508772  6.76666667 -1.07383561  0.32982456  6.86666667  0.54385965
  6.76666667 -1.39039183]",2855.8330953121185
0.23756799999999995,[-0.75749385],"[ 0.3122807   6.9         0.52631579  6.73333333 -0.62049627  0.32105263
  6.86666667  0.53508772  6.76666667 -1.07383561  0.32982456  6.86666667
  0.54385965  6.76666667 -1.39039183  0.34035088  6.83333333  0.55263158
  6.8        -1.75749385]",2855.913137435913
0.24523599999999993,[-0.21878803],"[ 0.32105263  6.86666667  0.53508772  6.76666667 -1.07383561  0.32982456
  6.86666667  0.54385965  6.76666667 -1.39039183  0.34035088  6.83333333
  0.55263158  6.8        -1.75749385  0.34912281  6.73333333  0.56140351
  6.9        -1.21878803]",2855.9881703853607
0.247768,[-0.9453344],"[ 0.32982456  6.86666667  0.54385965  6.76666667 -1.39039183  0.34035088
  6.83333333  0.55263158  6.8        -1.75749385  0.34912281  6.73333333
  0.56140351  6.9        -1.21878803  0.35789474  6.73333333  0.57017544
  7.03333333 -1.94533443]",2856.0667686462402
0.2554519999999999,[-0.8873843],"[ 0.34035088  6.83333333  0.55263158  6.8        -1.75749385  0.34912281
  6.73333333  0.56140351  6.9        -1.21878803  0.35789474  6.73333333
  0.57017544  7.03333333 -1.94533443  0.36842105  6.8         0.58070175
  7.03333333 -1.8873843 ]",2856.150470018387
0.25804799999999994,[0.3892078],"[ 0.34912281  6.73333333  0.56140351  6.9        -1.21878803  0.35789474
  6.73333333  0.57017544  7.03333333 -1.94533443  0.36842105  6.8
  0.58070175  7.03333333 -1.8873843   0.3754386   6.66666667  0.5877193
  7.2        -0.61079216]",2856.2313668727875
0.24780800000000003,[-0.6963999],"[ 0.35789474  6.73333333  0.57017544  7.03333333 -1.94533443  0.36842105
  6.8         0.58070175  7.03333333 -1.8873843   0.3754386   6.66666667
  0.5877193   7.2        -0.61079216  0.38070175  6.63333333  0.59122807
  7.23333333 -1.69639993]",2856.3131182193756
0.23501599999999997,[-0.92455673],"[ 0.36842105  6.8         0.58070175  7.03333333 -1.8873843   0.3754386
  6.66666667  0.5877193   7.2        -0.61079216  0.38070175  6.63333333
  0.59122807  7.23333333 -1.69639993  0.38421053  6.76666667  0.59473684
  7.1        -1.92455673]",2856.3930180072784
0.235056,[0.06005521],"[ 0.3754386   6.66666667  0.5877193   7.2        -0.61079216  0.38070175
  6.63333333  0.59122807  7.23333333 -1.69639993  0.38421053  6.76666667
  0.59473684  7.1        -1.92455673  0.39122807  6.66666667  0.60175439
  7.3        -0.9399448 ]",2856.4676377773285
0.23763600000000004,[-0.7652875],"[ 0.38070175  6.63333333  0.59122807  7.23333333 -1.69639993  0.38421053
  6.76666667  0.59473684  7.1        -1.92455673  0.39122807  6.66666667
  0.60175439  7.3        -0.9399448   0.40175439  6.6         0.60877193
  7.5        -1.76528752]",2856.54664850235
0.24020000000000002,[-0.24622072],"[ 0.38421053  6.76666667  0.59473684  7.1        -1.92455673  0.39122807
  6.66666667  0.60175439  7.3        -0.9399448   0.40175439  6.6
  0.60877193  7.5        -1.76528752  0.4122807   6.66666667  0.61929825
  7.5        -1.24622071]",2856.6312549114227
0.24278799999999995,[-0.37838876],"[ 0.39122807  6.66666667  0.60175439  7.3        -0.9399448   0.40175439
  6.6         0.60877193  7.5        -1.76528752  0.4122807   6.66666667
  0.61929825  7.5        -1.24622071  0.42105263  6.66666667  0.62807018
  7.6        -1.37838876]",2856.707925081253
0.24278399999999997,[-0.08996847],"[ 0.40175439  6.6         0.60877193  7.5        -1.76528752  0.4122807
  6.66666667  0.61929825  7.5        -1.24622071  0.42105263  6.66666667
  0.62807018  7.6        -1.37838876  0.42982456  6.76666667  0.63684211
  7.66666667 -1.08996844]",2856.7912197113037
0.24532800000000005,[0.04627119],"[ 0.4122807   6.66666667  0.61929825  7.5        -1.24622071  0.42105263
  6.66666667  0.62807018  7.6        -1.37838876  0.42982456  6.76666667
  0.63684211  7.66666667 -1.08996844  0.43684211  6.86666667  0.64561404
  7.7        -0.9537288 ]",2856.8727414608
0.245336,[0.61000943],"[ 0.42105263  6.66666667  0.62807018  7.6        -1.37838876  0.42982456
  6.76666667  0.63684211  7.66666667 -1.08996844  0.43684211  6.86666667
  0.64561404  7.7        -0.9537288   0.44210526  6.9         0.65087719
  7.63333333 -0.38999057]",2856.94846367836
0.23763600000000001,[0.33608943],"[ 0.42982456  6.76666667  0.63684211  7.66666667 -1.08996844  0.43684211
  6.86666667  0.64561404  7.7        -0.9537288   0.44210526  6.9
  0.65087719  7.63333333 -0.38999057  0.44561404  7.          0.65614035
  7.56666667 -0.66391057]",2857.033143758774
0.22994799999999999,[0.289631],"[ 0.43684211  6.86666667  0.64561404  7.7        -0.9537288   0.44210526
  6.9         0.65087719  7.63333333 -0.38999057  0.44561404  7.
  0.65614035  7.56666667 -0.66391057  0.44912281  7.16666667  0.66140351
  7.5        -0.71036899]",2857.1131615638733
0.21975600000000012,[-0.30878738],"[ 0.44210526  6.9         0.65087719  7.63333333 -0.38999057  0.44561404
  7.          0.65614035  7.56666667 -0.66391057  0.44912281  7.16666667
  0.66140351  7.5        -0.71036899  0.45263158  7.23333333  0.66491228
  7.53333333 -1.30878735]",2857.1930928230286
0.20955199999999996,[0.1836008],"[ 0.44561404  7.          0.65614035  7.56666667 -0.66391057  0.44912281
  7.16666667  0.66140351  7.5        -0.71036899  0.45263158  7.23333333
  0.66491228  7.53333333 -1.30878735  0.45614035  7.23333333  0.66666667
  7.56666667 -0.81639922]",2857.2724754810333
0.20187999999999998,[0.49465406],"[ 0.44912281  7.16666667  0.66140351  7.5        -0.71036899  0.45263158
  7.23333333  0.66491228  7.53333333 -1.30878735  0.45614035  7.23333333
  0.66666667  7.56666667 -0.81639922  0.45964912  7.23333333  0.67017544
  7.63333333 -0.50534594]",2857.353285551071
0.19163600000000003,[-0.7107998],"[ 0.45263158  7.23333333  0.66491228  7.53333333 -1.30878735  0.45614035
  7.23333333  0.66666667  7.56666667 -0.81639922  0.45964912  7.23333333
  0.67017544  7.63333333 -0.50534594  0.46140351  7.4         0.6754386
  7.53333333 -1.71079981]",2857.428432703018
0.18906800000000007,[0.5586194],"[ 0.45614035  7.23333333  0.66666667  7.56666667 -0.81639922  0.45964912
  7.23333333  0.67017544  7.63333333 -0.50534594  0.46140351  7.4
  0.6754386   7.53333333 -1.71079981  0.47017544  7.46666667  0.68245614
  7.46666667 -0.44138062]",2857.5065624713898
0.18396400000000002,[-0.50908434],"[ 0.45964912  7.23333333  0.67017544  7.63333333 -0.50534594  0.46140351
  7.4         0.6754386   7.53333333 -1.71079981  0.47017544  7.46666667
  0.68245614  7.46666667 -0.44138062  0.4754386   7.3         0.6877193
  7.6        -1.50908434]",2857.5913791656494
0.178844,[-0.661036],"[ 0.46140351  7.4         0.6754386   7.53333333 -1.71079981  0.47017544
  7.46666667  0.68245614  7.46666667 -0.44138062  0.4754386   7.3
  0.6877193   7.6        -1.50908434  0.48070175  7.36666667  0.69298246
  7.63333333 -1.66103601]",2857.667585134506
0.171192,[-0.75571],"[ 0.47017544  7.46666667  0.68245614  7.46666667 -0.44138062  0.4754386
  7.3         0.6877193   7.6        -1.50908434  0.48070175  7.36666667
  0.69298246  7.63333333 -1.66103601  0.48596491  7.3         0.69649123
  7.8        -1.75571001]",2857.746726512909
0.168628,[0.7255796],"[ 0.4754386   7.3         0.6877193   7.6        -1.50908434  0.48070175
  7.36666667  0.69298246  7.63333333 -1.66103601  0.48596491  7.3
  0.69649123  7.8        -1.75571001  0.49122807  7.23333333  0.7
  7.93333333 -0.27442038]",2857.8313274383545
0.16862,[-0.7174076],"[ 0.48070175  7.36666667  0.69298246  7.63333333 -1.66103601  0.48596491
  7.3         0.69649123  7.8        -1.75571001  0.49122807  7.23333333
  0.7         7.93333333 -0.27442038  0.49649123  7.26666667  0.70701754
  7.83333333 -1.71740758]",2857.907871723175
0.171176,[-0.00885881],"[ 0.48596491  7.3         0.69649123  7.8        -1.75571001  0.49122807
  7.23333333  0.7         7.93333333 -0.27442038  0.49649123  7.26666667
  0.70701754  7.83333333 -1.71740758  0.50175439  7.4         0.71403509
  7.56666667 -1.0088588 ]",2857.990568637848
0.16860799999999998,[-0.05122525],"[ 0.49122807  7.23333333  0.7         7.93333333 -0.27442038  0.49649123
  7.26666667  0.70701754  7.83333333 -1.71740758  0.50175439  7.4
  0.71403509  7.56666667 -1.0088588   0.50701754  7.4         0.71754386
  7.56666667 -1.0512253 ]",2858.0668001174927
0.16093999999999997,[-0.31900644],"[ 0.49649123  7.26666667  0.70701754  7.83333333 -1.71740758  0.50175439
  7.4         0.71403509  7.56666667 -1.0088588   0.50701754  7.4
  0.71754386  7.56666667 -1.0512253   0.5122807   7.33333333  0.72280702
  7.53333333 -1.31900644]",2858.155298948288
0.15072800000000008,[-0.78769284],"[ 0.50175439  7.4         0.71403509  7.56666667 -1.0088588   0.50701754
  7.4         0.71754386  7.56666667 -1.0512253   0.5122807   7.33333333
  0.72280702  7.53333333 -1.31900644  0.51578947  7.3         0.72631579
  7.56666667 -1.78769279]",2858.2461800575256
0.14306000000000008,[0.40798086],"[ 0.50701754  7.4         0.71754386  7.56666667 -1.0512253   0.5122807
  7.33333333  0.72280702  7.53333333 -1.31900644  0.51578947  7.3
  0.72631579  7.56666667 -1.78769279  0.51929825  7.3         0.73157895
  7.6        -0.59201914]",2858.317171573639
0.14050000000000007,[-0.8806093],"[ 0.5122807   7.33333333  0.72280702  7.53333333 -1.31900644  0.51578947
  7.3         0.72631579  7.56666667 -1.78769279  0.51929825  7.3
  0.73157895  7.6        -0.59201914  0.52631579  7.43333333  0.73859649
  7.56666667 -1.88060927]",2858.394617795944
0.14305200000000007,[0.9120577],"[ 0.51578947  7.3         0.72631579  7.56666667 -1.78769279  0.51929825
  7.3         0.73157895  7.6        -0.59201914  0.52631579  7.43333333
  0.73859649  7.56666667 -1.88060927  0.53508772  7.56666667  0.74561404
  7.33333333 -0.0879423 ]",2858.4719548225403
0.14051200000000008,[-0.65049607],"[ 0.51929825  7.3         0.73157895  7.6        -0.59201914  0.52631579
  7.43333333  0.73859649  7.56666667 -1.88060927  0.53508772  7.56666667
  0.74561404  7.33333333 -0.0879423   0.53859649  7.46666667  0.74912281
  7.3        -1.65049601]",2858.555354118347
0.13796000000000008,[-0.8414584],"[ 0.52631579  7.43333333  0.73859649  7.56666667 -1.88060927  0.53508772
  7.56666667  0.74561404  7.33333333 -0.0879423   0.53859649  7.46666667
  0.74912281  7.3        -1.65049601  0.54035088  7.53333333  0.75087719
  7.13333333 -1.84145832]",2858.6472673416138
0.132892,[-0.3299403],"[ 0.53508772  7.56666667  0.74561404  7.33333333 -0.0879423   0.53859649
  7.46666667  0.74912281  7.3        -1.65049601  0.54035088  7.53333333
  0.75087719  7.13333333 -1.84145832  0.54035088  7.33333333  0.75263158
  7.1        -1.32994032]",2858.7141263484955
0.13037999999999994,[0.22460924],"[ 0.53859649  7.46666667  0.74912281  7.3        -1.65049601  0.54035088
  7.53333333  0.75087719  7.13333333 -1.84145832  0.54035088  7.33333333
  0.75263158  7.1        -1.32994032  0.54210526  7.03333333  0.75263158
  7.3        -0.77539074]",2858.7971816062927
0.13038400000000006,[-0.88947487],"[ 0.54035088  7.53333333  0.75087719  7.13333333 -1.84145832  0.54035088
  7.33333333  0.75263158  7.1        -1.32994032  0.54210526  7.03333333
  0.75263158  7.3        -0.77539074  0.54561404  7.          0.75614035
  7.3        -1.88947487]",2858.876310825348
0.13805200000000006,[-0.8065362],"[ 0.54035088  7.33333333  0.75263158  7.1        -1.32994032  0.54210526
  7.03333333  0.75263158  7.3        -0.77539074  0.54561404  7.
  0.75614035  7.3        -1.88947487  0.55438596  7.          0.76491228
  7.3        -1.8065362 ]",2858.9527366161346
0.150868,[-0.6465556],"[ 0.54210526  7.03333333  0.75263158  7.3        -0.77539074  0.54561404
  7.          0.75614035  7.3        -1.88947487  0.55438596  7.
  0.76491228  7.3        -1.8065362   0.56491228  6.86666667  0.77368421
  7.5        -1.64655566]",2859.036835193634
0.1508759999999999,[-0.9642369],"[ 0.54561404  7.          0.75614035  7.3        -1.88947487  0.55438596
  7.          0.76491228  7.3        -1.8065362   0.56491228  6.86666667
  0.77368421  7.5        -1.64655566  0.57368421  6.86666667  0.77894737
  7.6        -1.96423697]",2859.117184638977
0.1483,[-0.48202825],"[ 0.55438596  7.          0.76491228  7.3        -1.8065362   0.56491228
  6.86666667  0.77368421  7.5        -1.64655566  0.57368421  6.86666667
  0.77894737  7.6        -1.96423697  0.57719298  6.86666667  0.78245614
  7.7        -1.48202825]",2859.1974890232086
0.140652,[-0.7362871],"[ 0.56491228  6.86666667  0.77368421  7.5        -1.64655566  0.57368421
  6.86666667  0.77894737  7.6        -1.96423697  0.57719298  6.86666667
  0.78245614  7.7        -1.48202825  0.57719298  6.76666667  0.78245614
  7.76666667 -1.73628712]",2859.2771759033203
0.13041199999999997,[-0.00290471],"[ 0.57368421  6.86666667  0.77894737  7.6        -1.96423697  0.57719298
  6.86666667  0.78245614  7.7        -1.48202825  0.57719298  6.76666667
  0.78245614  7.76666667 -1.73628712  0.5754386   6.83333333  0.78245614
  7.76666667 -1.00290465]",2859.3571734428406
0.12529599999999996,[0.28485227],"[ 0.57719298  6.86666667  0.78245614  7.7        -1.48202825  0.57719298
  6.76666667  0.78245614  7.76666667 -1.73628712  0.5754386   6.83333333
  0.78245614  7.76666667 -1.00290465  0.57719298  6.8         0.78245614
  7.76666667 -0.71514773]",2859.4373457431793
0.12017599999999995,[-0.8311895],"[ 0.57719298  6.76666667  0.78245614  7.76666667 -1.73628712  0.5754386
  6.83333333  0.78245614  7.76666667 -1.00290465  0.57719298  6.8
  0.78245614  7.76666667 -0.71514773  0.57894737  6.9         0.78947368
  7.53333333 -1.83118951]",2859.517286300659
0.12019599999999997,[-0.75828636],"[ 0.5754386   6.83333333  0.78245614  7.76666667 -1.00290465  0.57719298
  6.8         0.78245614  7.76666667 -0.71514773  0.57894737  6.9
  0.78947368  7.53333333 -1.83118951  0.58421053  6.86666667  0.79298246
  7.4        -1.75828636]",2859.597476243973
0.12278,[0.40084994],"[ 0.57719298  6.8         0.78245614  7.76666667 -0.71514773  0.57894737
  6.9         0.78947368  7.53333333 -1.83118951  0.58421053  6.86666667
  0.79298246  7.4        -1.75828636  0.59122807  6.63333333  0.79649123
  7.6        -0.59915006]",2859.67720746994
0.125336,[0.1277563],"[ 0.57894737  6.9         0.78947368  7.53333333 -1.83118951  0.58421053
  6.86666667  0.79298246  7.4        -1.75828636  0.59122807  6.63333333
  0.79649123  7.6        -0.59915006  0.59824561  6.56666667  0.80175439
  7.66666667 -0.8722437 ]",2859.7575509548187
0.12786399999999998,[-0.5361088],"[ 0.58421053  6.86666667  0.79298246  7.4        -1.75828636  0.59122807
  6.63333333  0.79649123  7.6        -0.59915006  0.59824561  6.56666667
  0.80175439  7.66666667 -0.8722437   0.60350877  6.76666667  0.81052632
  7.56666667 -1.53610873]",2859.83727312088
0.13295999999999997,[-0.3054722],"[ 0.59122807  6.63333333  0.79649123  7.6        -0.59915006  0.59824561
  6.56666667  0.80175439  7.66666667 -0.8722437   0.60350877  6.76666667
  0.81052632  7.56666667 -1.53610873  0.61052632  6.9         0.81754386
  7.63333333 -1.30547214]",2859.917251110077
0.138096,[-0.93268156],"[ 0.59824561  6.56666667  0.80175439  7.66666667 -0.8722437   0.60350877
  6.76666667  0.81052632  7.56666667 -1.53610873  0.61052632  6.9
  0.81754386  7.63333333 -1.30547214  0.62105263  6.83333333  0.8245614
  7.83333333 -1.93268156]",2859.997262954712
0.135556,[-0.79403883],"[ 0.60350877  6.76666667  0.81052632  7.56666667 -1.53610873  0.61052632
  6.9         0.81754386  7.63333333 -1.30547214  0.62105263  6.83333333
  0.8245614   7.83333333 -1.93268156  0.62807018  6.83333333  0.83157895
  7.86666667 -1.79403877]",2860.0772471427917
0.1355599999999999,[0.11220111],"[ 0.61052632  6.9         0.81754386  7.63333333 -1.30547214  0.62105263
  6.83333333  0.8245614   7.83333333 -1.93268156  0.62807018  6.83333333
  0.83157895  7.86666667 -1.79403877  0.63157895  6.7         0.83157895
  7.96666667 -0.88779891]",2860.1567702293396
0.133004,[0.12027809],"[ 0.62105263  6.83333333  0.8245614   7.83333333 -1.93268156  0.62807018
  6.83333333  0.83157895  7.86666667 -1.79403877  0.63157895  6.7
  0.83157895  7.96666667 -0.88779891  0.63157895  6.76666667  0.83333333
  7.93333333 -0.87972188]",2860.2372138500214
0.13551200000000008,[-0.94818884],"[ 0.62807018  6.83333333  0.83157895  7.86666667 -1.79403877  0.63157895
  6.7         0.83157895  7.96666667 -0.88779891  0.63157895  6.76666667
  0.83333333  7.93333333 -0.87972188  0.63333333  6.96666667  0.84035088
  7.73333333 -1.94818878]",2860.3173019886017
0.14059200000000005,[-0.6334306],"[ 0.63157895  6.7         0.83157895  7.96666667 -0.88779891  0.63157895
  6.76666667  0.83333333  7.93333333 -0.87972188  0.63333333  6.96666667
  0.84035088  7.73333333 -1.94818878  0.63859649  6.93333333  0.84736842
  7.6        -1.6334306 ]",2860.3973259925842
0.14573599999999998,[0.18132314],"[ 0.63157895  6.76666667  0.83333333  7.93333333 -0.87972188  0.63333333
  6.96666667  0.84035088  7.73333333 -1.94818878  0.63859649  6.93333333
  0.84736842  7.6        -1.6334306   0.64561404  6.63333333  0.85087719
  7.7        -0.81867683]",2860.4774420261383
0.14062399999999997,[-0.5931132],"[ 0.63333333  6.96666667  0.84035088  7.73333333 -1.94818878  0.63859649
  6.93333333  0.84736842  7.6        -1.6334306   0.64561404  6.63333333
  0.85087719  7.7        -0.81867683  0.65087719  6.63333333  0.85438596
  7.73333333 -1.59311318]",2860.557464361191
0.13547599999999993,[0.03131828],"[ 0.63859649  6.93333333  0.84736842  7.6        -1.6334306   0.64561404
  6.63333333  0.85087719  7.7        -0.81867683  0.65087719  6.63333333
  0.85438596  7.73333333 -1.59311318  0.65789474  6.8         0.86315789
  7.66666667 -0.96868169]",2860.637418985367
0.13548000000000004,[0.8203903],"[ 0.64561404  6.63333333  0.85087719  7.7        -0.81867683  0.65087719
  6.63333333  0.85438596  7.73333333 -1.59311318  0.65789474  6.8
  0.86315789  7.66666667 -0.96868169  0.66666667  6.76666667  0.87192982
  7.73333333 -0.17960972]",2860.7172050476074
0.14312800000000003,[0.7142134],"[ 0.65087719  6.63333333  0.85438596  7.73333333 -1.59311318  0.65789474
  6.8         0.86315789  7.66666667 -0.96868169  0.66666667  6.76666667
  0.87192982  7.73333333 -0.17960972  0.6754386   6.93333333  0.88245614
  7.56666667 -0.28578663]",2860.79740190506
0.15073999999999999,[-0.73764336],"[ 0.65789474  6.8         0.86315789  7.66666667 -0.96868169  0.66666667
  6.76666667  0.87192982  7.73333333 -0.17960972  0.6754386   6.93333333
  0.88245614  7.56666667 -0.28578663  0.68070175  7.3         0.89122807
  7.3        -1.73764336]",2860.877193927765
0.1584000000000001,[0.6459127],"[ 0.66666667  6.76666667  0.87192982  7.73333333 -0.17960972  0.6754386
  6.93333333  0.88245614  7.56666667 -0.28578663  0.68070175  7.3
  0.89122807  7.3        -1.73764336  0.68421053  7.43333333  0.89473684
  7.26666667 -0.35408729]",2860.957498550415
0.155852,[0.45979932],"[ 0.6754386   6.93333333  0.88245614  7.56666667 -0.28578663  0.68070175
  7.3         0.89122807  7.3        -1.73764336  0.68421053  7.43333333
  0.89473684  7.26666667 -0.35408729  0.68421053  7.33333333  0.89649123
  7.36666667 -0.54020071]",2861.0371804237366
0.163516,[0.29136217],"[ 0.68070175  7.3         0.89122807  7.3        -1.73764336  0.68421053
  7.43333333  0.89473684  7.26666667 -0.35408729  0.68421053  7.33333333
  0.89649123  7.36666667 -0.54020071  0.69122807  7.46666667  0.90350877
  7.16666667 -0.70863783]",2861.117241859436
0.1686200000000001,[0.02486753],"[ 0.68421053  7.43333333  0.89473684  7.26666667 -0.35408729  0.68421053
  7.33333333  0.89649123  7.36666667 -0.54020071  0.69122807  7.46666667
  0.90350877  7.16666667 -0.70863783  0.7         7.5         0.91052632
  6.96666667 -0.97513247]",2861.1972630023956
0.16860000000000008,[0.911235],"[ 0.68421053  7.33333333  0.89649123  7.36666667 -0.54020071  0.69122807
  7.46666667  0.90350877  7.16666667 -0.70863783  0.7         7.5
  0.91052632  6.96666667 -0.97513247  0.70701754  7.43333333  0.91929825
  6.93333333 -0.08876503]",2861.277242422104
0.17369999999999997,[0.51370275],"[ 0.69122807  7.46666667  0.90350877  7.16666667 -0.70863783  0.7
  7.5         0.91052632  6.96666667 -0.97513247  0.70701754  7.43333333
  0.91929825  6.93333333 -0.08876503  0.71754386  7.46666667  0.92631579
  6.86666667 -0.48629725]",2861.357530593872
0.1762760000000001,[-0.6138191],"[ 0.7         7.5         0.91052632  6.96666667 -0.97513247  0.70701754
  7.43333333  0.91929825  6.93333333 -0.08876503  0.71754386  7.46666667
  0.92631579  6.86666667 -0.48629725  0.7245614   7.5         0.92982456
  6.56666667 -1.61381912]",2861.43727517128
0.16609999999999991,[0.3252456],"[ 0.70701754  7.43333333  0.91929825  6.93333333 -0.08876503  0.71754386
  7.46666667  0.92631579  6.86666667 -0.48629725  0.7245614   7.5
  0.92982456  6.56666667 -1.61381912  0.7245614   7.23333333  0.93157895
  6.46666667 -0.67475438]",2861.5172708034515
