reward,action,obs,time
,,"[0.         0.         0.         0.         0.         0.
 0.         0.         0.         0.         0.         0.
 0.         0.         0.         0.03157895 5.83333333 0.24385965
 5.33333333 0.        ]",2377.837231874466
0.0025319999999999995,[0.7073184],"[ 0.          0.          0.          0.          0.          0.
  0.          0.          0.          0.          0.03157895  5.83333333
  0.24385965  5.33333333  0.          0.03333333  6.03333333  0.24210526
  5.23333333 -0.29268157]",2377.9281282424927
1.6000000000002124e-05,[-0.18477839],"[ 0.          0.          0.          0.          0.          0.03157895
  5.83333333  0.24385965  5.33333333  0.          0.03333333  6.03333333
  0.24210526  5.23333333 -0.29268157  0.03157895  5.7         0.24385965
  5.36666667 -1.18477845]",2377.9750719070435
0.0,[-0.94008076],"[ 0.03157895  5.83333333  0.24385965  5.33333333  0.          0.03333333
  6.03333333  0.24210526  5.23333333 -0.29268157  0.03157895  5.7
  0.24385965  5.36666667 -1.18477845  0.03157895  5.83333333  0.24385965
  5.33333333 -1.94008076]",2378.030356168747
0.0,[-0.32447398],"[ 0.03333333  6.03333333  0.24210526  5.23333333 -0.29268157  0.03157895
  5.7         0.24385965  5.36666667 -1.18477845  0.03157895  5.83333333
  0.24385965  5.33333333 -1.94008076  0.03157895  5.83333333  0.24385965
  5.3        -1.32447398]",2378.0802178382874
0.0,[0.71630454],"[ 0.03157895  5.7         0.24385965  5.36666667 -1.18477845  0.03157895
  5.83333333  0.24385965  5.33333333 -1.94008076  0.03157895  5.83333333
  0.24385965  5.3        -1.32447398  0.03157895  5.83333333  0.24385965
  5.33333333 -0.28369546]",2378.1305723190308
3.9999999999970615e-06,[-0.24134594],"[ 0.03157895  5.83333333  0.24385965  5.33333333 -1.94008076  0.03157895
  5.83333333  0.24385965  5.3        -1.32447398  0.03157895  5.83333333
  0.24385965  5.33333333 -0.28369546  0.03157895  5.8         0.24561404
  5.36666667 -1.24134588]",2378.180591106415
2.3999999999996247e-05,[-0.8020192],"[ 0.03157895  5.83333333  0.24385965  5.3        -1.32447398  0.03157895
  5.83333333  0.24385965  5.33333333 -0.28369546  0.03157895  5.8
  0.24561404  5.36666667 -1.24134588  0.03157895  5.63333333  0.24561404
  5.46666667 -1.80201912]",2378.242197751999
2.3999999999996247e-05,[0.78047717],"[ 0.03157895  5.83333333  0.24385965  5.33333333 -0.28369546  0.03157895
  5.8         0.24561404  5.36666667 -1.24134588  0.03157895  5.63333333
  0.24561404  5.46666667 -1.80201912  0.03157895  5.63333333  0.24736842
  5.53333333 -0.21952283]",2378.29238653183
0.002568000000000001,[-0.60203767],"[ 0.03157895  5.8         0.24561404  5.36666667 -1.24134588  0.03157895
  5.63333333  0.24561404  5.46666667 -1.80201912  0.03157895  5.63333333
  0.24736842  5.53333333 -0.21952283  0.03333333  5.73333333  0.24736842
  5.36666667 -1.60203767]",2378.3785207271576
0.005131999999999998,[0.13224466],"[ 0.03157895  5.63333333  0.24561404  5.46666667 -1.80201912  0.03157895
  5.63333333  0.24736842  5.53333333 -0.21952283  0.03333333  5.73333333
  0.24736842  5.36666667 -1.60203767  0.03508772  5.66666667  0.24736842
  5.4        -0.86775535]",2378.4287350177765
0.010223999999999997,[-0.80279255],"[ 0.03157895  5.63333333  0.24736842  5.53333333 -0.21952283  0.03333333
  5.73333333  0.24736842  5.36666667 -1.60203767  0.03508772  5.66666667
  0.24736842  5.4        -0.86775535  0.03859649  5.83333333  0.24912281
  5.16666667 -1.80279255]",2378.513216972351
0.020432000000000006,[-0.45183843],"[ 0.03333333  5.73333333  0.24736842  5.36666667 -1.60203767  0.03508772
  5.66666667  0.24736842  5.4        -0.86775535  0.03859649  5.83333333
  0.24912281  5.16666667 -1.80279255  0.04561404  5.96666667  0.25087719
  4.96666667 -1.45183849]",2378.563239336014
0.02555200000000001,[-0.98443073],"[ 0.03508772  5.66666667  0.24736842  5.4        -0.86775535  0.03859649
  5.83333333  0.24912281  5.16666667 -1.80279255  0.04561404  5.96666667
  0.25087719  4.96666667 -1.45183849  0.04912281  5.9         0.25438596
  4.93333333 -1.98443079]",2378.647719860077
0.030684000000000006,[0.47460827],"[ 0.03859649  5.83333333  0.24912281  5.16666667 -1.80279255  0.04561404
  5.96666667  0.25087719  4.96666667 -1.45183849  0.04912281  5.9
  0.25438596  4.93333333 -1.98443079  0.05263158  5.73333333  0.26315789
  5.06666667 -0.5253917 ]",2378.713296175003
0.038360000000000005,[-0.10592744],"[ 0.04561404  5.96666667  0.25087719  4.96666667 -1.45183849  0.04912281
  5.9         0.25438596  4.93333333 -1.98443079  0.05263158  5.73333333
  0.26315789  5.06666667 -0.5253917   0.05789474  5.66666667  0.27017544
  5.13333333 -1.10592747]",2378.7930352687836
0.048568,[0.08811054],"[ 0.04912281  5.9         0.25438596  4.93333333 -1.98443079  0.05263158
  5.73333333  0.26315789  5.06666667 -0.5253917   0.05789474  5.66666667
  0.27017544  5.13333333 -1.10592747  0.06491228  5.8         0.27368421
  4.93333333 -0.91188943]",2378.8730869293213
0.058784,[0.7695264],"[ 0.05263158  5.73333333  0.26315789  5.06666667 -0.5253917   0.05789474
  5.66666667  0.27017544  5.13333333 -1.10592747  0.06491228  5.8
  0.27368421  4.93333333 -0.91188943  0.07192982  5.86666667  0.27719298
  4.7        -0.23047358]",2378.953364610672
0.066456,[-0.78717357],"[ 0.05789474  5.66666667  0.27017544  5.13333333 -1.10592747  0.06491228
  5.8         0.27368421  4.93333333 -0.91188943  0.07192982  5.86666667
  0.27719298  4.7        -0.23047358  0.07719298  5.83333333  0.27894737
  4.6        -1.78717351]",2379.0329933166504
0.076672,[-0.78917],"[ 0.06491228  5.8         0.27368421  4.93333333 -0.91188943  0.07192982
  5.86666667  0.27719298  4.7        -0.23047358  0.07719298  5.83333333
  0.27894737  4.6        -1.78717351  0.08421053  5.9         0.27894737
  4.3        -1.78917003]",2379.1133830547333
0.07669600000000001,[-0.72564805],"[ 0.07192982  5.86666667  0.27719298  4.7        -0.23047358  0.07719298
  5.83333333  0.27894737  4.6        -1.78717351  0.08421053  5.9
  0.27894737  4.3        -1.78917003  0.08421053  5.7         0.28245614
  4.26666667 -1.72564805]",2379.193202495575
0.076756,[-0.72585326],"[ 0.07719298  5.83333333  0.27894737  4.6        -1.78717351  0.08421053
  5.9         0.27894737  4.3        -1.78917003  0.08421053  5.7
  0.28245614  4.26666667 -1.72564805  0.08596491  5.4         0.29122807
  4.5        -1.7258532 ]",2379.2729036808014
0.08695600000000002,[0.24918023],"[ 0.08421053  5.9         0.27894737  4.3        -1.78917003  0.08421053
  5.7         0.28245614  4.26666667 -1.72564805  0.08596491  5.4
  0.29122807  4.5        -1.7258532   0.09122807  5.26666667  0.3
  4.6        -0.7508198 ]",2379.3531041145325
0.097208,[0.23894401],"[ 0.08421053  5.7         0.28245614  4.26666667 -1.72564805  0.08596491
  5.4         0.29122807  4.5        -1.7258532   0.09122807  5.26666667
  0.3         4.6        -0.7508198   0.09824561  5.16666667  0.31052632
  4.63333333 -0.76105601]",2379.4331617355347
0.10742800000000001,[-0.5378902],"[ 0.08596491  5.4         0.29122807  4.5        -1.7258532   0.09122807
  5.26666667  0.3         4.6        -0.7508198   0.09824561  5.16666667
  0.31052632  4.63333333 -0.76105601  0.10526316  5.2         0.31929825
  4.4        -1.5378902 ]",2379.5131635665894
0.11766000000000001,[-0.99371964],"[ 0.09122807  5.26666667  0.3         4.6        -0.7508198   0.09824561
  5.16666667  0.31052632  4.63333333 -0.76105601  0.10526316  5.2
  0.31929825  4.4        -1.5378902   0.1122807   5.13333333  0.32631579
  4.23333333 -1.99371958]",2379.593004465103
0.12537199999999998,[0.40801048],"[ 0.09824561  5.16666667  0.31052632  4.63333333 -0.76105601  0.10526316
  5.2         0.31929825  4.4        -1.5378902   0.1122807   5.13333333
  0.32631579  4.23333333 -1.99371958  0.11754386  4.73333333  0.33333333
  4.36666667 -0.59198952]",2379.6731848716736
0.13304,[0.39142486],"[ 0.10526316  5.2         0.31929825  4.4        -1.5378902   0.1122807
  5.13333333  0.32631579  4.23333333 -1.99371958  0.11754386  4.73333333
  0.33333333  4.36666667 -0.59198952  0.12280702  4.56666667  0.34210526
  4.53333333 -0.60857511]",2379.75284576416
0.138152,[-0.36140567],"[ 0.1122807   5.13333333  0.32631579  4.23333333 -1.99371958  0.11754386
  4.73333333  0.33333333  4.36666667 -0.59198952  0.12280702  4.56666667
  0.34210526  4.53333333 -0.60857511  0.12631579  4.56666667  0.34736842
  4.4        -1.36140561]",2379.833106279373
0.17132800000000004,[-0.94234174],"[ 0.11754386  4.73333333  0.33333333  4.36666667 -0.59198952  0.12280702
  4.56666667  0.34210526  4.53333333 -0.60857511  0.12631579  4.56666667
  0.34736842  4.4        -1.36140561  0.15087719  5.1         0.35263158
  4.2        -1.9423418 ]",2379.9131274223328
0.176452,[-0.9137508],"[ 0.12280702  4.56666667  0.34210526  4.53333333 -0.60857511  0.12631579
  4.56666667  0.34736842  4.4        -1.36140561  0.15087719  5.1
  0.35263158  4.2        -1.9423418   0.15614035  4.93333333  0.35964912
  4.33333333 -1.91375089]",2379.992953300476
0.18419199999999997,[0.8789285],"[ 0.12631579  4.56666667  0.34736842  4.4        -1.36140561  0.15087719
  5.1         0.35263158  4.2        -1.9423418   0.15614035  4.93333333
  0.35964912  4.33333333 -1.91375089  0.16491228  4.5         0.37017544
  4.5        -0.12107152]",2380.0730085372925
0.189336,[0.42939192],"[ 0.15087719  5.1         0.35263158  4.2        -1.9423418   0.15614035
  4.93333333  0.35964912  4.33333333 -1.91375089  0.16491228  4.5
  0.37017544  4.5        -0.12107152  0.1754386   4.36666667  0.38421053
  4.53333333 -0.57060808]",2380.1471865177155
0.19953200000000001,[-0.73818105],"[ 0.15614035  4.93333333  0.35964912  4.33333333 -1.91375089  0.16491228
  4.5         0.37017544  4.5        -0.12107152  0.1754386   4.36666667
  0.38421053  4.53333333 -0.57060808  0.18596491  4.53333333  0.4
  4.4        -1.73818111]",2380.233140707016
0.20460399999999995,[0.53109956],"[ 0.16491228  4.5         0.37017544  4.5        -0.12107152  0.1754386
  4.36666667  0.38421053  4.53333333 -0.57060808  0.18596491  4.53333333
  0.4         4.4        -1.73818111  0.19298246  4.7         0.40877193
  4.26666667 -0.46890044]",2380.3131449222565
0.202048,[-0.8784586],"[ 0.1754386   4.36666667  0.38421053  4.53333333 -0.57060808  0.18596491
  4.53333333  0.4         4.4        -1.73818111  0.19298246  4.7
  0.40877193  4.26666667 -0.46890044  0.19649123  4.63333333  0.41052632
  4.23333333 -1.87845862]",2380.392970085144
0.19950799999999996,[0.82288814],"[ 0.18596491  4.53333333  0.4         4.4        -1.73818111  0.19298246
  4.7         0.40877193  4.26666667 -0.46890044  0.19649123  4.63333333
  0.41052632  4.23333333 -1.87845862  0.20175439  4.63333333  0.41403509
  4.03333333 -0.17711186]",2380.479518175125
0.199536,[0.84130335],"[ 0.19298246  4.7         0.40877193  4.26666667 -0.46890044  0.19649123
  4.63333333  0.41052632  4.23333333 -1.87845862  0.20175439  4.63333333
  0.41403509  4.03333333 -0.17711186  0.20877193  4.46666667  0.42280702
  4.1        -0.15869665]",2380.5530495643616
0.207224,[-0.15427919],"[ 0.19649123  4.63333333  0.41052632  4.23333333 -1.87845862  0.20175439
  4.63333333  0.41403509  4.03333333 -0.17711186  0.20877193  4.46666667
  0.42280702  4.1        -0.15869665  0.21929825  4.26666667  0.43508772
  4.4        -1.15427923]",2380.63299536705
0.21231599999999995,[0.00148281],"[ 0.20175439  4.63333333  0.41403509  4.03333333 -0.17711186  0.20877193
  4.46666667  0.42280702  4.1        -0.15869665  0.21929825  4.26666667
  0.43508772  4.4        -1.15427923  0.22982456  4.5         0.44385965
  4.23333333 -0.99851722]",2380.7132782936096
0.22761599999999999,[0.1631144],"[ 0.20877193  4.46666667  0.42280702  4.1        -0.15869665  0.21929825
  4.26666667  0.43508772  4.4        -1.15427923  0.22982456  4.5
  0.44385965  4.23333333 -0.99851722  0.24035088  4.6         0.45087719
  4.         -0.83688557]",2380.7926864624023
0.235256,[-0.71740603],"[ 0.21929825  4.26666667  0.43508772  4.4        -1.15427923  0.22982456
  4.5         0.44385965  4.23333333 -0.99851722  0.24035088  4.6
  0.45087719  4.         -0.83688557  0.24736842  4.53333333  0.45964912
  3.93333333 -1.71740603]",2380.873039007187
0.248028,[-0.3165545],"[ 0.22982456  4.5         0.44385965  4.23333333 -0.99851722  0.24035088
  4.6         0.45087719  4.         -0.83688557  0.24736842  4.53333333
  0.45964912  3.93333333 -1.71740603  0.26140351  4.46666667  0.47368421
  3.86666667 -1.31655455]",2380.9531586170197
0.25570000000000004,[-0.8808847],"[ 0.24035088  4.6         0.45087719  4.         -0.83688557  0.24736842
  4.53333333  0.45964912  3.93333333 -1.71740603  0.26140351  4.46666667
  0.47368421  3.86666667 -1.31655455  0.27368421  4.33333333  0.48947368
  4.03333333 -1.88088465]",2381.032615184784
0.260824,[0.7332145],"[ 0.24736842  4.53333333  0.45964912  3.93333333 -1.71740603  0.26140351
  4.46666667  0.47368421  3.86666667 -1.31655455  0.27368421  4.33333333
  0.48947368  4.03333333 -1.88088465  0.28421053  4.26666667  0.5
  4.1        -0.2667855 ]",2381.1071882247925
0.26083200000000006,[0.14304663],"[ 0.26140351  4.46666667  0.47368421  3.86666667 -1.31655455  0.27368421
  4.33333333  0.48947368  4.03333333 -1.88088465  0.28421053  4.26666667
  0.5         4.1        -0.2667855   0.29122807  4.13333333  0.50877193
  4.16666667 -0.85695338]",2381.186423778534
0.263324,[0.7413701],"[ 0.27368421  4.33333333  0.48947368  4.03333333 -1.88088465  0.28421053
  4.26666667  0.5         4.1        -0.2667855   0.29122807  4.13333333
  0.50877193  4.16666667 -0.85695338  0.29824561  4.26666667  0.51403509
  4.03333333 -0.25862992]",2381.270392179489
0.26839599999999997,[0.8588195],"[ 0.28421053  4.26666667  0.5         4.1        -0.2667855   0.29122807
  4.13333333  0.50877193  4.16666667 -0.85695338  0.29824561  4.26666667
  0.51403509  4.03333333 -0.25862992  0.30701754  4.43333333  0.51929825
  3.8        -0.14118052]",2381.352712392807
0.27348,[0.8567109],"[ 0.29122807  4.13333333  0.50877193  4.16666667 -0.85695338  0.29824561
  4.26666667  0.51403509  4.03333333 -0.25862992  0.30701754  4.43333333
  0.51929825  3.8        -0.14118052  0.31403509  4.66666667  0.52105263
  3.7        -0.14328909]",2381.433030128479
0.24541200000000002,[-0.9891115],"[ 0.29824561  4.26666667  0.51403509  4.03333333 -0.25862992  0.30701754
  4.43333333  0.51929825  3.8        -0.14118052  0.31403509  4.66666667
  0.52105263  3.7        -0.14328909  0.31929825  4.8         0.5245614
  3.7        -1.98911142]",2381.512549638748
0.24282800000000004,[-0.11219329],"[ 0.30701754  4.43333333  0.51929825  3.8        -0.14118052  0.31403509
  4.66666667  0.52105263  3.7        -0.14328909  0.31929825  4.8
  0.5245614   3.7        -1.98911142  0.32280702  4.86666667  0.52807018
  3.7        -1.11219335]",2381.58722281456
0.23512399999999997,[-0.5070647],"[ 0.31403509  4.66666667  0.52105263  3.7        -0.14328909  0.31929825
  4.8         0.5245614   3.7        -1.98911142  0.32280702  4.86666667
  0.52807018  3.7        -1.11219335  0.32631579  4.73333333  0.53508772
  3.96666667 -1.5070647 ]",2381.66739153862
0.22489599999999993,[0.74786174],"[ 0.31929825  4.8         0.5245614   3.7        -1.98911142  0.32280702
  4.86666667  0.52807018  3.7        -1.11219335  0.32631579  4.73333333
  0.53508772  3.96666667 -1.5070647   0.32982456  4.63333333  0.54385965
  4.23333333 -0.25213826]",2381.7512023448944
0.21979999999999994,[-0.53545934],"[ 0.32280702  4.86666667  0.52807018  3.7        -1.11219335  0.32631579
  4.73333333  0.53508772  3.96666667 -1.5070647   0.32982456  4.63333333
  0.54385965  4.23333333 -0.25213826  0.33684211  4.66666667  0.55263158
  4.36666667 -1.53545928]",2381.8327312469482
0.22235599999999994,[0.54489577],"[ 0.32631579  4.73333333  0.53508772  3.96666667 -1.5070647   0.32982456
  4.63333333  0.54385965  4.23333333 -0.25213826  0.33684211  4.66666667
  0.55263158  4.36666667 -1.53545928  0.34561404  4.83333333  0.55789474
  4.26666667 -0.45510423]",2381.9133491516113
0.21980799999999995,[-0.30813083],"[ 0.32982456  4.63333333  0.54385965  4.23333333 -0.25213826  0.33684211
  4.66666667  0.55263158  4.36666667 -1.53545928  0.34561404  4.83333333
  0.55789474  4.26666667 -0.45510423  0.34736842  4.7         0.56140351
  4.43333333 -1.30813086]",2381.9931449890137
0.217244,[-0.03192377],"[ 0.33684211  4.66666667  0.55263158  4.36666667 -1.53545928  0.34561404
  4.83333333  0.55789474  4.26666667 -0.45510423  0.34736842  4.7
  0.56140351  4.43333333 -1.30813086  0.35087719  4.76666667  0.56491228
  4.4        -1.03192377]",2382.073007106781
0.21466399999999997,[0.65376276],"[ 0.34561404  4.83333333  0.55789474  4.26666667 -0.45510423  0.34736842
  4.7         0.56140351  4.43333333 -1.30813086  0.35087719  4.76666667
  0.56491228  4.4        -1.03192377  0.35614035  4.8         0.56842105
  4.43333333 -0.34623724]",2382.1531236171722
0.20695999999999998,[0.94132483],"[ 0.34736842  4.7         0.56140351  4.43333333 -1.30813086  0.35087719
  4.76666667  0.56491228  4.4        -1.03192377  0.35614035  4.8
  0.56842105  4.43333333 -0.34623724  0.36140351  4.9         0.57368421
  4.43333333 -0.05867517]",2382.2331376075745
0.20439199999999996,[-0.00670641],"[ 0.35087719  4.76666667  0.56491228  4.4        -1.03192377  0.35614035
  4.8         0.56842105  4.43333333 -0.34623724  0.36140351  4.9
  0.57368421  4.43333333 -0.05867517  0.37017544  5.23333333  0.57719298
  4.3        -1.00670636]",2382.3128390312195
0.19672000000000006,[-0.9878113],"[ 0.35614035  4.8         0.56842105  4.43333333 -0.34623724  0.36140351
  4.9         0.57368421  4.43333333 -0.05867517  0.37017544  5.23333333
  0.57719298  4.3        -1.00670636  0.3754386   5.36666667  0.57894737
  4.2        -1.98781133]",2382.393379211426
0.18649999999999994,[0.8092209],"[ 0.36140351  4.9         0.57368421  4.43333333 -0.05867517  0.37017544
  5.23333333  0.57719298  4.3        -1.00670636  0.3754386   5.36666667
  0.57894737  4.2        -1.98781133  0.3754386   5.26666667  0.58245614
  4.33333333 -0.19077909]",2382.473088502884
0.168632,[0.9164424],"[ 0.37017544  5.23333333  0.57719298  4.3        -1.00670636  0.3754386
  5.36666667  0.57894737  4.2        -1.98781133  0.3754386   5.26666667
  0.58245614  4.33333333 -0.19077909  0.37719298  5.          0.58947368
  4.66666667 -0.08355761]",2382.5530185699463
0.16349599999999997,[0.33535358],"[ 0.3754386   5.36666667  0.57894737  4.2        -1.98781133  0.3754386
  5.26666667  0.58245614  4.33333333 -0.19077909  0.37719298  5.
  0.58947368  4.66666667 -0.08355761  0.38596491  5.06666667  0.59824561
  4.63333333 -0.66464639]",2382.6332125663757
0.16600399999999998,[-0.54767585],"[ 0.3754386   5.26666667  0.58245614  4.33333333 -0.19077909  0.37719298
  5.          0.58947368  4.66666667 -0.08355761  0.38596491  5.06666667
  0.59824561  4.63333333 -0.66464639  0.39824561  5.4         0.60526316
  4.36666667 -1.54767585]",2382.713063955307
0.16599599999999998,[0.29468927],"[ 0.37719298  5.          0.58947368  4.66666667 -0.08355761  0.38596491
  5.06666667  0.59824561  4.63333333 -0.66464639  0.39824561  5.4
  0.60526316  4.36666667 -1.54767585  0.40526316  5.33333333  0.6122807
  4.3        -0.7053107 ]",2382.793182373047
0.16093200000000002,[-0.56909853],"[ 0.38596491  5.06666667  0.59824561  4.63333333 -0.66464639  0.39824561
  5.4         0.60526316  4.36666667 -1.54767585  0.40526316  5.33333333
  0.6122807   4.3        -0.7053107   0.40877193  5.06666667  0.62105263
  4.36666667 -1.56909847]",2382.877007484436
0.16606800000000005,[-0.5701155],"[ 0.39824561  5.4         0.60526316  4.36666667 -1.54767585  0.40526316
  5.33333333  0.6122807   4.3        -0.7053107   0.40877193  5.06666667
  0.62105263  4.36666667 -1.56909847  0.42105263  5.03333333  0.62982456
  4.16666667 -1.57011557]",2382.9571290016174
0.16866799999999998,[-0.89503527],"[ 0.40526316  5.33333333  0.6122807   4.3        -0.7053107   0.40877193
  5.06666667  0.62105263  4.36666667 -1.56909847  0.42105263  5.03333333
  0.62982456  4.16666667 -1.57011557  0.42982456  4.9         0.64210526
  4.16666667 -1.89503527]",2383.0371074676514
0.17636800000000002,[-0.15848887],"[ 0.40877193  5.06666667  0.62105263  4.36666667 -1.56909847  0.42105263
  5.03333333  0.62982456  4.16666667 -1.57011557  0.42982456  4.9
  0.64210526  4.16666667 -1.89503527  0.44035088  4.76666667  0.65438596
  4.4        -1.15848887]",2383.1169061660767
0.178944,[-0.09953909],"[ 0.42105263  5.03333333  0.62982456  4.16666667 -1.57011557  0.42982456
  4.9         0.64210526  4.16666667 -1.89503527  0.44035088  4.76666667
  0.65438596  4.4        -1.15848887  0.44561404  4.66666667  0.66140351
  4.46666667 -1.09953904]",2383.197096347809
0.18403200000000003,[-0.4883973],"[ 0.42982456  4.9         0.64210526  4.16666667 -1.89503527  0.44035088
  4.76666667  0.65438596  4.4        -1.15848887  0.44561404  4.66666667
  0.66140351  4.46666667 -1.09953904  0.45263158  4.73333333  0.66491228
  4.3        -1.48839736]",2383.276927947998
0.18658000000000002,[-0.61780715],"[ 0.44035088  4.76666667  0.65438596  4.4        -1.15848887  0.44561404
  4.66666667  0.66140351  4.46666667 -1.09953904  0.45263158  4.73333333
  0.66491228  4.3        -1.48839736  0.45789474  4.7         0.67192982
  4.26666667 -1.61780715]",2383.356225967407
0.18659200000000004,[-0.24662085],"[ 0.44561404  4.66666667  0.66140351  4.46666667 -1.09953904  0.45263158
  4.73333333  0.66491228  4.3        -1.48839736  0.45789474  4.7
  0.67192982  4.26666667 -1.61780715  0.46491228  4.63333333  0.67894737
  4.43333333 -1.24662089]",2383.436933994293
0.186616,[-0.8037853],"[ 0.45263158  4.73333333  0.66491228  4.3        -1.48839736  0.45789474
  4.7         0.67192982  4.26666667 -1.61780715  0.46491228  4.63333333
  0.67894737  4.43333333 -1.24662089  0.47368421  4.6         0.68596491
  4.46666667 -1.80378532]",2383.5170254707336
0.194268,[-0.96903044],"[ 0.45789474  4.7         0.67192982  4.26666667 -1.61780715  0.46491228
  4.63333333  0.67894737  4.43333333 -1.24662089  0.47368421  4.6
  0.68596491  4.46666667 -1.80378532  0.48070175  4.6         0.69473684
  4.4        -1.96903038]",2383.5968866348267
0.19941600000000004,[-0.29518986],"[ 0.46491228  4.63333333  0.67894737  4.43333333 -1.24662089  0.47368421
  4.6         0.68596491  4.46666667 -1.80378532  0.48070175  4.6
  0.69473684  4.4        -1.96903038  0.4877193   4.36666667  0.70175439
  4.6        -1.29518986]",2383.676864862442
0.20198800000000006,[0.69638914],"[ 0.47368421  4.6         0.68596491  4.46666667 -1.80378532  0.48070175
  4.6         0.69473684  4.4        -1.96903038  0.4877193   4.36666667
  0.70175439  4.6        -1.29518986  0.49473684  4.26666667  0.70701754
  4.7        -0.30361086]",2383.756412267685
0.20454000000000008,[-0.88632566],"[ 0.48070175  4.6         0.69473684  4.4        -1.96903038  0.4877193
  4.36666667  0.70175439  4.6        -1.29518986  0.49473684  4.26666667
  0.70701754  4.7        -0.30361086  0.50175439  4.4         0.71403509
  4.56666667 -1.8863256 ]",2383.8370089530945
0.19944400000000007,[0.32973987],"[ 0.4877193   4.36666667  0.70175439  4.6        -1.29518986  0.49473684
  4.26666667  0.70701754  4.7        -0.30361086  0.50175439  4.4
  0.71403509  4.56666667 -1.8863256   0.50701754  4.6         0.72105263
  4.26666667 -0.67026013]",2383.9171726703644
0.19691199999999998,[-0.23361082],"[ 0.49473684  4.26666667  0.70701754  4.7        -0.30361086  0.50175439
  4.4         0.71403509  4.56666667 -1.8863256   0.50701754  4.6
  0.72105263  4.26666667 -0.67026013  0.51052632  4.53333333  0.7245614
  4.26666667 -1.23361087]",2383.9969758987427
0.20712400000000009,[-0.78489],"[ 0.50175439  4.4         0.71403509  4.56666667 -1.8863256   0.50701754
  4.6         0.72105263  4.26666667 -0.67026013  0.51052632  4.53333333
  0.7245614   4.26666667 -1.23361087  0.51754386  4.53333333  0.72982456
  4.16666667 -1.78488994]",2384.077062368393
0.217324,[-0.39852327],"[ 0.50701754  4.6         0.72105263  4.26666667 -0.67026013  0.51052632
  4.53333333  0.7245614   4.26666667 -1.23361087  0.51754386  4.53333333
  0.72982456  4.16666667 -1.78488994  0.52631579  4.46666667  0.74035088
  4.23333333 -1.39852333]",2384.1570172309875
0.21734400000000004,[-0.57756233],"[ 0.51052632  4.53333333  0.7245614   4.26666667 -1.23361087  0.51754386
  4.53333333  0.72982456  4.16666667 -1.78488994  0.52631579  4.46666667
  0.74035088  4.23333333 -1.39852333  0.53508772  4.36666667  0.75087719
  4.46666667 -1.57756233]",2384.237035512924
0.21482400000000004,[0.82001734],"[ 0.51754386  4.53333333  0.72982456  4.16666667 -1.78488994  0.52631579
  4.46666667  0.74035088  4.23333333 -1.39852333  0.53508772  4.36666667
  0.75087719  4.46666667 -1.57756233  0.54561404  4.4         0.75964912
  4.5        -0.17998266]",2384.317006587982
0.21737199999999998,[0.6177619],"[ 0.52631579  4.46666667  0.74035088  4.23333333 -1.39852333  0.53508772
  4.36666667  0.75087719  4.46666667 -1.57756233  0.54561404  4.4
  0.75964912  4.5        -0.17998266  0.55438596  4.4         0.76666667
  4.53333333 -0.38223809]",2384.3969252109528
0.22498800000000002,[0.60944605],"[ 0.53508772  4.36666667  0.75087719  4.46666667 -1.57756233  0.54561404
  4.4         0.75964912  4.5        -0.17998266  0.55438596  4.4
  0.76666667  4.53333333 -0.38223809  0.56315789  4.56666667  0.7754386
  4.23333333 -0.39055395]",2384.4769356250763
0.21984399999999987,[0.02613253],"[ 0.54561404  4.4         0.75964912  4.5        -0.17998266  0.55438596
  4.4         0.76666667  4.53333333 -0.38223809  0.56315789  4.56666667
  0.7754386   4.23333333 -0.39055395  0.57192982  4.8         0.78070175
  4.         -0.97386748]",2384.5571281909943
0.21216,[0.6183403],"[ 0.55438596  4.4         0.76666667  4.53333333 -0.38223809  0.56315789
  4.56666667  0.7754386   4.23333333 -0.39055395  0.57192982  4.8
  0.78070175  4.         -0.97386748  0.5754386   4.8         0.78421053
  3.86666667 -0.38165969]",2384.637057542801
0.201932,[0.67275375],"[ 0.56315789  4.56666667  0.7754386   4.23333333 -0.39055395  0.57192982
  4.8         0.78070175  4.         -0.97386748  0.5754386   4.8
  0.78421053  3.86666667 -0.38165969  0.57894737  4.7         0.78596491
  3.83333333 -0.32724625]",2384.717104911804
0.201896,[0.52784866],"[ 0.57192982  4.8         0.78070175  4.         -0.97386748  0.5754386
  4.8         0.78421053  3.86666667 -0.38165969  0.57894737  4.7
  0.78596491  3.83333333 -0.32724625  0.58421053  4.9         0.79122807
  3.8        -0.47215134]",2384.7947981357574
0.201896,[-0.8007967],"[ 0.5754386   4.8         0.78421053  3.86666667 -0.38165969  0.57894737
  4.7         0.78596491  3.83333333 -0.32724625  0.58421053  4.9
  0.79122807  3.8        -0.47215134  0.59122807  4.96666667  0.79649123
  3.83333333 -1.80079675]",2384.870381593704
0.201896,[0.75294566],"[ 0.57894737  4.7         0.78596491  3.83333333 -0.32724625  0.58421053
  4.9         0.79122807  3.8        -0.47215134  0.59122807  4.96666667
  0.79649123  3.83333333 -1.80079675  0.59649123  4.93333333  0.80350877
  3.86666667 -0.24705434]",2384.950384616852
0.201896,[0.5975615],"[ 0.58421053  4.9         0.79122807  3.8        -0.47215134  0.59122807
  4.96666667  0.79649123  3.83333333 -1.80079675  0.59649123  4.93333333
  0.80350877  3.86666667 -0.24705434  0.60350877  4.86666667  0.81052632
  3.96666667 -0.40243852]",2385.03062748909
0.20186800000000008,[0.92774177],"[ 0.59122807  4.96666667  0.79649123  3.83333333 -1.80079675  0.59649123
  4.93333333  0.80350877  3.86666667 -0.24705434  0.60350877  4.86666667
  0.81052632  3.96666667 -0.40243852  0.6122807   5.06666667  0.81578947
  3.86666667 -0.07225823]",2385.1150512695312
0.201844,[0.16202664],"[ 0.59649123  4.93333333  0.80350877  3.86666667 -0.24705434  0.60350877
  4.86666667  0.81052632  3.96666667 -0.40243852  0.6122807   5.06666667
  0.81578947  3.86666667 -0.07225823  0.61929825  5.26666667  0.81754386
  3.83333333 -0.83797336]",2385.1966545581818
0.18902399999999997,[-0.6109282],"[ 0.60350877  4.86666667  0.81052632  3.96666667 -0.40243852  0.6122807
  5.06666667  0.81578947  3.86666667 -0.07225823  0.61929825  5.26666667
  0.81754386  3.83333333 -0.83797336  0.61754386  5.36666667  0.81754386
  3.83333333 -1.61092818]",2385.2714598178864
0.17369599999999996,[0.4910442],"[ 0.6122807   5.06666667  0.81578947  3.86666667 -0.07225823  0.61929825
  5.26666667  0.81754386  3.83333333 -0.83797336  0.61754386  5.36666667
  0.81754386  3.83333333 -1.61092818  0.61403509  5.2         0.81754386
  3.96666667 -0.50895584]",2385.350347518921
0.16095199999999998,[-0.9275792],"[ 0.61929825  5.26666667  0.81754386  3.83333333 -0.83797336  0.61754386
  5.36666667  0.81754386  3.83333333 -1.61092818  0.61403509  5.2
  0.81754386  3.96666667 -0.50895584  0.6122807   5.03333333  0.82105263
  4.23333333 -1.92757916]",2385.4320163726807
0.163528,[-0.39346477],"[ 0.61754386  5.36666667  0.81754386  3.83333333 -1.61092818  0.61403509
  5.2         0.81754386  3.96666667 -0.50895584  0.6122807   5.03333333
  0.82105263  4.23333333 -1.92757916  0.61929825  5.06666667  0.82807018
  4.3        -1.3934648 ]",2385.510532617569
0.16864400000000002,[-0.5338294],"[ 0.61403509  5.2         0.81754386  3.96666667 -0.50895584  0.6122807
  5.03333333  0.82105263  4.23333333 -1.92757916  0.61929825  5.06666667
  0.82807018  4.3        -1.3934648   0.62631579  4.96666667  0.83859649
  4.46666667 -1.53382945]",2385.5951085090637
0.17120799999999992,[-0.5809448],"[ 0.6122807   5.03333333  0.82105263  4.23333333 -1.92757916  0.61929825
  5.06666667  0.82807018  4.3        -1.3934648   0.62631579  4.96666667
  0.83859649  4.46666667 -1.53382945  0.63508772  4.9         0.84736842
  4.56666667 -1.58094478]",2385.6769087314606
0.16610400000000003,[0.46768773],"[ 0.61929825  5.06666667  0.82807018  4.3        -1.3934648   0.62631579
  4.96666667  0.83859649  4.46666667 -1.53382945  0.63508772  4.9
  0.84736842  4.56666667 -1.58094478  0.64035088  4.76666667  0.85263158
  4.6        -0.53231227]",2385.7565128803253
0.16098,[-0.89741814],"[ 0.62631579  4.96666667  0.83859649  4.46666667 -1.53382945  0.63508772
  4.9         0.84736842  4.56666667 -1.58094478  0.64035088  4.76666667
  0.85263158  4.6        -0.53231227  0.64561404  4.76666667  0.85789474
  4.6        -1.89741814]",2385.8306176662445
0.15328799999999998,[-0.70095706],"[ 0.63508772  4.9         0.84736842  4.56666667 -1.58094478  0.64035088
  4.76666667  0.85263158  4.6        -0.53231227  0.64561404  4.76666667
  0.85789474  4.6        -1.89741814  0.65087719  5.          0.86140351
  4.5        -1.70095706]",2385.9171130657196
0.13795999999999997,[0.58462477],"[ 0.64035088  4.76666667  0.85263158  4.6        -0.53231227  0.64561404
  4.76666667  0.85789474  4.6        -1.89741814  0.65087719  5.
  0.86140351  4.5        -1.70095706  0.64912281  4.93333333  0.86140351
  4.66666667 -0.41537523]",2385.9903643131256
0.125216,[-0.52789706],"[ 0.64561404  4.76666667  0.85789474  4.6        -1.89741814  0.65087719
  5.          0.86140351  4.5        -1.70095706  0.64912281  4.93333333
  0.86140351  4.66666667 -0.41537523  0.64912281  4.8         0.86140351
  4.86666667 -1.52789712]",2386.0751893520355
0.117568,[0.84914637],"[ 0.65087719  5.          0.86140351  4.5        -1.70095706  0.64912281
  4.93333333  0.86140351  4.66666667 -0.41537523  0.64912281  4.8
  0.86140351  4.86666667 -1.52789712  0.65263158  4.86666667  0.86491228
  4.8        -0.15085363]",2386.1510491371155
0.12268400000000002,[-0.04841587],"[ 0.64912281  4.93333333  0.86140351  4.66666667 -0.41537523  0.64912281
  4.8         0.86140351  4.86666667 -1.52789712  0.65263158  4.86666667
  0.86491228  4.8        -0.15085363  0.65964912  4.83333333  0.8754386
  4.9        -1.0484159 ]",2386.231846809387
0.132876,[0.46402365],"[ 0.64912281  4.8         0.86140351  4.86666667 -1.52789712  0.65263158
  4.86666667  0.86491228  4.8        -0.15085363  0.65964912  4.83333333
  0.8754386   4.9        -1.0484159   0.67017544  5.          0.88596491
  4.86666667 -0.53597635]",2386.3138518333435
0.14056000000000002,[0.2998559],"[ 0.65263158  4.86666667  0.86491228  4.8        -0.15085363  0.65964912
  4.83333333  0.8754386   4.9        -1.0484159   0.67017544  5.
  0.88596491  4.86666667 -0.53597635  0.68070175  5.06666667  0.89298246
  4.76666667 -0.70014411]",2386.396854162216
0.14056800000000003,[0.6543665],"[ 0.65964912  4.83333333  0.8754386   4.9        -1.0484159   0.67017544
  5.          0.88596491  4.86666667 -0.53597635  0.68070175  5.06666667
  0.89298246  4.76666667 -0.70014411  0.6877193   5.06666667  0.9
  4.66666667 -0.34563351]",2386.4769670963287
0.14056400000000002,[0.91026527],"[ 0.67017544  5.          0.88596491  4.86666667 -0.53597635  0.68070175
  5.06666667  0.89298246  4.76666667 -0.70014411  0.6877193   5.06666667
  0.9         4.66666667 -0.34563351  0.69298246  5.06666667  0.90350877
  4.56666667 -0.08973473]",2386.557080745697
0.13542399999999988,[0.5057792],"[ 0.68070175  5.06666667  0.89298246  4.76666667 -0.70014411  0.6877193
  5.06666667  0.9         4.66666667 -0.34563351  0.69298246  5.06666667
  0.90350877  4.56666667 -0.08973473  0.69649123  5.23333333  0.90350877
  4.43333333 -0.49422079]",2386.6308743953705
0.12009600000000009,[-0.38260102],"[ 0.6877193   5.06666667  0.9         4.66666667 -0.34563351  0.69298246
  5.06666667  0.90350877  4.56666667 -0.08973473  0.69649123  5.23333333
  0.90350877  4.43333333 -0.49422079  0.69473684  5.36666667  0.90175439
  4.36666667 -1.38260102]",2386.717094182968
0.10224,[-0.7475511],"[ 0.69298246  5.06666667  0.90350877  4.56666667 -0.08973473  0.69649123
  5.23333333  0.90350877  4.43333333 -0.49422079  0.69473684  5.36666667
  0.90175439  4.36666667 -1.38260102  0.68947368  5.26666667  0.90175439
  4.46666667 -1.74755108]",2386.791391134262
0.10484000000000004,[-0.67957824],"[ 0.69649123  5.23333333  0.90350877  4.43333333 -0.49422079  0.69473684
  5.36666667  0.90175439  4.36666667 -1.38260102  0.68947368  5.26666667
  0.90175439  4.46666667 -1.74755108  0.68947368  5.          0.90350877
  4.7        -1.6795783 ]",2386.8751792907715
0.11761199999999994,[0.00072967],"[ 0.69473684  5.36666667  0.90175439  4.36666667 -1.38260102  0.68947368
  5.26666667  0.90175439  4.46666667 -1.74755108  0.68947368  5.
  0.90350877  4.7        -1.6795783   0.69473684  4.9         0.91052632
  4.86666667 -0.99927032]",2386.955157518387
0.13291999999999993,[0.12102718],"[ 0.68947368  5.26666667  0.90175439  4.46666667 -1.74755108  0.68947368
  5.          0.90350877  4.7        -1.6795783   0.69473684  4.9
  0.91052632  4.86666667 -0.99927032  0.70350877  4.96666667  0.91754386
  4.96666667 -0.87897283]",2387.0306203365326
0.13801999999999992,[-0.62758434],"[ 0.68947368  5.          0.90350877  4.7        -1.6795783   0.69473684
  4.9         0.91052632  4.86666667 -0.99927032  0.70350877  4.96666667
  0.91754386  4.96666667 -0.87897283  0.71403509  5.1         0.92631579
  4.86666667 -1.62758434]",2387.1151559352875
0.13546400000000003,[-0.5240391],"[ 0.69473684  4.9         0.91052632  4.86666667 -0.99927032  0.70350877
  4.96666667  0.91754386  4.96666667 -0.87897283  0.71403509  5.1
  0.92631579  4.86666667 -1.62758434  0.71929825  5.          0.93157895
  4.83333333 -1.52403903]",2387.196721315384
0.13038000000000005,[0.8486936],"[ 0.70350877  4.96666667  0.91754386  4.96666667 -0.87897283  0.71403509
  5.1         0.92631579  4.86666667 -1.62758434  0.71929825  5.
  0.93157895  4.83333333 -1.52403903  0.7245614   4.7         0.93508772
  4.96666667 -0.15130639]",2387.2706747055054
0.12780800000000003,[0.95310855],"[ 0.71403509  5.1         0.92631579  4.86666667 -1.62758434  0.71929825
  5.          0.93157895  4.83333333 -1.52403903  0.7245614   4.7
  0.93508772  4.96666667 -0.15130639  0.72807018  4.7         0.94035088
  5.         -0.04689145]",2387.3571293354034
0.125212,[-0.68257713],"[ 0.71929825  5.          0.93157895  4.83333333 -1.52403903  0.7245614
  4.7         0.93508772  4.96666667 -0.15130639  0.72807018  4.7
  0.94035088  5.         -0.04689145  0.73157895  5.03333333  0.94561404
  4.8        -1.68257713]",2387.4363079071045
0.1201000000000001,[-0.5724379],"[ 0.7245614   4.7         0.93508772  4.96666667 -0.15130639  0.72807018
  4.7         0.94035088  5.         -0.04689145  0.73157895  5.03333333
  0.94561404  4.8        -1.68257713  0.73333333  5.26666667  0.94385965
  4.56666667 -1.57243788]",2387.51047372818
0.1201080000000001,[-0.8967041],"[ 0.72807018  4.7         0.94035088  5.         -0.04689145  0.73157895
  5.03333333  0.94561404  4.8        -1.68257713  0.73333333  5.26666667
  0.94385965  4.56666667 -1.57243788  0.73157895  5.13333333  0.94385965
  4.56666667 -1.89670408]",2387.595069885254
0.12268400000000002,[0.6306082],"[ 0.73157895  5.03333333  0.94561404  4.8        -1.68257713  0.73333333
  5.26666667  0.94385965  4.56666667 -1.57243788  0.73157895  5.13333333
  0.94385965  4.56666667 -1.89670408  0.73333333  4.83333333  0.94912281
  4.86666667 -0.3693918 ]",2387.671217918396
0.13548000000000004,[0.62773746],"[ 0.73333333  5.26666667  0.94385965  4.56666667 -1.57243788  0.73157895
  5.13333333  0.94385965  4.56666667 -1.89670408  0.73333333  4.83333333
  0.94912281  4.86666667 -0.3693918   0.74561404  4.76666667  0.96140351
  5.03333333 -0.37226254]",2387.75049328804
0.1482199999999999,[0.24783958],"[ 0.73157895  5.13333333  0.94385965  4.56666667 -1.89670408  0.73333333
  4.83333333  0.94912281  4.86666667 -0.3693918   0.74561404  4.76666667
  0.96140351  5.03333333 -0.37226254  0.76140351  5.06666667  0.9754386
  4.96666667 -0.75216043]",2387.835158586502
