reward,action,obs,time
,,"[0.         0.         0.         0.         0.         0.
 0.         0.         0.         0.         0.         0.
 0.         0.         0.         0.03157895 5.43333333 0.24736842
 5.43333333 0.        ]",509.8219952583313
-3.199999999999731e-05,[-0.01313766],"[ 0.          0.          0.          0.          0.          0.
  0.          0.          0.          0.          0.03157895  5.43333333
  0.24736842  5.43333333  0.          0.03157895  5.7         0.24385965
  5.4        -1.0131377 ]",509.946674823761
-0.0025640000000000038,[-0.85858655],"[ 0.          0.          0.          0.          0.          0.03157895
  5.43333333  0.24736842  5.43333333  0.          0.03157895  5.7
  0.24385965  5.4        -1.0131377   0.02982456  5.5         0.24385965
  5.5        -1.85858655]",509.999027967453
-1.9999999999999185e-05,[-0.09181799],"[ 0.03157895  5.43333333  0.24736842  5.43333333  0.          0.03157895
  5.7         0.24385965  5.4        -1.0131377   0.02982456  5.5
  0.24385965  5.5        -1.85858655  0.03157895  5.6         0.24385965
  5.46666667 -1.09181798]",510.0556218624115
-0.002576000000000002,[0.14354776],"[ 0.03157895  5.7         0.24385965  5.4        -1.0131377   0.02982456
  5.5         0.24385965  5.5        -1.85858655  0.03157895  5.6
  0.24385965  5.46666667 -1.09181798  0.02982456  5.6         0.24561404
  5.43333333 -0.85645223]",510.1305351257324
-0.002576000000000002,[-0.75797796],"[ 0.02982456  5.5         0.24385965  5.5        -1.85858655  0.03157895
  5.6         0.24385965  5.46666667 -1.09181798  0.02982456  5.6
  0.24561404  5.43333333 -0.85645223  0.02982456  5.6         0.24561404
  5.43333333 -1.75797796]",510.1682870388031
-0.002571999999999998,[-0.69841015],"[ 0.03157895  5.6         0.24385965  5.46666667 -1.09181798  0.02982456
  5.6         0.24561404  5.43333333 -0.85645223  0.02982456  5.6
  0.24561404  5.43333333 -1.75797796  0.02982456  5.56666667  0.24385965
  5.5        -1.69841015]",510.19656777381897
3.9999999999970615e-06,[0.31184453],"[ 0.02982456  5.6         0.24561404  5.43333333 -0.85645223  0.02982456
  5.6         0.24561404  5.43333333 -1.75797796  0.02982456  5.56666667
  0.24385965  5.5        -1.69841015  0.03157895  5.4         0.24736842
  5.6        -0.68815547]",510.25801944732666
0.0025400000000000006,[-0.14422774],"[ 0.02982456  5.6         0.24561404  5.43333333 -1.75797796  0.02982456
  5.56666667  0.24385965  5.5        -1.69841015  0.03157895  5.4
  0.24736842  5.6        -0.68815547  0.03333333  5.56666667  0.24736842
  5.43333333 -1.14422774]",510.3080253601074
0.0051,[0.32916796],"[ 0.02982456  5.56666667  0.24385965  5.5        -1.69841015  0.03157895
  5.4         0.24736842  5.6        -0.68815547  0.03333333  5.56666667
  0.24736842  5.43333333 -1.14422774  0.03508772  5.53333333  0.24736842
  5.43333333 -0.67083204]",510.35633516311646
0.00766,[0.5682468],"[ 0.03157895  5.4         0.24736842  5.6        -0.68815547  0.03333333
  5.56666667  0.24736842  5.43333333 -1.14422774  0.03508772  5.53333333
  0.24736842  5.43333333 -0.67083204  0.03684211  5.5         0.24912281
  5.46666667 -0.43175322]",510.4342043399811
0.015308000000000002,[0.4920567],"[ 0.03333333  5.56666667  0.24736842  5.43333333 -1.14422774  0.03508772
  5.53333333  0.24736842  5.43333333 -0.67083204  0.03684211  5.5
  0.24912281  5.46666667 -0.43175322  0.04210526  5.66666667  0.25438596
  5.26666667 -0.50794327]",510.4971740245819
0.028075999999999997,[0.00736854],"[ 0.03508772  5.53333333  0.24736842  5.43333333 -0.67083204  0.03684211
  5.5         0.24912281  5.46666667 -0.43175322  0.04210526  5.66666667
  0.25438596  5.26666667 -0.50794327  0.05087719  5.76666667  0.26140351
  5.06666667 -0.99263144]",510.5719413757324
0.035744000000000005,[-0.34423885],"[ 0.03684211  5.5         0.24912281  5.46666667 -0.43175322  0.04210526
  5.66666667  0.25438596  5.26666667 -0.50794327  0.05087719  5.76666667
  0.26140351  5.06666667 -0.99263144  0.05614035  5.76666667  0.26666667
  5.03333333 -1.34423888]",510.671528339386
0.038315999999999996,[-0.263621],"[ 0.04210526  5.66666667  0.25438596  5.26666667 -0.50794327  0.05087719
  5.76666667  0.26140351  5.06666667 -0.99263144  0.05614035  5.76666667
  0.26666667  5.03333333 -1.34423888  0.05789474  5.63333333  0.27017544
  5.13333333 -1.26362097]",510.74249482154846
0.043435999999999995,[0.59685475],"[ 0.05087719  5.76666667  0.26140351  5.06666667 -0.99263144  0.05614035
  5.76666667  0.26666667  5.03333333 -1.34423888  0.05789474  5.63333333
  0.27017544  5.13333333 -1.26362097  0.06140351  5.56666667  0.27368421
  5.23333333 -0.40314525]",510.8194136619568
0.048548,[-0.6336374],"[ 0.05614035  5.76666667  0.26666667  5.03333333 -1.34423888  0.05789474
  5.63333333  0.27017544  5.13333333 -1.26362097  0.06140351  5.56666667
  0.27368421  5.23333333 -0.40314525  0.06491228  5.56666667  0.27719298
  5.16666667 -1.63363743]",510.89493012428284
0.058752000000000006,[0.8995036],"[ 0.05789474  5.63333333  0.27017544  5.13333333 -1.26362097  0.06140351
  5.56666667  0.27368421  5.23333333 -0.40314525  0.06491228  5.56666667
  0.27719298  5.16666667 -1.63363743  0.07192982  5.73333333  0.28070175
  4.93333333 -0.10049641]",510.9711420536041
0.063876,[0.78112334],"[ 0.06140351  5.56666667  0.27368421  5.23333333 -0.40314525  0.06491228
  5.56666667  0.27719298  5.16666667 -1.63363743  0.07192982  5.73333333
  0.28070175  4.93333333 -0.10049641  0.0754386   5.63333333  0.28421053
  4.93333333 -0.21887666]",511.03786849975586
0.07154,[-0.9929565],"[ 0.06491228  5.56666667  0.27719298  5.16666667 -1.63363743  0.07192982
  5.73333333  0.28070175  4.93333333 -0.10049641  0.0754386   5.63333333
  0.28421053  4.93333333 -0.21887666  0.08070175  5.66666667  0.2877193
  4.76666667 -1.99295652]",511.11791014671326
0.081752,[-0.3967924],"[ 0.07192982  5.73333333  0.28070175  4.93333333 -0.10049641  0.0754386
  5.63333333  0.28421053  4.93333333 -0.21887666  0.08070175  5.66666667
  0.2877193   4.76666667 -1.99295652  0.0877193   5.76666667  0.28947368
  4.46666667 -1.39679241]",511.19903564453125
0.08692,[0.79727],"[ 0.0754386   5.63333333  0.28421053  4.93333333 -0.21887666  0.08070175
  5.66666667  0.2877193   4.76666667 -1.99295652  0.0877193   5.76666667
  0.28947368  4.46666667 -1.39679241  0.09122807  5.56666667  0.29473684
  4.53333333 -0.20273   ]",511.2874732017517
0.099688,[0.72458035],"[ 0.08070175  5.66666667  0.2877193   4.76666667 -1.99295652  0.0877193
  5.76666667  0.28947368  4.46666667 -1.39679241  0.09122807  5.56666667
  0.29473684  4.53333333 -0.20273     0.09824561  5.46666667  0.30350877
  4.56666667 -0.27541965]",511.3597300052643
0.112456,[-0.25258175],"[ 0.0877193   5.76666667  0.28947368  4.46666667 -1.39679241  0.09122807
  5.56666667  0.29473684  4.53333333 -0.20273     0.09824561  5.46666667
  0.30350877  4.56666667 -0.27541965  0.10877193  5.66666667  0.31052632
  4.2        -1.25258172]",511.4428815841675
0.12777600000000003,[0.50185233],"[ 0.09122807  5.56666667  0.29473684  4.53333333 -0.20273     0.09824561
  5.46666667  0.30350877  4.56666667 -0.27541965  0.10877193  5.66666667
  0.31052632  4.2        -1.25258172  0.11754386  5.8         0.31754386
  3.96666667 -0.49814767]",511.5189356803894
0.16613199999999997,[0.03193584],"[ 0.09824561  5.46666667  0.30350877  4.56666667 -0.27541965  0.10877193
  5.66666667  0.31052632  4.2        -1.25258172  0.11754386  5.8
  0.31754386  3.96666667 -0.49814767  0.14385965  5.66666667  0.32807018
  3.93333333 -0.96806413]",511.60584926605225
0.176368,[0.42180544],"[ 0.10877193  5.66666667  0.31052632  4.2        -1.25258172  0.11754386
  5.8         0.31754386  3.96666667 -0.49814767  0.14385965  5.66666667
  0.32807018  3.93333333 -0.96806413  0.15087719  5.53333333  0.33157895
  3.7        -0.57819456]",511.6954367160797
0.178904,[0.497361],"[ 0.11754386  5.8         0.31754386  3.96666667 -0.49814767  0.14385965
  5.66666667  0.32807018  3.93333333 -0.96806413  0.15087719  5.53333333
  0.33157895  3.7        -0.57819456  0.15438596  5.53333333  0.33859649
  3.6        -0.502639  ]",511.7663300037384
0.184024,[-0.18928641],"[ 0.14385965  5.66666667  0.32807018  3.93333333 -0.96806413  0.15087719
  5.53333333  0.33157895  3.7        -0.57819456  0.15438596  5.53333333
  0.33859649  3.6        -0.502639    0.15964912  5.63333333  0.34210526
  3.6        -1.18928647]",511.8379051685333
0.18658,[-0.40644547],"[ 0.15087719  5.53333333  0.33157895  3.7        -0.57819456  0.15438596
  5.53333333  0.33859649  3.6        -0.502639    0.15964912  5.63333333
  0.34210526  3.6        -1.18928647  0.16315789  5.6         0.34561404
  3.63333333 -1.4064455 ]",511.92133617401123
0.17894400000000002,[0.19282123],"[ 0.15438596  5.53333333  0.33859649  3.6        -0.502639    0.15964912
  5.63333333  0.34210526  3.6        -1.18928647  0.16315789  5.6
  0.34561404  3.63333333 -1.4064455   0.15964912  5.3         0.35438596
  3.73333333 -0.80717874]",512.0020940303802
0.17642,[0.44388187],"[ 0.15964912  5.63333333  0.34210526  3.6        -1.18928647  0.16315789
  5.6         0.34561404  3.63333333 -1.4064455   0.15964912  5.3
  0.35438596  3.73333333 -0.80717874  0.16315789  5.2         0.36140351
  3.7        -0.55611813]",512.0864355564117
0.17641200000000004,[-0.04726266],"[ 0.16315789  5.6         0.34561404  3.63333333 -1.4064455   0.15964912
  5.3         0.35438596  3.73333333 -0.80717874  0.16315789  5.2
  0.36140351  3.7        -0.55611813  0.17192982  5.36666667  0.36315789
  3.63333333 -1.04726267]",512.1580979824066
0.173852,[0.92885023],"[ 0.15964912  5.3         0.35438596  3.73333333 -0.80717874  0.16315789
  5.2         0.36140351  3.7        -0.55611813  0.17192982  5.36666667
  0.36315789  3.63333333 -1.04726267  0.1754386   5.4         0.36842105
  3.66666667 -0.07114977]",512.2452993392944
0.17384800000000003,[0.76883435],"[ 0.16315789  5.2         0.36140351  3.7        -0.55611813  0.17192982
  5.36666667  0.36315789  3.63333333 -1.04726267  0.1754386   5.4
  0.36842105  3.66666667 -0.07114977  0.17719298  5.3         0.37192982
  3.66666667 -0.23116565]",512.3236591815948
0.18148800000000004,[0.28413028],"[ 0.17192982  5.36666667  0.36315789  3.63333333 -1.04726267  0.1754386
  5.4         0.36842105  3.66666667 -0.07114977  0.17719298  5.3
  0.37192982  3.66666667 -0.23116565  0.18596491  5.46666667  0.37368421
  3.63333333 -0.71586972]",512.4014248847961
0.17892000000000002,[0.8676509],"[ 0.1754386   5.4         0.36842105  3.66666667 -0.07114977  0.17719298
  5.3         0.37192982  3.66666667 -0.23116565  0.18596491  5.46666667
  0.37368421  3.63333333 -0.71586972  0.1877193   5.56666667  0.3754386
  3.73333333 -0.13234907]",512.4818208217621
0.17126,[-0.5935318],"[ 0.17719298  5.3         0.37192982  3.66666667 -0.23116565  0.18596491
  5.46666667  0.37368421  3.63333333 -0.71586972  0.1877193   5.56666667
  0.3754386   3.73333333 -0.13234907  0.18947368  5.66666667  0.37894737
  3.86666667 -1.59353185]",512.5606226921082
0.17634,[-0.33353847],"[ 0.18596491  5.46666667  0.37368421  3.63333333 -0.71586972  0.1877193
  5.56666667  0.3754386   3.73333333 -0.13234907  0.18947368  5.66666667
  0.37894737  3.86666667 -1.59353185  0.19649123  5.83333333  0.38070175
  3.86666667 -1.33353853]",512.6432147026062
0.161028,[0.21701111],"[ 0.1877193   5.56666667  0.3754386   3.73333333 -0.13234907  0.18947368
  5.66666667  0.37894737  3.86666667 -1.59353185  0.19649123  5.83333333
  0.38070175  3.86666667 -1.33353853  0.19122807  5.66666667  0.3877193
  4.13333333 -0.78298891]",512.7178993225098
0.15593200000000002,[0.72766834],"[ 0.18947368  5.66666667  0.37894737  3.86666667 -1.59353185  0.19649123
  5.83333333  0.38070175  3.86666667 -1.33353853  0.19122807  5.66666667
  0.3877193   4.13333333 -0.78298891  0.19473684  5.63333333  0.39473684
  4.3        -0.27233166]",512.8002123832703
0.166112,[-0.6151171],"[ 0.19649123  5.83333333  0.38070175  3.86666667 -1.33353853  0.19122807
  5.66666667  0.3877193   4.13333333 -0.78298891  0.19473684  5.63333333
  0.39473684  4.3        -0.27233166  0.20526316  5.8         0.39824561
  4.1        -1.61511707]",512.8797299861908
0.16609200000000002,[0.94204545],"[ 0.19122807  5.66666667  0.3877193   4.13333333 -0.78298891  0.19473684
  5.63333333  0.39473684  4.3        -0.27233166  0.20526316  5.8
  0.39824561  4.1        -1.61511707  0.2122807   5.86666667  0.4
  3.96666667 -0.05795455]",512.9595866203308
0.15080400000000002,[0.2617274],"[ 0.19473684  5.63333333  0.39473684  4.3        -0.27233166  0.20526316
  5.8         0.39824561  4.1        -1.61511707  0.2122807   5.86666667
  0.4         3.96666667 -0.05795455  0.2122807   5.66666667  0.40526316
  4.03333333 -0.73827261]",513.0378925800323
0.14826,[0.30213177],"[ 0.20526316  5.8         0.39824561  4.1        -1.61511707  0.2122807
  5.86666667  0.4         3.96666667 -0.05795455  0.2122807   5.66666667
  0.40526316  4.03333333 -0.73827261  0.21929825  5.7         0.40701754
  3.83333333 -0.69786823]",513.1179001331329
0.12012800000000001,[0.02121431],"[ 0.2122807   5.86666667  0.4         3.96666667 -0.05795455  0.2122807
  5.66666667  0.40526316  4.03333333 -0.73827261  0.21929825  5.7
  0.40701754  3.83333333 -0.69786823  0.22631579  5.7         0.41052632
  3.7        -0.97878569]",513.1979393959045
0.115008,[-0.2526816],"[ 0.2122807   5.66666667  0.40526316  4.03333333 -0.73827261  0.21929825
  5.7         0.40701754  3.83333333 -0.69786823  0.22631579  5.7
  0.41052632  3.7        -0.97878569  0.22982456  5.63333333  0.41403509
  3.7        -1.25268161]",513.2779760360718
0.11245600000000004,[-0.84153837],"[ 0.21929825  5.7         0.40701754  3.83333333 -0.69786823  0.22631579
  5.7         0.41052632  3.7        -0.97878569  0.22982456  5.63333333
  0.41403509  3.7        -1.25268161  0.23157895  5.6         0.42105263
  3.73333333 -1.84153843]",513.3597118854523
0.10738400000000001,[0.68908703],"[ 0.22631579  5.7         0.41052632  3.7        -0.97878569  0.22982456
  5.63333333  0.41403509  3.7        -1.25268161  0.23157895  5.6
  0.42105263  3.73333333 -1.84153843  0.23333333  5.36666667  0.42807018
  3.76666667 -0.31091297]",513.4400358200073
0.102288,[-0.4475895],"[ 0.22982456  5.63333333  0.41403509  3.7        -1.25268161  0.23157895
  5.6         0.42105263  3.73333333 -1.84153843  0.23333333  5.36666667
  0.42807018  3.76666667 -0.31091297  0.23333333  5.2         0.43157895
  3.73333333 -1.44758952]",513.5179934501648
0.11501600000000003,[-0.7144322],"[ 0.23157895  5.6         0.42105263  3.73333333 -1.84153843  0.23333333
  5.36666667  0.42807018  3.76666667 -0.31091297  0.23333333  5.2
  0.43157895  3.73333333 -1.44758952  0.23859649  5.33333333  0.43157895
  3.66666667 -1.71443224]",513.613671541214
0.10991200000000005,[0.6840261],"[ 0.23333333  5.36666667  0.42807018  3.76666667 -0.31091297  0.23333333
  5.2         0.43157895  3.73333333 -1.44758952  0.23859649  5.33333333
  0.43157895  3.66666667 -1.71443224  0.23859649  5.16666667  0.43859649
  3.83333333 -0.31597388]",513.6779255867004
0.09717199999999998,[-0.04830454],"[ 0.23333333  5.2         0.43157895  3.73333333 -1.44758952  0.23859649
  5.33333333  0.43157895  3.66666667 -1.71443224  0.23859649  5.16666667
  0.43859649  3.83333333 -0.31597388  0.23859649  5.          0.44561404
  3.9        -1.04830456]",513.7617149353027
0.102284,[-0.9588933],"[ 0.23859649  5.33333333  0.43157895  3.66666667 -1.71443224  0.23859649
  5.16666667  0.43859649  3.83333333 -0.31597388  0.23859649  5.
  0.44561404  3.9        -1.04830456  0.24561404  5.03333333  0.44736842
  3.7        -1.9588933 ]",513.8393588066101
0.10484,[-0.01559008],"[ 0.23859649  5.16666667  0.43859649  3.83333333 -0.31597388  0.23859649
  5.          0.44561404  3.9        -1.04830456  0.24561404  5.03333333
  0.44736842  3.7        -1.9588933   0.24912281  4.93333333  0.45087719
  3.73333333 -1.01559007]",513.922566652298
0.09466399999999997,[-0.61338854],"[ 0.23859649  5.          0.44561404  3.9        -1.04830456  0.24561404
  5.03333333  0.44736842  3.7        -1.9588933   0.24912281  4.93333333
  0.45087719  3.73333333 -1.01559007  0.25087719  4.7         0.45964912
  3.93333333 -1.61338854]",514.0003833770752
0.09979199999999999,[-0.05093938],"[ 0.24561404  5.03333333  0.44736842  3.7        -1.9588933   0.24912281
  4.93333333  0.45087719  3.73333333 -1.01559007  0.25087719  4.7
  0.45964912  3.93333333 -1.61338854  0.25614035  4.66666667  0.46666667
  3.83333333 -1.05093932]",514.0840210914612
0.10748400000000002,[-0.3140535],"[ 0.24912281  4.93333333  0.45087719  3.73333333 -1.01559007  0.25087719
  4.7         0.45964912  3.93333333 -1.61338854  0.25614035  4.66666667
  0.46666667  3.83333333 -1.05093932  0.26315789  4.56666667  0.47368421
  3.8        -1.31405354]",514.1681170463562
0.10749999999999997,[-0.48258266],"[ 0.25087719  4.7         0.45964912  3.93333333 -1.61338854  0.25614035
  4.66666667  0.46666667  3.83333333 -1.05093932  0.26315789  4.56666667
  0.47368421  3.8        -1.31405354  0.27017544  4.6         0.48070175
  3.8        -1.48258269]",514.2391023635864
0.11772,[-0.30801252],"[ 0.25614035  4.66666667  0.46666667  3.83333333 -1.05093932  0.26315789
  4.56666667  0.47368421  3.8        -1.31405354  0.27017544  4.6
  0.48070175  3.8        -1.48258269  0.27192982  4.46666667  0.48596491
  3.86666667 -1.30801249]",514.318683385849
0.12027599999999998,[0.79376376],"[ 0.26315789  4.56666667  0.47368421  3.8        -1.31405354  0.27017544
  4.6         0.48070175  3.8        -1.48258269  0.27192982  4.46666667
  0.48596491  3.86666667 -1.30801249  0.27719298  4.43333333  0.48947368
  3.83333333 -0.20623624]",514.4052636623383
0.11006399999999998,[-0.8779583],"[ 0.27017544  4.6         0.48070175  3.8        -1.48258269  0.27192982
  4.46666667  0.48596491  3.86666667 -1.30801249  0.27719298  4.43333333
  0.48947368  3.83333333 -0.20623624  0.28070175  4.5         0.49298246
  3.73333333 -1.8779583 ]",514.4784262180328
0.11004799999999997,[0.41684574],"[ 0.27192982  4.46666667  0.48596491  3.86666667 -1.30801249  0.27719298
  4.43333333  0.48947368  3.83333333 -0.20623624  0.28070175  4.5
  0.49298246  3.73333333 -1.8779583   0.2877193   4.7         0.49649123
  3.73333333 -0.58315426]",514.5603957176208
0.11259200000000003,[0.9223525],"[ 0.27719298  4.43333333  0.48947368  3.83333333 -0.20623624  0.28070175
  4.5         0.49298246  3.73333333 -1.8779583   0.2877193   4.7
  0.49649123  3.73333333 -0.58315426  0.28947368  4.6         0.5
  3.9        -0.07764751]",514.6398015022278
0.11002400000000001,[-0.34643593],"[ 0.28070175  4.5         0.49298246  3.73333333 -1.8779583   0.2877193
  4.7         0.49649123  3.73333333 -0.58315426  0.28947368  4.6
  0.5         3.9        -0.07764751  0.29473684  4.73333333  0.50175439
  3.73333333 -1.3464359 ]",514.718015909195
0.10999599999999998,[-0.7095149],"[ 0.2877193   4.7         0.49649123  3.73333333 -0.58315426  0.28947368
  4.6         0.5         3.9        -0.07764751  0.29473684  4.73333333
  0.50175439  3.73333333 -1.3464359   0.30175439  4.96666667  0.50701754
  3.76666667 -1.70951486]",514.8089005947113
0.10744799999999999,[0.79079944],"[ 0.28947368  4.6         0.5         3.9        -0.07764751  0.29473684
  4.73333333  0.50175439  3.73333333 -1.3464359   0.30175439  4.96666667
  0.50701754  3.76666667 -1.70951486  0.30350877  4.83333333  0.51403509
  4.16666667 -0.20920056]",514.8959283828735
0.11257599999999997,[-0.299942],"[ 0.29473684  4.73333333  0.50175439  3.73333333 -1.3464359   0.30175439
  4.96666667  0.50701754  3.76666667 -1.70951486  0.30350877  4.83333333
  0.51403509  4.16666667 -0.20920056  0.30877193  4.66666667  0.52105263
  4.46666667 -1.29994202]",514.9599850177765
0.12019600000000001,[0.12656774],"[ 0.30175439  4.96666667  0.50701754  3.76666667 -1.70951486  0.30350877
  4.83333333  0.51403509  4.16666667 -0.20920056  0.30877193  4.66666667
  0.52105263  4.46666667 -1.29994202  0.31578947  4.83333333  0.52982456
  4.36666667 -0.87343228]",515.0378179550171
0.132944,[-0.09174957],"[ 0.30350877  4.83333333  0.51403509  4.16666667 -0.20920056  0.30877193
  4.66666667  0.52105263  4.46666667 -1.29994202  0.31578947  4.83333333
  0.52982456  4.36666667 -0.87343228  0.3245614   4.93333333  0.53684211
  4.46666667 -1.09174955]",515.117969751358
0.138068,[-0.6613426],"[ 0.30877193  4.66666667  0.52105263  4.46666667 -1.29994202  0.31578947
  4.83333333  0.52982456  4.36666667 -0.87343228  0.3245614   4.93333333
  0.53684211  4.46666667 -1.09174955  0.33333333  4.96666667  0.54736842
  4.63333333 -1.66134262]",515.200555562973
0.14828399999999997,[-0.6910582],"[ 0.31578947  4.83333333  0.52982456  4.36666667 -0.87343228  0.3245614
  4.93333333  0.53684211  4.46666667 -1.09174955  0.33333333  4.96666667
  0.54736842  4.63333333 -1.66134262  0.34035088  4.86666667  0.55614035
  4.73333333 -1.69105816]",515.2798237800598
0.15850399999999998,[0.34787896],"[ 0.3245614   4.93333333  0.53684211  4.46666667 -1.09174955  0.33333333
  4.96666667  0.54736842  4.63333333 -1.66134262  0.34035088  4.86666667
  0.55614035  4.73333333 -1.69105816  0.34736842  4.73333333  0.56140351
  4.9        -0.65212107]",515.3598020076752
0.15593999999999994,[0.707245],"[ 0.33333333  4.96666667  0.54736842  4.63333333 -1.66134262  0.34035088
  4.86666667  0.55614035  4.73333333 -1.69105816  0.34736842  4.73333333
  0.56140351  4.9        -0.65212107  0.35263158  4.83333333  0.56666667
  4.96666667 -0.29275501]",515.4448328018188
0.15844000000000003,[-0.36264217],"[ 0.34035088  4.86666667  0.55614035  4.73333333 -1.69105816  0.34736842
  4.73333333  0.56140351  4.9        -0.65212107  0.35263158  4.83333333
  0.56666667  4.96666667 -0.29275501  0.35789474  5.2         0.57192982
  4.8        -1.36264217]",515.5225462913513
0.15838800000000003,[-0.87514484],"[ 0.34736842  4.73333333  0.56140351  4.9        -0.65212107  0.35263158
  4.83333333  0.56666667  4.96666667 -0.29275501  0.35789474  5.2
  0.57192982  4.8        -1.36264217  0.35964912  5.4         0.57017544
  4.7        -1.87514484]",515.598072052002
0.15073200000000003,[-0.6777819],"[ 0.35263158  4.83333333  0.56666667  4.96666667 -0.29275501  0.35789474
  5.2         0.57192982  4.8        -1.36264217  0.35964912  5.4
  0.57017544  4.7        -1.87514484  0.35964912  5.26666667  0.57192982
  4.93333333 -1.67778182]",515.6864290237427
0.14818799999999993,[0.22409186],"[ 0.35789474  5.2         0.57192982  4.8        -1.36264217  0.35964912
  5.4         0.57017544  4.7        -1.87514484  0.35964912  5.26666667
  0.57192982  4.93333333 -1.67778182  0.36491228  5.06666667  0.57719298
  5.23333333 -0.77590811]",515.7705204486847
0.155856,[-0.4168658],"[ 0.35964912  5.4         0.57017544  4.7        -1.87514484  0.35964912
  5.26666667  0.57192982  4.93333333 -1.67778182  0.36491228  5.06666667
  0.57719298  5.23333333 -0.77590811  0.37719298  5.1         0.59122807
  5.26666667 -1.41686583]",515.8378810882568
0.17115999999999998,[0.61066794],"[ 0.35964912  5.26666667  0.57192982  4.93333333 -1.67778182  0.36491228
  5.06666667  0.57719298  5.23333333 -0.77590811  0.37719298  5.1
  0.59122807  5.26666667 -1.41686583  0.38947368  5.23333333  0.60526316
  5.2        -0.38933206]",515.9178802967072
0.178828,[-0.0446611],"[ 0.36491228  5.06666667  0.57719298  5.23333333 -0.77590811  0.37719298
  5.1         0.59122807  5.26666667 -1.41686583  0.38947368  5.23333333
  0.60526316  5.2        -0.38933206  0.4         5.2         0.61403509
  5.33333333 -1.04466105]",515.9985127449036
0.186496,[-0.2579929],"[ 0.37719298  5.1         0.59122807  5.26666667 -1.41686583  0.38947368
  5.23333333  0.60526316  5.2        -0.38933206  0.4         5.2
  0.61403509  5.33333333 -1.04466105  0.40877193  5.26666667  0.62280702
  5.23333333 -1.25799286]",516.0778579711914
0.18909200000000004,[-0.750335],"[ 0.38947368  5.23333333  0.60526316  5.2        -0.38933206  0.4
  5.2         0.61403509  5.33333333 -1.04466105  0.40877193  5.26666667
  0.62280702  5.23333333 -1.25799286  0.41754386  5.13333333  0.62982456
  5.2        -1.75033498]",516.1644268035889
0.19931999999999994,[-0.759354],"[ 0.4         5.2         0.61403509  5.33333333 -1.04466105  0.40877193
  5.26666667  0.62280702  5.23333333 -1.25799286  0.41754386  5.13333333
  0.62982456  5.2        -1.75033498  0.42631579  5.          0.63859649
  5.33333333 -1.759354  ]",516.2448079586029
0.19934399999999997,[0.9553643],"[ 0.40877193  5.26666667  0.62280702  5.23333333 -1.25799286  0.41754386
  5.13333333  0.62982456  5.2        -1.75033498  0.42631579  5.
  0.63859649  5.33333333 -1.759354    0.43157895  4.93333333  0.64210526
  5.53333333 -0.04463571]",516.3225381374359
0.19168399999999997,[-0.03553762],"[ 0.41754386  5.13333333  0.62982456  5.2        -1.75033498  0.42631579
  5.          0.63859649  5.33333333 -1.759354    0.43157895  4.93333333
  0.64210526  5.53333333 -0.04463571  0.43333333  5.1         0.64561404
  5.63333333 -1.0355376 ]",516.3996422290802
0.19675600000000004,[-0.5958362],"[ 0.42631579  5.          0.63859649  5.33333333 -1.759354    0.43157895
  4.93333333  0.64210526  5.53333333 -0.04463571  0.43333333  5.1
  0.64561404  5.63333333 -1.0355376   0.43859649  5.3         0.65087719
  5.53333333 -1.59583616]",516.4842946529388
0.19929999999999998,[-0.82629335],"[ 0.43157895  4.93333333  0.64210526  5.53333333 -0.04463571  0.43333333
  5.1         0.64561404  5.63333333 -1.0355376   0.43859649  5.3
  0.65087719  5.53333333 -1.59583616  0.44561404  5.23333333  0.65789474
  5.6        -1.82629335]",516.5718660354614
0.201896,[0.7600037],"[ 0.43333333  5.1         0.64561404  5.63333333 -1.0355376   0.43859649
  5.3         0.65087719  5.53333333 -1.59583616  0.44561404  5.23333333
  0.65789474  5.6        -1.82629335  0.45438596  5.06666667  0.66315789
  5.86666667 -0.23999631]",516.6405024528503
0.20445599999999997,[0.25205588],"[ 0.43859649  5.3         0.65087719  5.53333333 -1.59583616  0.44561404
  5.23333333  0.65789474  5.6        -1.82629335  0.45438596  5.06666667
  0.66315789  5.86666667 -0.23999631  0.46491228  5.13333333  0.67368421
  6.03333333 -0.74794412]",516.7454016208649
0.204432,[-0.65315586],"[ 0.44561404  5.23333333  0.65789474  5.6        -1.82629335  0.45438596
  5.06666667  0.66315789  5.86666667 -0.23999631  0.46491228  5.13333333
  0.67368421  6.03333333 -0.74794412  0.47368421  5.36666667  0.68596491
  5.93333333 -1.6531558 ]",516.8002116680145
0.20696399999999998,[0.500048],"[ 0.45438596  5.06666667  0.66315789  5.86666667 -0.23999631  0.46491228
  5.13333333  0.67368421  6.03333333 -0.74794412  0.47368421  5.36666667
  0.68596491  5.93333333 -1.6531558   0.48245614  5.46666667  0.69298246
  5.9        -0.49995202]",516.8820512294769
0.20440000000000005,[0.53853196],"[ 0.46491228  5.13333333  0.67368421  6.03333333 -0.74794412  0.47368421
  5.36666667  0.68596491  5.93333333 -1.6531558   0.48245614  5.46666667
  0.69298246  5.9        -0.49995202  0.4877193   5.4         0.69824561
  6.03333333 -0.46146804]",516.9632611274719
0.204392,[0.6050687],"[ 0.47368421  5.36666667  0.68596491  5.93333333 -1.6531558   0.48245614
  5.46666667  0.69298246  5.9        -0.49995202  0.4877193   5.4
  0.69824561  6.03333333 -0.46146804  0.49298246  5.56666667  0.70526316
  5.83333333 -0.39493132]",517.0404918193817
0.20952399999999996,[-0.927939],"[ 0.48245614  5.46666667  0.69298246  5.9        -0.49995202  0.4877193
  5.4         0.69824561  6.03333333 -0.46146804  0.49298246  5.56666667
  0.70526316  5.83333333 -0.39493132  0.50175439  5.76666667  0.71403509
  5.63333333 -1.92793894]",517.1196784973145
0.21720799999999998,[-0.787238],"[ 0.4877193   5.4         0.69824561  6.03333333 -0.46146804  0.49298246
  5.56666667  0.70526316  5.83333333 -0.39493132  0.50175439  5.76666667
  0.71403509  5.63333333 -1.92793894  0.50877193  5.83333333  0.72105263
  5.6        -1.787238  ]",517.1982786655426
0.22743599999999997,[0.02155554],"[ 0.49298246  5.56666667  0.70526316  5.83333333 -0.39493132  0.50175439
  5.76666667  0.71403509  5.63333333 -1.92793894  0.50877193  5.83333333
  0.72105263  5.6        -1.787238    0.51578947  5.66666667  0.72807018
  5.9        -0.97844446]",517.2785720825195
0.22997200000000007,[0.7214459],"[ 0.50175439  5.76666667  0.71403509  5.63333333 -1.92793894  0.50877193
  5.83333333  0.72105263  5.6        -1.787238    0.51578947  5.66666667
  0.72807018  5.9        -0.97844446  0.52280702  5.63333333  0.73333333
  6.13333333 -0.27855408]",517.3661541938782
0.224832,[0.9791089],"[ 0.50877193  5.83333333  0.72105263  5.6        -1.787238    0.51578947
  5.66666667  0.72807018  5.9        -0.97844446  0.52280702  5.63333333
  0.73333333  6.13333333 -0.27855408  0.53157895  5.9         0.74385965
  5.96666667 -0.02089107]",517.4439623355865
0.22736799999999996,[-0.01006246],"[ 0.51578947  5.66666667  0.72807018  5.9        -0.97844446  0.52280702
  5.63333333  0.73333333  6.13333333 -0.27855408  0.53157895  5.9
  0.74385965  5.96666667 -0.02089107  0.54561404  6.2         0.75438596
  5.73333333 -1.01006246]",517.5235269069672
0.22734800000000002,[0.29747394],"[ 0.52280702  5.63333333  0.73333333  6.13333333 -0.27855408  0.53157895
  5.9         0.74385965  5.96666667 -0.02089107  0.54561404  6.2
  0.75438596  5.73333333 -1.01006246  0.55614035  6.33333333  0.76315789
  5.6        -0.70252609]",517.6026334762573
0.224812,[0.03084566],"[ 0.53157895  5.9         0.74385965  5.96666667 -0.02089107  0.54561404
  6.2         0.75438596  5.73333333 -1.01006246  0.55614035  6.33333333
  0.76315789  5.6        -0.70252609  0.56315789  6.23333333  0.77192982
  5.63333333 -0.96915436]",517.6887292861938
0.22223999999999994,[-0.10453327],"[ 0.54561404  6.2         0.75438596  5.73333333 -1.01006246  0.55614035
  6.33333333  0.76315789  5.6        -0.70252609  0.56315789  6.23333333
  0.77192982  5.63333333 -0.96915436  0.57017544  6.23333333  0.77894737
  5.53333333 -1.10453331]",517.7654402256012
0.21967600000000007,[-0.60595495],"[ 0.55614035  6.33333333  0.76315789  5.6        -0.70252609  0.56315789
  6.23333333  0.77192982  5.63333333 -0.96915436  0.57017544  6.23333333
  0.77894737  5.53333333 -1.10453331  0.57719298  6.16666667  0.7877193
  5.5        -1.60595489]",517.8455476760864
0.22479199999999996,[0.5158844],"[ 0.56315789  6.23333333  0.77192982  5.63333333 -0.96915436  0.57017544
  6.23333333  0.77894737  5.53333333 -1.10453331  0.57719298  6.16666667
  0.7877193   5.5        -1.60595489  0.58596491  6.06666667  0.79649123
  5.56666667 -0.4841156 ]",517.9219379425049
0.23504400000000003,[-0.12309135],"[ 0.57017544  6.23333333  0.77894737  5.53333333 -1.10453331  0.57719298
  6.16666667  0.7877193   5.5        -1.60595489  0.58596491  6.06666667
  0.79649123  5.56666667 -0.4841156   0.59473684  6.          0.80526316
  5.63333333 -1.12309134]",518.002858877182
0.23760799999999996,[-0.7470126],"[ 0.57719298  6.16666667  0.7877193   5.5        -1.60595489  0.58596491
  6.06666667  0.79649123  5.56666667 -0.4841156   0.59473684  6.
  0.80526316  5.63333333 -1.12309134  0.60175439  6.13333333  0.81052632
  5.4        -1.74701262]",518.0819575786591
0.23506400000000002,[-0.86482364],"[ 0.58596491  6.06666667  0.79649123  5.56666667 -0.4841156   0.59473684
  6.          0.80526316  5.63333333 -1.12309134  0.60175439  6.13333333
  0.81052632  5.4        -1.74701262  0.60701754  5.96666667  0.81754386
  5.4        -1.86482358]",518.1664259433746
0.22740800000000005,[0.7486795],"[ 0.59473684  6.          0.80526316  5.63333333 -1.12309134  0.60175439
  6.13333333  0.81052632  5.4        -1.74701262  0.60701754  5.96666667
  0.81754386  5.4        -1.86482358  0.61052632  5.7         0.82280702
  5.53333333 -0.25132048]",518.2425663471222
0.22486799999999993,[-0.56765735],"[ 0.60175439  6.13333333  0.81052632  5.4        -1.74701262  0.60701754
  5.96666667  0.81754386  5.4        -1.86482358  0.61052632  5.7
  0.82280702  5.53333333 -0.25132048  0.61929825  5.63333333  0.82982456
  5.66666667 -1.56765735]",518.3319160938263
0.22233599999999995,[-0.37835923],"[ 0.60701754  5.96666667  0.81754386  5.4        -1.86482358  0.61052632
  5.7         0.82280702  5.53333333 -0.25132048  0.61929825  5.63333333
  0.82982456  5.66666667 -1.56765735  0.62631579  5.66666667  0.83684211
  5.7        -1.3783592 ]",518.403493642807
0.21979600000000002,[-0.45041904],"[ 0.61052632  5.7         0.82280702  5.53333333 -0.25132048  0.61929825
  5.63333333  0.82982456  5.66666667 -1.56765735  0.62631579  5.66666667
  0.83684211  5.7        -1.3783592   0.63333333  5.63333333  0.84561404
  5.76666667 -1.45041907]",518.4824528694153
0.224904,[-0.22327699],"[ 0.61929825  5.63333333  0.82982456  5.66666667 -1.56765735  0.62631579
  5.66666667  0.83684211  5.7        -1.3783592   0.63333333  5.63333333
  0.84561404  5.76666667 -1.45041907  0.64210526  5.6         0.85438596
  5.76666667 -1.22327697]",518.5714206695557
0.22749199999999997,[-0.9300816],"[ 0.62631579  5.66666667  0.83684211  5.7        -1.3783592   0.63333333
  5.63333333  0.84561404  5.76666667 -1.45041907  0.64210526  5.6
  0.85438596  5.76666667 -1.22327697  0.64912281  5.5         0.85964912
  5.73333333 -1.93008161]",518.6515264511108
0.219848,[0.7609928],"[ 0.63333333  5.63333333  0.84561404  5.76666667 -1.45041907  0.64210526
  5.6         0.85438596  5.76666667 -1.22327697  0.64912281  5.5
  0.85964912  5.73333333 -1.93008161  0.65263158  5.5         0.86491228
  5.63333333 -0.23900717]",518.7246932983398
0.21474800000000008,[-0.26526037],"[ 0.64210526  5.6         0.85438596  5.76666667 -1.22327697  0.64912281
  5.5         0.85964912  5.73333333 -1.93008161  0.65263158  5.5
  0.86491228  5.63333333 -0.23900717  0.65614035  5.46666667  0.86842105
  5.66666667 -1.26526034]",518.8064904212952
0.20958800000000002,[0.3143283],"[ 0.64912281  5.5         0.85964912  5.73333333 -1.93008161  0.65263158
  5.5         0.86491228  5.63333333 -0.23900717  0.65614035  5.46666667
  0.86842105  5.66666667 -1.26526034  0.65964912  5.7         0.87192982
  5.53333333 -0.68567169]",518.8927276134491
0.201896,[0.6053471],"[ 0.65263158  5.5         0.86491228  5.63333333 -0.23900717  0.65614035
  5.46666667  0.86842105  5.66666667 -1.26526034  0.65964912  5.7
  0.87192982  5.53333333 -0.68567169  0.66140351  5.86666667  0.87192982
  5.33333333 -0.3946529 ]",518.9718790054321
0.19169999999999998,[-0.3699451],"[ 0.65614035  5.46666667  0.86842105  5.66666667 -1.26526034  0.65964912
  5.7         0.87192982  5.53333333 -0.68567169  0.66140351  5.86666667
  0.87192982  5.33333333 -0.3946529   0.66315789  5.9         0.87368421
  5.2        -1.36994505]",519.051308631897
0.178952,[0.55418956],"[ 0.65964912  5.7         0.87192982  5.53333333 -0.68567169  0.66140351
  5.86666667  0.87192982  5.33333333 -0.3946529   0.66315789  5.9
  0.87368421  5.2        -1.36994505  0.66842105  5.93333333  0.87719298
  5.03333333 -0.44581044]",519.1311702728271
0.17131600000000002,[-0.9914271],"[ 0.66140351  5.86666667  0.87192982  5.33333333 -0.3946529   0.66315789
  5.9         0.87368421  5.2        -1.36994505  0.66842105  5.93333333
  0.87719298  5.03333333 -0.44581044  0.67368421  5.8         0.88421053
  5.06666667 -1.99142718]",519.2019004821777
0.1764,[-0.02188293],"[ 0.66315789  5.9         0.87368421  5.2        -1.36994505  0.66842105
  5.93333333  0.87719298  5.03333333 -0.44581044  0.67368421  5.8
  0.88421053  5.06666667 -1.99142718  0.68421053  5.93333333  0.89122807
  4.96666667 -1.02188289]",519.2819068431854
0.1763999999999999,[0.34564608],"[ 0.66842105  5.93333333  0.87719298  5.03333333 -0.44581044  0.67368421
  5.8         0.88421053  5.06666667 -1.99142718  0.68421053  5.93333333
  0.89122807  4.96666667 -1.02188289  0.69122807  5.93333333  0.89824561
  4.96666667 -0.65435392]",519.3659663200378
0.176388,[-0.7035063],"[ 0.67368421  5.8         0.88421053  5.06666667 -1.99142718  0.68421053
  5.93333333  0.89122807  4.96666667 -1.02188289  0.69122807  5.93333333
  0.89824561  4.96666667 -0.65435392  0.69824561  5.96666667  0.90350877
  4.86666667 -1.70350623]",519.4482216835022
0.17127599999999998,[-0.23290624],"[ 0.68421053  5.93333333  0.89122807  4.96666667 -1.02188289  0.69122807
  5.93333333  0.89824561  4.96666667 -0.65435392  0.69824561  5.96666667
  0.90350877  4.86666667 -1.70350623  0.70350877  5.86666667  0.90701754
  4.73333333 -1.23290622]",519.5238287448883
0.161076,[0.94106793],"[ 0.69122807  5.93333333  0.89824561  4.96666667 -0.65435392  0.69824561
  5.96666667  0.90350877  4.86666667 -1.70350623  0.70350877  5.86666667
  0.90701754  4.73333333 -1.23290622  0.70526316  5.6         0.9122807
  4.76666667 -0.05893207]",519.6076197624207
0.161084,[0.70441955],"[ 0.69824561  5.96666667  0.90350877  4.86666667 -1.70350623  0.70350877
  5.86666667  0.90701754  4.73333333 -1.23290622  0.70526316  5.6
  0.9122807   4.76666667 -0.05893207  0.7122807   5.66666667  0.91754386
  4.63333333 -0.29558045]",519.6928513050079
0.16870400000000008,[-0.12391422],"[ 0.70350877  5.86666667  0.90701754  4.73333333 -1.23290622  0.70526316
  5.6         0.9122807   4.76666667 -0.05893207  0.7122807   5.66666667
  0.91754386  4.63333333 -0.29558045  0.72280702  5.9         0.91929825
  4.26666667 -1.12391424]",519.7649927139282
0.17122800000000005,[-0.9839642],"[ 0.70526316  5.6         0.9122807   4.76666667 -0.05893207  0.7122807
  5.66666667  0.91754386  4.63333333 -0.29558045  0.72280702  5.9
  0.91929825  4.26666667 -1.12391424  0.72807018  5.9         0.91929825
  4.06666667 -1.9839642 ]",519.8533937931061
