reward,action,obs,time
,,"[0.         0.         0.         0.         0.         0.
 0.         0.         0.         0.         0.         0.
 0.         0.         0.         0.03508772 6.03333333 0.24561404
 5.3        0.        ]",4470.272160053253
-0.005076000000000004,[-0.44233015],"[ 0.          0.          0.          0.          0.          0.
  0.          0.          0.          0.          0.03508772  6.03333333
  0.24561404  5.3         0.          0.03157895  5.73333333  0.24561404
  5.36666667 -1.44233012]",4470.3644778728485
-0.0025400000000000006,[-0.60457516],"[ 0.          0.          0.          0.          0.          0.03508772
  6.03333333  0.24561404  5.3         0.          0.03157895  5.73333333
  0.24561404  5.36666667 -1.44233012  0.03333333  5.9         0.24385965
  5.26666667 -1.60457516]",4470.418884038925
-0.007628000000000003,[-0.9674561],"[ 0.03508772  6.03333333  0.24561404  5.3         0.          0.03157895
  5.73333333  0.24561404  5.36666667 -1.44233012  0.03333333  5.9
  0.24385965  5.26666667 -1.60457516  0.02982456  5.7         0.24385965
  5.4        -1.9674561 ]",4470.465591669083
-0.005068000000000003,[-0.46312547],"[ 0.03157895  5.73333333  0.24561404  5.36666667 -1.44233012  0.03333333
  5.9         0.24385965  5.26666667 -1.60457516  0.02982456  5.7
  0.24385965  5.4        -1.9674561   0.03157895  5.66666667  0.24561404
  5.4        -1.46312547]",4470.515146970749
-0.005068000000000003,[0.393839],"[ 0.03333333  5.9         0.24385965  5.26666667 -1.60457516  0.02982456
  5.7         0.24385965  5.4        -1.9674561   0.03157895  5.66666667
  0.24561404  5.4        -1.46312547  0.03157895  5.66666667  0.24561404
  5.4        -0.606161  ]",4470.5650153160095
-0.005056000000000005,[-0.8672433],"[ 0.02982456  5.7         0.24385965  5.4        -1.9674561   0.03157895
  5.66666667  0.24561404  5.4        -1.46312547  0.03157895  5.66666667
  0.24561404  5.4        -0.606161    0.03157895  5.56666667  0.24561404
  5.5        -1.86724329]",4470.6159834861755
-0.002468000000000005,[0.6548981],"[ 0.03157895  5.66666667  0.24561404  5.4        -1.46312547  0.03157895
  5.66666667  0.24561404  5.4        -0.606161    0.03157895  5.56666667
  0.24561404  5.5        -1.86724329  0.03333333  5.3         0.24736842
  5.7        -0.34510189]",4470.669847011566
7.599999999999968e-05,[-0.758259],"[ 0.03157895  5.66666667  0.24561404  5.4        -0.606161    0.03157895
  5.56666667  0.24561404  5.5        -1.86724329  0.03333333  5.3
  0.24736842  5.7        -0.34510189  0.03508772  5.4         0.24912281
  5.63333333 -1.75825906]",4470.715816736221
0.0026279999999999984,[-0.92095006],"[ 0.03157895  5.56666667  0.24561404  5.5        -1.86724329  0.03333333
  5.3         0.24736842  5.7        -0.34510189  0.03508772  5.4
  0.24912281  5.63333333 -1.75825906  0.03684211  5.43333333  0.25087719
  5.6        -1.92095006]",4470.777361392975
0.007751999999999995,[-0.16060227],"[ 0.03333333  5.3         0.24736842  5.7        -0.34510189  0.03508772
  5.4         0.24912281  5.63333333 -1.75825906  0.03684211  5.43333333
  0.25087719  5.6        -1.92095006  0.04035088  5.33333333  0.25263158
  5.7        -1.16060233]",4470.85719370842
0.012875999999999993,[0.11090535],"[ 0.03508772  5.4         0.24912281  5.63333333 -1.75825906  0.03684211
  5.43333333  0.25087719  5.6        -1.92095006  0.04035088  5.33333333
  0.25263158  5.7        -1.16060233  0.04385965  5.23333333  0.25614035
  5.86666667 -0.88909465]",4470.931147575378
0.023075999999999992,[-0.7992076],"[ 0.03684211  5.43333333  0.25087719  5.6        -1.92095006  0.04035088
  5.33333333  0.25263158  5.7        -1.16060233  0.04385965  5.23333333
  0.25614035  5.86666667 -0.88909465  0.05087719  5.43333333  0.26315789
  5.73333333 -1.79920769]",4471.011464834213
0.030735999999999996,[0.31580994],"[ 0.04035088  5.33333333  0.25263158  5.7        -1.16060233  0.04385965
  5.23333333  0.25614035  5.86666667 -0.88909465  0.05087719  5.43333333
  0.26315789  5.73333333 -1.79920769  0.05614035  5.5         0.26842105
  5.63333333 -0.68419003]",4471.095856189728
0.03842000000000001,[0.00313487],"[ 0.04385965  5.23333333  0.25614035  5.86666667 -0.88909465  0.05087719
  5.43333333  0.26315789  5.73333333 -1.79920769  0.05614035  5.5
  0.26842105  5.63333333 -0.68419003  0.06140351  5.36666667  0.2754386
  5.76666667 -0.99686515]",4471.171207904816
0.051176,[0.11279555],"[ 0.05087719  5.43333333  0.26315789  5.73333333 -1.79920769  0.05614035
  5.5         0.26842105  5.63333333 -0.68419003  0.06140351  5.36666667
  0.2754386   5.76666667 -0.99686515  0.07017544  5.56666667  0.28421053
  5.66666667 -0.88720447]",4471.251315116882
0.06139599999999999,[0.04819626],"[ 0.05614035  5.5         0.26842105  5.63333333 -0.68419003  0.06140351
  5.36666667  0.2754386   5.76666667 -0.99686515  0.07017544  5.56666667
  0.28421053  5.66666667 -0.88720447  0.07719298  5.6         0.29298246
  5.56666667 -0.95180374]",4471.335826873779
0.07418000000000001,[0.87650776],"[ 0.06140351  5.36666667  0.2754386   5.76666667 -0.99686515  0.07017544
  5.56666667  0.28421053  5.66666667 -0.88720447  0.07719298  5.6
  0.29298246  5.56666667 -0.95180374  0.08596491  5.56666667  0.3
  5.5        -0.12349224]",4471.412713050842
0.08183599999999999,[-0.84682673],"[ 0.07017544  5.56666667  0.28421053  5.66666667 -0.88720447  0.07719298
  5.6         0.29298246  5.56666667 -0.95180374  0.08596491  5.56666667
  0.3         5.5        -0.12349224  0.09122807  5.66666667  0.30701754
  5.36666667 -1.84682679]",4471.491311788559
0.092036,[0.13370839],"[ 0.07719298  5.6         0.29298246  5.56666667 -0.95180374  0.08596491
  5.56666667  0.3         5.5        -0.12349224  0.09122807  5.66666667
  0.30701754  5.36666667 -1.84682679  0.09824561  5.86666667  0.31052632
  5.16666667 -0.86629164]",4471.575887918472
0.09715599999999999,[-0.85227567],"[ 0.08596491  5.56666667  0.3         5.5        -0.12349224  0.09122807
  5.66666667  0.30701754  5.36666667 -1.84682679  0.09824561  5.86666667
  0.31052632  5.16666667 -0.86629164  0.10175439  5.8         0.31403509
  5.16666667 -1.85227561]",4471.653575897217
0.107352,[-0.80370355],"[ 0.09122807  5.66666667  0.30701754  5.36666667 -1.84682679  0.09824561
  5.86666667  0.31052632  5.16666667 -0.86629164  0.10175439  5.8
  0.31403509  5.16666667 -1.85227561  0.10526316  5.73333333  0.31578947
  5.23333333 -1.80370355]",4471.731398820877
0.10484,[-0.82330394],"[ 0.09824561  5.86666667  0.31052632  5.16666667 -0.86629164  0.10175439
  5.8         0.31403509  5.16666667 -1.85227561  0.10526316  5.73333333
  0.31578947  5.23333333 -1.80370355  0.10526316  5.53333333  0.32105263
  5.46666667 -1.82330394]",4471.81583738327
0.11506000000000001,[0.29277351],"[ 0.10175439  5.8         0.31403509  5.16666667 -1.85227561  0.10526316
  5.73333333  0.31578947  5.23333333 -1.80370355  0.10526316  5.53333333
  0.32105263  5.46666667 -1.82330394  0.10877193  5.36666667  0.32807018
  5.63333333 -0.70722651]",4471.895883798599
0.117608,[0.29117957],"[ 0.10526316  5.73333333  0.31578947  5.23333333 -1.80370355  0.10526316
  5.53333333  0.32105263  5.46666667 -1.82330394  0.10877193  5.36666667
  0.32807018  5.63333333 -0.70722651  0.1122807   5.4         0.33508772
  5.7        -0.70882046]",4471.971209764481
0.12777600000000003,[-0.93073434],"[ 0.10526316  5.53333333  0.32105263  5.46666667 -1.82330394  0.10877193
  5.36666667  0.32807018  5.63333333 -0.70722651  0.1122807   5.4
  0.33508772  5.7        -0.70882046  0.11929825  5.86666667  0.34385965
  5.5        -1.9307344 ]",4472.051865816116
0.16614,[0.48595393],"[ 0.10877193  5.36666667  0.32807018  5.63333333 -0.70722651  0.1122807
  5.4         0.33508772  5.7        -0.70882046  0.11929825  5.86666667
  0.34385965  5.5        -1.9307344   0.14561404  5.56666667  0.34912281
  5.43333333 -0.51404607]",4472.131051063538
0.16613200000000003,[0.66350496],"[ 0.1122807   5.4         0.33508772  5.7        -0.70882046  0.11929825
  5.86666667  0.34385965  5.5        -1.9307344   0.14561404  5.56666667
  0.34912281  5.43333333 -0.51404607  0.14736842  5.36666667  0.35614035
  5.56666667 -0.33649504]",4472.211066007614
0.17123599999999997,[-0.6975281],"[ 0.11929825  5.86666667  0.34385965  5.5        -1.9307344   0.14561404
  5.56666667  0.34912281  5.43333333 -0.51404607  0.14736842  5.36666667
  0.35614035  5.56666667 -0.33649504  0.15263158  5.53333333  0.36315789
  5.33333333 -1.69752812]",4472.295827627182
0.176336,[-0.63180923],"[ 0.14561404  5.56666667  0.34912281  5.43333333 -0.51404607  0.14736842
  5.36666667  0.35614035  5.56666667 -0.33649504  0.15263158  5.53333333
  0.36315789  5.33333333 -1.69752812  0.15789474  5.66666667  0.36842105
  5.13333333 -1.63180923]",4472.371463775635
0.178904,[0.12173498],"[ 0.14736842  5.36666667  0.35614035  5.56666667 -0.33649504  0.15263158
  5.53333333  0.36315789  5.33333333 -1.69752812  0.15789474  5.66666667
  0.36842105  5.13333333 -1.63180923  0.16315789  5.46666667  0.3754386
  5.3        -0.87826502]",4472.455898284912
0.186568,[-0.8615993],"[ 0.15263158  5.53333333  0.36315789  5.33333333 -1.69752812  0.15789474
  5.66666667  0.36842105  5.13333333 -1.63180923  0.16315789  5.46666667
  0.3754386   5.3        -0.87826502  0.17192982  5.4         0.38421053
  5.43333333 -1.86159933]",4472.537708520889
0.19168800000000003,[-0.29200616],"[ 0.15789474  5.66666667  0.36842105  5.13333333 -1.63180923  0.16315789
  5.46666667  0.3754386   5.3        -0.87826502  0.17192982  5.4
  0.38421053  5.43333333 -1.86159933  0.18245614  5.53333333  0.39649123
  5.33333333 -1.29200613]",4472.6172311306
0.20194,[0.08086611],"[ 0.16315789  5.46666667  0.3754386   5.3        -0.87826502  0.17192982
  5.4         0.38421053  5.43333333 -1.86159933  0.18245614  5.53333333
  0.39649123  5.33333333 -1.29200613  0.19473684  5.36666667  0.41052632
  5.43333333 -0.9191339 ]",4472.697982311249
0.21214,[0.1693512],"[ 0.17192982  5.4         0.38421053  5.43333333 -1.86159933  0.18245614
  5.53333333  0.39649123  5.33333333 -1.29200613  0.19473684  5.36666667
  0.41052632  5.43333333 -0.9191339   0.20701754  5.43333333  0.42280702
  5.43333333 -0.83064878]",4472.777599334717
0.21726,[-0.69127405],"[ 0.18245614  5.53333333  0.39649123  5.33333333 -1.29200613  0.19473684
  5.36666667  0.41052632  5.43333333 -0.9191339   0.20701754  5.43333333
  0.42280702  5.43333333 -0.83064878  0.21929825  5.56666667  0.43508772
  5.3        -1.69127405]",4472.851784944534
0.21982400000000002,[0.76492536],"[ 0.19473684  5.36666667  0.41052632  5.43333333 -0.9191339   0.20701754
  5.43333333  0.42280702  5.43333333 -0.83064878  0.21929825  5.56666667
  0.43508772  5.3        -1.69127405  0.22807018  5.53333333  0.44210526
  5.3        -0.23507464]",4472.935897111893
0.214724,[-0.19638154],"[ 0.20701754  5.43333333  0.42280702  5.43333333 -0.83064878  0.21929825
  5.56666667  0.43508772  5.3        -1.69127405  0.22807018  5.53333333
  0.44210526  5.3        -0.23507464  0.23333333  5.4         0.44912281
  5.36666667 -1.19638157]",4473.017628669739
0.217272,[-0.82587737],"[ 0.21929825  5.56666667  0.43508772  5.3        -1.69127405  0.22807018
  5.53333333  0.44210526  5.3        -0.23507464  0.23333333  5.4
  0.44912281  5.36666667 -1.19638157  0.24035088  5.56666667  0.45438596
  5.16666667 -1.82587743]",4473.091197967529
0.21730799999999997,[-0.62697995],"[ 0.22807018  5.53333333  0.44210526  5.3        -0.23507464  0.23333333
  5.4         0.44912281  5.36666667 -1.19638157  0.24035088  5.56666667
  0.45438596  5.16666667 -1.82587743  0.24736842  5.46666667  0.46140351
  5.16666667 -1.62697995]",4473.17587184906
0.225,[-0.82901573],"[ 0.23333333  5.4         0.44912281  5.36666667 -1.19638157  0.24035088
  5.56666667  0.45438596  5.16666667 -1.82587743  0.24736842  5.46666667
  0.46140351  5.16666667 -1.62697995  0.25614035  5.2         0.47017544
  5.43333333 -1.82901573]",4473.252213001251
0.23522000000000007,[-0.68048394],"[ 0.24035088  5.56666667  0.45438596  5.16666667 -1.82587743  0.24736842
  5.46666667  0.46140351  5.16666667 -1.62697995  0.25614035  5.2
  0.47017544  5.43333333 -1.82901573  0.26666667  5.16666667  0.48070175
  5.56666667 -1.68048394]",4473.3313274383545
0.25054,[0.90479296],"[ 0.24736842  5.46666667  0.46140351  5.16666667 -1.62697995  0.25614035
  5.2         0.47017544  5.43333333 -1.82901573  0.26666667  5.16666667
  0.48070175  5.56666667 -1.68048394  0.27719298  5.1         0.49122807
  5.7        -0.09520704]",4473.415844917297
0.260736,[0.21400195],"[ 0.25614035  5.2         0.47017544  5.43333333 -1.82901573  0.26666667
  5.16666667  0.48070175  5.56666667 -1.68048394  0.27719298  5.1
  0.49122807  5.7        -0.09520704  0.2877193   5.16666667  0.50175439
  5.63333333 -0.78599805]",4473.497546195984
0.27093199999999995,[0.5859492],"[ 0.26666667  5.16666667  0.48070175  5.56666667 -1.68048394  0.27719298
  5.1         0.49122807  5.7        -0.09520704  0.2877193   5.16666667
  0.50175439  5.63333333 -0.78599805  0.29824561  5.43333333  0.51403509
  5.46666667 -0.41405082]",4473.571393966675
0.26842399999999994,[0.08741893],"[ 0.27719298  5.1         0.49122807  5.7        -0.09520704  0.2877193
  5.16666667  0.50175439  5.63333333 -0.78599805  0.29824561  5.43333333
  0.51403509  5.46666667 -0.41405082  0.30350877  5.5         0.52105263
  5.36666667 -0.91258109]",4473.657848596573
0.24026799999999993,[-0.5492594],"[ 0.2877193   5.16666667  0.50175439  5.63333333 -0.78599805  0.29824561
  5.43333333  0.51403509  5.46666667 -0.41405082  0.30350877  5.5
  0.52105263  5.36666667 -0.91258109  0.31052632  5.53333333  0.5245614
  5.3        -1.54925942]",4473.736845970154
0.245364,[-0.9419702],"[ 0.29824561  5.43333333  0.51403509  5.46666667 -0.41405082  0.30350877
  5.5         0.52105263  5.36666667 -0.91258109  0.31052632  5.53333333
  0.5245614   5.3        -1.54925942  0.31578947  5.46666667  0.53157895
  5.4        -1.94197023]",4473.812146186829
0.247964,[0.3852264],"[ 0.30350877  5.5         0.52105263  5.36666667 -0.91258109  0.31052632
  5.53333333  0.5245614   5.3        -1.54925942  0.31578947  5.46666667
  0.53157895  5.4        -1.94197023  0.32280702  5.26666667  0.53508772
  5.6        -0.61477363]",4473.891298055649
0.25054,[-0.56301785],"[ 0.31052632  5.53333333  0.5245614   5.3        -1.54925942  0.31578947
  5.46666667  0.53157895  5.4        -1.94197023  0.32280702  5.26666667
  0.53508772  5.6        -0.61477363  0.32982456  5.23333333  0.54210526
  5.73333333 -1.56301785]",4473.975820541382
0.25305999999999995,[-0.8777425],"[ 0.31578947  5.46666667  0.53157895  5.4        -1.94197023  0.32280702
  5.26666667  0.53508772  5.6        -0.61477363  0.32982456  5.23333333
  0.54210526  5.73333333 -1.56301785  0.33684211  5.33333333  0.55087719
  5.7        -1.87774253]",4474.057684183121
0.25306400000000007,[-0.6045303],"[ 0.32280702  5.26666667  0.53508772  5.6        -0.61477363  0.32982456
  5.23333333  0.54210526  5.73333333 -1.56301785  0.33684211  5.33333333
  0.55087719  5.7        -1.87774253  0.34561404  5.23333333  0.55789474
  5.86666667 -1.60453033]",4474.138181686401
0.2530880000000001,[-0.6662621],"[ 0.32982456  5.23333333  0.54210526  5.73333333 -1.56301785  0.33684211
  5.33333333  0.55087719  5.7        -1.87774253  0.34561404  5.23333333
  0.55789474  5.86666667 -1.60453033  0.35614035  5.16666667  0.56666667
  6.         -1.66626215]",4474.217876672745
0.247956,[-0.09677856],"[ 0.33684211  5.33333333  0.55087719  5.7        -1.87774253  0.34561404
  5.23333333  0.55789474  5.86666667 -1.60453033  0.35614035  5.16666667
  0.56666667  6.         -1.66626215  0.36491228  5.16666667  0.5754386
  6.         -1.09677851]",4474.29766702652
0.24028799999999992,[0.87768155],"[ 0.34561404  5.23333333  0.55789474  5.86666667 -1.60453033  0.35614035
  5.16666667  0.56666667  6.         -1.66626215  0.36491228  5.16666667
  0.5754386   6.         -1.09677851  0.37192982  5.23333333  0.58245614
  6.03333333 -0.12231845]",4474.3781106472015
0.22750000000000004,[-0.2912301],"[ 0.35614035  5.16666667  0.56666667  6.         -1.66626215  0.36491228
  5.16666667  0.5754386   6.         -1.09677851  0.37192982  5.23333333
  0.58245614  6.03333333 -0.12231845  0.3754386   5.43333333  0.58947368
  5.9        -1.29123008]",4474.457889556885
0.22236400000000006,[-0.26016438],"[ 0.36491228  5.16666667  0.5754386   6.         -1.09677851  0.37192982
  5.23333333  0.58245614  6.03333333 -0.12231845  0.3754386   5.43333333
  0.58947368  5.9        -1.29123008  0.38070175  5.6         0.59473684
  5.73333333 -1.26016438]",4474.5379757881165
0.2197960000000001,[-0.02546827],"[ 0.37192982  5.23333333  0.58245614  6.03333333 -0.12231845  0.3754386
  5.43333333  0.58947368  5.9        -1.29123008  0.38070175  5.6
  0.59473684  5.73333333 -1.26016438  0.38421053  5.56666667  0.59824561
  5.8        -1.02546823]",4474.6177752017975
0.21726800000000007,[0.9117798],"[ 0.3754386   5.43333333  0.58947368  5.9        -1.29123008  0.38070175
  5.6         0.59473684  5.73333333 -1.26016438  0.38421053  5.56666667
  0.59824561  5.8        -1.02546823  0.38947368  5.5         0.60175439
  5.86666667 -0.08822018]",4474.701713562012
0.21724000000000004,[-0.353924],"[ 0.38070175  5.6         0.59473684  5.73333333 -1.26016438  0.38421053
  5.56666667  0.59824561  5.8        -1.02546823  0.38947368  5.5
  0.60175439  5.86666667 -0.08822018  0.39649123  5.63333333  0.61052632
  5.76666667 -1.35392404]",4474.781970024109
0.21718400000000004,[0.7307396],"[ 0.38421053  5.56666667  0.59824561  5.8        -1.02546823  0.38947368
  5.5         0.60175439  5.86666667 -0.08822018  0.39649123  5.63333333
  0.61052632  5.76666667 -1.35392404  0.40526316  5.83333333  0.61929825
  5.63333333 -0.26926041]",4474.861883401871
0.214624,[-0.53064406],"[ 0.38947368  5.5         0.60175439  5.86666667 -0.08822018  0.39649123
  5.63333333  0.61052632  5.76666667 -1.35392404  0.40526316  5.83333333
  0.61929825  5.63333333 -0.26926041  0.41403509  5.83333333  0.62982456
  5.63333333 -1.53064406]",4474.9417116642
0.21460399999999996,[0.11029207],"[ 0.39649123  5.63333333  0.61052632  5.76666667 -1.35392404  0.40526316
  5.83333333  0.61929825  5.63333333 -0.26926041  0.41403509  5.83333333
  0.62982456  5.63333333 -1.53064406  0.4245614   5.93333333  0.63684211
  5.56666667 -0.88970792]",4475.036924600601
0.209504,[0.1113572],"[ 0.40526316  5.83333333  0.61929825  5.63333333 -0.26926041  0.41403509
  5.83333333  0.62982456  5.63333333 -1.53064406  0.4245614   5.93333333
  0.63684211  5.56666667 -0.88970792  0.43157895  5.9         0.64385965
  5.6        -0.88864279]",4475.1017282009125
0.20189600000000002,[-0.71864617],"[ 0.41403509  5.83333333  0.62982456  5.63333333 -1.53064406  0.4245614
  5.93333333  0.63684211  5.56666667 -0.88970792  0.43157895  5.9
  0.64385965  5.6        -0.88864279  0.43684211  5.66666667  0.65087719
  5.7        -1.71864617]",4475.181841135025
0.20700000000000002,[-0.91871536],"[ 0.4245614   5.93333333  0.63684211  5.56666667 -0.88970792  0.43157895
  5.9         0.64385965  5.6        -0.88864279  0.43684211  5.66666667
  0.65087719  5.7        -1.71864617  0.44561404  5.8         0.65789474
  5.63333333 -1.91871536]",4475.2618815898895
0.20445200000000002,[0.26486546],"[ 0.43157895  5.9         0.64385965  5.6        -0.88864279  0.43684211
  5.66666667  0.65087719  5.7        -1.71864617  0.44561404  5.8
  0.65789474  5.63333333 -1.91871536  0.45087719  5.76666667  0.66491228
  5.7        -0.73513454]",4475.341406345367
0.20702000000000007,[-0.76949435],"[ 0.43684211  5.66666667  0.65087719  5.7        -1.71864617  0.44561404
  5.8         0.65789474  5.63333333 -1.91871536  0.45087719  5.76666667
  0.66491228  5.7        -0.73513454  0.45789474  5.6         0.67192982
  5.96666667 -1.7694943 ]",4475.421771526337
0.21210400000000007,[-0.36518416],"[ 0.44561404  5.8         0.65789474  5.63333333 -1.91871536  0.45087719
  5.76666667  0.66491228  5.7        -0.73513454  0.45789474  5.6
  0.67192982  5.96666667 -1.7694943   0.46842105  5.63333333  0.68070175
  5.96666667 -1.36518419]",4475.501754760742
0.21721599999999994,[-0.23927931],"[ 0.45087719  5.76666667  0.66491228  5.7        -0.73513454  0.45789474
  5.6         0.67192982  5.96666667 -1.7694943   0.46842105  5.63333333
  0.68070175  5.96666667 -1.36518419  0.47894737  5.6         0.69122807
  6.         -1.23927927]",4475.581724643707
0.21978799999999996,[-0.56103545],"[ 0.45789474  5.6         0.67192982  5.96666667 -1.7694943   0.46842105
  5.63333333  0.68070175  5.96666667 -1.36518419  0.47894737  5.6
  0.69122807  6.         -1.23927927  0.4877193   5.56666667  0.70175439
  6.         -1.56103539]",4475.661544799805
0.22488799999999998,[-0.03172477],"[ 0.46842105  5.63333333  0.68070175  5.96666667 -1.36518419  0.47894737
  5.6         0.69122807  6.         -1.23927927  0.4877193   5.56666667
  0.70175439  6.         -1.56103539  0.5         5.56666667  0.71052632
  6.06666667 -1.03172481]",4475.737999677658
0.219764,[-0.6483012],"[ 0.47894737  5.6         0.69122807  6.         -1.23927927  0.4877193
  5.56666667  0.70175439  6.         -1.56103539  0.5         5.56666667
  0.71052632  6.06666667 -1.03172481  0.50701754  5.6         0.71754386
  6.16666667 -1.64830112]",4475.815062761307
0.21720000000000006,[-0.4521838],"[ 0.4877193   5.56666667  0.70175439  6.         -1.56103539  0.5
  5.56666667  0.71052632  6.06666667 -1.03172481  0.50701754  5.6
  0.71754386  6.16666667 -1.64830112  0.51403509  5.66666667  0.7245614
  6.16666667 -1.45218384]",4475.895509719849
0.2121080000000001,[-0.61481684],"[ 0.5         5.56666667  0.71052632  6.06666667 -1.03172481  0.50701754
  5.6         0.71754386  6.16666667 -1.64830112  0.51403509  5.66666667
  0.7245614   6.16666667 -1.45218384  0.51754386  5.56666667  0.72807018
  6.3        -1.6148169 ]",4475.979885339737
0.214684,[-0.83973616],"[ 0.50701754  5.6         0.71754386  6.16666667 -1.64830112  0.51403509
  5.66666667  0.7245614   6.16666667 -1.45218384  0.51754386  5.56666667
  0.72807018  6.3        -1.6148169   0.52280702  5.6         0.73157895
  6.4        -1.83973622]",4476.06174659729
0.21726400000000004,[0.15504318],"[ 0.51403509  5.66666667  0.7245614   6.16666667 -1.45218384  0.51754386
  5.56666667  0.72807018  6.3        -1.6148169   0.52280702  5.6
  0.73157895  6.4        -1.83973622  0.52982456  5.56666667  0.73508772
  6.53333333 -0.84495682]",4476.1418170928955
0.219816,[-0.40286735],"[ 0.51754386  5.56666667  0.72807018  6.3        -1.6148169   0.52280702
  5.6         0.73157895  6.4        -1.83973622  0.52982456  5.56666667
  0.73508772  6.53333333 -0.84495682  0.53508772  5.56666667  0.74035088
  6.63333333 -1.40286732]",4476.221951723099
0.21978399999999998,[0.70529544],"[ 0.52280702  5.6         0.73157895  6.4        -1.83973622  0.52982456
  5.56666667  0.73508772  6.53333333 -0.84495682  0.53508772  5.56666667
  0.74035088  6.63333333 -1.40286732  0.54035088  5.76666667  0.74736842
  6.56666667 -0.29470456]",4476.3018844127655
0.21723599999999998,[0.36216092],"[ 0.52982456  5.56666667  0.73508772  6.53333333 -0.84495682  0.53508772
  5.56666667  0.74035088  6.63333333 -1.40286732  0.54035088  5.76666667
  0.74736842  6.56666667 -0.29470456  0.54561404  5.83333333  0.75438596
  6.6        -0.63783908]",4476.381789445877
0.214684,[-0.39477274],"[ 0.53508772  5.56666667  0.74035088  6.63333333 -1.40286732  0.54035088
  5.76666667  0.74736842  6.56666667 -0.29470456  0.54561404  5.83333333
  0.75438596  6.6        -0.63783908  0.55263158  6.          0.76315789
  6.46666667 -1.39477277]",4476.4618101119995
0.20956399999999994,[-0.29009253],"[ 0.54035088  5.76666667  0.74736842  6.56666667 -0.29470456  0.54561404
  5.83333333  0.75438596  6.6        -0.63783908  0.55263158  6.
  0.76315789  6.46666667 -1.39477277  0.55789474  6.06666667  0.76842105
  6.4        -1.29009247]",4476.541788816452
0.2019280000000001,[-0.5315338],"[ 0.54561404  5.83333333  0.75438596  6.6        -0.63783908  0.55263158
  6.          0.76315789  6.46666667 -1.39477277  0.55789474  6.06666667
  0.76842105  6.4        -1.29009247  0.56315789  5.9         0.77368421
  6.6        -1.53153372]",4476.621841430664
0.201924,[-0.34936678],"[ 0.55263158  6.          0.76315789  6.46666667 -1.39477277  0.55789474
  6.06666667  0.76842105  6.4        -1.29009247  0.56315789  5.9
  0.77368421  6.6        -1.53153372  0.57017544  5.9         0.77894737
  6.7        -1.34936678]",4476.701635837555
0.20189199999999996,[-0.4981497],"[ 0.55789474  6.06666667  0.76842105  6.4        -1.29009247  0.56315789
  5.9         0.77368421  6.6        -1.53153372  0.57017544  5.9
  0.77894737  6.7        -1.34936678  0.5754386   5.93333333  0.78421053
  6.83333333 -1.49814963]",4476.781795740128
0.20190399999999994,[0.63908297],"[ 0.56315789  5.9         0.77368421  6.6        -1.53153372  0.57017544
  5.9         0.77894737  6.7        -1.34936678  0.5754386   5.93333333
  0.78421053  6.83333333 -1.49814963  0.58421053  5.96666667  0.78947368
  6.93333333 -0.36091703]",4476.861208200455
0.201896,[-0.57084084],"[ 0.57017544  5.9         0.77894737  6.7        -1.34936678  0.5754386
  5.93333333  0.78421053  6.83333333 -1.49814963  0.58421053  5.96666667
  0.78947368  6.93333333 -0.36091703  0.58947368  6.          0.79649123
  7.         -1.57084084]",4476.941853284836
0.1992919999999999,[-0.4476856],"[ 0.5754386   5.93333333  0.78421053  6.83333333 -1.49814963  0.58421053
  5.96666667  0.78947368  6.93333333 -0.36091703  0.58947368  6.
  0.79649123  7.         -1.57084084  0.59473684  6.23333333  0.80350877
  6.83333333 -1.4476856 ]",4477.021865606308
0.18908399999999992,[-0.44419876],"[ 0.58421053  5.96666667  0.78947368  6.93333333 -0.36091703  0.58947368
  6.          0.79649123  7.         -1.57084084  0.59473684  6.23333333
  0.80350877  6.83333333 -1.4476856   0.59824561  6.13333333  0.80526316
  6.96666667 -1.44419873]",4477.101475477219
0.17886000000000002,[0.47645238],"[ 0.58947368  6.          0.79649123  7.         -1.57084084  0.59473684
  6.23333333  0.80350877  6.83333333 -1.4476856   0.59824561  6.13333333
  0.80526316  6.96666667 -1.44419873  0.60175439  6.1         0.80701754
  7.13333333 -0.52354765]",4477.181869506836
0.173732,[0.04418284],"[ 0.59473684  6.23333333  0.80350877  6.83333333 -1.4476856   0.59824561
  6.13333333  0.80526316  6.96666667 -1.44419873  0.60175439  6.1
  0.80701754  7.13333333 -0.52354765  0.60701754  6.2         0.81403509
  7.16666667 -0.95581716]",4477.261843204498
0.16859999999999997,[-0.15532573],"[ 0.59824561  6.13333333  0.80526316  6.96666667 -1.44419873  0.60175439
  6.1         0.80701754  7.13333333 -0.52354765  0.60701754  6.2
  0.81403509  7.16666667 -0.95581716  0.61578947  6.36666667  0.82280702
  7.1        -1.15532577]",4477.342000246048
0.16604399999999997,[-0.46068364],"[ 0.60175439  6.1         0.80701754  7.13333333 -0.52354765  0.60701754
  6.2         0.81403509  7.16666667 -0.95581716  0.61578947  6.36666667
  0.82280702  7.1        -1.15532577  0.62105263  6.4         0.82982456
  7.16666667 -1.46068358]",4477.421796798706
0.16862,[-0.40756074],"[ 0.60701754  6.2         0.81403509  7.16666667 -0.95581716  0.61578947
  6.36666667  0.82280702  7.1        -1.15532577  0.62105263  6.4
  0.82982456  7.16666667 -1.46068358  0.62982456  6.3         0.83508772
  7.3        -1.40756071]",4477.505578517914
0.173724,[0.5092571],"[ 0.61578947  6.36666667  0.82280702  7.1        -1.15532577  0.62105263
  6.4         0.82982456  7.16666667 -1.46068358  0.62982456  6.3
  0.83508772  7.3        -1.40756071  0.63684211  6.26666667  0.83859649
  7.4        -0.49074292]",4477.575113534927
0.17115999999999998,[-0.91140693],"[ 0.62105263  6.4         0.82982456  7.16666667 -1.46068358  0.62982456
  6.3         0.83508772  7.3        -1.40756071  0.63684211  6.26666667
  0.83859649  7.4        -0.49074292  0.64035088  6.36666667  0.84385965
  7.43333333 -1.91140699]",4477.655303478241
0.16344799999999993,[-0.33744144],"[ 0.62982456  6.3         0.83508772  7.3        -1.40756071  0.63684211
  6.26666667  0.83859649  7.4        -0.49074292  0.64035088  6.36666667
  0.84385965  7.43333333 -1.91140699  0.64210526  6.7         0.84912281
  7.43333333 -1.33744144]",4477.7398998737335
0.16345599999999993,[-0.8321563],"[ 0.63684211  6.26666667  0.83859649  7.4        -0.49074292  0.64035088
  6.36666667  0.84385965  7.43333333 -1.91140699  0.64210526  6.7
  0.84912281  7.43333333 -1.33744144  0.64736842  6.63333333  0.85263158
  7.56666667 -1.8321563 ]",4477.821662902832
0.16605199999999998,[-0.9270022],"[ 0.64035088  6.36666667  0.84385965  7.43333333 -1.91140699  0.64210526
  6.7         0.84912281  7.43333333 -1.33744144  0.64736842  6.63333333
  0.85263158  7.56666667 -1.8321563   0.65438596  6.5         0.85438596
  7.73333333 -1.92700219]",4477.901874542236
0.163516,[-0.30481195],"[ 0.64210526  6.7         0.84912281  7.43333333 -1.33744144  0.64736842
  6.63333333  0.85263158  7.56666667 -1.8321563   0.65438596  6.5
  0.85438596  7.73333333 -1.92700219  0.65789474  6.4         0.85438596
  7.9        -1.30481195]",4477.981893539429
0.15586,[0.74712396],"[ 0.64736842  6.63333333  0.85263158  7.56666667 -1.8321563   0.65438596
  6.5         0.85438596  7.73333333 -1.92700219  0.65789474  6.4
  0.85438596  7.9        -1.30481195  0.65964912  6.46666667  0.85789474
  7.93333333 -0.25287604]",4478.061784982681
0.15073199999999998,[-0.01572637],"[ 0.65438596  6.5         0.85438596  7.73333333 -1.92700219  0.65789474
  6.4         0.85438596  7.9        -1.30481195  0.65964912  6.46666667
  0.85789474  7.93333333 -0.25287604  0.66140351  6.66666667  0.86491228
  7.83333333 -1.01572633]",4478.1416890621185
0.15068399999999993,[-0.38397908],"[ 0.65789474  6.4         0.85438596  7.9        -1.30481195  0.65964912
  6.46666667  0.85789474  7.93333333 -0.25287604  0.66140351  6.66666667
  0.86491228  7.83333333 -1.01572633  0.66666667  6.9         0.87368421
  7.66666667 -1.38397908]",4478.221797466278
0.15070000000000006,[-0.4874422],"[ 0.65964912  6.46666667  0.85789474  7.93333333 -0.25287604  0.66140351
  6.66666667  0.86491228  7.83333333 -1.01572633  0.66666667  6.9
  0.87368421  7.66666667 -1.38397908  0.67368421  6.76666667  0.88070175
  7.66666667 -1.48744226]",4478.301786661148
0.15072000000000008,[-0.9848572],"[ 0.66140351  6.66666667  0.86491228  7.83333333 -1.01572633  0.66666667
  6.9         0.87368421  7.66666667 -1.38397908  0.67368421  6.76666667
  0.88070175  7.66666667 -1.48744226  0.67894737  6.63333333  0.88245614
  7.76666667 -1.9848572 ]",4478.387871265411
0.14305200000000007,[-0.98130196],"[ 0.66666667  6.9         0.87368421  7.66666667 -1.38397908  0.67368421
  6.76666667  0.88070175  7.66666667 -1.48744226  0.67894737  6.63333333
  0.88245614  7.76666667 -1.9848572   0.68245614  6.66666667  0.88421053
  7.86666667 -1.98130202]",4478.461788654327
0.13795200000000007,[0.49115482],"[ 0.67368421  6.76666667  0.88070175  7.66666667 -1.48744226  0.67894737
  6.63333333  0.88245614  7.76666667 -1.9848572   0.68245614  6.66666667
  0.88421053  7.86666667 -1.98130202  0.68421053  6.6         0.88421053
  7.9        -0.50884521]",4478.542010784149
0.1379880000000001,[-0.07407293],"[ 0.67894737  6.63333333  0.88245614  7.76666667 -1.9848572   0.68245614
  6.66666667  0.88421053  7.86666667 -1.98130202  0.68421053  6.6
  0.88421053  7.9        -0.50884521  0.68947368  6.53333333  0.8877193
  7.86666667 -1.07407296]",4478.650363683701
0.13540799999999997,[-0.6770539],"[ 0.68245614  6.66666667  0.88421053  7.86666667 -1.98130202  0.68421053
  6.6         0.88421053  7.9        -0.50884521  0.68947368  6.53333333
  0.8877193   7.86666667 -1.07407296  0.69122807  6.63333333  0.89649123
  7.66666667 -1.67705393]",4478.70184803009
0.13538799999999995,[-0.27910358],"[ 0.68421053  6.6         0.88421053  7.9        -0.50884521  0.68947368
  6.53333333  0.8877193   7.86666667 -1.07407296  0.69122807  6.63333333
  0.89649123  7.66666667 -1.67705393  0.69473684  6.76666667  0.90350877
  7.43333333 -1.27910352]",4478.797566652298
0.13541599999999998,[-0.37583727],"[ 0.68947368  6.53333333  0.8877193   7.86666667 -1.07407296  0.69122807
  6.63333333  0.89649123  7.66666667 -1.67705393  0.69473684  6.76666667
  0.90350877  7.43333333 -1.27910352  0.7         6.63333333  0.90526316
  7.5        -1.37583733]",4478.861896753311
0.1252160000000001,[0.3998168],"[ 0.69122807  6.63333333  0.89649123  7.66666667 -1.67705393  0.69473684
  6.76666667  0.90350877  7.43333333 -1.27910352  0.7         6.63333333
  0.90526316  7.5        -1.37583733  0.70175439  6.6         0.90877193
  7.46666667 -0.60018319]",4478.9419112205505
0.12265199999999998,[-0.9570792],"[ 0.69473684  6.76666667  0.90350877  7.43333333 -1.27910352  0.7
  6.63333333  0.90526316  7.5        -1.37583733  0.70175439  6.6
  0.90877193  7.46666667 -0.60018319  0.70526316  6.7         0.91403509
  7.3        -1.95707917]",4479.021760940552
0.11495599999999995,[-0.97799516],"[ 0.7         6.63333333  0.90526316  7.5        -1.37583733  0.70175439
  6.6         0.90877193  7.46666667 -0.60018319  0.70526316  6.7
  0.91403509  7.3        -1.95707917  0.70877193  6.83333333  0.91929825
  7.1        -1.97799516]",4479.101858615875
0.11242400000000008,[-0.9402928],"[ 0.70175439  6.6         0.90877193  7.46666667 -0.60018319  0.70526316
  6.7         0.91403509  7.3        -1.95707917  0.70877193  6.83333333
  0.91929825  7.1        -1.97799516  0.71403509  6.6         0.92280702
  7.2        -1.94029284]",4479.181809186935
0.11758400000000002,[0.6673934],"[ 0.70526316  6.7         0.91403509  7.3        -1.95707917  0.70877193
  6.83333333  0.91929825  7.1        -1.97799516  0.71403509  6.6
  0.92280702  7.2        -1.94029284  0.72105263  6.3         0.9245614
  7.4        -0.33260661]",4479.262201547623
0.12019199999999997,[-0.9372276],"[ 0.70877193  6.83333333  0.91929825  7.1        -1.97799516  0.71403509
  6.6         0.92280702  7.2        -1.94029284  0.72105263  6.3
  0.9245614   7.4        -0.33260661  0.7245614   6.2         0.92631579
  7.4        -1.93722761]",4479.341783046722
0.11506000000000005,[-0.92509174],"[ 0.71403509  6.6         0.92280702  7.2        -1.94029284  0.72105263
  6.3         0.9245614   7.4        -0.33260661  0.7245614   6.2
  0.92631579  7.4        -1.93722761  0.72631579  6.3         0.93157895
  7.3        -1.92509174]",4479.419080495834
0.11505599999999994,[0.43066463],"[ 0.72105263  6.3         0.9245614   7.4        -0.33260661  0.7245614
  6.2         0.92631579  7.4        -1.93722761  0.72631579  6.3
  0.93157895  7.3        -1.92509174  0.73333333  6.2         0.93508772
  7.46666667 -0.56933534]",4479.499351739883
0.12783600000000006,[0.21967117],"[ 0.7245614   6.2         0.92631579  7.4        -1.93722761  0.72631579
  6.3         0.93157895  7.3        -1.92509174  0.73333333  6.2
  0.93508772  7.46666667 -0.56933534  0.74561404  6.1         0.94035088
  7.63333333 -0.78032881]",4479.575083732605
0.13037199999999993,[-0.67543435],"[ 0.72631579  6.3         0.93157895  7.3        -1.92509174  0.73333333
  6.2         0.93508772  7.46666667 -0.56933534  0.74561404  6.1
  0.94035088  7.63333333 -0.78032881  0.74912281  6.33333333  0.95263158
  7.43333333 -1.67543435]",4479.659851312637
0.13293599999999994,[-0.9109553],"[ 0.73333333  6.2         0.93508772  7.46666667 -0.56933534  0.74561404
  6.1         0.94035088  7.63333333 -0.78032881  0.74912281  6.33333333
  0.95263158  7.43333333 -1.67543435  0.75263158  6.46666667  0.95789474
  7.36666667 -1.91095531]",4479.7414627075195
0.1355400000000001,[-0.6618153],"[ 0.74561404  6.1         0.94035088  7.63333333 -0.78032881  0.74912281
  6.33333333  0.95263158  7.43333333 -1.67543435  0.75263158  6.46666667
  0.95789474  7.36666667 -1.91095531  0.75964912  6.3         0.95789474
  7.7        -1.66181529]",4479.82205748558
0.13808399999999998,[-0.9210469],"[ 0.74912281  6.33333333  0.95263158  7.43333333 -1.67543435  0.75263158
  6.46666667  0.95789474  7.36666667 -1.91095531  0.75964912  6.3
  0.95789474  7.7        -1.66181529  0.76842105  6.26666667  0.96140351
  7.86666667 -1.92104697]",4479.901690244675
0.14063199999999998,[-0.0950721],"[ 0.75263158  6.46666667  0.95789474  7.36666667 -1.91095531  0.75964912
  6.3         0.95789474  7.7        -1.66181529  0.76842105  6.26666667
  0.96140351  7.86666667 -1.92104697  0.7754386   6.2         0.96666667
  7.93333333 -1.09507215]",4479.981817960739
0.13807999999999998,[-0.8268165],"[ 0.75964912  6.3         0.95789474  7.7        -1.66181529  0.76842105
  6.26666667  0.96140351  7.86666667 -1.92104697  0.7754386   6.2
  0.96666667  7.93333333 -1.09507215  0.77719298  6.2         0.97017544
  7.93333333 -1.82681656]",4480.06173825264
0.14060800000000007,[-0.9559024],"[ 0.76842105  6.26666667  0.96140351  7.86666667 -1.92104697  0.7754386
  6.2         0.96666667  7.93333333 -1.09507215  0.77719298  6.2
  0.97017544  7.93333333 -1.82681656  0.78070175  6.36666667  0.9754386
  7.93333333 -1.95590234]",4480.142024278641
0.14316799999999996,[0.6803986],"[ 0.7754386   6.2         0.96666667  7.93333333 -1.09507215  0.77719298
  6.2         0.97017544  7.93333333 -1.82681656  0.78070175  6.36666667
  0.9754386   7.93333333 -1.95590234  0.7877193   6.26666667  0.97894737
  7.96666667 -0.31960142]",4480.2218272686005
0.145756,[-0.67774427],"[ 0.77719298  6.2         0.97017544  7.93333333 -1.82681656  0.78070175
  6.36666667  0.9754386   7.93333333 -1.95590234  0.7877193   6.26666667
  0.97894737  7.96666667 -0.31960142  0.79122807  6.1         0.98245614
  7.83333333 -1.67774427]",4480.301710605621
