reward,action,obs,time
,,"[0.         0.         0.         0.         0.         0.
 0.         0.         0.         0.         0.         0.
 0.         0.         0.         0.03333333 6.         0.24385965
 5.23333333 0.        ]",2086.8100769519806
-0.005067999999999996,[-0.11863666],"[ 0.          0.          0.          0.          0.          0.
  0.          0.          0.          0.          0.03333333  6.
  0.24385965  5.23333333  0.          0.02982456  5.63333333  0.24385965
  5.43333333 -1.11863661]",2086.9016060829163
-0.0025319999999999995,[-0.24425313],"[ 0.          0.          0.          0.          0.          0.03333333
  6.          0.24385965  5.23333333  0.          0.02982456  5.63333333
  0.24385965  5.43333333 -1.11863661  0.03157895  5.8         0.24561404
  5.33333333 -1.24425316]",2086.955040693283
-0.0025120000000000003,[0.47411],"[ 0.03333333  6.          0.24385965  5.23333333  0.          0.02982456
  5.63333333  0.24385965  5.43333333 -1.11863661  0.03157895  5.8
  0.24561404  5.33333333 -1.24425316  0.03157895  5.63333333  0.24385965
  5.43333333 -0.52588999]",2087.0080137252808
-0.0025120000000000003,[-0.36218807],"[ 0.02982456  5.63333333  0.24385965  5.43333333 -1.11863661  0.03157895
  5.8         0.24561404  5.33333333 -1.24425316  0.03157895  5.63333333
  0.24385965  5.43333333 -0.52588999  0.03157895  5.63333333  0.24561404
  5.43333333 -1.3621881 ]",2087.058347940445
-0.0025079999999999963,[0.882643],"[ 0.03157895  5.8         0.24561404  5.33333333 -1.24425316  0.03157895
  5.63333333  0.24385965  5.43333333 -0.52588999  0.03157895  5.63333333
  0.24561404  5.43333333 -1.3621881   0.03157895  5.6         0.24385965
  5.43333333 -0.11735702]",2087.108889102936
-0.0025039999999999993,[-0.55406344],"[ 0.03157895  5.63333333  0.24385965  5.43333333 -0.52588999  0.03157895
  5.63333333  0.24561404  5.43333333 -1.3621881   0.03157895  5.6
  0.24385965  5.43333333 -0.11735702  0.03157895  5.56666667  0.24561404
  5.46666667 -1.55406344]",2087.153105020523
3.600000000000131e-05,[-0.77131253],"[ 0.03157895  5.63333333  0.24561404  5.43333333 -1.3621881   0.03157895
  5.6         0.24385965  5.43333333 -0.11735702  0.03157895  5.56666667
  0.24561404  5.46666667 -1.55406344  0.03333333  5.7         0.24561404
  5.33333333 -1.77131248]",2087.2090508937836
4.400000000000237e-05,[0.30867922],"[ 0.03157895  5.6         0.24385965  5.43333333 -0.11735702  0.03157895
  5.56666667  0.24561404  5.46666667 -1.55406344  0.03333333  5.7
  0.24561404  5.33333333 -1.77131248  0.03333333  5.63333333  0.24561404
  5.36666667 -0.69132078]",2087.2530286312103
6.0000000000004494e-05,[0.11967454],"[ 0.03157895  5.56666667  0.24561404  5.46666667 -1.55406344  0.03333333
  5.7         0.24561404  5.33333333 -1.77131248  0.03333333  5.63333333
  0.24561404  5.36666667 -0.69132078  0.03333333  5.5         0.24736842
  5.53333333 -0.88032544]",2087.336876630783
0.002607999999999999,[-0.78901875],"[ 0.03333333  5.7         0.24561404  5.33333333 -1.77131248  0.03333333
  5.63333333  0.24561404  5.36666667 -0.69132078  0.03333333  5.5
  0.24736842  5.53333333 -0.88032544  0.03508772  5.56666667  0.24912281
  5.53333333 -1.78901875]",2087.410683631897
0.007708,[-0.05872009],"[ 0.03333333  5.63333333  0.24561404  5.36666667 -0.69132078  0.03333333
  5.5         0.24736842  5.53333333 -0.88032544  0.03508772  5.56666667
  0.24912281  5.53333333 -1.78901875  0.03859649  5.66666667  0.25087719
  5.4        -1.05872011]",2087.495015144348
0.012836,[0.04737281],"[ 0.03333333  5.5         0.24736842  5.53333333 -0.88032544  0.03508772
  5.56666667  0.24912281  5.53333333 -1.78901875  0.03859649  5.66666667
  0.25087719  5.4        -1.05872011  0.04210526  5.53333333  0.25438596
  5.46666667 -0.95262718]",2087.572343349457
0.020491999999999996,[-0.13280882],"[ 0.03508772  5.56666667  0.24912281  5.53333333 -1.78901875  0.03859649
  5.66666667  0.25087719  5.4        -1.05872011  0.04210526  5.53333333
  0.25438596  5.46666667 -0.95262718  0.04736842  5.63333333  0.25964912
  5.4        -1.1328088 ]",2087.6506040096283
0.030719999999999997,[0.05345025],"[ 0.03859649  5.66666667  0.25087719  5.4        -1.05872011  0.04210526
  5.53333333  0.25438596  5.46666667 -0.95262718  0.04736842  5.63333333
  0.25964912  5.4        -1.1328088   0.05438596  5.6         0.26666667
  5.36666667 -0.94654977]",2087.7351257801056
0.038388000000000005,[-0.41103238],"[ 0.04210526  5.53333333  0.25438596  5.46666667 -0.95262718  0.04736842
  5.63333333  0.25964912  5.4        -1.1328088   0.05438596  5.6
  0.26666667  5.36666667 -0.94654977  0.05964912  5.6         0.27368421
  5.3        -1.41103244]",2087.816908597946
0.046060000000000004,[-0.11469331],"[ 0.04736842  5.63333333  0.25964912  5.4        -1.1328088   0.05438596
  5.6         0.26666667  5.36666667 -0.94654977  0.05964912  5.6
  0.27368421  5.3        -1.41103244  0.06491228  5.56666667  0.28070175
  5.33333333 -1.11469328]",2087.8907425403595
0.05118,[0.60625434],"[ 0.05438596  5.6         0.26666667  5.36666667 -0.94654977  0.05964912
  5.6         0.27368421  5.3        -1.41103244  0.06491228  5.56666667
  0.28070175  5.33333333 -1.11469328  0.06842105  5.5         0.28421053
  5.4        -0.39374566]",2087.9770708084106
0.056272,[-0.1690753],"[ 0.05964912  5.6         0.27368421  5.3        -1.41103244  0.06491228
  5.56666667  0.28070175  5.33333333 -1.11469328  0.06842105  5.5
  0.28421053  5.4        -0.39374566  0.07192982  5.66666667  0.28421053
  5.26666667 -1.16907525]",2088.056725502014
0.058811999999999996,[0.3513512],"[ 0.06491228  5.56666667  0.28070175  5.33333333 -1.11469328  0.06842105
  5.5         0.28421053  5.4        -0.39374566  0.07192982  5.66666667
  0.28421053  5.26666667 -1.16907525  0.07368421  5.8         0.28421053
  5.03333333 -0.6486488 ]",2088.1363937854767
0.061376,[0.1617834],"[ 0.06842105  5.5         0.28421053  5.4        -0.39374566  0.07192982
  5.66666667  0.28421053  5.26666667 -1.16907525  0.07368421  5.8
  0.28421053  5.03333333 -0.6486488   0.0754386   5.73333333  0.28421053
  5.03333333 -0.8382166 ]",2088.217050075531
0.07410399999999999,[-0.21264932],"[ 0.07192982  5.66666667  0.28421053  5.26666667 -1.16907525  0.07368421
  5.8         0.28421053  5.03333333 -0.6486488   0.0754386   5.73333333
  0.28421053  5.03333333 -0.8382166   0.08070175  5.8         0.2877193
  4.96666667 -1.21264935]",2088.2915873527527
0.08180000000000001,[0.8803676],"[ 0.07368421  5.8         0.28421053  5.03333333 -0.6486488   0.0754386
  5.73333333  0.28421053  5.03333333 -0.8382166   0.08070175  5.8
  0.2877193   4.96666667 -1.21264935  0.0877193   5.73333333  0.29649123
  4.9        -0.11963242]",2088.3764004707336
0.09456400000000001,[0.8448248],"[ 0.0754386   5.73333333  0.28421053  5.03333333 -0.8382166   0.08070175
  5.8         0.2877193   4.96666667 -1.21264935  0.0877193   5.73333333
  0.29649123  4.9        -0.11963242  0.09649123  5.7         0.30526316
  4.86666667 -0.15517521]",2088.456871509552
0.11242800000000001,[0.20958145],"[ 0.08070175  5.8         0.2877193   4.96666667 -1.21264935  0.0877193
  5.73333333  0.29649123  4.9        -0.11963242  0.09649123  5.7
  0.30526316  4.86666667 -0.15517521  0.10877193  5.93333333  0.31052632
  4.53333333 -0.79041857]",2088.5344512462616
0.12008400000000001,[0.21816199],"[ 0.0877193   5.73333333  0.29649123  4.9        -0.11963242  0.09649123
  5.7         0.30526316  4.86666667 -0.15517521  0.10877193  5.93333333
  0.31052632  4.53333333 -0.79041857  0.11403509  6.          0.3122807
  4.33333333 -0.781838  ]",2088.6103506088257
0.117536,[0.67856324],"[ 0.09649123  5.7         0.30526316  4.86666667 -0.15517521  0.10877193
  5.93333333  0.31052632  4.53333333 -0.79041857  0.11403509  6.
  0.3122807   4.33333333 -0.781838    0.1122807   5.9         0.3122807
  4.26666667 -0.32143676]",2088.6950793266296
0.12010399999999999,[-0.00507406],"[ 0.10877193  5.93333333  0.31052632  4.53333333 -0.79041857  0.11403509
  6.          0.3122807   4.33333333 -0.781838    0.1122807   5.9
  0.3122807   4.26666667 -0.32143676  0.11578947  5.93333333  0.31052632
  4.1        -1.00507402]",2088.7744262218475
0.12264800000000001,[0.12537888],"[ 0.11403509  6.          0.3122807   4.33333333 -0.781838    0.1122807
  5.9         0.3122807   4.26666667 -0.32143676  0.11578947  5.93333333
  0.31052632  4.1        -1.00507402  0.11754386  5.96666667  0.30877193
  3.9        -0.87462115]",2088.850213289261
0.122644,[0.05216302],"[ 0.1122807   5.9         0.3122807   4.26666667 -0.32143676  0.11578947
  5.93333333  0.31052632  4.1        -1.00507402  0.11754386  5.96666667
  0.30877193  3.9        -0.87462115  0.11754386  5.86666667  0.3122807
  3.9        -0.947837  ]",2088.9349749088287
0.16356,[-0.09751991],"[ 0.11578947  5.93333333  0.31052632  4.1        -1.00507402  0.11754386
  5.96666667  0.30877193  3.9        -0.87462115  0.11754386  5.86666667
  0.3122807   3.9        -0.947837    0.14736842  5.76666667  0.31929825
  3.8        -1.09751987]",2089.015079975128
0.16104000000000002,[-0.90764993],"[ 0.11754386  5.96666667  0.30877193  3.9        -0.87462115  0.11754386
  5.86666667  0.3122807   3.9        -0.947837    0.14736842  5.76666667
  0.31929825  3.8        -1.09751987  0.14912281  5.56666667  0.32807018
  3.66666667 -1.90764999]",2089.0950231552124
0.15593600000000002,[0.5826087],"[ 0.11754386  5.86666667  0.3122807   3.9        -0.947837    0.14736842
  5.76666667  0.31929825  3.8        -1.09751987  0.14912281  5.56666667
  0.32807018  3.66666667 -1.90764999  0.14912281  5.36666667  0.33684211
  3.63333333 -0.4173913 ]",2089.176866531372
0.15085600000000002,[-0.5307754],"[ 0.14736842  5.76666667  0.31929825  3.8        -1.09751987  0.14912281
  5.56666667  0.32807018  3.66666667 -1.90764999  0.14912281  5.36666667
  0.33684211  3.63333333 -0.4173913   0.15087719  5.2         0.34561404
  3.66666667 -1.53077543]",2089.2568712234497
0.14573600000000003,[0.83510023],"[ 0.14912281  5.56666667  0.32807018  3.66666667 -1.90764999  0.14912281
  5.36666667  0.33684211  3.63333333 -0.4173913   0.15087719  5.2
  0.34561404  3.66666667 -1.53077543  0.15438596  5.23333333  0.34561404
  3.63333333 -0.16489977]",2089.336993932724
0.13551600000000003,[0.19364102],"[ 0.14912281  5.36666667  0.33684211  3.63333333 -0.4173913   0.15087719
  5.2         0.34561404  3.66666667 -1.53077543  0.15438596  5.23333333
  0.34561404  3.63333333 -0.16489977  0.15263158  5.2         0.34736842
  3.66666667 -0.80635899]",2089.417106151581
0.13295200000000001,[-0.39256376],"[ 0.15087719  5.2         0.34561404  3.66666667 -1.53077543  0.15438596
  5.23333333  0.34561404  3.63333333 -0.16489977  0.15263158  5.2
  0.34736842  3.66666667 -0.80635899  0.15614035  5.23333333  0.34736842
  3.63333333 -1.39256382]",2089.4971239566803
0.130388,[-0.2116308],"[ 0.15438596  5.23333333  0.34561404  3.63333333 -0.16489977  0.15263158
  5.2         0.34736842  3.66666667 -0.80635899  0.15614035  5.23333333
  0.34736842  3.63333333 -1.39256382  0.15789474  5.23333333  0.35087719
  3.66666667 -1.21163082]",2089.577024459839
0.127864,[-0.51274335],"[ 0.15263158  5.2         0.34736842  3.66666667 -0.80635899  0.15614035
  5.23333333  0.34736842  3.63333333 -1.39256382  0.15789474  5.23333333
  0.35087719  3.66666667 -1.21163082  0.15964912  5.13333333  0.35964912
  3.9        -1.51274335]",2089.6564440727234
0.13300000000000003,[-0.18593459],"[ 0.15614035  5.23333333  0.34736842  3.63333333 -1.39256382  0.15789474
  5.23333333  0.35087719  3.66666667 -1.21163082  0.15964912  5.13333333
  0.35964912  3.9        -1.51274335  0.16491228  5.06666667  0.36842105
  4.         -1.18593454]",2089.736988544464
0.135556,[-0.55028266],"[ 0.15789474  5.23333333  0.35087719  3.66666667 -1.21163082  0.15964912
  5.13333333  0.35964912  3.9        -1.51274335  0.16491228  5.06666667
  0.36842105  4.         -1.18593454  0.16842105  5.          0.37719298
  4.13333333 -1.55028272]",2089.8170223236084
0.13301200000000002,[-0.34177017],"[ 0.15964912  5.13333333  0.35964912  3.9        -1.51274335  0.16491228
  5.06666667  0.36842105  4.         -1.18593454  0.16842105  5.
  0.37719298  4.13333333 -1.55028272  0.17192982  4.96666667  0.38421053
  4.2        -1.34177017]",2089.897126197815
0.12535200000000002,[-0.6585468],"[ 0.16491228  5.06666667  0.36842105  4.         -1.18593454  0.16842105
  5.          0.37719298  4.13333333 -1.55028272  0.17192982  4.96666667
  0.38421053  4.2        -1.34177017  0.17368421  4.83333333  0.3877193
  4.3        -1.65854681]",2089.9765009880066
0.11257200000000003,[-0.6940439],"[ 0.16842105  5.          0.37719298  4.13333333 -1.55028272  0.17192982
  4.96666667  0.38421053  4.2        -1.34177017  0.17368421  4.83333333
  0.3877193   4.3        -1.65854681  0.17368421  4.8         0.38596491
  4.36666667 -1.69404387]",2090.0502774715424
0.09471599999999997,[-0.42839774],"[ 0.17192982  4.96666667  0.38421053  4.2        -1.34177017  0.17368421
  4.83333333  0.3877193   4.3        -1.65854681  0.17368421  4.8
  0.38596491  4.36666667 -1.69404387  0.17368421  4.73333333  0.38596491
  4.56666667 -1.42839777]",2090.1306204795837
0.08448799999999998,[0.44570133],"[ 0.17368421  4.83333333  0.3877193   4.3        -1.65854681  0.17368421
  4.8         0.38596491  4.36666667 -1.69404387  0.17368421  4.73333333
  0.38596491  4.56666667 -1.42839777  0.17192982  4.83333333  0.38596491
  4.66666667 -0.55429864]",2090.215107679367
0.089564,[0.03994178],"[ 0.17368421  4.8         0.38596491  4.36666667 -1.69404387  0.17368421
  4.73333333  0.38596491  4.56666667 -1.42839777  0.17192982  4.83333333
  0.38596491  4.66666667 -0.55429864  0.17368421  5.03333333  0.3877193
  4.66666667 -0.96005821]",2090.2966706752777
0.09210399999999999,[0.04684572],"[ 0.17368421  4.73333333  0.38596491  4.56666667 -1.42839777  0.17192982
  4.83333333  0.38596491  4.66666667 -0.55429864  0.17368421  5.03333333
  0.3877193   4.66666667 -0.96005821  0.17894737  5.2         0.38947368
  4.56666667 -0.95315427]",2090.376982688904
0.08955199999999999,[-0.10370417],"[ 0.17192982  4.83333333  0.38596491  4.66666667 -0.55429864  0.17368421
  5.03333333  0.3877193   4.66666667 -0.96005821  0.17894737  5.2
  0.38947368  4.56666667 -0.95315427  0.17894737  5.2         0.39122807
  4.63333333 -1.10370421]",2090.456979751587
0.09465199999999999,[-0.6966968],"[ 0.17368421  5.03333333  0.3877193   4.66666667 -0.96005821  0.17894737
  5.2         0.38947368  4.56666667 -0.95315427  0.17894737  5.2
  0.39122807  4.63333333 -1.10370421  0.18245614  5.2         0.39473684
  4.7        -1.69669676]",2090.536876440048
0.053752,[-0.6787262],"[ 0.17894737  5.2         0.38947368  4.56666667 -0.95315427  0.17894737
  5.2         0.39122807  4.63333333 -1.10370421  0.18245614  5.2
  0.39473684  4.7        -1.69669676  0.18421053  5.13333333  0.4
  4.8        -1.6787262 ]",2090.616960287094
0.05630000000000002,[-0.6279446],"[ 0.17894737  5.2         0.39122807  4.63333333 -1.10370421  0.18245614
  5.2         0.39473684  4.7        -1.69669676  0.18421053  5.13333333
  0.4         4.8        -1.6787262   0.1877193   5.          0.40350877
  5.03333333 -1.62794459]",2090.6969945430756
0.05883999999999997,[-0.49154812],"[ 0.18245614  5.2         0.39473684  4.7        -1.69669676  0.18421053
  5.13333333  0.4         4.8        -1.6787262   0.1877193   5.
  0.40350877  5.03333333 -1.62794459  0.18947368  4.93333333  0.40526316
  5.13333333 -1.49154806]",2090.7769758701324
0.05627199999999999,[-0.26892835],"[ 0.18421053  5.13333333  0.4         4.8        -1.6787262   0.1877193
  5.          0.40350877  5.03333333 -1.62794459  0.18947368  4.93333333
  0.40526316  5.13333333 -1.49154806  0.18947368  4.86666667  0.40526316
  5.16666667 -1.26892829]",2090.8570172786713
0.048607999999999985,[0.48048583],"[ 0.1877193   5.          0.40350877  5.03333333 -1.62794459  0.18947368
  4.93333333  0.40526316  5.13333333 -1.49154806  0.18947368  4.86666667
  0.40526316  5.16666667 -1.26892829  0.1877193   4.86666667  0.40350877
  5.16666667 -0.5195142 ]",2090.936995983124
0.05114800000000003,[-0.02037832],"[ 0.18947368  4.93333333  0.40526316  5.13333333 -1.49154806  0.18947368
  4.86666667  0.40526316  5.16666667 -1.26892829  0.1877193   4.86666667
  0.40350877  5.16666667 -0.5195142   0.1877193   4.96666667  0.40350877
  5.1        -1.02037835]",2091.017159461975
0.048572000000000004,[0.7362983],"[ 0.18947368  4.86666667  0.40526316  5.16666667 -1.26892829  0.1877193
  4.86666667  0.40350877  5.16666667 -0.5195142   0.1877193   4.96666667
  0.40350877  5.1        -1.02037835  0.18947368  5.16666667  0.40350877
  4.96666667 -0.26370168]",2091.0971298217773
0.046016,[-0.70892096],"[ 0.1877193   4.86666667  0.40350877  5.16666667 -0.5195142   0.1877193
  4.96666667  0.40350877  5.1        -1.02037835  0.18947368  5.16666667
  0.40350877  4.96666667 -0.26370168  0.18947368  5.16666667  0.40526316
  4.96666667 -1.70892096]",2091.176987886429
0.048535999999999996,[0.6177901],"[ 0.1877193   4.96666667  0.40350877  5.1        -1.02037835  0.18947368
  5.16666667  0.40350877  4.96666667 -0.26370168  0.18947368  5.16666667
  0.40526316  4.96666667 -1.70892096  0.19298246  5.36666667  0.40701754
  4.9        -0.3822099 ]",2091.2571456432343
0.043419999999999986,[0.01454989],"[ 0.18947368  5.16666667  0.40350877  4.96666667 -0.26370168  0.18947368
  5.16666667  0.40526316  4.96666667 -1.70892096  0.19298246  5.36666667
  0.40701754  4.9        -0.3822099   0.19473684  5.33333333  0.40877193
  4.96666667 -0.98545009]",2091.3368949890137
0.045964000000000005,[-0.3007483],"[ 0.18947368  5.16666667  0.40526316  4.96666667 -1.70892096  0.19298246
  5.36666667  0.40701754  4.9        -0.3822099   0.19473684  5.33333333
  0.40877193  4.96666667 -0.98545009  0.2         5.36666667  0.4122807
  4.96666667 -1.30074835]",2091.4171612262726
0.043408,[0.02608565],"[ 0.19298246  5.36666667  0.40701754  4.9        -0.3822099   0.19473684
  5.33333333  0.40877193  4.96666667 -0.98545009  0.2         5.36666667
  0.4122807   4.96666667 -1.30074835  0.20175439  5.33333333  0.41578947
  5.         -0.97391433]",2091.497179031372
0.04596,[-0.2048587],"[ 0.19473684  5.33333333  0.40877193  4.96666667 -0.98545009  0.2
  5.36666667  0.4122807   4.96666667 -1.30074835  0.20175439  5.33333333
  0.41578947  5.         -0.97391433  0.20526316  5.23333333  0.41929825
  5.06666667 -1.20485866]",2091.577008485794
0.048507999999999996,[-0.25890887],"[ 0.2         5.36666667  0.4122807   4.96666667 -1.30074835  0.20175439
  5.33333333  0.41578947  5.         -0.97391433  0.20526316  5.23333333
  0.41929825  5.06666667 -1.20485866  0.20701754  5.26666667  0.42280702
  5.         -1.25890887]",2091.657015800476
0.05362,[-0.40067774],"[ 0.20175439  5.33333333  0.41578947  5.         -0.97391433  0.20526316
  5.23333333  0.41929825  5.06666667 -1.20485866  0.20701754  5.26666667
  0.42280702  5.         -1.25890887  0.21052632  5.2         0.42631579
  5.06666667 -1.40067768]",2091.736981868744
0.06130399999999999,[-0.6651068],"[ 0.20526316  5.23333333  0.41929825  5.06666667 -1.20485866  0.20701754
  5.26666667  0.42280702  5.         -1.25890887  0.21052632  5.2
  0.42631579  5.06666667 -1.40067768  0.21403509  5.16666667  0.42807018
  5.1        -1.66510677]",2091.816500902176
0.061340000000000006,[0.6895363],"[ 0.20701754  5.26666667  0.42280702  5.         -1.25890887  0.21052632
  5.2         0.42631579  5.06666667 -1.40067768  0.21403509  5.16666667
  0.42807018  5.1        -1.66510677  0.21578947  5.06666667  0.42982456
  5.2        -0.31046373]",2091.8969440460205
0.05369600000000002,[0.18375333],"[ 0.21052632  5.2         0.42631579  5.06666667 -1.40067768  0.21403509
  5.16666667  0.42807018  5.1        -1.66510677  0.21578947  5.06666667
  0.42982456  5.2        -0.31046373  0.21578947  5.03333333  0.43157895
  5.26666667 -0.81624669]",2091.9770019054413
0.058775999999999995,[0.16480127],"[ 0.21403509  5.16666667  0.42807018  5.1        -1.66510677  0.21578947
  5.06666667  0.42982456  5.2        -0.31046373  0.21578947  5.03333333
  0.43157895  5.26666667 -0.81624669  0.21929825  5.3         0.43333333
  5.03333333 -0.83519876]",2092.057129383087
0.056208000000000036,[-0.77608013],"[ 0.21578947  5.06666667  0.42982456  5.2        -0.31046373  0.21578947
  5.03333333  0.43157895  5.26666667 -0.81624669  0.21929825  5.3
  0.43333333  5.03333333 -0.83519876  0.22105263  5.4         0.43333333
  4.9        -1.77608013]",2092.1371669769287
0.056203999999999976,[0.9172311],"[ 0.21578947  5.03333333  0.43157895  5.26666667 -0.81624669  0.21929825
  5.3         0.43333333  5.03333333 -0.83519876  0.22105263  5.4
  0.43333333  4.9        -1.77608013  0.22280702  5.36666667  0.43508772
  4.93333333 -0.08276892]",2092.2145187854767
0.05365199999999998,[-0.2747882],"[ 0.21929825  5.3         0.43333333  5.03333333 -0.83519876  0.22105263
  5.4         0.43333333  4.9        -1.77608013  0.22280702  5.36666667
  0.43508772  4.93333333 -0.08276892  0.2245614   5.2         0.43684211
  5.1        -1.27478814]",2092.2902789115906
0.05619200000000002,[0.80179375],"[ 0.22105263  5.4         0.43333333  4.9        -1.77608013  0.22280702
  5.36666667  0.43508772  4.93333333 -0.08276892  0.2245614   5.2
  0.43684211  5.1        -1.27478814  0.22807018  5.26666667  0.44210526
  5.03333333 -0.19820625]",2092.370330095291
0.06639600000000001,[-0.5609999],"[ 0.22280702  5.36666667  0.43508772  4.93333333 -0.08276892  0.2245614
  5.2         0.43684211  5.1        -1.27478814  0.22807018  5.26666667
  0.44210526  5.03333333 -0.19820625  0.23508772  5.36666667  0.44736842
  4.9        -1.56099987]",2092.4550387859344
0.07661600000000002,[-0.7953147],"[ 0.2245614   5.2         0.43684211  5.1        -1.27478814  0.22807018
  5.26666667  0.44210526  5.03333333 -0.19820625  0.23508772  5.36666667
  0.44736842  4.9        -1.56099987  0.24035088  5.4         0.45263158
  4.76666667 -1.79531479]",2092.5367867946625
0.08176399999999995,[-0.75560546],"[ 0.22807018  5.26666667  0.44210526  5.03333333 -0.19820625  0.23508772
  5.36666667  0.44736842  4.9        -1.56099987  0.24035088  5.4
  0.45263158  4.76666667 -1.79531479  0.24385965  5.2         0.45789474
  4.93333333 -1.75560546]",2092.6169703006744
0.084372,[-0.2502448],"[ 0.23508772  5.36666667  0.44736842  4.9        -1.56099987  0.24035088
  5.4         0.45263158  4.76666667 -1.79531479  0.24385965  5.2
  0.45789474  4.93333333 -1.75560546  0.24736842  4.96666667  0.46140351
  5.13333333 -1.25024486]",2092.697042942047
0.09204400000000001,[0.11688231],"[ 0.24035088  5.4         0.45263158  4.76666667 -1.79531479  0.24385965
  5.2         0.45789474  4.93333333 -1.75560546  0.24736842  4.96666667
  0.46140351  5.13333333 -1.25024486  0.25263158  4.93333333  0.46842105
  5.16666667 -0.88311768]",2092.7769918441772
0.09716800000000003,[-0.50612146],"[ 0.24385965  5.2         0.45789474  4.93333333 -1.75560546  0.24736842
  4.96666667  0.46140351  5.13333333 -1.25024486  0.25263158  4.93333333
  0.46842105  5.16666667 -0.88311768  0.25964912  5.03333333  0.4754386
  5.06666667 -1.5061214 ]",2092.856941461563
0.09971200000000002,[-0.03868184],"[ 0.24736842  4.96666667  0.46140351  5.13333333 -1.25024486  0.25263158
  4.93333333  0.46842105  5.16666667 -0.88311768  0.25964912  5.03333333
  0.4754386   5.06666667 -1.5061214   0.26315789  5.1         0.47894737
  5.06666667 -1.03868186]",2092.937201976776
0.09973199999999999,[0.8537983],"[ 0.25263158  4.93333333  0.46842105  5.16666667 -0.88311768  0.25964912
  5.03333333  0.4754386   5.06666667 -1.5061214   0.26315789  5.1
  0.47894737  5.06666667 -1.03868186  0.26842105  4.96666667  0.48245614
  5.2        -0.14620173]",2093.0168974399567
0.10738399999999997,[-0.41231272],"[ 0.25964912  5.03333333  0.4754386   5.06666667 -1.5061214   0.26315789
  5.1         0.47894737  5.06666667 -1.03868186  0.26842105  4.96666667
  0.48245614  5.2        -0.14620173  0.2754386   5.06666667  0.48947368
  5.06666667 -1.41231275]",2093.097044944763
0.11501599999999997,[0.35283434],"[ 0.26315789  5.1         0.47894737  5.06666667 -1.03868186  0.26842105
  4.96666667  0.48245614  5.2        -0.14620173  0.2754386   5.06666667
  0.48947368  5.06666667 -1.41231275  0.28421053  5.26666667  0.49824561
  4.76666667 -0.64716566]",2093.177164077759
0.12269199999999995,[-0.33797735],"[ 0.26842105  4.96666667  0.48245614  5.2        -0.14620173  0.2754386
  5.06666667  0.48947368  5.06666667 -1.41231275  0.28421053  5.26666667
  0.49824561  4.76666667 -0.64716566  0.29122807  5.23333333  0.50526316
  4.8        -1.33797741]",2093.257198572159
0.12268000000000001,[0.00408331],"[ 0.2754386   5.06666667  0.48947368  5.06666667 -1.41231275  0.28421053
  5.26666667  0.49824561  4.76666667 -0.64716566  0.29122807  5.23333333
  0.50526316  4.8        -1.33797741  0.29473684  5.26666667  0.50877193
  4.8        -0.99591666]",2093.3369829654694
0.12268800000000002,[0.31609058],"[ 0.28421053  5.26666667  0.49824561  4.76666667 -0.64716566  0.29122807
  5.23333333  0.50526316  4.8        -1.33797741  0.29473684  5.26666667
  0.50877193  4.8        -0.99591666  0.29824561  5.16666667  0.5122807
  4.83333333 -0.68390942]",2093.4134781360626
0.13289600000000001,[-0.6322406],"[ 0.29122807  5.23333333  0.50526316  4.8        -1.33797741  0.29473684
  5.26666667  0.50877193  4.8        -0.99591666  0.29824561  5.16666667
  0.5122807   4.83333333 -0.68390942  0.30701754  5.2         0.52105263
  4.7        -1.63224053]",2093.4911892414093
0.14822799999999997,[0.23789299],"[ 0.29473684  5.26666667  0.50877193  4.8        -0.99591666  0.29824561
  5.16666667  0.5122807   4.83333333 -0.68390942  0.30701754  5.2
  0.52105263  4.7        -1.63224053  0.31754386  5.2         0.52982456
  4.63333333 -0.76210701]",2093.5771322250366
0.15339200000000003,[0.21248317],"[ 0.29824561  5.16666667  0.5122807   4.83333333 -0.68390942  0.30701754
  5.2         0.52105263  4.7        -1.63224053  0.31754386  5.2
  0.52982456  4.63333333 -0.76210701  0.3245614   5.03333333  0.53859649
  4.8        -0.78751683]",2093.656965494156
0.16105599999999998,[0.89504117],"[ 0.30701754  5.2         0.52105263  4.7        -1.63224053  0.31754386
  5.2         0.52982456  4.63333333 -0.76210701  0.3245614   5.03333333
  0.53859649  4.8        -0.78751683  0.33157895  5.16666667  0.54385965
  4.66666667 -0.10495883]",2093.7372856140137
0.17126400000000003,[0.26546943],"[ 0.31754386  5.2         0.52982456  4.63333333 -0.76210701  0.3245614
  5.03333333  0.53859649  4.8        -0.78751683  0.33157895  5.16666667
  0.54385965  4.66666667 -0.10495883  0.34035088  5.26666667  0.55087719
  4.46666667 -0.73453057]",2093.8171632289886
0.181456,[-0.8625964],"[ 0.3245614   5.03333333  0.53859649  4.8        -0.78751683  0.33157895
  5.16666667  0.54385965  4.66666667 -0.10495883  0.34035088  5.26666667
  0.55087719  4.46666667 -0.73453057  0.34912281  5.36666667  0.55438596
  4.23333333 -1.86259639]",2093.896334171295
0.18147600000000003,[0.3015683],"[ 0.33157895  5.16666667  0.54385965  4.66666667 -0.10495883  0.34035088
  5.26666667  0.55087719  4.46666667 -0.73453057  0.34912281  5.36666667
  0.55438596  4.23333333 -1.86259639  0.35263158  5.26666667  0.55789474
  4.23333333 -0.69843173]",2093.9702451229095
0.17129599999999995,[0.6435603],"[ 0.34035088  5.26666667  0.55087719  4.46666667 -0.73453057  0.34912281
  5.36666667  0.55438596  4.23333333 -1.86259639  0.35263158  5.26666667
  0.55789474  4.23333333 -0.69843173  0.35263158  5.          0.56491228
  4.46666667 -0.35643971]",2094.0514073371887
0.17895199999999994,[0.14731154],"[ 0.34912281  5.36666667  0.55438596  4.23333333 -1.86259639  0.35263158
  5.26666667  0.55789474  4.23333333 -0.69843173  0.35263158  5.
  0.56491228  4.46666667 -0.35643971  0.36315789  5.13333333  0.57192982
  4.33333333 -0.85268843]",2094.1351239681244
0.19424799999999998,[0.9827941],"[ 0.35263158  5.26666667  0.55789474  4.23333333 -0.69843173  0.35263158
  5.          0.56491228  4.46666667 -0.35643971  0.36315789  5.13333333
  0.57192982  4.33333333 -0.85268843  0.37719298  5.26666667  0.58070175
  4.06666667 -0.01720589]",2094.2164680957794
0.204444,[-0.37268323],"[ 0.35263158  5.          0.56491228  4.46666667 -0.35643971  0.36315789
  5.13333333  0.57192982  4.33333333 -0.85268843  0.37719298  5.26666667
  0.58070175  4.06666667 -0.01720589  0.3877193   5.26666667  0.58947368
  3.93333333 -1.37268329]",2094.2971374988556
0.21465199999999998,[-0.58195925],"[ 0.36315789  5.13333333  0.57192982  4.33333333 -0.85268843  0.37719298
  5.26666667  0.58070175  4.06666667 -0.01720589  0.3877193   5.26666667
  0.58947368  3.93333333 -1.37268329  0.4         5.36666667  0.59298246
  3.7        -1.58195925]",2094.3770277500153
0.20700399999999997,[-0.0916082],"[ 0.37719298  5.26666667  0.58070175  4.06666667 -0.01720589  0.3877193
  5.26666667  0.58947368  3.93333333 -1.37268329  0.4         5.36666667
  0.59298246  3.7        -1.58195925  0.40175439  5.3         0.6
  3.8        -1.09160817]",2094.456991672516
0.20448399999999997,[-0.5086345],"[ 0.3877193   5.26666667  0.58947368  3.93333333 -1.37268329  0.4
  5.36666667  0.59298246  3.7        -1.58195925  0.40175439  5.3
  0.6         3.8        -1.09160817  0.40350877  5.06666667  0.61052632
  4.03333333 -1.50863457]",2094.5369758605957
0.20958000000000004,[0.28601274],"[ 0.4         5.36666667  0.59298246  3.7        -1.58195925  0.40175439
  5.3         0.6         3.8        -1.09160817  0.40350877  5.06666667
  0.61052632  4.03333333 -1.50863457  0.4122807   5.06666667  0.61754386
  4.1        -0.71398723]",2094.616986513138
0.20959600000000006,[0.6066276],"[ 0.40175439  5.3         0.6         3.8        -1.09160817  0.40350877
  5.06666667  0.61052632  4.03333333 -1.50863457  0.4122807   5.06666667
  0.61754386  4.1        -0.71398723  0.41929825  5.03333333  0.62807018
  4.23333333 -0.39337242]",2094.696390390396
0.21216000000000007,[-0.5751184],"[ 0.40350877  5.06666667  0.61052632  4.03333333 -1.50863457  0.4122807
  5.06666667  0.61754386  4.1        -0.71398723  0.41929825  5.03333333
  0.62807018  4.23333333 -0.39337242  0.42982456  5.16666667  0.63508772
  4.03333333 -1.57511842]",2094.7766165733337
0.21726799999999996,[0.41061357],"[ 0.4122807   5.06666667  0.61754386  4.1        -0.71398723  0.41929825
  5.03333333  0.62807018  4.23333333 -0.39337242  0.42982456  5.16666667
  0.63508772  4.03333333 -1.57511842  0.44035088  5.16666667  0.64035088
  3.76666667 -0.58938646]",2094.857476234436
0.21474,[0.95764476],"[ 0.41929825  5.03333333  0.62807018  4.23333333 -0.39337242  0.42982456
  5.16666667  0.63508772  4.03333333 -1.57511842  0.44035088  5.16666667
  0.64035088  3.76666667 -0.58938646  0.44210526  4.96666667  0.64736842
  3.8        -0.04235524]",2094.9371354579926
0.22238399999999992,[0.4396298],"[ 0.42982456  5.16666667  0.63508772  4.03333333 -1.57511842  0.44035088
  5.16666667  0.64035088  3.76666667 -0.58938646  0.44210526  4.96666667
  0.64736842  3.8        -0.04235524  0.45087719  5.06666667  0.65263158
  3.73333333 -0.56037021]",2095.01704287529
0.22746399999999997,[-0.22194901],"[ 0.44035088  5.16666667  0.64035088  3.76666667 -0.58938646  0.44210526
  4.96666667  0.64736842  3.8        -0.04235524  0.45087719  5.06666667
  0.65263158  3.73333333 -0.56037021  0.46315789  5.36666667  0.65789474
  3.76666667 -1.22194898]",2095.096252679825
0.21468399999999996,[-0.8407182],"[ 0.44210526  4.96666667  0.64736842  3.8        -0.04235524  0.45087719
  5.06666667  0.65263158  3.73333333 -0.56037021  0.46315789  5.36666667
  0.65789474  3.76666667 -1.22194898  0.46491228  5.36666667  0.66491228
  3.9        -1.84071827]",2095.176981687546
0.20446399999999998,[-0.62773967],"[ 0.45087719  5.06666667  0.65263158  3.73333333 -0.56037021  0.46315789
  5.36666667  0.65789474  3.76666667 -1.22194898  0.46491228  5.36666667
  0.66491228  3.9        -1.84071827  0.46491228  5.16666667  0.67368421
  4.2        -1.62773967]",2095.256915330887
0.2045,[-0.13599275],"[ 0.46315789  5.36666667  0.65789474  3.76666667 -1.22194898  0.46491228
  5.36666667  0.66491228  3.9        -1.84071827  0.46491228  5.16666667
  0.67368421  4.2        -1.62773967  0.47192982  5.          0.68245614
  4.5        -1.13599277]",2095.337117433548
0.207052,[0.4061555],"[ 0.46491228  5.36666667  0.66491228  3.9        -1.84071827  0.46491228
  5.16666667  0.67368421  4.2        -1.62773967  0.47192982  5.
  0.68245614  4.5        -1.13599277  0.48245614  5.13333333  0.69298246
  4.63333333 -0.59384453]",2095.4168705940247
0.20959599999999998,[-0.75479007],"[ 0.46491228  5.16666667  0.67368421  4.2        -1.62773967  0.47192982
  5.          0.68245614  4.5        -1.13599277  0.48245614  5.13333333
  0.69298246  4.63333333 -0.59384453  0.49298246  5.33333333  0.70175439
  4.6        -1.75479007]",2095.497099161148
0.21212799999999996,[0.14607474],"[ 0.47192982  5.          0.68245614  4.5        -1.13599277  0.48245614
  5.13333333  0.69298246  4.63333333 -0.59384453  0.49298246  5.33333333
  0.70175439  4.6        -1.75479007  0.49824561  5.43333333  0.70526316
  4.53333333 -0.85392523]",2095.5770814418793
0.21212400000000003,[0.8991166],"[ 0.48245614  5.13333333  0.69298246  4.63333333 -0.59384453  0.49298246
  5.33333333  0.70175439  4.6        -1.75479007  0.49824561  5.43333333
  0.70526316  4.53333333 -0.85392523  0.49824561  5.2         0.71052632
  4.66666667 -0.10088342]",2095.6569352149963
0.2044760000000001,[-0.6597419],"[ 0.49298246  5.33333333  0.70175439  4.6        -1.75479007  0.49824561
  5.43333333  0.70526316  4.53333333 -0.85392523  0.49824561  5.2
  0.71052632  4.66666667 -0.10088342  0.50350877  5.16666667  0.71403509
  4.5        -1.65974188]",2095.7370686531067
0.19934400000000008,[-0.953808],"[ 0.49824561  5.43333333  0.70526316  4.53333333 -0.85392523  0.49824561
  5.2         0.71052632  4.66666667 -0.10088342  0.50350877  5.16666667
  0.71403509  4.5        -1.65974188  0.51403509  5.46666667  0.71754386
  4.23333333 -1.95380807]",2095.8169515132904
0.19167600000000007,[0.6504849],"[ 0.49824561  5.2         0.71052632  4.66666667 -0.10088342  0.50350877
  5.16666667  0.71403509  4.5        -1.65974188  0.51403509  5.46666667
  0.71754386  4.23333333 -1.95380807  0.51929825  5.46666667  0.72280702
  4.36666667 -0.34951508]",2095.896916627884
0.17637999999999998,[0.39756948],"[ 0.50350877  5.16666667  0.71403509  4.5        -1.65974188  0.51403509
  5.46666667  0.71754386  4.23333333 -1.95380807  0.51929825  5.46666667
  0.72280702  4.36666667 -0.34951508  0.52105263  5.23333333  0.73333333
  4.7        -0.60243052]",2095.976850748062
0.189152,[-0.73072726],"[ 0.51403509  5.46666667  0.71754386  4.23333333 -1.95380807  0.51929825
  5.46666667  0.72280702  4.36666667 -0.34951508  0.52105263  5.23333333
  0.73333333  4.7        -0.60243052  0.53157895  5.23333333  0.74210526
  4.53333333 -1.7307272 ]",2096.05025434494
0.209556,[-0.21900743],"[ 0.51929825  5.46666667  0.72280702  4.36666667 -0.34951508  0.52105263
  5.23333333  0.73333333  4.7        -0.60243052  0.53157895  5.23333333
  0.74210526  4.53333333 -1.7307272   0.54736842  5.36666667  0.75438596
  4.3        -1.21900749]",2096.130655527115
0.21467599999999995,[-0.8007982],"[ 0.52105263  5.23333333  0.73333333  4.7        -0.60243052  0.53157895
  5.23333333  0.74210526  4.53333333 -1.7307272   0.54736842  5.36666667
  0.75438596  4.3        -1.21900749  0.55964912  5.3         0.76842105
  4.4        -1.80079818]",2096.2150404453278
0.21979600000000002,[-0.45068735],"[ 0.53157895  5.23333333  0.74210526  4.53333333 -1.7307272   0.54736842
  5.36666667  0.75438596  4.3        -1.21900749  0.55964912  5.3
  0.76842105  4.4        -1.80079818  0.57017544  5.2         0.78070175
  4.53333333 -1.45068741]",2096.2969014644623
0.21728399999999995,[-0.14533374],"[ 0.54736842  5.36666667  0.75438596  4.3        -1.21900749  0.55964912
  5.3         0.76842105  4.4        -1.80079818  0.57017544  5.2
  0.78070175  4.53333333 -1.45068741  0.57894737  4.96666667  0.79122807
  4.53333333 -1.14533377]",2096.376897573471
0.21473600000000004,[-0.4070517],"[ 0.55964912  5.3         0.76842105  4.4        -1.80079818  0.57017544
  5.2         0.78070175  4.53333333 -1.45068741  0.57894737  4.96666667
  0.79122807  4.53333333 -1.14533377  0.5877193   4.9         0.79824561
  4.36666667 -1.40705168]",2096.456981420517
0.22238000000000002,[-0.3048171],"[ 0.57017544  5.2         0.78070175  4.53333333 -1.45068741  0.57894737
  4.96666667  0.79122807  4.53333333 -1.14533377  0.5877193   4.9
  0.79824561  4.36666667 -1.40705168  0.59473684  4.9         0.80526316
  4.36666667 -1.30481708]",2096.5369770526886
0.214732,[0.74457383],"[ 0.57894737  4.96666667  0.79122807  4.53333333 -1.14533377  0.5877193
  4.9         0.79824561  4.36666667 -1.40705168  0.59473684  4.9
  0.80526316  4.36666667 -1.30481708  0.59824561  4.83333333  0.81052632
  4.43333333 -0.25542617]",2096.617001056671
0.20454400000000006,[-0.18051367],"[ 0.5877193   4.9         0.79824561  4.36666667 -1.40705168  0.59473684
  4.9         0.80526316  4.36666667 -1.30481708  0.59824561  4.83333333
  0.81052632  4.43333333 -0.25542617  0.60350877  4.83333333  0.81403509
  4.36666667 -1.18051362]",2096.6969785690308
0.20964400000000002,[-0.91564137],"[ 0.59473684  4.9         0.80526316  4.36666667 -1.30481708  0.59824561
  4.83333333  0.81052632  4.43333333 -0.25542617  0.60350877  4.83333333
  0.81403509  4.36666667 -1.18051362  0.60877193  4.93333333  0.81929825
  4.06666667 -1.91564131]",2096.7769639492035
0.21986000000000008,[0.05134958],"[ 0.59824561  4.83333333  0.81052632  4.43333333 -0.25542617  0.60350877
  4.83333333  0.81403509  4.36666667 -1.18051362  0.60877193  4.93333333
  0.81929825  4.06666667 -1.91564131  0.61578947  4.8         0.8245614
  4.1        -0.94865042]",2096.857173681259
