reward,action,obs,time
,,"[0.         0.         0.         0.         0.         0.
 0.         0.         0.         0.         0.         0.
 0.         0.         0.         0.03157895 5.8        0.24385965
 5.33333333 0.        ]",3914.0358140468597
-0.0025239999999999985,[0.48727143],"[ 0.          0.          0.          0.          0.          0.
  0.          0.          0.          0.          0.03157895  5.8
  0.24385965  5.33333333  0.          0.02982456  5.53333333  0.24561404
  5.46666667 -0.51272857]",3914.123472213745
8.000000000001062e-06,[0.78458464],"[ 0.          0.          0.          0.          0.          0.03157895
  5.8         0.24385965  5.33333333  0.          0.02982456  5.53333333
  0.24561404  5.46666667 -0.51272857  0.03157895  5.73333333  0.24561404
  5.36666667 -0.21541536]",3914.174212694168
1.2000000000005062e-05,[-0.8790928],"[ 0.03157895  5.8         0.24385965  5.33333333  0.          0.02982456
  5.53333333  0.24561404  5.46666667 -0.51272857  0.03157895  5.73333333
  0.24561404  5.36666667 -0.21541536  0.03157895  5.7         0.24385965
  5.4        -1.87909281]",3914.2302854061127
1.2000000000005062e-05,[-0.14075649],"[ 0.02982456  5.53333333  0.24561404  5.46666667 -0.51272857  0.03157895
  5.73333333  0.24561404  5.36666667 -0.21541536  0.03157895  5.7
  0.24385965  5.4        -1.87909281  0.03157895  5.7         0.24561404
  5.4        -1.14075649]",3914.2804458141327
1.2000000000005062e-05,[-0.86803097],"[ 0.03157895  5.73333333  0.24561404  5.36666667 -0.21541536  0.03157895
  5.7         0.24385965  5.4        -1.87909281  0.03157895  5.7
  0.24561404  5.4        -1.14075649  0.03157895  5.7         0.24561404
  5.36666667 -1.86803102]",3914.33051776886
0.0025519999999999987,[-0.8943603],"[ 0.03157895  5.7         0.24385965  5.4        -1.87909281  0.03157895
  5.7         0.24561404  5.4        -1.14075649  0.03157895  5.7
  0.24561404  5.36666667 -1.86803102  0.03333333  5.83333333  0.24561404
  5.23333333 -1.8943603 ]",3914.3787455558777
0.005096000000000003,[-0.90786856],"[ 0.03157895  5.7         0.24561404  5.4        -1.14075649  0.03157895
  5.7         0.24561404  5.36666667 -1.86803102  0.03333333  5.83333333
  0.24561404  5.23333333 -1.8943603   0.03508772  5.93333333  0.24561404
  5.16666667 -1.90786862]",3914.424326658249
1.2000000000005062e-05,[-0.10107111],"[ 0.03157895  5.7         0.24561404  5.36666667 -1.86803102  0.03333333
  5.83333333  0.24561404  5.23333333 -1.8943603   0.03508772  5.93333333
  0.24561404  5.16666667 -1.90786862  0.03157895  5.7         0.24561404
  5.4        -1.10107112]",3914.4759871959686
0.005156000000000001,[-0.59905523],"[ 0.03333333  5.83333333  0.24561404  5.23333333 -1.8943603   0.03508772
  5.93333333  0.24561404  5.16666667 -1.90786862  0.03157895  5.7
  0.24561404  5.4        -1.10107112  0.03508772  5.43333333  0.24736842
  5.66666667 -1.59905529]",3914.5247037410736
0.012836,[-0.10475766],"[ 0.03508772  5.93333333  0.24561404  5.16666667 -1.90786862  0.03157895
  5.7         0.24561404  5.4        -1.10107112  0.03508772  5.43333333
  0.24736842  5.66666667 -1.59905529  0.04035088  5.33333333  0.25438596
  5.8        -1.10475767]",3914.5888497829437
0.023051999999999996,[-0.30968484],"[ 0.03157895  5.7         0.24561404  5.4        -1.10107112  0.03508772
  5.43333333  0.24736842  5.66666667 -1.59905529  0.04035088  5.33333333
  0.25438596  5.8        -1.10475767  0.04736842  5.4         0.25964912
  5.8        -1.30968487]",3914.662827014923
0.033272,[-0.13348676],"[ 0.03508772  5.43333333  0.24736842  5.66666667 -1.59905529  0.04035088
  5.33333333  0.25438596  5.8        -1.10475767  0.04736842  5.4
  0.25964912  5.8        -1.30968487  0.05438596  5.43333333  0.26666667
  5.8        -1.13348675]",3914.748857975006
0.040944,[-0.09415521],"[ 0.04035088  5.33333333  0.25438596  5.8        -1.10475767  0.04736842
  5.4         0.25964912  5.8        -1.30968487  0.05438596  5.43333333
  0.26666667  5.8        -1.13348675  0.05964912  5.4         0.27368421
  5.83333333 -1.09415519]",3914.823391199112
0.048612,[-0.61541426],"[ 0.04736842  5.4         0.25964912  5.8        -1.30968487  0.05438596
  5.43333333  0.26666667  5.8        -1.13348675  0.05964912  5.4
  0.27368421  5.83333333 -1.09415519  0.06491228  5.4         0.28070175
  5.83333333 -1.61541426]",3914.90758728981
0.056288000000000005,[-0.0510895],"[ 0.05438596  5.43333333  0.26666667  5.8        -1.13348675  0.05964912
  5.4         0.27368421  5.83333333 -1.09415519  0.06491228  5.4
  0.28070175  5.83333333 -1.61541426  0.07017544  5.33333333  0.28421053
  5.9        -1.05108953]",3914.98375749588
0.05884,[-0.9133842],"[ 0.05964912  5.4         0.27368421  5.83333333 -1.09415519  0.06491228
  5.4         0.28070175  5.83333333 -1.61541426  0.07017544  5.33333333
  0.28421053  5.9        -1.05108953  0.07192982  5.36666667  0.28421053
  6.         -1.9133842 ]",3915.067719221115
0.058828000000000005,[0.12847899],"[ 0.06491228  5.4         0.28070175  5.83333333 -1.61541426  0.07017544
  5.33333333  0.28421053  5.9        -1.05108953  0.07192982  5.36666667
  0.28421053  6.         -1.9133842   0.07192982  5.46666667  0.28596491
  6.03333333 -0.871521  ]",3915.1429059505463
0.066512,[0.9193733],"[ 0.07017544  5.33333333  0.28421053  5.9        -1.05108953  0.07192982
  5.36666667  0.28421053  6.         -1.9133842   0.07192982  5.46666667
  0.28596491  6.03333333 -0.871521    0.07719298  5.33333333  0.28596491
  6.26666667 -0.08062673]",3915.222989320755
0.07160000000000001,[-0.6961792],"[ 0.07192982  5.36666667  0.28421053  6.         -1.9133842   0.07192982
  5.46666667  0.28596491  6.03333333 -0.871521    0.07719298  5.33333333
  0.28596491  6.26666667 -0.08062673  0.08070175  5.53333333  0.29122807
  6.13333333 -1.69617915]",3915.3031899929047
0.079236,[-0.11773048],"[ 0.07192982  5.46666667  0.28596491  6.03333333 -0.871521    0.07719298
  5.33333333  0.28596491  6.26666667 -0.08062673  0.08070175  5.53333333
  0.29122807  6.13333333 -1.69617915  0.08596491  5.8         0.3
  5.8        -1.1177305 ]",3915.387626647949
0.09454800000000002,[-0.6229688],"[ 0.07719298  5.33333333  0.28596491  6.26666667 -0.08062673  0.08070175
  5.53333333  0.29122807  6.13333333 -1.69617915  0.08596491  5.8
  0.3         5.8        -1.1177305   0.09473684  5.73333333  0.30701754
  5.8        -1.62296879]",3915.46946144104
0.10225200000000001,[0.08866053],"[ 0.08070175  5.53333333  0.29122807  6.13333333 -1.69617915  0.08596491
  5.8         0.3         5.8        -1.1177305   0.09473684  5.73333333
  0.30701754  5.8        -1.62296879  0.10175439  5.63333333  0.31403509
  5.93333333 -0.91133946]",3915.5441584587097
0.11246400000000001,[0.6762382],"[ 0.08596491  5.8         0.3         5.8        -1.1177305   0.09473684
  5.73333333  0.30701754  5.8        -1.62296879  0.10175439  5.63333333
  0.31403509  5.93333333 -0.91133946  0.10877193  5.7         0.3245614
  6.03333333 -0.32376182]",3915.6256232261658
0.12265199999999998,[-0.41300833],"[ 0.09473684  5.73333333  0.30701754  5.8        -1.62296879  0.10175439
  5.63333333  0.31403509  5.93333333 -0.91133946  0.10877193  5.7
  0.3245614   6.03333333 -0.32376182  0.11578947  6.          0.33684211
  5.83333333 -1.41300833]",3915.7033109664917
0.137964,[0.28150102],"[ 0.10175439  5.63333333  0.31403509  5.93333333 -0.91133946  0.10877193
  5.7         0.3245614   6.03333333 -0.32376182  0.11578947  6.
  0.33684211  5.83333333 -1.41300833  0.12631579  6.2         0.34385965
  5.63333333 -0.71849895]",3915.7876641750336
0.14053200000000002,[-0.9772553],"[ 0.10877193  5.7         0.3245614   6.03333333 -0.32376182  0.11578947
  6.          0.33684211  5.83333333 -1.41300833  0.12631579  6.2
  0.34385965  5.63333333 -0.71849895  0.12982456  6.23333333  0.35087719
  5.66666667 -1.97725534]",3915.869283437729
0.168704,[0.23318104],"[ 0.11578947  6.          0.33684211  5.83333333 -1.41300833  0.12631579
  6.2         0.34385965  5.63333333 -0.71849895  0.12982456  6.23333333
  0.35087719  5.66666667 -1.97725534  0.15087719  5.86666667  0.35614035
  5.63333333 -0.76681894]",3915.943738937378
0.178904,[-0.74307525],"[ 0.12631579  6.2         0.34385965  5.63333333 -0.71849895  0.12982456
  6.23333333  0.35087719  5.66666667 -1.97725534  0.15087719  5.86666667
  0.35614035  5.63333333 -0.76681894  0.15438596  5.83333333  0.36315789
  5.73333333 -1.74307525]",3916.0285749435425
0.18397200000000002,[-0.7268322],"[ 0.12982456  6.23333333  0.35087719  5.66666667 -1.97725534  0.15087719
  5.86666667  0.35614035  5.63333333 -0.76681894  0.15438596  5.83333333
  0.36315789  5.73333333 -1.74307525  0.16140351  5.93333333  0.37192982
  5.66666667 -1.72683215]",3916.1070997714996
0.186524,[0.7243077],"[ 0.15087719  5.86666667  0.35614035  5.63333333 -0.76681894  0.15438596
  5.83333333  0.36315789  5.73333333 -1.74307525  0.16140351  5.93333333
  0.37192982  5.66666667 -1.72683215  0.16842105  5.86666667  0.38245614
  5.83333333 -0.27569228]",3916.1916134357452
0.19165200000000004,[-0.7354888],"[ 0.15438596  5.83333333  0.36315789  5.73333333 -1.74307525  0.16140351
  5.93333333  0.37192982  5.66666667 -1.72683215  0.16842105  5.86666667
  0.38245614  5.83333333 -0.27569228  0.17894737  5.8         0.39473684
  5.93333333 -1.73548877]",3916.2675523757935
0.19419600000000004,[-0.82472503],"[ 0.16140351  5.93333333  0.37192982  5.66666667 -1.72683215  0.16842105
  5.86666667  0.38245614  5.83333333 -0.27569228  0.17894737  5.8
  0.39473684  5.93333333 -1.73548877  0.1877193   5.93333333  0.40350877
  5.76666667 -1.82472503]",3916.347011566162
0.199328,[-0.15029919],"[ 0.16842105  5.86666667  0.38245614  5.83333333 -0.27569228  0.17894737
  5.8         0.39473684  5.93333333 -1.73548877  0.1877193   5.93333333
  0.40350877  5.76666667 -1.82472503  0.19649123  5.73333333  0.41052632
  5.8        -1.15029919]",3916.4317276477814
0.20190000000000002,[-0.517085],"[ 0.17894737  5.8         0.39473684  5.93333333 -1.73548877  0.1877193
  5.93333333  0.40350877  5.76666667 -1.82472503  0.19649123  5.73333333
  0.41052632  5.8        -1.15029919  0.20350877  5.6         0.41754386
  5.93333333 -1.51708508]",3916.507166862488
0.20700000000000002,[-0.16018401],"[ 0.1877193   5.93333333  0.40350877  5.76666667 -1.82472503  0.19649123
  5.73333333  0.41052632  5.8        -1.15029919  0.20350877  5.6
  0.41754386  5.93333333 -1.51708508  0.2122807   5.63333333  0.42631579
  5.9        -1.16018403]",3916.593628883362
0.21722400000000003,[-0.9090466],"[ 0.19649123  5.73333333  0.41052632  5.8        -1.15029919  0.20350877
  5.6         0.41754386  5.93333333 -1.51708508  0.2122807   5.63333333
  0.42631579  5.9        -1.16018403  0.22105263  5.66666667  0.43508772
  5.96666667 -1.90904665]",3916.6689281463623
0.23257200000000006,[-0.11485185],"[ 0.20350877  5.6         0.41754386  5.93333333 -1.51708508  0.2122807
  5.63333333  0.42631579  5.9        -1.16018403  0.22105263  5.66666667
  0.43508772  5.96666667 -1.90904665  0.23157895  5.66666667  0.44561404
  6.03333333 -1.11485183]",3916.7536885738373
0.24023999999999995,[-0.31061068],"[ 0.2122807   5.63333333  0.42631579  5.9        -1.16018403  0.22105263
  5.66666667  0.43508772  5.96666667 -1.90904665  0.23157895  5.66666667
  0.44561404  6.03333333 -1.11485183  0.24210526  5.53333333  0.45614035
  6.2        -1.31061065]",3916.8335728645325
0.24792000000000006,[0.5718401],"[ 0.22105263  5.66666667  0.43508772  5.96666667 -1.90904665  0.23157895
  5.66666667  0.44561404  6.03333333 -1.11485183  0.24210526  5.53333333
  0.45614035  6.2        -1.31061065  0.25087719  5.63333333  0.46491228
  6.13333333 -0.42815989]",3916.913387298584
0.25050000000000006,[0.9340025],"[ 0.23157895  5.66666667  0.44561404  6.03333333 -1.11485183  0.24210526
  5.53333333  0.45614035  6.2        -1.31061065  0.25087719  5.63333333
  0.46491228  6.13333333 -0.42815989  0.25789474  5.7         0.47192982
  6.03333333 -0.06599748]",3916.9937949180603
0.24790000000000006,[-0.52538925],"[ 0.24210526  5.53333333  0.45614035  6.2        -1.31061065  0.25087719
  5.63333333  0.46491228  6.13333333 -0.42815989  0.25789474  5.7
  0.47192982  6.03333333 -0.06599748  0.26491228  6.          0.47894737
  5.76666667 -1.52538919]",3917.073618412018
0.24786799999999998,[0.45679313],"[ 0.25087719  5.63333333  0.46491228  6.13333333 -0.42815989  0.25789474
  5.7         0.47192982  6.03333333 -0.06599748  0.26491228  6.
  0.47894737  5.76666667 -1.52538919  0.27192982  6.16666667  0.48421053
  5.63333333 -0.54320687]",3917.146992921829
0.245328,[-0.25243527],"[ 0.25789474  5.7         0.47192982  6.03333333 -0.06599748  0.26491228
  6.          0.47894737  5.76666667 -1.52538919  0.27192982  6.16666667
  0.48421053  5.63333333 -0.54320687  0.27719298  6.1         0.48947368
  5.66666667 -1.25243521]",3917.231666326523
0.24536399999999997,[-0.818502],"[ 0.26491228  6.          0.47894737  5.76666667 -1.52538919  0.27192982
  6.16666667  0.48421053  5.63333333 -0.54320687  0.27719298  6.1
  0.48947368  5.66666667 -1.25243521  0.28421053  6.1         0.49473684
  5.6        -1.81850195]",3917.311650276184
0.240296,[-0.49284926],"[ 0.27192982  6.16666667  0.48421053  5.63333333 -0.54320687  0.27719298
  6.1         0.48947368  5.66666667 -1.25243521  0.28421053  6.1
  0.49473684  5.6        -1.81850195  0.29122807  5.93333333  0.50526316
  5.73333333 -1.49284923]",3917.391515493393
0.25054000000000004,[0.68107694],"[ 0.27719298  6.1         0.48947368  5.66666667 -1.25243521  0.28421053
  6.1         0.49473684  5.6        -1.81850195  0.29122807  5.93333333
  0.50526316  5.73333333 -1.49284923  0.30175439  5.8         0.51578947
  5.9        -0.31892306]",3917.4716975688934
0.23258799999999996,[0.9662623],"[ 0.28421053  6.1         0.49473684  5.6        -1.81850195  0.29122807
  5.93333333  0.50526316  5.73333333 -1.49284923  0.30175439  5.8
  0.51578947  5.9        -0.31892306  0.31052632  5.93333333  0.52807018
  5.83333333 -0.03373772]",3917.551649570465
0.24788799999999997,[-0.29506412],"[ 0.29122807  5.93333333  0.50526316  5.73333333 -1.49284923  0.30175439
  5.8         0.51578947  5.9        -0.31892306  0.31052632  5.93333333
  0.52807018  5.83333333 -0.03373772  0.3245614   6.2         0.53508772
  5.56666667 -1.29506409]",3917.633224964142
0.25299599999999994,[-0.06229968],"[ 0.30175439  5.8         0.51578947  5.9        -0.31892306  0.31052632
  5.93333333  0.52807018  5.83333333 -0.03373772  0.3245614   6.2
  0.53508772  5.56666667 -1.29506409  0.33508772  6.33333333  0.54035088
  5.3        -1.06229973]",3917.713488340378
0.2479,[-0.31280604],"[ 0.31052632  5.93333333  0.52807018  5.83333333 -0.03373772  0.3245614
  6.2         0.53508772  5.56666667 -1.29506409  0.33508772  6.33333333
  0.54035088  5.3        -1.06229973  0.33859649  6.13333333  0.54561404
  5.26666667 -1.31280601]",3917.78720164299
0.23513199999999995,[0.09560689],"[ 0.3245614   6.2         0.53508772  5.56666667 -1.29506409  0.33508772
  6.33333333  0.54035088  5.3        -1.06229973  0.33859649  6.13333333
  0.54561404  5.26666667 -1.31280601  0.34035088  5.96666667  0.55087719
  5.3        -0.90439314]",3917.87171459198
0.235148,[-0.98803556],"[ 0.33508772  6.33333333  0.54035088  5.3        -1.06229973  0.33859649
  6.13333333  0.54561404  5.26666667 -1.31280601  0.34035088  5.96666667
  0.55087719  5.3        -0.90439314  0.34912281  5.96666667  0.55964912
  5.23333333 -1.98803556]",3917.9507970809937
0.23767999999999995,[0.73126805],"[ 0.33859649  6.13333333  0.54561404  5.26666667 -1.31280601  0.34035088
  5.96666667  0.55087719  5.3        -0.90439314  0.34912281  5.96666667
  0.55964912  5.23333333 -1.98803556  0.35964912  5.96666667  0.57017544
  5.2        -0.26873195]",3918.0270187854767
0.24280000000000004,[-0.45677137],"[ 0.34035088  5.96666667  0.55087719  5.3        -0.90439314  0.34912281
  5.96666667  0.55964912  5.23333333 -1.98803556  0.35964912  5.96666667
  0.57017544  5.2        -0.26873195  0.37017544  5.76666667  0.58245614
  5.36666667 -1.45677137]",3918.1099667549133
0.24536000000000002,[-0.24962626],"[ 0.34912281  5.96666667  0.55964912  5.23333333 -1.98803556  0.35964912
  5.96666667  0.57017544  5.2        -0.26873195  0.37017544  5.76666667
  0.58245614  5.36666667 -1.45677137  0.38070175  5.76666667  0.59298246
  5.3        -1.24962628]",3918.187808275223
0.24538000000000001,[-0.59165263],"[ 0.35964912  5.96666667  0.57017544  5.2        -0.26873195  0.37017544
  5.76666667  0.58245614  5.36666667 -1.45677137  0.38070175  5.76666667
  0.59298246  5.3        -1.24962628  0.38947368  5.63333333  0.60175439
  5.23333333 -1.59165263]",3918.271683692932
0.24028399999999994,[0.56481737],"[ 0.37017544  5.76666667  0.58245614  5.36666667 -1.45677137  0.38070175
  5.76666667  0.59298246  5.3        -1.24962628  0.38947368  5.63333333
  0.60175439  5.23333333 -1.59165263  0.39649123  5.5         0.60877193
  5.2        -0.43518263]",3918.3568551540375
0.2326,[-0.89350706],"[ 0.38070175  5.76666667  0.59298246  5.3        -1.24962628  0.38947368
  5.63333333  0.60175439  5.23333333 -1.59165263  0.39649123  5.5
  0.60877193  5.2        -0.43518263  0.40175439  5.5         0.61578947
  5.2        -1.893507  ]",3918.426910638809
0.23257600000000003,[0.13932957],"[ 0.38947368  5.63333333  0.60175439  5.23333333 -1.59165263  0.39649123
  5.5         0.60877193  5.2        -0.43518263  0.40175439  5.5
  0.61578947  5.2        -1.893507    0.41052632  5.8         0.61929825
  5.         -0.86067045]",3918.5071778297424
0.23003199999999996,[-0.9315537],"[ 0.39649123  5.5         0.60877193  5.2        -0.43518263  0.40175439
  5.5         0.61578947  5.2        -1.893507    0.41052632  5.8
  0.61929825  5.         -0.86067045  0.41578947  5.76666667  0.62280702
  4.93333333 -1.93155372]",3918.5930902957916
0.22752799999999995,[0.55827],"[ 0.40175439  5.5         0.61578947  5.2        -1.893507    0.41052632
  5.8         0.61929825  5.         -0.86067045  0.41578947  5.76666667
  0.62280702  4.93333333 -1.93155372  0.42105263  5.63333333  0.62982456
  4.9        -0.44173002]",3918.6736755371094
0.22501599999999997,[-0.26093623],"[ 0.41052632  5.8         0.61929825  5.         -0.86067045  0.41578947
  5.76666667  0.62280702  4.93333333 -1.93155372  0.42105263  5.63333333
  0.62982456  4.9        -0.44173002  0.42631579  5.43333333  0.63859649
  4.96666667 -1.26093626]",3918.74729847908
0.23522400000000004,[-0.6091358],"[ 0.41578947  5.76666667  0.62280702  4.93333333 -1.93155372  0.42105263
  5.63333333  0.62982456  4.9        -0.44173002  0.42631579  5.43333333
  0.63859649  4.96666667 -1.26093626  0.43859649  5.5         0.64912281
  4.8        -1.60913587]",3918.8317260742188
0.24034000000000005,[0.5972934],"[ 0.42105263  5.63333333  0.62982456  4.9        -0.44173002  0.42631579
  5.43333333  0.63859649  4.96666667 -1.26093626  0.43859649  5.5
  0.64912281  4.8        -1.60913587  0.44912281  5.46666667  0.65964912
  4.83333333 -0.40270662]",3918.9133055210114
0.24032400000000004,[-0.6914289],"[ 0.42631579  5.43333333  0.63859649  4.96666667 -1.26093626  0.43859649
  5.5         0.64912281  4.8        -1.60913587  0.44912281  5.46666667
  0.65964912  4.83333333 -0.40270662  0.45614035  5.43333333  0.66666667
  4.9        -1.6914289 ]",3918.9937212467194
0.23518799999999995,[-0.03614688],"[ 0.43859649  5.5         0.64912281  4.8        -1.60913587  0.44912281
  5.46666667  0.65964912  4.83333333 -0.40270662  0.45614035  5.43333333
  0.66666667  4.9        -1.6914289   0.46315789  5.5         0.67017544
  4.66666667 -1.03614688]",3919.0737278461456
0.23010799999999992,[-0.8383084],"[ 0.44912281  5.46666667  0.65964912  4.83333333 -0.40270662  0.45614035
  5.43333333  0.66666667  4.9        -1.6914289   0.46315789  5.5
  0.67017544  4.66666667 -1.03614688  0.46842105  5.36666667  0.67719298
  4.56666667 -1.83830833]",3919.1536486148834
0.21737200000000004,[-0.1107947],"[ 0.45614035  5.43333333  0.66666667  4.9        -1.6914289   0.46315789
  5.5         0.67017544  4.66666667 -1.03614688  0.46842105  5.36666667
  0.67719298  4.56666667 -1.83830833  0.47368421  5.26666667  0.68421053
  4.53333333 -1.11079466]",3919.233758687973
0.21484800000000007,[0.07265768],"[ 0.46315789  5.5         0.67017544  4.66666667 -1.03614688  0.46842105
  5.36666667  0.67719298  4.56666667 -1.83830833  0.47368421  5.26666667
  0.68421053  4.53333333 -1.11079466  0.48245614  5.13333333  0.69298246
  4.6        -0.9273423 ]",3919.313605070114
0.22248,[-0.42152393],"[ 0.46842105  5.36666667  0.67719298  4.56666667 -1.83830833  0.47368421
  5.26666667  0.68421053  4.53333333 -1.11079466  0.48245614  5.13333333
  0.69298246  4.6        -0.9273423   0.49122807  5.23333333  0.70175439
  4.46666667 -1.42152393]",3919.3936562538147
0.232688,[-0.6007794],"[ 0.47368421  5.26666667  0.68421053  4.53333333 -1.11079466  0.48245614
  5.13333333  0.69298246  4.6        -0.9273423   0.49122807  5.23333333
  0.70175439  4.46666667 -1.42152393  0.5         5.2         0.70877193
  4.36666667 -1.60077941]",3919.4739060401917
0.22504399999999986,[0.63633424],"[ 0.48245614  5.13333333  0.69298246  4.6        -0.9273423   0.49122807
  5.23333333  0.70175439  4.46666667 -1.42152393  0.5         5.2
  0.70877193  4.36666667 -1.60077941  0.50350877  5.          0.71403509
  4.46666667 -0.36366576]",3919.5535538196564
0.219944,[-0.6533565],"[ 0.49122807  5.23333333  0.70175439  4.46666667 -1.42152393  0.5
  5.2         0.70877193  4.36666667 -1.60077941  0.50350877  5.
  0.71403509  4.46666667 -0.36366576  0.51052632  4.9         0.72280702
  4.4        -1.65335655]",3919.6337320804596
0.21991200000000002,[-0.28932345],"[ 0.5         5.2         0.70877193  4.36666667 -1.60077941  0.50350877
  5.          0.71403509  4.46666667 -0.36366576  0.51052632  4.9
  0.72280702  4.4        -1.65335655  0.52105263  4.96666667  0.72982456
  4.13333333 -1.28932345]",3919.713541030884
0.21481199999999995,[0.8397568],"[ 0.50350877  5.          0.71403509  4.46666667 -0.36366576  0.51052632
  4.9         0.72280702  4.4        -1.65335655  0.52105263  4.96666667
  0.72982456  4.13333333 -1.28932345  0.52807018  4.86666667  0.73859649
  4.2        -0.16024321]",3919.7936601638794
0.212248,[0.17336465],"[ 0.51052632  4.9         0.72280702  4.4        -1.65335655  0.52105263
  4.96666667  0.72982456  4.13333333 -1.28932345  0.52807018  4.86666667
  0.73859649  4.2        -0.16024321  0.53508772  4.8         0.74561404
  4.16666667 -0.82663536]",3919.8735535144806
0.21477600000000008,[-0.7634291],"[ 0.52105263  4.96666667  0.72982456  4.13333333 -1.28932345  0.52807018
  4.86666667  0.73859649  4.2        -0.16024321  0.53508772  4.8
  0.74561404  4.16666667 -0.82663536  0.54385965  4.9         0.75087719
  3.83333333 -1.76342916]",3919.953663110733
0.21222800000000008,[0.369571],"[ 0.52807018  4.86666667  0.73859649  4.2        -0.16024321  0.53508772
  4.8         0.74561404  4.16666667 -0.82663536  0.54385965  4.9
  0.75087719  3.83333333 -1.76342916  0.54736842  4.83333333  0.75614035
  3.9        -0.63042903]",3920.033560037613
0.2071719999999999,[-0.8436989],"[ 0.53508772  4.8         0.74561404  4.16666667 -0.82663536  0.54385965
  4.9         0.75087719  3.83333333 -1.76342916  0.54736842  4.83333333
  0.75614035  3.9        -0.63042903  0.55263158  4.66666667  0.76491228
  4.13333333 -1.84369898]",3920.1134345531464
0.214832,[-0.8330888],"[ 0.54385965  4.9         0.75087719  3.83333333 -1.76342916  0.54736842
  4.83333333  0.75614035  3.9        -0.63042903  0.55263158  4.66666667
  0.76491228  4.13333333 -1.84369898  0.56315789  4.7         0.77368421
  4.1        -1.83308887]",3920.1936473846436
0.21995200000000006,[0.29618746],"[ 0.54736842  4.83333333  0.75614035  3.9        -0.63042903  0.55263158
  4.66666667  0.76491228  4.13333333 -1.84369898  0.56315789  4.7
  0.77368421  4.1        -1.83308887  0.57192982  4.5         0.78421053
  4.23333333 -0.70381254]",3920.2739067077637
0.22505200000000009,[-0.11777752],"[ 0.55263158  4.66666667  0.76491228  4.13333333 -1.84369898  0.56315789
  4.7         0.77368421  4.1        -1.83308887  0.57192982  4.5
  0.78421053  4.23333333 -0.70381254  0.58070175  4.4         0.79473684
  4.36666667 -1.11777747]",3920.3536138534546
0.21993600000000005,[0.6732591],"[ 0.56315789  4.7         0.77368421  4.1        -1.83308887  0.57192982
  4.5         0.78421053  4.23333333 -0.70381254  0.58070175  4.4
  0.79473684  4.36666667 -1.11777747  0.58947368  4.5         0.80175439
  4.23333333 -0.32674092]",3920.433662414551
0.21481599999999998,[-0.67858243],"[ 0.57192982  4.5         0.78421053  4.23333333 -0.70381254  0.58070175
  4.4         0.79473684  4.36666667 -1.11777747  0.58947368  4.5
  0.80175439  4.23333333 -0.32674092  0.59649123  4.53333333  0.80877193
  4.1        -1.67858243]",3920.513814687729
0.214804,[0.32546046],"[ 0.58070175  4.4         0.79473684  4.36666667 -1.11777747  0.58947368
  4.5         0.80175439  4.23333333 -0.32674092  0.59649123  4.53333333
  0.80877193  4.1        -1.67858243  0.60350877  4.6         0.81403509
  3.93333333 -0.67453957]",3920.5937824249268
0.21226400000000006,[-0.3046132],"[ 0.58947368  4.5         0.80175439  4.23333333 -0.32674092  0.59649123
  4.53333333  0.80877193  4.1        -1.67858243  0.60350877  4.6
  0.81403509  3.93333333 -0.67453957  0.60877193  4.53333333  0.82105263
  3.96666667 -1.30461323]",3920.6736862659454
0.21992000000000003,[-0.8692392],"[ 0.59649123  4.53333333  0.80877193  4.1        -1.67858243  0.60350877
  4.6         0.81403509  3.93333333 -0.67453957  0.60877193  4.53333333
  0.82105263  3.96666667 -1.30461323  0.61929825  4.5         0.82982456
  3.9        -1.86923921]",3920.753466129303
0.22248400000000004,[0.44211265],"[ 0.60350877  4.6         0.81403509  3.93333333 -0.67453957  0.60877193
  4.53333333  0.82105263  3.96666667 -1.30461323  0.61929825  4.5
  0.82982456  3.9        -1.86923921  0.62631579  4.33333333  0.84035088
  4.06666667 -0.55788732]",3920.833583831787
0.21992399999999995,[-0.42687216],"[ 0.60877193  4.53333333  0.82105263  3.96666667 -1.30461323  0.61929825
  4.5         0.82982456  3.9        -1.86923921  0.62631579  4.33333333
  0.84035088  4.06666667 -0.55788732  0.63333333  4.23333333  0.84736842
  4.26666667 -1.42687213]",3920.913601398468
0.21991999999999998,[0.9510422],"[ 0.61929825  4.5         0.82982456  3.9        -1.86923921  0.62631579
  4.33333333  0.84035088  4.06666667 -0.55788732  0.63333333  4.23333333
  0.84736842  4.26666667 -1.42687213  0.64210526  4.36666667  0.85438596
  4.2        -0.04895782]",3920.9936504364014
0.21736,[-0.43002778],"[ 0.62631579  4.33333333  0.84035088  4.06666667 -0.55788732  0.63333333
  4.23333333  0.84736842  4.26666667 -1.42687213  0.64210526  4.36666667
  0.85438596  4.2        -0.04895782  0.64912281  4.36666667  0.86140351
  4.2        -1.43002772]",3921.0735082626343
0.22498800000000005,[-0.72509325],"[ 0.63333333  4.23333333  0.84736842  4.26666667 -1.42687213  0.64210526
  4.36666667  0.85438596  4.2        -0.04895782  0.64912281  4.36666667
  0.86140351  4.2        -1.43002772  0.65789474  4.5         0.86842105
  4.         -1.72509325]",3921.153711080551
0.22499199999999994,[-0.19693829],"[ 0.64210526  4.36666667  0.85438596  4.2        -0.04895782  0.64912281
  4.36666667  0.86140351  4.2        -1.43002772  0.65789474  4.5
  0.86842105  4.         -1.72509325  0.66491228  4.36666667  0.87894737
  4.1        -1.19693828]",3921.2337789535522
0.22247200000000006,[-0.5842768],"[ 0.64912281  4.36666667  0.86140351  4.2        -1.43002772  0.65789474
  4.5         0.86842105  4.         -1.72509325  0.66491228  4.36666667
  0.87894737  4.1        -1.19693828  0.67368421  4.13333333  0.8877193
  4.26666667 -1.5842768 ]",3921.3136262893677
0.22501599999999997,[-0.08518528],"[ 0.65789474  4.5         0.86842105  4.         -1.72509325  0.66491228
  4.36666667  0.87894737  4.1        -1.19693828  0.67368421  4.13333333
  0.8877193   4.26666667 -1.5842768   0.68245614  4.13333333  0.89649123
  4.26666667 -1.08518529]",3921.3936512470245
0.23012799999999994,[-0.7152953],"[ 0.66491228  4.36666667  0.87894737  4.1        -1.19693828  0.67368421
  4.13333333  0.8877193   4.26666667 -1.5842768   0.68245614  4.13333333
  0.89649123  4.26666667 -1.08518529  0.69298246  4.06666667  0.90526316
  4.36666667 -1.71529531]",3921.4735090732574
0.22758799999999998,[-0.73262984],"[ 0.67368421  4.13333333  0.8877193   4.26666667 -1.5842768   0.68245614
  4.13333333  0.89649123  4.26666667 -1.08518529  0.69298246  4.06666667
  0.90526316  4.36666667 -1.71529531  0.7         4.03333333  0.91403509
  4.36666667 -1.73262978]",3921.553647994995
0.23782399999999995,[-0.15092911],"[ 0.68245614  4.13333333  0.89649123  4.26666667 -1.08518529  0.69298246
  4.06666667  0.90526316  4.36666667 -1.71529531  0.7         4.03333333
  0.91403509  4.36666667 -1.73262978  0.71052632  3.86666667  0.92105263
  4.53333333 -1.15092909]",3921.6336102485657
0.24291200000000016,[-0.66151625],"[ 0.69298246  4.06666667  0.90526316  4.36666667 -1.71529531  0.7
  4.03333333  0.91403509  4.36666667 -1.73262978  0.71052632  3.86666667
  0.92105263  4.53333333 -1.15092909  0.71929825  3.9         0.92982456
  4.63333333 -1.66151619]",3921.7137665748596
0.23779600000000012,[0.04921938],"[ 0.7         4.03333333  0.91403509  4.36666667 -1.73262978  0.71052632
  3.86666667  0.92105263  4.53333333 -1.15092909  0.71929825  3.9
  0.92982456  4.63333333 -1.66151619  0.72631579  3.96666667  0.93684211
  4.63333333 -0.95078063]",3921.793185710907
0.23522399999999988,[-0.28601882],"[ 0.71052632  3.86666667  0.92105263  4.53333333 -1.15092909  0.71929825
  3.9         0.92982456  4.63333333 -1.66151619  0.72631579  3.96666667
  0.93684211  4.63333333 -0.95078063  0.73333333  3.9         0.94210526
  4.73333333 -1.28601885]",3921.8674745559692
0.22752800000000004,[0.6548346],"[ 0.71929825  3.9         0.92982456  4.63333333 -1.66151619  0.72631579
  3.96666667  0.93684211  4.63333333 -0.95078063  0.73333333  3.9
  0.94210526  4.73333333 -1.28601885  0.73684211  4.03333333  0.94912281
  4.7        -0.34516537]",3921.9471230506897
0.22497199999999995,[-0.416159],"[ 0.72631579  3.96666667  0.93684211  4.63333333 -0.95078063  0.73333333
  3.9         0.94210526  4.73333333 -1.28601885  0.73684211  4.03333333
  0.94912281  4.7        -0.34516537  0.74385965  4.13333333  0.95614035
  4.7        -1.41615903]",3922.031691789627
0.22495600000000007,[-0.45962578],"[ 0.73333333  3.9         0.94210526  4.73333333 -1.28601885  0.73684211
  4.03333333  0.94912281  4.7        -0.34516537  0.74385965  4.13333333
  0.95614035  4.7        -1.41615903  0.75087719  4.3         0.96315789
  4.6        -1.45962572]",3922.1131904125214
0.22497999999999987,[0.70338666],"[ 0.73684211  4.03333333  0.94912281  4.7        -0.34516537  0.74385965
  4.13333333  0.95614035  4.7        -1.41615903  0.75087719  4.3
  0.96315789  4.6        -1.45962572  0.75789474  4.16666667  0.96842105
  4.76666667 -0.29661334]",3922.1869237422943
0.22753200000000007,[0.54052186],"[ 0.74385965  4.13333333  0.95614035  4.7        -1.41615903  0.75087719
  4.3         0.96315789  4.6        -1.45962572  0.75789474  4.16666667
  0.96842105  4.76666667 -0.29661334  0.76491228  4.13333333  0.97368421
  4.9        -0.45947814]",3922.2715849876404
0.222384,[-0.7720121],"[ 0.75087719  4.3         0.96315789  4.6        -1.45962572  0.75789474
  4.16666667  0.96842105  4.76666667 -0.29661334  0.76491228  4.13333333
  0.97368421  4.9        -0.45947814  0.77192982  4.4         0.98596491
  4.7        -1.77201211]",3922.3535120487213
0.2223520000000001,[0.9280597],"[ 0.75789474  4.16666667  0.96842105  4.76666667 -0.29661334  0.76491228
  4.13333333  0.97368421  4.9        -0.45947814  0.77192982  4.4
  0.98596491  4.7        -1.77201211  0.77894737  4.5         0.99298246
  4.6        -0.0719403 ]",3922.433039665222
0.22235199999999997,[0.33941165],"[ 0.76491228  4.13333333  0.97368421  4.9        -0.45947814  0.77192982
  4.4         0.98596491  4.7        -1.77201211  0.77894737  4.5
  0.99298246  4.6        -0.0719403   0.78596491  4.4         0.99824561
  4.8        -0.66058838]",3922.5137689113617
0.2223479999999999,[-0.9628718],"[ 0.77192982  4.4         0.98596491  4.7        -1.77201211  0.77894737
  4.5         0.99298246  4.6        -0.0719403   0.78596491  4.4
  0.99824561  4.8        -0.66058838  0.79473684  4.56666667  1.00877193
  4.7        -1.96287179]",3922.59374499321
0.22744799999999996,[0.92623234],"[ 0.77894737  4.5         0.99298246  4.6        -0.0719403   0.78596491
  4.4         0.99824561  4.8        -0.66058838  0.79473684  4.56666667
  1.00877193  4.7        -1.96287179  0.80526316  4.66666667  1.01929825
  4.66666667 -0.07376766]",3922.6737389564514
0.23003999999999994,[0.02755585],"[ 0.78596491  4.4         0.99824561  4.8        -0.66058838  0.79473684
  4.56666667  1.00877193  4.7        -1.96287179  0.80526316  4.66666667
  1.01929825  4.66666667 -0.07376766  0.81578947  4.5         1.02807018
  4.86666667 -0.97244418]",3922.753734111786
0.230008,[0.70135176],"[ 0.79473684  4.56666667  1.00877193  4.7        -1.96287179  0.80526316
  4.66666667  1.01929825  4.66666667 -0.07376766  0.81578947  4.5
  1.02807018  4.86666667 -0.97244418  0.82280702  4.63333333  1.03684211
  4.8        -0.29864824]",3922.8338289260864
0.23251600000000008,[-0.86951077],"[ 0.80526316  4.66666667  1.01929825  4.66666667 -0.07376766  0.81578947
  4.5         1.02807018  4.86666667 -0.97244418  0.82280702  4.63333333
  1.03684211  4.8        -0.29864824  0.83333333  4.8         1.04736842
  4.7        -1.86951077]",3922.913566827774
0.2325,[0.71210647],"[ 0.81578947  4.5         1.02807018  4.86666667 -0.97244418  0.82280702
  4.63333333  1.03684211  4.8        -0.29864824  0.83333333  4.8
  1.04736842  4.7        -1.86951077  0.84210526  4.93333333  1.05438596
  4.56666667 -0.28789353]",3922.993630886078
0.22738800000000015,[-0.6977421],"[ 0.82280702  4.63333333  1.03684211  4.8        -0.29864824  0.83333333
  4.8         1.04736842  4.7        -1.86951077  0.84210526  4.93333333
  1.05438596  4.56666667 -0.28789353  0.84912281  4.86666667  1.06140351
  4.66666667 -1.6977421 ]",3923.0737929344177
0.22737600000000002,[0.50266737],"[ 0.83333333  4.8         1.04736842  4.7        -1.86951077  0.84210526
  4.93333333  1.05438596  4.56666667 -0.28789353  0.84912281  4.86666667
  1.06140351  4.66666667 -1.6977421   0.85614035  4.93333333  1.07017544
  4.63333333 -0.49733263]",3923.1548178195953
0.22736400000000012,[0.12745309],"[ 0.84210526  4.93333333  1.05438596  4.56666667 -0.28789353  0.84912281
  4.86666667  1.06140351  4.66666667 -1.6977421   0.85614035  4.93333333
  1.07017544  4.63333333 -0.49733263  0.86666667  4.86666667  1.07894737
  4.66666667 -0.87254691]",3923.2336592674255
0.22736,[0.31951162],"[ 0.84912281  4.86666667  1.06140351  4.66666667 -1.6977421   0.85614035
  4.93333333  1.07017544  4.63333333 -0.49733263  0.86666667  4.86666667
  1.07894737  4.66666667 -0.87254691  0.8754386   4.93333333  1.08947368
  4.56666667 -0.68048835]",3923.3136801719666
0.2299119999999999,[-0.6335777],"[ 0.85614035  4.93333333  1.07017544  4.63333333 -0.49733263  0.86666667
  4.86666667  1.07894737  4.66666667 -0.87254691  0.8754386   4.93333333
  1.08947368  4.56666667 -0.68048835  0.88421053  5.03333333  1.09649123
  4.5        -1.6335777 ]",3923.3935916423798
0.22991200000000012,[0.48582888],"[ 0.86666667  4.86666667  1.07894737  4.66666667 -0.87254691  0.8754386
  4.93333333  1.08947368  4.56666667 -0.68048835  0.88421053  5.03333333
  1.09649123  4.5        -1.6335777   0.89122807  4.96666667  1.10350877
  4.5        -0.51417112]",3923.4736309051514
0.2299399999999998,[-0.5191517],"[ 0.8754386   4.93333333  1.08947368  4.56666667 -0.68048835  0.88421053
  5.03333333  1.09649123  4.5        -1.6335777   0.89122807  4.96666667
  1.10350877  4.5        -0.51417112  0.89473684  4.86666667  1.10701754
  4.66666667 -1.51915169]",3923.553701400757
0.22994399999999993,[0.79785746],"[ 0.88421053  5.03333333  1.09649123  4.5        -1.6335777   0.89122807
  4.96666667  1.10350877  4.5        -0.51417112  0.89473684  4.86666667
  1.10701754  4.66666667 -1.51915169  0.90175439  4.93333333  1.11052632
  4.56666667 -0.20214254]",3923.6335742473602
0.22996799999999995,[0.41085717],"[ 0.89122807  4.96666667  1.10350877  4.5        -0.51417112  0.89473684
  4.86666667  1.10701754  4.66666667 -1.51915169  0.90175439  4.93333333
  1.11052632  4.56666667 -0.20214254  0.90877193  4.9         1.1122807
  4.6        -0.5891428 ]",3923.7136614322662
0.22993200000000003,[-0.06779578],"[ 0.89473684  4.86666667  1.10701754  4.66666667 -1.51915169  0.90175439
  4.93333333  1.11052632  4.56666667 -0.20214254  0.90877193  4.9
  1.1122807   4.6        -0.5891428   0.91578947  5.06666667  1.11578947
  4.46666667 -1.06779575]",3923.793583869934
0.22993200000000003,[-0.65007067],"[ 9.01754386e-01  4.93333333e+00  1.11052632e+00  4.56666667e+00
 -2.02142537e-01  9.08771930e-01  4.90000000e+00  1.11228070e+00
  4.60000000e+00 -5.89142799e-01  9.15789474e-01  5.06666667e+00
  1.11578947e+00  4.46666667e+00 -1.06779575e+00  9.22807018e-01
  5.06666667e+00 -1.75438596e-03  3.30000000e+00 -1.65007067e+00]",3923.8732118606567
