reward,action,obs,time
,,"[0.         0.         0.         0.         0.         0.
 0.         0.         0.         0.         0.         0.
 0.         0.         0.         0.02982456 5.56666667 0.24385965
 5.46666667 0.        ]",1420.0307562351227
0.0025279999999999955,[0.35329372],"[ 0.          0.          0.          0.          0.          0.
  0.          0.          0.          0.          0.02982456  5.56666667
  0.24385965  5.46666667  0.          0.03157895  5.8         0.24385965
  5.33333333 -0.64670628]",1420.0825972557068
1.5999999999995185e-05,[-0.48392722],"[ 0.          0.          0.          0.          0.          0.02982456
  5.56666667  0.24385965  5.46666667  0.          0.03157895  5.8
  0.24385965  5.33333333 -0.64670628  0.02982456  5.43333333  0.24385965
  5.5        -1.48392725]",1420.138566493988
0.0025439999999999977,[0.00407974],"[ 0.02982456  5.56666667  0.24385965  5.46666667  0.          0.03157895
  5.8         0.24385965  5.33333333 -0.64670628  0.02982456  5.43333333
  0.24385965  5.5        -1.48392725  0.03157895  5.66666667  0.24385965
  5.4        -0.99592024]",1420.1830015182495
-1.2000000000005062e-05,[0.918843],"[ 0.03157895  5.8         0.24385965  5.33333333 -0.64670628  0.02982456
  5.43333333  0.24385965  5.5        -1.48392725  0.03157895  5.66666667
  0.24385965  5.4        -0.99592024  0.02982456  5.66666667  0.24385965
  5.4        -0.08115703]",1420.2368326187134
-1.2000000000005062e-05,[0.67344505],"[ 0.02982456  5.43333333  0.24385965  5.5        -1.48392725  0.03157895
  5.66666667  0.24385965  5.4        -0.99592024  0.02982456  5.66666667
  0.24385965  5.4        -0.08115703  0.02982456  5.66666667  0.24385965
  5.4        -0.32655495]",1420.283493757248
0.0025359999999999966,[0.6016751],"[ 0.03157895  5.66666667  0.24385965  5.4        -0.99592024  0.02982456
  5.66666667  0.24385965  5.4        -0.08115703  0.02982456  5.66666667
  0.24385965  5.4        -0.32655495  0.03157895  5.73333333  0.24561404
  5.36666667 -0.39832491]",1420.334822177887
0.0025479999999999947,[0.882942],"[ 0.02982456  5.66666667  0.24385965  5.4        -0.08115703  0.02982456
  5.66666667  0.24385965  5.4        -0.32655495  0.03157895  5.73333333
  0.24561404  5.36666667 -0.39832491  0.03157895  5.63333333  0.24561404
  5.46666667 -0.11705798]",1420.3833882808685
0.007639999999999994,[0.6470306],"[ 0.02982456  5.66666667  0.24385965  5.4        -0.32655495  0.03157895
  5.73333333  0.24561404  5.36666667 -0.39832491  0.03157895  5.63333333
  0.24561404  5.46666667 -0.11705798  0.03508772  5.8         0.24561404
  5.23333333 -0.35296941]",1420.439539194107
0.012731999999999999,[0.2961618],"[ 0.03157895  5.73333333  0.24561404  5.36666667 -0.39832491  0.03157895
  5.63333333  0.24561404  5.46666667 -0.11705798  0.03508772  5.8
  0.24561404  5.23333333 -0.35296941  0.03859649  5.96666667  0.24561404
  5.06666667 -0.70383823]",1420.490270614624
0.017831999999999997,[-0.15113698],"[ 0.03157895  5.63333333  0.24561404  5.46666667 -0.11705798  0.03508772
  5.8         0.24561404  5.23333333 -0.35296941  0.03859649  5.96666667
  0.24561404  5.06666667 -0.70383823  0.04210526  6.06666667  0.24736842
  4.96666667 -1.15113699]",1420.5482063293457
0.015287999999999993,[0.53043085],"[ 0.03508772  5.8         0.24561404  5.23333333 -0.35296941  0.03859649
  5.96666667  0.24561404  5.06666667 -0.70383823  0.04210526  6.06666667
  0.24736842  4.96666667 -1.15113699  0.04035088  5.96666667  0.24736842
  5.03333333 -0.46956915]",1420.6258339881897
0.020407999999999992,[-0.3653257],"[ 0.03859649  5.96666667  0.24561404  5.06666667 -0.70383823  0.04210526
  6.06666667  0.24736842  4.96666667 -1.15113699  0.04035088  5.96666667
  0.24736842  5.03333333 -0.46956915  0.04385965  5.9         0.25087719
  5.06666667 -1.36532569]",1420.7073991298676
0.030619999999999998,[-0.27228358],"[ 0.04210526  6.06666667  0.24736842  4.96666667 -1.15113699  0.04035088
  5.96666667  0.24736842  5.03333333 -0.46956915  0.04385965  5.9
  0.25087719  5.06666667 -1.36532569  0.05087719  6.          0.25438596
  4.9        -1.27228355]",1420.7862753868103
0.033196,[-0.77057827],"[ 0.04035088  5.96666667  0.24736842  5.03333333 -0.46956915  0.04385965
  5.9         0.25087719  5.06666667 -1.36532569  0.05087719  6.
  0.25438596  4.9        -1.27228355  0.05263158  5.83333333  0.25964912
  4.96666667 -1.77057827]",1420.8705639839172
0.04088,[0.4303487],"[ 0.04385965  5.9         0.25087719  5.06666667 -1.36532569  0.05087719
  6.          0.25438596  4.9        -1.27228355  0.05263158  5.83333333
  0.25964912  4.96666667 -1.77057827  0.05789474  5.7         0.26842105
  5.1        -0.56965131]",1420.9458434581757
0.048568,[0.78493154],"[ 0.05087719  6.          0.25438596  4.9        -1.27228355  0.05263158
  5.83333333  0.25964912  4.96666667 -1.77057827  0.05789474  5.7
  0.26842105  5.1        -0.56965131  0.06315789  5.53333333  0.2754386
  5.16666667 -0.21506846]",1421.0281710624695
0.061324000000000004,[-0.3028723],"[ 0.05263158  5.83333333  0.25964912  4.96666667 -1.77057827  0.05789474
  5.7         0.26842105  5.1        -0.56965131  0.06315789  5.53333333
  0.2754386   5.16666667 -0.21506846  0.07192982  5.73333333  0.28070175
  4.83333333 -1.3028723 ]",1421.1076500415802
0.074084,[-0.5587635],"[ 0.05789474  5.7         0.26842105  5.1        -0.56965131  0.06315789
  5.53333333  0.2754386   5.16666667 -0.21506846  0.07192982  5.73333333
  0.28070175  4.83333333 -1.3028723   0.08070175  5.9         0.28070175
  4.5        -1.5587635 ]",1421.1862602233887
0.076656,[0.9356825],"[ 0.06315789  5.53333333  0.2754386   5.16666667 -0.21506846  0.07192982
  5.73333333  0.28070175  4.83333333 -1.3028723   0.08070175  5.9
  0.28070175  4.5        -1.5587635   0.08245614  5.76666667  0.28245614
  4.56666667 -0.06431752]",1421.2653958797455
0.07922799999999999,[-0.39126477],"[ 0.07192982  5.73333333  0.28070175  4.83333333 -1.3028723   0.08070175
  5.9         0.28070175  4.5        -1.5587635   0.08245614  5.76666667
  0.28245614  4.56666667 -0.06431752  0.08421053  5.63333333  0.28947368
  4.66666667 -1.3912648 ]",1421.348947763443
0.09713599999999999,[0.26960206],"[ 0.08070175  5.9         0.28070175  4.5        -1.5587635   0.08245614
  5.76666667  0.28245614  4.56666667 -0.06431752  0.08421053  5.63333333
  0.28947368  4.66666667 -1.3912648   0.09824561  5.73333333  0.29473684
  4.4        -0.73039794]",1421.430808544159
0.10988399999999998,[-0.5934472],"[ 0.08245614  5.76666667  0.28245614  4.56666667 -0.06431752  0.08421053
  5.63333333  0.28947368  4.66666667 -1.3912648   0.09824561  5.73333333
  0.29473684  4.4        -0.73039794  0.10526316  5.63333333  0.30701754
  4.3        -1.59344721]",1421.506017446518
0.11757999999999999,[-0.42342716],"[ 0.08421053  5.63333333  0.28947368  4.66666667 -1.3912648   0.09824561
  5.73333333  0.29473684  4.4        -0.73039794  0.10526316  5.63333333
  0.30701754  4.3        -1.59344721  0.1122807   5.63333333  0.32105263
  4.2        -1.4234271 ]",1421.5919284820557
0.163612,[0.17368473],"[ 0.09824561  5.73333333  0.29473684  4.4        -0.73039794  0.10526316
  5.63333333  0.30701754  4.3        -1.59344721  0.1122807   5.63333333
  0.32105263  4.2        -1.4234271   0.14210526  5.43333333  0.33508772
  4.23333333 -0.82631528]",1421.6699314117432
0.16874,[0.00132569],"[ 0.10526316  5.63333333  0.30701754  4.3        -1.59344721  0.1122807
  5.63333333  0.32105263  4.2        -1.4234271   0.14210526  5.43333333
  0.33508772  4.23333333 -0.82631528  0.14561404  5.3         0.34385965
  4.1        -0.99867433]",1421.7501611709595
0.176424,[-0.80933666],"[ 0.1122807   5.63333333  0.32105263  4.2        -1.4234271   0.14210526
  5.43333333  0.33508772  4.23333333 -0.82631528  0.14561404  5.3
  0.34385965  4.1        -0.99867433  0.15263158  5.23333333  0.34736842
  3.8        -1.80933666]",1421.829668045044
0.17897600000000002,[-0.921232],"[ 0.14210526  5.43333333  0.33508772  4.23333333 -0.82631528  0.14561404
  5.3         0.34385965  4.1        -0.99867433  0.15263158  5.23333333
  0.34736842  3.8        -1.80933666  0.15438596  5.16666667  0.35263158
  3.76666667 -1.92123199]",1421.9064524173737
0.176468,[0.51054096],"[ 0.14561404  5.3         0.34385965  4.1        -0.99867433  0.15263158
  5.23333333  0.34736842  3.8        -1.80933666  0.15438596  5.16666667
  0.35263158  3.76666667 -1.92123199  0.15614035  4.93333333  0.35964912
  3.96666667 -0.48945904]",1421.9970617294312
0.17906000000000002,[-0.6650492],"[ 0.15263158  5.23333333  0.34736842  3.8        -1.80933666  0.15438596
  5.16666667  0.35263158  3.76666667 -1.92123199  0.15614035  4.93333333
  0.35964912  3.96666667 -0.48945904  0.16140351  4.8         0.36491228
  3.96666667 -1.6650492 ]",1422.067881345749
0.184196,[-0.99821854],"[ 0.15438596  5.16666667  0.35263158  3.76666667 -1.92123199  0.15614035
  4.93333333  0.35964912  3.96666667 -0.48945904  0.16140351  4.8
  0.36491228  3.96666667 -1.6650492   0.16842105  4.7         0.37192982
  3.76666667 -1.99821854]",1422.1460394859314
0.19443200000000002,[-0.14481197],"[ 0.15614035  4.93333333  0.35964912  3.96666667 -0.48945904  0.16140351
  4.8         0.36491228  3.96666667 -1.6650492   0.16842105  4.7
  0.37192982  3.76666667 -1.99821854  0.17368421  4.5         0.38421053
  3.9        -1.14481199]",1422.226036787033
0.20467600000000002,[0.67000884],"[ 0.16140351  4.8         0.36491228  3.96666667 -1.6650492   0.16842105
  4.7         0.37192982  3.76666667 -1.99821854  0.17368421  4.5
  0.38421053  3.9        -1.14481199  0.18421053  4.26666667  0.39649123
  4.03333333 -0.32999116]",1422.3070449829102
0.20979600000000004,[-0.5892999],"[ 0.16842105  4.7         0.37192982  3.76666667 -1.99821854  0.17368421
  4.5         0.38421053  3.9        -1.14481199  0.18421053  4.26666667
  0.39649123  4.03333333 -0.32999116  0.19473684  4.3         0.40526316
  3.76666667 -1.58929992]",1422.391878604889
0.21997600000000003,[0.7683403],"[ 0.17368421  4.5         0.38421053  3.9        -1.14481199  0.18421053
  4.26666667  0.39649123  4.03333333 -0.32999116  0.19473684  4.3
  0.40526316  3.76666667 -1.58929992  0.20350877  4.5         0.4122807
  3.66666667 -0.23165971]",1422.466106891632
0.21996399999999997,[0.01022684],"[ 0.18421053  4.26666667  0.39649123  4.03333333 -0.32999116  0.19473684
  4.3         0.40526316  3.76666667 -1.58929992  0.20350877  4.5
  0.4122807   3.66666667 -0.23165971  0.20877193  4.46666667  0.41929825
  3.86666667 -0.98977315]",1422.5460224151611
0.22249600000000003,[0.32581946],"[ 0.19473684  4.3         0.40526316  3.76666667 -1.58929992  0.20350877
  4.5         0.4122807   3.66666667 -0.23165971  0.20877193  4.46666667
  0.41929825  3.86666667 -0.98977315  0.21578947  4.5         0.4245614
  3.76666667 -0.67418051]",1422.6320827007294
0.222516,[-0.43371466],"[ 0.20350877  4.5         0.4122807   3.66666667 -0.23165971  0.20877193
  4.46666667  0.41929825  3.86666667 -0.98977315  0.21578947  4.5
  0.4245614   3.76666667 -0.67418051  0.2245614   4.53333333  0.43508772
  3.76666667 -1.43371463]",1422.7063627243042
0.219976,[0.31743225],"[ 0.20877193  4.46666667  0.41929825  3.86666667 -0.98977315  0.21578947
  4.5         0.4245614   3.76666667 -0.67418051  0.2245614   4.53333333
  0.43508772  3.76666667 -1.43371463  0.23157895  4.56666667  0.44561404
  3.9        -0.68256772]",1422.7920973300934
0.230196,[-0.34461296],"[ 0.21578947  4.5         0.4245614   3.76666667 -0.67418051  0.2245614
  4.53333333  0.43508772  3.76666667 -1.43371463  0.23157895  4.56666667
  0.44561404  3.9        -0.68256772  0.24035088  4.46666667  0.45263158
  4.06666667 -1.34461296]",1422.8758399486542
0.235288,[-0.9332609],"[ 0.2245614   4.53333333  0.43508772  3.76666667 -1.43371463  0.23157895
  4.56666667  0.44561404  3.9        -0.68256772  0.24035088  4.46666667
  0.45263158  4.06666667 -1.34461296  0.24561404  4.5         0.45964912
  3.96666667 -1.93326092]",1422.9519720077515
0.22254000000000002,[-0.6119927],"[ 0.23157895  4.56666667  0.44561404  3.9        -0.68256772  0.24035088
  4.46666667  0.45263158  4.06666667 -1.34461296  0.24561404  4.5
  0.45964912  3.96666667 -1.93326092  0.25087719  4.33333333  0.46491228
  4.13333333 -1.61199272]",1423.0260951519012
0.22254400000000002,[-0.07071187],"[ 0.24035088  4.46666667  0.45263158  4.06666667 -1.34461296  0.24561404
  4.5         0.45964912  3.96666667 -1.93326092  0.25087719  4.33333333
  0.46491228  4.13333333 -1.61199272  0.25789474  4.2         0.47192982
  4.46666667 -1.07071185]",1423.106803894043
0.21998,[0.98414457],"[ 0.24561404  4.5         0.45964912  3.96666667 -1.93326092  0.25087719
  4.33333333  0.46491228  4.13333333 -1.61199272  0.25789474  4.2
  0.47192982  4.46666667 -1.07071185  0.26315789  4.26666667  0.47894737
  4.5        -0.01585543]",1423.1860709190369
0.191824,[0.6050001],"[ 0.25087719  4.33333333  0.46491228  4.13333333 -1.61199272  0.25789474
  4.2         0.47192982  4.46666667 -1.07071185  0.26315789  4.26666667
  0.47894737  4.5        -0.01585543  0.27368421  4.4         0.48947368
  4.33333333 -0.39499992]",1423.2740497589111
0.199452,[-0.70944595],"[ 0.25789474  4.2         0.47192982  4.46666667 -1.07071185  0.26315789
  4.26666667  0.47894737  4.5        -0.01585543  0.27368421  4.4
  0.48947368  4.33333333 -0.39499992  0.28245614  4.6         0.49649123
  4.13333333 -1.70944595]",1423.3502786159515
0.199436,[0.83685046],"[ 0.26315789  4.26666667  0.47894737  4.5        -0.01585543  0.27368421
  4.4         0.48947368  4.33333333 -0.39499992  0.28245614  4.6
  0.49649123  4.13333333 -1.70944595  0.28947368  4.66666667  0.50175439
  4.13333333 -0.16314954]",1423.4261364936829
0.20455199999999998,[-0.4847867],"[ 0.27368421  4.4         0.48947368  4.33333333 -0.39499992  0.28245614
  4.6         0.49649123  4.13333333 -1.70944595  0.28947368  4.66666667
  0.50175439  4.13333333 -0.16314954  0.29473684  4.56666667  0.50701754
  4.26666667 -1.48478675]",1423.5122292041779
0.21473599999999998,[0.70656806],"[ 0.28245614  4.6         0.49649123  4.13333333 -1.70944595  0.28947368
  4.66666667  0.50175439  4.13333333 -0.16314954  0.29473684  4.56666667
  0.50701754  4.26666667 -1.48478675  0.30350877  4.66666667  0.51578947
  4.16666667 -0.29343194]",1423.5921685695648
0.21983599999999998,[-0.43127427],"[ 0.28947368  4.66666667  0.50175439  4.13333333 -0.16314954  0.29473684
  4.56666667  0.50701754  4.26666667 -1.48478675  0.30350877  4.66666667
  0.51578947  4.16666667 -0.29343194  0.3122807   4.63333333  0.5245614
  4.26666667 -1.43127429]",1423.6915814876556
0.22235999999999995,[-0.07459052],"[ 0.29473684  4.56666667  0.50701754  4.26666667 -1.48478675  0.30350877
  4.66666667  0.51578947  4.16666667 -0.29343194  0.3122807   4.63333333
  0.5245614   4.26666667 -1.43127429  0.32105263  4.8         0.53333333
  4.13333333 -1.07459056]",1423.750079870224
0.22743599999999997,[0.25283462],"[ 0.30350877  4.66666667  0.51578947  4.16666667 -0.29343194  0.3122807
  4.63333333  0.5245614   4.26666667 -1.43127429  0.32105263  4.8
  0.53333333  4.13333333 -1.07459056  0.32982456  4.9         0.53859649
  3.93333333 -0.74716538]",1423.8263130187988
0.222312,[-0.22722574],"[ 0.3122807   4.63333333  0.5245614   4.26666667 -1.43127429  0.32105263
  4.8         0.53333333  4.13333333 -1.07459056  0.32982456  4.9
  0.53859649  3.93333333 -0.74716538  0.33684211  4.76666667  0.54561404
  3.96666667 -1.22722578]",1423.912311077118
0.21720799999999993,[0.12159513],"[ 0.32105263  4.8         0.53333333  4.13333333 -1.07459056  0.32982456
  4.9         0.53859649  3.93333333 -0.74716538  0.33684211  4.76666667
  0.54561404  3.96666667 -1.22722578  0.34385965  4.73333333  0.55438596
  4.         -0.87840486]",1423.986121416092
0.21724000000000002,[-0.70204914],"[ 0.32982456  4.9         0.53859649  3.93333333 -0.74716538  0.33684211
  4.76666667  0.54561404  3.96666667 -1.22722578  0.34385965  4.73333333
  0.55438596  4.         -0.87840486  0.35263158  4.66666667  0.56315789
  4.03333333 -1.70204914]",1424.0761542320251
0.219792,[-0.9442974],"[ 0.33684211  4.76666667  0.54561404  3.96666667 -1.22722578  0.34385965
  4.73333333  0.55438596  4.         -0.87840486  0.35263158  4.66666667
  0.56315789  4.03333333 -1.70204914  0.35964912  4.66666667  0.57192982
  4.         -1.94429731]",1424.1463289260864
0.21471999999999997,[-0.74171144],"[ 0.34385965  4.73333333  0.55438596  4.         -0.87840486  0.35263158
  4.66666667  0.56315789  4.03333333 -1.70204914  0.35964912  4.66666667
  0.57192982  4.         -1.94429731  0.36315789  4.36666667  0.57894737
  4.16666667 -1.74171138]",1424.2260744571686
0.20963199999999996,[-0.80423695],"[ 0.35263158  4.66666667  0.56315789  4.03333333 -1.70204914  0.35964912
  4.66666667  0.57192982  4.         -1.94429731  0.36315789  4.36666667
  0.57894737  4.16666667 -1.74171138  0.36842105  4.2         0.58421053
  4.36666667 -1.80423689]",1424.3062257766724
0.20963199999999999,[0.27925923],"[ 0.35964912  4.66666667  0.57192982  4.         -1.94429731  0.36315789
  4.36666667  0.57894737  4.16666667 -1.74171138  0.36842105  4.2
  0.58421053  4.36666667 -1.80423689  0.3754386   4.23333333  0.59122807
  4.46666667 -0.7207408 ]",1424.3885672092438
0.20451199999999997,[0.26293603],"[ 0.36315789  4.36666667  0.57894737  4.16666667 -1.74171138  0.36842105
  4.2         0.58421053  4.36666667 -1.80423689  0.3754386   4.23333333
  0.59122807  4.46666667 -0.7207408   0.38070175  4.2         0.59473684
  4.53333333 -0.737064  ]",1424.4725742340088
0.20449999999999996,[0.50277674],"[ 0.36842105  4.2         0.58421053  4.36666667 -1.80423689  0.3754386
  4.23333333  0.59122807  4.46666667 -0.7207408   0.38070175  4.2
  0.59473684  4.53333333 -0.737064    0.38596491  4.33333333  0.60175439
  4.3        -0.49722326]",1424.5505168437958
0.20446399999999998,[-0.18763246],"[ 0.3754386   4.23333333  0.59122807  4.46666667 -0.7207408   0.38070175
  4.2         0.59473684  4.53333333 -0.737064    0.38596491  4.33333333
  0.60175439  4.3        -0.49722326  0.39122807  4.46666667  0.60526316
  4.06666667 -1.18763244]",1424.6320786476135
0.20444799999999996,[0.10518744],"[ 0.38070175  4.2         0.59473684  4.53333333 -0.737064    0.38596491
  4.33333333  0.60175439  4.3        -0.49722326  0.39122807  4.46666667
  0.60526316  4.06666667 -1.18763244  0.39824561  4.46666667  0.61052632
  4.         -0.89481258]",1424.706387758255
0.20446399999999998,[0.46161363],"[ 0.38596491  4.33333333  0.60175439  4.3        -0.49722326  0.39122807
  4.46666667  0.60526316  4.06666667 -1.18763244  0.39824561  4.46666667
  0.61052632  4.         -0.89481258  0.40350877  4.4         0.61754386
  4.06666667 -0.53838634]",1424.7911565303802
0.20446399999999998,[-0.883011],"[ 0.39122807  4.46666667  0.60526316  4.06666667 -1.18763244  0.39824561
  4.46666667  0.61052632  4.         -0.89481258  0.40350877  4.4
  0.61754386  4.06666667 -0.53838634  0.41403509  4.53333333  0.6245614
  3.93333333 -1.88301098]",1424.8663036823273
0.201924,[-0.54053247],"[ 0.39824561  4.46666667  0.61052632  4.         -0.89481258  0.40350877
  4.4         0.61754386  4.06666667 -0.53838634  0.41403509  4.53333333
  0.6245614   3.93333333 -1.88301098  0.42105263  4.6         0.63157895
  3.86666667 -1.54053247]",1424.9461407661438
0.19429600000000002,[0.66350377],"[ 0.40350877  4.4         0.61754386  4.06666667 -0.53838634  0.41403509
  4.53333333  0.6245614   3.93333333 -1.88301098  0.42105263  4.6
  0.63157895  3.86666667 -1.54053247  0.42280702  4.33333333  0.63684211
  4.06666667 -0.33649623]",1425.0262145996094
0.19429600000000002,[0.00991307],"[ 0.41403509  4.53333333  0.6245614   3.93333333 -1.88301098  0.42105263
  4.6         0.63157895  3.86666667 -1.54053247  0.42280702  4.33333333
  0.63684211  4.06666667 -0.33649623  0.42807018  4.23333333  0.64385965
  4.1        -0.99008691]",1425.1060996055603
0.196836,[-0.28430146],"[ 0.42105263  4.6         0.63157895  3.86666667 -1.54053247  0.42280702
  4.33333333  0.63684211  4.06666667 -0.33649623  0.42807018  4.23333333
  0.64385965  4.1        -0.99008691  0.43859649  4.46666667  0.65087719
  3.96666667 -1.28430152]",1425.1907017230988
0.19428400000000007,[0.2920724],"[ 0.42280702  4.33333333  0.63684211  4.06666667 -0.33649623  0.42807018
  4.23333333  0.64385965  4.1        -0.99008691  0.43859649  4.46666667
  0.65087719  3.96666667 -1.28430152  0.44561404  4.4         0.65789474
  4.03333333 -0.70792758]",1425.2761011123657
0.19175599999999998,[0.9206277],"[ 0.42807018  4.23333333  0.64385965  4.1        -0.99008691  0.43859649
  4.46666667  0.65087719  3.96666667 -1.28430152  0.44561404  4.4
  0.65789474  4.03333333 -0.70792758  0.45263158  4.33333333  0.66666667
  4.03333333 -0.07937229]",1425.346818447113
0.19685599999999998,[0.05513646],"[ 0.43859649  4.46666667  0.65087719  3.96666667 -1.28430152  0.44561404
  4.4         0.65789474  4.03333333 -0.70792758  0.45263158  4.33333333
  0.66666667  4.03333333 -0.07937229  0.46491228  4.53333333  0.6754386
  3.8        -0.94486356]",1425.4262487888336
0.19936800000000005,[-0.72569865],"[ 0.44561404  4.4         0.65789474  4.03333333 -0.70792758  0.45263158
  4.33333333  0.66666667  4.03333333 -0.07937229  0.46491228  4.53333333
  0.6754386   3.8        -0.94486356  0.47368421  4.76666667  0.68070175
  3.86666667 -1.72569871]",1425.5060691833496
0.189156,[0.56994987],"[ 0.45263158  4.33333333  0.66666667  4.03333333 -0.07937229  0.46491228
  4.53333333  0.6754386   3.8        -0.94486356  0.47368421  4.76666667
  0.68070175  3.86666667 -1.72569871  0.47368421  4.63333333  0.68596491
  4.16666667 -0.43005013]",1425.5860331058502
0.181508,[0.0983956],"[ 0.46491228  4.53333333  0.6754386   3.8        -0.94486356  0.47368421
  4.76666667  0.68070175  3.86666667 -1.72569871  0.47368421  4.63333333
  0.68596491  4.16666667 -0.43005013  0.47719298  4.4         0.69122807
  4.46666667 -0.90160441]",1425.670803308487
0.18404399999999999,[0.6251682],"[ 0.47368421  4.76666667  0.68070175  3.86666667 -1.72569871  0.47368421
  4.63333333  0.68596491  4.16666667 -0.43005013  0.47719298  4.4
  0.69122807  4.46666667 -0.90160441  0.48596491  4.56666667  0.7
  4.46666667 -0.3748318 ]",1425.7557113170624
0.19420399999999993,[-0.0036816],"[ 0.47368421  4.63333333  0.68596491  4.16666667 -0.43005013  0.47719298
  4.4         0.69122807  4.46666667 -0.90160441  0.48596491  4.56666667
  0.7         4.46666667 -0.3748318   0.49649123  4.8         0.71052632
  4.46666667 -1.00368154]",1425.826024055481
0.20184000000000002,[-0.15158564],"[ 0.47719298  4.4         0.69122807  4.46666667 -0.90160441  0.48596491
  4.56666667  0.7         4.46666667 -0.3748318   0.49649123  4.8
  0.71052632  4.46666667 -1.00368154  0.50701754  4.9         0.71754386
  4.43333333 -1.15158558]",1425.9060571193695
0.19930800000000004,[0.40278265],"[ 0.48596491  4.56666667  0.7         4.46666667 -0.3748318   0.49649123
  4.8         0.71052632  4.46666667 -1.00368154  0.50701754  4.9
  0.71754386  4.43333333 -1.15158558  0.5122807   4.73333333  0.7245614
  4.53333333 -0.59721732]",1425.9918792247772
0.20441600000000007,[0.4304814],"[ 0.49649123  4.8         0.71052632  4.46666667 -1.00368154  0.50701754
  4.9         0.71754386  4.43333333 -1.15158558  0.5122807   4.73333333
  0.7245614   4.53333333 -0.59721732  0.52105263  4.73333333  0.73333333
  4.5        -0.56951857]",1426.0725088119507
0.20951200000000006,[0.08508517],"[ 0.50701754  4.9         0.71754386  4.43333333 -1.15158558  0.5122807
  4.73333333  0.7245614   4.53333333 -0.59721732  0.52105263  4.73333333
  0.73333333  4.5        -0.56951857  0.52982456  5.          0.74210526
  4.43333333 -0.91491485]",1426.1461727619171
0.20952400000000004,[0.6798093],"[ 0.5122807   4.73333333  0.7245614   4.53333333 -0.59721732  0.52105263
  4.73333333  0.73333333  4.5        -0.56951857  0.52982456  5.
  0.74210526  4.43333333 -0.91491485  0.53508772  5.03333333  0.74561404
  4.5        -0.32019073]",1426.2263193130493
0.20184800000000003,[0.38690266],"[ 0.52105263  4.73333333  0.73333333  4.5        -0.56951857  0.52982456
  5.          0.74210526  4.43333333 -0.91491485  0.53508772  5.03333333
  0.74561404  4.5        -0.32019073  0.53684211  5.1         0.74912281
  4.56666667 -0.61309731]",1426.3122024536133
0.20182000000000003,[0.11875716],"[ 0.52982456  5.          0.74210526  4.43333333 -0.91491485  0.53508772
  5.03333333  0.74561404  4.5        -0.32019073  0.53684211  5.1
  0.74912281  4.56666667 -0.61309731  0.54210526  5.26666667  0.74912281
  4.4        -0.88124287]",1426.3860445022583
0.194164,[0.30193877],"[ 0.53508772  5.03333333  0.74561404  4.5        -0.32019073  0.53684211
  5.1         0.74912281  4.56666667 -0.61309731  0.54210526  5.26666667
  0.74912281  4.4        -0.88124287  0.54736842  5.3         0.75438596
  4.43333333 -0.69806123]",1426.4724440574646
0.194164,[0.69904864],"[ 0.53684211  5.1         0.74912281  4.56666667 -0.61309731  0.54210526
  5.26666667  0.74912281  4.4        -0.88124287  0.54736842  5.3
  0.75438596  4.43333333 -0.69806123  0.55438596  5.36666667  0.76140351
  4.5        -0.30095136]",1426.5462708473206
0.20178399999999996,[-0.32657063],"[ 0.54210526  5.26666667  0.74912281  4.4        -0.88124287  0.54736842
  5.3         0.75438596  4.43333333 -0.69806123  0.55438596  5.36666667
  0.76140351  4.5        -0.30095136  0.56140351  5.5         0.76491228
  4.4        -1.32657063]",1426.6323120594025
0.19921199999999994,[-0.6001089],"[ 0.54736842  5.3         0.75438596  4.43333333 -0.69806123  0.55438596
  5.36666667  0.76140351  4.5        -0.30095136  0.56140351  5.5
  0.76491228  4.4        -1.32657063  0.56491228  5.53333333  0.76842105
  4.3        -1.60010886]",1426.712541103363
0.186488,[0.50562555],"[ 0.55438596  5.36666667  0.76140351  4.5        -0.30095136  0.56140351
  5.5         0.76491228  4.4        -1.32657063  0.56491228  5.53333333
  0.76842105  4.3        -1.60010886  0.56666667  5.3         0.77368421
  4.46666667 -0.49437445]",1426.7932803630829
0.178836,[-0.90316164],"[ 0.56140351  5.5         0.76491228  4.4        -1.32657063  0.56491228
  5.53333333  0.76842105  4.3        -1.60010886  0.56666667  5.3
  0.77368421  4.46666667 -0.49437445  0.56842105  5.1         0.78070175
  4.6        -1.90316164]",1426.8667619228363
0.18136800000000008,[0.32270744],"[ 0.56491228  5.53333333  0.76842105  4.3        -1.60010886  0.56666667
  5.3         0.77368421  4.46666667 -0.49437445  0.56842105  5.1
  0.78070175  4.6        -1.90316164  0.57719298  5.23333333  0.78596491
  4.43333333 -0.67729259]",1426.9462094306946
0.171176,[-0.7703385],"[ 0.56666667  5.3         0.77368421  4.46666667 -0.49437445  0.56842105
  5.1         0.78070175  4.6        -1.90316164  0.57719298  5.23333333
  0.78596491  4.43333333 -0.67729259  0.58245614  5.16666667  0.79298246
  4.53333333 -1.77033854]",1427.0322570800781
0.1712039999999999,[0.10202583],"[ 0.56842105  5.1         0.78070175  4.6        -1.90316164  0.57719298
  5.23333333  0.78596491  4.43333333 -0.67729259  0.58245614  5.16666667
  0.79298246  4.53333333 -1.77033854  0.59122807  5.16666667  0.8
  4.46666667 -0.89797419]",1427.1062443256378
0.18143600000000004,[-0.598659],"[ 0.57719298  5.23333333  0.78596491  4.43333333 -0.67729259  0.58245614
  5.16666667  0.79298246  4.53333333 -1.77033854  0.59122807  5.16666667
  0.8         4.46666667 -0.89797419  0.59824561  4.96666667  0.81052632
  4.43333333 -1.59865904]",1427.1860628128052
0.19162800000000002,[-0.02410774],"[ 0.58245614  5.16666667  0.79298246  4.53333333 -1.77033854  0.59122807
  5.16666667  0.8         4.46666667 -0.89797419  0.59824561  4.96666667
  0.81052632  4.43333333 -1.59865904  0.60877193  5.          0.81929825
  4.36666667 -1.02410769]",1427.2673501968384
0.19165200000000004,[0.9232165],"[ 0.59122807  5.16666667  0.8         4.46666667 -0.89797419  0.59824561
  4.96666667  0.81052632  4.43333333 -1.59865904  0.60877193  5.
  0.81929825  4.36666667 -1.02410769  0.61754386  4.96666667  0.82631579
  4.5        -0.07678348]",1427.3519551753998
0.18654000000000004,[0.03471024],"[ 0.59824561  4.96666667  0.81052632  4.43333333 -1.59865904  0.60877193
  5.          0.81929825  4.36666667 -1.02410769  0.61754386  4.96666667
  0.82631579  4.5        -0.07678348  0.6245614   5.2         0.83333333
  4.4        -0.96528977]",1427.432487487793
0.18142000000000003,[-0.73355013],"[ 0.60877193  5.          0.81929825  4.36666667 -1.02410769  0.61754386
  4.96666667  0.82631579  4.5        -0.07678348  0.6245614   5.2
  0.83333333  4.4        -0.96528977  0.63157895  5.36666667  0.83333333
  4.06666667 -1.73355007]",1427.5124084949493
0.17375200000000002,[0.61305493],"[ 0.61754386  4.96666667  0.82631579  4.5        -0.07678348  0.6245614
  5.2         0.83333333  4.4        -0.96528977  0.63157895  5.36666667
  0.83333333  4.06666667 -1.73355007  0.63157895  5.2         0.83684211
  4.03333333 -0.38694507]",1427.5921313762665
0.16100400000000004,[-0.7975307],"[ 0.6245614   5.2         0.83333333  4.4        -0.96528977  0.63157895
  5.36666667  0.83333333  4.06666667 -1.73355007  0.63157895  5.2
  0.83684211  4.03333333 -0.38694507  0.63157895  4.93333333  0.84385965
  4.23333333 -1.79753065]",1427.6720156669617
0.16614399999999996,[0.27060437],"[ 0.63157895  5.36666667  0.83333333  4.06666667 -1.73355007  0.63157895
  5.2         0.83684211  4.03333333 -0.38694507  0.63157895  4.93333333
  0.84385965  4.23333333 -1.79753065  0.64385965  4.96666667  0.85263158
  4.13333333 -0.72939563]",1427.7564361095428
0.17382799999999998,[-0.60413176],"[ 0.63157895  5.2         0.83684211  4.03333333 -0.38694507  0.63157895
  4.93333333  0.84385965  4.23333333 -1.79753065  0.64385965  4.96666667
  0.85263158  4.13333333 -0.72939563  0.65438596  4.86666667  0.86666667
  4.2        -1.6041317 ]",1427.8324930667877
0.191732,[0.44588417],"[ 0.63157895  4.93333333  0.84385965  4.23333333 -1.79753065  0.64385965
  4.96666667  0.85263158  4.13333333 -0.72939563  0.65438596  4.86666667
  0.86666667  4.2        -1.6041317   0.66842105  4.83333333  0.87719298
  4.1        -0.55411583]",1427.9121017456055
0.19944400000000007,[0.58587277],"[ 0.64385965  4.96666667  0.85263158  4.13333333 -0.72939563  0.65438596
  4.86666667  0.86666667  4.2        -1.6041317   0.66842105  4.83333333
  0.87719298  4.1        -0.55411583  0.67894737  4.63333333  0.88947368
  4.06666667 -0.41412723]",1427.9919619560242
0.2071040000000001,[-0.6669708],"[ 0.65438596  4.86666667  0.86666667  4.2        -1.6041317   0.66842105
  4.83333333  0.87719298  4.1        -0.55411583  0.67894737  4.63333333
  0.88947368  4.06666667 -0.41412723  0.68947368  4.73333333  0.89649123
  3.9        -1.66697073]",1428.0661182403564
0.2045279999999999,[-0.8912107],"[ 0.66842105  4.83333333  0.87719298  4.1        -0.55411583  0.67894737
  4.63333333  0.88947368  4.06666667 -0.41412723  0.68947368  4.73333333
  0.89649123  3.9        -1.66697073  0.69473684  4.96666667  0.90175439
  4.         -1.89121068]",1428.1460568904877
0.19434000000000007,[-0.48897403],"[ 0.67894737  4.63333333  0.88947368  4.06666667 -0.41412723  0.68947368
  4.73333333  0.89649123  3.9        -1.66697073  0.69473684  4.96666667
  0.90175439  4.         -1.89121068  0.69473684  4.8         0.90701754
  4.33333333 -1.48897409]",1428.2264082431793
0.1918120000000001,[-0.8466179],"[ 0.68947368  4.73333333  0.89649123  3.9        -1.66697073  0.69473684
  4.96666667  0.90175439  4.         -1.89121068  0.69473684  4.8
  0.90701754  4.33333333 -1.48897409  0.69649123  4.6         0.91052632
  4.66666667 -1.84661794]",1428.312177181244
0.19689600000000007,[-0.02936993],"[ 0.69473684  4.96666667  0.90175439  4.         -1.89121068  0.69473684
  4.8         0.90701754  4.33333333 -1.48897409  0.69649123  4.6
  0.91052632  4.66666667 -1.84661794  0.70175439  4.6         0.91578947
  4.86666667 -1.02936995]",1428.3929212093353
0.20709600000000003,[-0.16021313],"[ 0.69473684  4.8         0.90701754  4.33333333 -1.48897409  0.69649123
  4.6         0.91052632  4.66666667 -1.84661794  0.70175439  4.6
  0.91578947  4.86666667 -1.02936995  0.71052632  4.6         0.92280702
  5.16666667 -1.16021311]",1428.4759843349457
0.2096520000000001,[0.5980994],"[ 0.69649123  4.6         0.91052632  4.66666667 -1.84661794  0.70175439
  4.6         0.91578947  4.86666667 -1.02936995  0.71052632  4.6
  0.92280702  5.16666667 -1.16021311  0.72105263  4.73333333  0.93333333
  5.16666667 -0.40190059]",1428.5460340976715
0.21475200000000005,[-0.355229],"[ 0.70175439  4.6         0.91578947  4.86666667 -1.02936995  0.71052632
  4.6         0.92280702  5.16666667 -1.16021311  0.72105263  4.73333333
  0.93333333  5.16666667 -0.40190059  0.72982456  4.76666667  0.94210526
  5.13333333 -1.35522902]",1428.6320104599
0.21729599999999993,[-0.85092306],"[ 0.71052632  4.6         0.92280702  5.16666667 -1.16021311  0.72105263
  4.73333333  0.93333333  5.16666667 -0.40190059  0.72982456  4.76666667
  0.94210526  5.13333333 -1.35522902  0.74035088  4.86666667  0.95087719
  5.03333333 -1.85092306]",1428.71582198143
0.21729599999999993,[0.62425095],"[ 0.72105263  4.73333333  0.93333333  5.16666667 -0.40190059  0.72982456
  4.76666667  0.94210526  5.13333333 -1.35522902  0.74035088  4.86666667
  0.95087719  5.03333333 -1.85092306  0.74736842  4.66666667  0.95614035
  5.3        -0.37574905]",1428.786301612854
0.21220399999999992,[0.8984717],"[ 0.72982456  4.76666667  0.94210526  5.13333333 -1.35522902  0.74035088
  4.86666667  0.95087719  5.03333333 -1.85092306  0.74736842  4.66666667
  0.95614035  5.3        -0.37574905  0.75438596  4.53333333  0.95789474
  5.66666667 -0.10152829]",1428.8662569522858
0.2019359999999999,[0.8323675],"[ 0.74035088  4.86666667  0.95087719  5.03333333 -1.85092306  0.74736842
  4.66666667  0.95614035  5.3        -0.37574905  0.75438596  4.53333333
  0.95789474  5.66666667 -0.10152829  0.75614035  4.86666667  0.96491228
  5.66666667 -0.16763252]",1428.946039199829
0.19679600000000008,[-0.5339004],"[ 0.74736842  4.66666667  0.95614035  5.3        -0.37574905  0.75438596
  4.53333333  0.95789474  5.66666667 -0.10152829  0.75614035  4.86666667
  0.96491228  5.66666667 -0.16763252  0.75964912  5.33333333  0.97368421
  5.5        -1.53390038]",1429.0333387851715
0.19680000000000009,[0.07863904],"[ 0.75438596  4.53333333  0.95789474  5.66666667 -0.10152829  0.75614035
  4.86666667  0.96491228  5.66666667 -0.16763252  0.75964912  5.33333333
  0.97368421  5.5        -1.53390038  0.76666667  5.46666667  0.98070175
  5.43333333 -0.92136097]",1429.114005804062
0.2095600000000001,[0.95841366],"[ 0.75614035  4.86666667  0.96491228  5.66666667 -0.16763252  0.75964912
  5.33333333  0.97368421  5.5        -1.53390038  0.76666667  5.46666667
  0.98070175  5.43333333 -0.92136097  0.7754386   5.46666667  0.9877193
  5.56666667 -0.04158634]",1429.191876411438
0.22483200000000006,[-0.00672058],"[ 0.75964912  5.33333333  0.97368421  5.5        -1.53390038  0.76666667
  5.46666667  0.98070175  5.43333333 -0.92136097  0.7754386   5.46666667
  0.9877193   5.56666667 -0.04158634  0.78596491  5.73333333  0.99824561
  5.6        -1.00672054]",1429.2722392082214
0.22991199999999998,[-0.9829069],"[ 0.76666667  5.46666667  0.98070175  5.43333333 -0.92136097  0.7754386
  5.46666667  0.9877193   5.56666667 -0.04158634  0.78596491  5.73333333
  0.99824561  5.6        -1.00672054  0.80175439  6.03333333  1.01052632
  5.43333333 -1.98290682]",1429.3562643527985
0.224804,[-0.9221133],"[ 0.7754386   5.46666667  0.9877193   5.56666667 -0.04158634  0.78596491
  5.73333333  0.99824561  5.6        -1.00672054  0.80175439  6.03333333
  1.01052632  5.43333333 -1.98290682  0.80877193  5.9         1.01929825
  5.53333333 -1.9221133 ]",1429.4324886798859
0.20950400000000005,[0.7980303],"[ 0.78596491  5.73333333  0.99824561  5.6        -1.00672054  0.80175439
  6.03333333  1.01052632  5.43333333 -1.98290682  0.80877193  5.9
  1.01929825  5.53333333 -1.9221133   0.8122807   5.56666667  1.02280702
  5.93333333 -0.20196968]",1429.5123512744904
0.20182399999999986,[0.70589566],"[ 0.80175439  6.03333333  1.01052632  5.43333333 -1.98290682  0.80877193
  5.9         1.01929825  5.53333333 -1.9221133   0.8122807   5.56666667
  1.02280702  5.93333333 -0.20196968  0.81754386  5.46666667  1.02807018
  6.1        -0.29410434]",1429.592747926712
0.19926399999999989,[-0.6546356],"[ 0.80877193  5.9         1.01929825  5.53333333 -1.9221133   0.8122807
  5.56666667  1.02280702  5.93333333 -0.20196968  0.81754386  5.46666667
  1.02807018  6.1        -0.29410434  0.82631579  5.6         1.03859649
  5.9        -1.65463567]",1429.66610455513
0.206936,[-0.24932598],"[ 0.8122807   5.56666667  1.02280702  5.93333333 -0.20196968  0.81754386
  5.46666667  1.02807018  6.1        -0.29410434  0.82631579  5.6
  1.03859649  5.9        -1.65463567  0.83684211  5.8         1.05087719
  5.63333333 -1.24932599]",1429.7461521625519
0.21970800000000001,[0.6887114],"[ 0.81754386  5.46666667  1.02807018  6.1        -0.29410434  0.82631579
  5.6         1.03859649  5.9        -1.65463567  0.83684211  5.8
  1.05087719  5.63333333 -1.24932599  0.84561404  5.7         1.05964912
  5.73333333 -0.3112886 ]",1429.8308486938477
0.229908,[0.6787995],"[ 0.82631579  5.6         1.03859649  5.9        -1.65463567  0.83684211
  5.8         1.05087719  5.63333333 -1.24932599  0.84561404  5.7
  1.05964912  5.73333333 -0.3112886   0.85438596  5.7         1.07017544
  5.8        -0.32120049]",1429.9131195545197
0.24521199999999999,[-0.65007085],"[ 0.83684211  5.8         1.05087719  5.63333333 -1.24932599  0.84561404
  5.7         1.05964912  5.73333333 -0.3112886   0.85438596  5.7
  1.07017544  5.8        -0.32120049  0.87017544  5.96666667  1.08245614
  5.5        -1.65007091]",1429.9920971393585
