reward,action,obs,time
,,"[0.         0.         0.         0.         0.         0.
 0.         0.         0.         0.         0.         0.
 0.         0.         0.         0.03157895 5.86666667 0.24385965
 5.33333333 0.        ]",3349.8080155849457
0.0025400000000000006,[0.36349398],"[ 0.          0.          0.          0.          0.          0.
  0.          0.          0.          0.          0.03157895  5.86666667
  0.24385965  5.33333333  0.          0.03333333  6.          0.24385965
  5.23333333 -0.63650602]",3349.9102551937103
2.4000000000003185e-05,[-0.18578911],"[ 0.          0.          0.          0.          0.          0.03157895
  5.86666667  0.24385965  5.33333333  0.          0.03333333  6.
  0.24385965  5.23333333 -0.63650602  0.03157895  5.66666667  0.24561404
  5.4        -1.18578911]",3349.960342645645
1.6000000000002124e-05,[-0.23650622],"[ 0.03157895  5.86666667  0.24385965  5.33333333  0.          0.03333333
  6.          0.24385965  5.23333333 -0.63650602  0.03157895  5.66666667
  0.24561404  5.4        -1.18578911  0.03157895  5.73333333  0.24385965
  5.36666667 -1.23650622]",3350.010428905487
1.6000000000002124e-05,[-0.21601592],"[ 0.03333333  6.          0.24385965  5.23333333 -0.63650602  0.03157895
  5.66666667  0.24561404  5.4        -1.18578911  0.03157895  5.73333333
  0.24385965  5.36666667 -1.23650622  0.03157895  5.73333333  0.24385965
  5.36666667 -1.21601593]",3350.061151742935
1.6000000000002124e-05,[-0.22589155],"[ 0.03157895  5.66666667  0.24561404  5.4        -1.18578911  0.03157895
  5.73333333  0.24385965  5.36666667 -1.23650622  0.03157895  5.73333333
  0.24385965  5.36666667 -1.21601593  0.03157895  5.73333333  0.24561404
  5.36666667 -1.22589159]",3350.1111257076263
1.6000000000002124e-05,[-0.17730466],"[ 0.03157895  5.73333333  0.24385965  5.36666667 -1.23650622  0.03157895
  5.73333333  0.24385965  5.36666667 -1.21601593  0.03157895  5.73333333
  0.24561404  5.36666667 -1.22589159  0.03157895  5.73333333  0.24561404
  5.4        -1.17730463]",3350.161512851715
3.200000000000425e-05,[-0.18658105],"[ 0.03157895  5.73333333  0.24385965  5.36666667 -1.21601593  0.03157895
  5.73333333  0.24561404  5.36666667 -1.22589159  0.03157895  5.73333333
  0.24561404  5.4        -1.17730463  0.03157895  5.6         0.24561404
  5.46666667 -1.18658102]",3350.210957765579
3.200000000000425e-05,[-0.18033925],"[ 0.03157895  5.73333333  0.24561404  5.36666667 -1.22589159  0.03157895
  5.73333333  0.24561404  5.4        -1.17730463  0.03157895  5.6
  0.24561404  5.46666667 -1.18658102  0.03157895  5.6         0.24736842
  5.46666667 -1.18033922]",3350.261962890625
0.002588,[-0.16962144],"[ 0.03157895  5.73333333  0.24561404  5.4        -1.17730463  0.03157895
  5.6         0.24561404  5.46666667 -1.18658102  0.03157895  5.6
  0.24736842  5.46666667 -1.18033922  0.03333333  5.6         0.24736842
  5.5        -1.16962147]",3350.321353197098
3.200000000000425e-05,[-0.15953033],"[ 0.03157895  5.6         0.24561404  5.46666667 -1.18658102  0.03157895
  5.6         0.24736842  5.46666667 -1.18033922  0.03333333  5.6
  0.24736842  5.5        -1.16962147  0.03157895  5.6         0.24736842
  5.5        -1.15953028]",3350.4012835025787
3.200000000000425e-05,[-0.14862075],"[ 0.03157895  5.6         0.24736842  5.46666667 -1.18033922  0.03333333
  5.6         0.24736842  5.5        -1.16962147  0.03157895  5.6
  0.24736842  5.5        -1.15953028  0.03157895  5.6         0.24736842
  5.5        -1.14862072]",3350.4813537597656
3.200000000000425e-05,[-0.15097113],"[ 0.03333333  5.6         0.24736842  5.5        -1.16962147  0.03157895
  5.6         0.24736842  5.5        -1.15953028  0.03157895  5.6
  0.24736842  5.5        -1.14862072  0.03157895  5.6         0.24736842
  5.5        -1.15097117]",3350.561696767807
0.002592000000000004,[-0.14895922],"[ 0.03157895  5.6         0.24736842  5.5        -1.15953028  0.03157895
  5.6         0.24736842  5.5        -1.14862072  0.03157895  5.6
  0.24736842  5.5        -1.15097117  0.03333333  5.56666667  0.24736842
  5.5        -1.14895916]",3350.641533136368
3.200000000000425e-05,[-0.14783435],"[ 0.03157895  5.6         0.24736842  5.5        -1.14862072  0.03157895
  5.6         0.24736842  5.5        -1.15097117  0.03333333  5.56666667
  0.24736842  5.5        -1.14895916  0.03157895  5.6         0.24736842
  5.5        -1.1478343 ]",3350.721559047699
0.002588,[-0.14684151],"[ 0.03157895  5.6         0.24736842  5.5        -1.15097117  0.03333333
  5.56666667  0.24736842  5.5        -1.14895916  0.03157895  5.6
  0.24736842  5.5        -1.1478343   0.03333333  5.6         0.24736842
  5.5        -1.14684153]",3350.801394224167
3.200000000000425e-05,[-0.14847344],"[ 0.03333333  5.56666667  0.24736842  5.5        -1.14895916  0.03157895
  5.6         0.24736842  5.5        -1.1478343   0.03333333  5.6
  0.24736842  5.5        -1.14684153  0.03157895  5.6         0.24736842
  5.5        -1.1484735 ]",3350.882860183716
3.600000000000131e-05,[-0.14895628],"[ 0.03157895  5.6         0.24736842  5.5        -1.1478343   0.03333333
  5.6         0.24736842  5.5        -1.14684153  0.03157895  5.6
  0.24736842  5.5        -1.1484735   0.03157895  5.56666667  0.24736842
  5.5        -1.1489563 ]",3350.96129655838
-0.0025199999999999945,[-0.14846215],"[ 0.03333333  5.6         0.24736842  5.5        -1.14684153  0.03157895
  5.6         0.24736842  5.5        -1.1484735   0.03157895  5.56666667
  0.24736842  5.5        -1.1489563   0.02982456  5.56666667  0.24561404
  5.46666667 -1.14846218]",3351.0361127853394
-0.0025199999999999945,[-0.14767227],"[ 0.03157895  5.6         0.24736842  5.5        -1.1484735   0.03157895
  5.56666667  0.24736842  5.5        -1.1489563   0.02982456  5.56666667
  0.24561404  5.46666667 -1.14846218  0.02982456  5.56666667  0.24561404
  5.46666667 -1.1476723 ]",3351.1177384853363
-0.0025199999999999945,[-0.14683867],"[ 0.03157895  5.56666667  0.24736842  5.5        -1.1489563   0.02982456
  5.56666667  0.24561404  5.46666667 -1.14846218  0.02982456  5.56666667
  0.24561404  5.46666667 -1.1476723   0.02982456  5.56666667  0.24385965
  5.46666667 -1.14683867]",3351.2012248039246
-0.005059999999999995,[-0.14523907],"[ 0.02982456  5.56666667  0.24561404  5.46666667 -1.14846218  0.02982456
  5.56666667  0.24561404  5.46666667 -1.1476723   0.02982456  5.56666667
  0.24385965  5.46666667 -1.14683867  0.02982456  5.56666667  0.24561404
  5.46666667 -1.14523911]",3351.281581401825
-0.0025439999999999977,[-0.14868382],"[ 0.02982456  5.56666667  0.24561404  5.46666667 -1.1476723   0.02982456
  5.56666667  0.24385965  5.46666667 -1.14683867  0.02982456  5.56666667
  0.24561404  5.46666667 -1.14523911  0.02982456  5.56666667  0.24385965
  5.46666667 -1.14868379]",3351.361300468445
1.9999999999999185e-05,[-0.1482858],"[ 0.02982456  5.56666667  0.24385965  5.46666667 -1.14683867  0.02982456
  5.56666667  0.24561404  5.46666667 -1.14523911  0.02982456  5.56666667
  0.24385965  5.46666667 -1.14868379  0.03157895  5.56666667  0.24561404
  5.46666667 -1.14828587]",3351.4357600212097
-0.0025319999999999995,[-0.1484547],"[ 0.02982456  5.56666667  0.24561404  5.46666667 -1.14523911  0.02982456
  5.56666667  0.24385965  5.46666667 -1.14868379  0.03157895  5.56666667
  0.24561404  5.46666667 -1.14828587  0.02982456  5.53333333  0.24561404
  5.46666667 -1.14845467]",3351.5149536132812
-0.0025319999999999995,[-0.14658993],"[ 0.02982456  5.56666667  0.24385965  5.46666667 -1.14868379  0.03157895
  5.56666667  0.24561404  5.46666667 -1.14828587  0.02982456  5.53333333
  0.24561404  5.46666667 -1.14845467  0.02982456  5.53333333  0.24561404
  5.46666667 -1.14658999]",3351.599484205246
2.4000000000003185e-05,[-0.1440295],"[ 0.03157895  5.56666667  0.24561404  5.46666667 -1.14828587  0.02982456
  5.53333333  0.24561404  5.46666667 -1.14845467  0.02982456  5.53333333
  0.24561404  5.46666667 -1.14658999  0.03157895  5.53333333  0.24561404
  5.46666667 -1.1440295 ]",3351.680704832077
-0.0025480000000000017,[-0.14266518],"[ 0.02982456  5.53333333  0.24561404  5.46666667 -1.14845467  0.02982456
  5.53333333  0.24561404  5.46666667 -1.14658999  0.03157895  5.53333333
  0.24561404  5.46666667 -1.1440295   0.02982456  5.53333333  0.24561404
  5.46666667 -1.14266515]",3351.7584426403046
-0.0025480000000000017,[-0.14151561],"[ 0.02982456  5.53333333  0.24561404  5.46666667 -1.14658999  0.03157895
  5.53333333  0.24561404  5.46666667 -1.1440295   0.02982456  5.53333333
  0.24561404  5.46666667 -1.14266515  0.02982456  5.53333333  0.24385965
  5.46666667 -1.14151561]",3351.8361377716064
-0.0025479999999999947,[-0.14175904],"[ 0.03157895  5.53333333  0.24561404  5.46666667 -1.1440295   0.02982456
  5.53333333  0.24561404  5.46666667 -1.14266515  0.02982456  5.53333333
  0.24385965  5.46666667 -1.14151561  0.03157895  5.53333333  0.24561404
  5.46666667 -1.14175904]",3351.9150857925415
-0.0025440000000000046,[-0.14204822],"[ 0.02982456  5.53333333  0.24561404  5.46666667 -1.14266515  0.02982456
  5.53333333  0.24385965  5.46666667 -1.14151561  0.03157895  5.53333333
  0.24561404  5.46666667 -1.14175904  0.02982456  5.5         0.24561404
  5.46666667 -1.14204824]",3352.0010690689087
-0.0025440000000000046,[-0.1402107],"[ 0.02982456  5.53333333  0.24385965  5.46666667 -1.14151561  0.03157895
  5.53333333  0.24561404  5.46666667 -1.14175904  0.02982456  5.5
  0.24561404  5.46666667 -1.14204824  0.02982456  5.5         0.24561404
  5.5        -1.14021075]",3352.081664085388
-0.0025400000000000006,[-0.13531046],"[ 0.03157895  5.53333333  0.24561404  5.46666667 -1.14175904  0.02982456
  5.5         0.24561404  5.46666667 -1.14204824  0.02982456  5.5
  0.24561404  5.5        -1.14021075  0.02982456  5.46666667  0.24561404
  5.5        -1.13531041]",3352.161381483078
-0.0051,[-0.13134216],"[ 0.02982456  5.5         0.24561404  5.46666667 -1.14204824  0.02982456
  5.5         0.24561404  5.5        -1.14021075  0.02982456  5.46666667
  0.24561404  5.5        -1.13531041  0.02982456  5.46666667  0.24561404
  5.5        -1.13134217]",3352.2417080402374
-0.0025400000000000006,[-0.12759212],"[ 0.02982456  5.5         0.24561404  5.5        -1.14021075  0.02982456
  5.46666667  0.24561404  5.5        -1.13531041  0.02982456  5.46666667
  0.24561404  5.5        -1.13134217  0.02982456  5.46666667  0.24561404
  5.5        -1.12759209]",3352.321363925934
-0.005095999999999996,[-0.1231322],"[ 0.02982456  5.46666667  0.24561404  5.5        -1.13531041  0.02982456
  5.46666667  0.24561404  5.5        -1.13134217  0.02982456  5.46666667
  0.24561404  5.5        -1.12759209  0.02982456  5.46666667  0.24385965
  5.5        -1.12313223]",3352.401413679123
-0.0025360000000000035,[-0.12229908],"[ 0.02982456  5.46666667  0.24561404  5.5        -1.13134217  0.02982456
  5.46666667  0.24561404  5.5        -1.12759209  0.02982456  5.46666667
  0.24385965  5.5        -1.12313223  0.02982456  5.43333333  0.24385965
  5.5        -1.12229908]",3352.48140335083
-0.0025400000000000006,[-0.1207949],"[ 0.02982456  5.46666667  0.24561404  5.5        -1.12759209  0.02982456
  5.46666667  0.24385965  5.5        -1.12313223  0.02982456  5.43333333
  0.24385965  5.5        -1.12229908  0.02982456  5.43333333  0.24561404
  5.5        -1.12079489]",3352.561675786972
1.5999999999995185e-05,[-0.11818168],"[ 0.02982456  5.46666667  0.24385965  5.5        -1.12313223  0.02982456
  5.43333333  0.24385965  5.5        -1.12229908  0.02982456  5.43333333
  0.24561404  5.5        -1.12079489  0.02982456  5.43333333  0.24561404
  5.5        -1.11818171]",3352.641615152359
1.5999999999995185e-05,[-0.11676868],"[ 0.02982456  5.43333333  0.24385965  5.5        -1.12229908  0.02982456
  5.43333333  0.24561404  5.5        -1.12079489  0.02982456  5.43333333
  0.24561404  5.5        -1.11818171  0.02982456  5.43333333  0.24561404
  5.5        -1.11676872]",3352.7217116355896
1.5999999999995185e-05,[-0.11577968],"[ 0.02982456  5.43333333  0.24561404  5.5        -1.12079489  0.02982456
  5.43333333  0.24561404  5.5        -1.11818171  0.02982456  5.43333333
  0.24561404  5.5        -1.11676872  0.02982456  5.43333333  0.24561404
  5.5        -1.11577964]",3352.8015661239624
1.5999999999995185e-05,[-0.11600651],"[ 0.02982456  5.43333333  0.24561404  5.5        -1.11818171  0.02982456
  5.43333333  0.24561404  5.5        -1.11676872  0.02982456  5.43333333
  0.24561404  5.5        -1.11577964  0.02982456  5.43333333  0.24561404
  5.5        -1.11600649]",3352.881374835968
1.5999999999995185e-05,[-0.11614864],"[ 0.02982456  5.43333333  0.24561404  5.5        -1.11676872  0.02982456
  5.43333333  0.24561404  5.5        -1.11577964  0.02982456  5.43333333
  0.24561404  5.5        -1.11600649  0.02982456  5.43333333  0.24561404
  5.5        -1.11614859]",3352.9613711833954
-0.0025400000000000006,[-0.11618704],"[ 0.02982456  5.43333333  0.24561404  5.5        -1.11577964  0.02982456
  5.43333333  0.24561404  5.5        -1.11600649  0.02982456  5.43333333
  0.24561404  5.5        -1.11614859  0.02982456  5.43333333  0.24561404
  5.5        -1.1161871 ]",3353.0415546894073
1.1999999999998123e-05,[-0.1161928],"[ 0.02982456  5.43333333  0.24561404  5.5        -1.11600649  0.02982456
  5.43333333  0.24561404  5.5        -1.11614859  0.02982456  5.43333333
  0.24561404  5.5        -1.1161871   0.02982456  5.43333333  0.24561404
  5.5        -1.11619282]",3353.1213595867157
1.1999999999998123e-05,[-0.11618003],"[ 0.02982456  5.43333333  0.24561404  5.5        -1.11614859  0.02982456
  5.43333333  0.24561404  5.5        -1.1161871   0.02982456  5.43333333
  0.24561404  5.5        -1.11619282  0.02982456  5.43333333  0.24385965
  5.5        -1.11618006]",3353.201560974121
-0.0025440000000000046,[-0.11594115],"[ 0.02982456  5.43333333  0.24561404  5.5        -1.1161871   0.02982456
  5.43333333  0.24561404  5.5        -1.11619282  0.02982456  5.43333333
  0.24385965  5.5        -1.11618006  0.02982456  5.43333333  0.24561404
  5.5        -1.11594117]",3353.281394004822
1.1999999999998123e-05,[-0.11598859],"[ 0.02982456  5.43333333  0.24561404  5.5        -1.11619282  0.02982456
  5.43333333  0.24385965  5.5        -1.11618006  0.02982456  5.43333333
  0.24561404  5.5        -1.11594117  0.02982456  5.43333333  0.24561404
  5.5        -1.11598861]",3353.3614835739136
1.1999999999998123e-05,[-0.11605839],"[ 0.02982456  5.43333333  0.24385965  5.5        -1.11618006  0.02982456
  5.43333333  0.24561404  5.5        -1.11594117  0.02982456  5.43333333
  0.24561404  5.5        -1.11598861  0.02982456  5.43333333  0.24561404
  5.5        -1.11605835]",3353.4415814876556
-0.0025440000000000046,[-0.11627449],"[ 0.02982456  5.43333333  0.24561404  5.5        -1.11594117  0.02982456
  5.43333333  0.24561404  5.5        -1.11598861  0.02982456  5.43333333
  0.24561404  5.5        -1.11605835  0.02982456  5.43333333  0.24561404
  5.53333333 -1.11627448]",3353.521405696869
8.000000000001062e-06,[-0.11383425],"[ 0.02982456  5.43333333  0.24561404  5.5        -1.11598861  0.02982456
  5.43333333  0.24561404  5.5        -1.11605835  0.02982456  5.43333333
  0.24561404  5.53333333 -1.11627448  0.02982456  5.43333333  0.24385965
  5.5        -1.11383426]",3353.6013877391815
8.000000000001062e-06,[-0.1143892],"[ 0.02982456  5.43333333  0.24561404  5.5        -1.11605835  0.02982456
  5.43333333  0.24561404  5.53333333 -1.11627448  0.02982456  5.43333333
  0.24385965  5.5        -1.11383426  0.02982456  5.43333333  0.24385965
  5.5        -1.11438918]",3353.681411266327
3.9999999999970615e-06,[-0.11560731],"[ 0.02982456  5.43333333  0.24561404  5.53333333 -1.11627448  0.02982456
  5.43333333  0.24385965  5.5        -1.11383426  0.02982456  5.43333333
  0.24385965  5.5        -1.11438918  0.02982456  5.43333333  0.24385965
  5.53333333 -1.11560726]",3353.7616872787476
8.000000000001062e-06,[-0.11026563],"[ 0.02982456  5.43333333  0.24385965  5.5        -1.11383426  0.02982456
  5.43333333  0.24385965  5.5        -1.11438918  0.02982456  5.43333333
  0.24385965  5.53333333 -1.11560726  0.02982456  5.4         0.24561404
  5.53333333 -1.11026561]",3353.841423511505
3.9999999999970615e-06,[-0.1108862],"[ 0.02982456  5.43333333  0.24385965  5.5        -1.11438918  0.02982456
  5.43333333  0.24385965  5.53333333 -1.11560726  0.02982456  5.4
  0.24561404  5.53333333 -1.11026561  0.02982456  5.43333333  0.24561404
  5.5        -1.11088622]",3353.921361684799
3.9999999999970615e-06,[-0.11173115],"[ 0.02982456  5.43333333  0.24385965  5.53333333 -1.11560726  0.02982456
  5.4         0.24561404  5.53333333 -1.11026561  0.02982456  5.43333333
  0.24561404  5.5        -1.11088622  0.02982456  5.43333333  0.24561404
  5.53333333 -1.11173117]",3354.0017018318176
0.0,[-0.10903019],"[ 0.02982456  5.4         0.24561404  5.53333333 -1.11026561  0.02982456
  5.43333333  0.24561404  5.5        -1.11088622  0.02982456  5.43333333
  0.24561404  5.53333333 -1.11173117  0.02982456  5.43333333  0.24385965
  5.53333333 -1.10903025]",3354.0813195705414
4.000000000004e-06,[-0.10838135],"[ 0.02982456  5.43333333  0.24561404  5.5        -1.11088622  0.02982456
  5.43333333  0.24561404  5.53333333 -1.11173117  0.02982456  5.43333333
  0.24385965  5.53333333 -1.10903025  0.02982456  5.4         0.24385965
  5.53333333 -1.10838139]",3354.161325931549
0.0,[-0.11111622],"[ 0.02982456  5.43333333  0.24561404  5.53333333 -1.11173117  0.02982456
  5.43333333  0.24385965  5.53333333 -1.10903025  0.02982456  5.4
  0.24385965  5.53333333 -1.10838139  0.02982456  5.43333333  0.24561404
  5.53333333 -1.11111617]",3354.241429567337
0.0,[-0.10628079],"[ 0.02982456  5.43333333  0.24385965  5.53333333 -1.10903025  0.02982456
  5.4         0.24385965  5.53333333 -1.10838139  0.02982456  5.43333333
  0.24561404  5.53333333 -1.11111617  0.02982456  5.43333333  0.24385965
  5.53333333 -1.1062808 ]",3354.3213703632355
0.0,[-0.10759979],"[ 0.02982456  5.4         0.24385965  5.53333333 -1.10838139  0.02982456
  5.43333333  0.24561404  5.53333333 -1.11111617  0.02982456  5.43333333
  0.24385965  5.53333333 -1.1062808   0.02982456  5.43333333  0.24385965
  5.53333333 -1.10759974]",3354.401640176773
0.0,[-0.10829639],"[ 0.02982456  5.43333333  0.24561404  5.53333333 -1.11111617  0.02982456
  5.43333333  0.24385965  5.53333333 -1.1062808   0.02982456  5.43333333
  0.24385965  5.53333333 -1.10759974  0.02982456  5.43333333  0.24561404
  5.53333333 -1.10829639]",3354.481367588043
0.0,[-0.10974511],"[ 0.02982456  5.43333333  0.24385965  5.53333333 -1.1062808   0.02982456
  5.43333333  0.24385965  5.53333333 -1.10759974  0.02982456  5.43333333
  0.24561404  5.53333333 -1.10829639  0.02982456  5.43333333  0.24561404
  5.53333333 -1.10974514]",3354.561417579651
4.000000000004e-06,[-0.1099221],"[ 0.02982456  5.43333333  0.24385965  5.53333333 -1.10759974  0.02982456
  5.43333333  0.24561404  5.53333333 -1.10829639  0.02982456  5.43333333
  0.24561404  5.53333333 -1.10974514  0.02982456  5.4         0.24561404
  5.53333333 -1.10992205]",3354.6415555477142
4.000000000004e-06,[-0.10827479],"[ 0.02982456  5.43333333  0.24561404  5.53333333 -1.10829639  0.02982456
  5.43333333  0.24561404  5.53333333 -1.10974514  0.02982456  5.4
  0.24561404  5.53333333 -1.10992205  0.02982456  5.4         0.24385965
  5.53333333 -1.10827482]",3354.721389770508
4.000000000004e-06,[-0.1050984],"[ 0.02982456  5.43333333  0.24561404  5.53333333 -1.10974514  0.02982456
  5.4         0.24561404  5.53333333 -1.10992205  0.02982456  5.4
  0.24385965  5.53333333 -1.10827482  0.02982456  5.4         0.24385965
  5.53333333 -1.10509837]",3354.8009061813354
4.000000000004e-06,[-0.10290483],"[ 0.02982456  5.4         0.24561404  5.53333333 -1.10992205  0.02982456
  5.4         0.24385965  5.53333333 -1.10827482  0.02982456  5.4
  0.24385965  5.53333333 -1.10509837  0.02982456  5.4         0.24385965
  5.53333333 -1.1029048 ]",3354.874708890915
4.000000000004e-06,[-0.10171678],"[ 0.02982456  5.4         0.24385965  5.53333333 -1.10827482  0.02982456
  5.4         0.24385965  5.53333333 -1.10509837  0.02982456  5.4
  0.24385965  5.53333333 -1.1029048   0.02982456  5.4         0.24385965
  5.53333333 -1.10171676]",3354.954828977585
4.000000000004e-06,[-0.10211796],"[ 0.02982456  5.4         0.24385965  5.53333333 -1.10509837  0.02982456
  5.4         0.24385965  5.53333333 -1.1029048   0.02982456  5.4
  0.24385965  5.53333333 -1.10171676  0.02982456  5.4         0.24385965
  5.53333333 -1.10211802]",3355.039460659027
4.000000000004e-06,[-0.10229056],"[ 0.02982456  5.4         0.24385965  5.53333333 -1.1029048   0.02982456
  5.4         0.24385965  5.53333333 -1.10171676  0.02982456  5.4
  0.24385965  5.53333333 -1.10211802  0.02982456  5.4         0.24385965
  5.53333333 -1.10229051]",3355.12100815773
4.000000000004e-06,[-0.10235368],"[ 0.02982456  5.4         0.24385965  5.53333333 -1.10171676  0.02982456
  5.4         0.24385965  5.53333333 -1.10211802  0.02982456  5.4
  0.24385965  5.53333333 -1.10229051  0.02982456  5.4         0.24385965
  5.53333333 -1.10235369]",3355.19499874115
4.000000000004e-06,[-0.10236885],"[ 0.02982456  5.4         0.24385965  5.53333333 -1.10211802  0.02982456
  5.4         0.24385965  5.53333333 -1.10229051  0.02982456  5.4
  0.24385965  5.53333333 -1.10235369  0.02982456  5.4         0.24385965
  5.53333333 -1.10236883]",3355.279466867447
4.000000000004e-06,[-0.10234773],"[ 0.02982456  5.4         0.24385965  5.53333333 -1.10229051  0.02982456
  5.4         0.24385965  5.53333333 -1.10235369  0.02982456  5.4
  0.24385965  5.53333333 -1.10236883  0.02982456  5.4         0.24385965
  5.53333333 -1.10234773]",3355.3594841957092
0.0,[-0.10234182],"[ 0.02982456  5.4         0.24385965  5.53333333 -1.10235369  0.02982456
  5.4         0.24385965  5.53333333 -1.10236883  0.02982456  5.4
  0.24385965  5.53333333 -1.10234773  0.02982456  5.4         0.24385965
  5.53333333 -1.10234177]",3355.438444852829
4.000000000004e-06,[-0.10234092],"[ 0.02982456  5.4         0.24385965  5.53333333 -1.10236883  0.02982456
  5.4         0.24385965  5.53333333 -1.10234773  0.02982456  5.4
  0.24385965  5.53333333 -1.10234177  0.02982456  5.4         0.24385965
  5.53333333 -1.10234094]",3355.5146763324738
4.000000000004e-06,[-0.10234124],"[ 0.02982456  5.4         0.24385965  5.53333333 -1.10234773  0.02982456
  5.4         0.24385965  5.53333333 -1.10234177  0.02982456  5.4
  0.24385965  5.53333333 -1.10234094  0.02982456  5.4         0.24561404
  5.53333333 -1.10234129]",3355.595034122467
4.000000000004e-06,[-0.10258925],"[ 0.02982456  5.4         0.24385965  5.53333333 -1.10234177  0.02982456
  5.4         0.24385965  5.53333333 -1.10234094  0.02982456  5.4
  0.24561404  5.53333333 -1.10234129  0.02982456  5.4         0.24561404
  5.53333333 -1.10258925]",3355.6795387268066
0.0,[-0.1027696],"[ 0.02982456  5.4         0.24385965  5.53333333 -1.10234094  0.02982456
  5.4         0.24561404  5.53333333 -1.10234129  0.02982456  5.4
  0.24561404  5.53333333 -1.10258925  0.02982456  5.4         0.24561404
  5.53333333 -1.10276961]",3355.7609996795654
4.000000000004e-06,[-0.10290154],"[ 0.02982456  5.4         0.24561404  5.53333333 -1.10234129  0.02982456
  5.4         0.24561404  5.53333333 -1.10258925  0.02982456  5.4
  0.24561404  5.53333333 -1.10276961  0.02982456  5.4         0.24561404
  5.53333333 -1.10290158]",3355.841513156891
4.000000000004e-06,[-0.1028112],"[ 0.02982456  5.4         0.24561404  5.53333333 -1.10258925  0.02982456
  5.4         0.24561404  5.53333333 -1.10276961  0.02982456  5.4
  0.24561404  5.53333333 -1.10290158  0.02982456  5.4         0.24561404
  5.53333333 -1.10281122]",3355.9211101531982
4.000000000004e-06,[-0.102801],"[ 0.02982456  5.4         0.24561404  5.53333333 -1.10276961  0.02982456
  5.4         0.24561404  5.53333333 -1.10290158  0.02982456  5.4
  0.24561404  5.53333333 -1.10281122  0.02982456  5.4         0.24561404
  5.53333333 -1.10280097]",3356.0014312267303
0.0,[-0.10279748],"[ 0.02982456  5.4         0.24561404  5.53333333 -1.10290158  0.02982456
  5.4         0.24561404  5.53333333 -1.10281122  0.02982456  5.4
  0.24561404  5.53333333 -1.10280097  0.02982456  5.43333333  0.24561404
  5.53333333 -1.10279751]",3356.081395626068
0.0,[-0.10443017],"[ 0.02982456  5.4         0.24561404  5.53333333 -1.10281122  0.02982456
  5.4         0.24561404  5.53333333 -1.10280097  0.02982456  5.43333333
  0.24561404  5.53333333 -1.10279751  0.02982456  5.43333333  0.24561404
  5.53333333 -1.1044302 ]",3356.161594390869
-4.000000000004e-06,[-0.10740387],"[ 0.02982456  5.4         0.24561404  5.53333333 -1.10280097  0.02982456
  5.43333333  0.24561404  5.53333333 -1.10279751  0.02982456  5.43333333
  0.24561404  5.53333333 -1.1044302   0.02982456  5.43333333  0.24561404
  5.5        -1.10740387]",3356.2414269447327
-4.000000000004e-06,[-0.11154944],"[ 0.02982456  5.43333333  0.24561404  5.53333333 -1.10279751  0.02982456
  5.43333333  0.24561404  5.53333333 -1.1044302   0.02982456  5.43333333
  0.24561404  5.5        -1.10740387  0.02982456  5.43333333  0.24561404
  5.5        -1.1115495 ]",3356.321467399597
-4.000000000004e-06,[-0.11420386],"[ 0.02982456  5.43333333  0.24561404  5.53333333 -1.1044302   0.02982456
  5.43333333  0.24561404  5.5        -1.10740387  0.02982456  5.43333333
  0.24561404  5.5        -1.1115495   0.02982456  5.43333333  0.24561404
  5.5        -1.11420381]",3356.4014689922333
-4.000000000004e-06,[-0.11400855],"[ 0.02982456  5.43333333  0.24561404  5.5        -1.10740387  0.02982456
  5.43333333  0.24561404  5.5        -1.1115495   0.02982456  5.43333333
  0.24561404  5.5        -1.11420381  0.02982456  5.43333333  0.24561404
  5.5        -1.11400855]",3356.48135137558
-4.000000000004e-06,[-0.11686121],"[ 0.02982456  5.43333333  0.24561404  5.5        -1.1115495   0.02982456
  5.43333333  0.24561404  5.5        -1.11420381  0.02982456  5.43333333
  0.24561404  5.5        -1.11400855  0.02982456  5.43333333  0.24561404
  5.5        -1.11686122]",3356.5614681243896
-4.000000000004e-06,[-0.11640864],"[ 0.02982456  5.43333333  0.24561404  5.5        -1.11420381  0.02982456
  5.43333333  0.24561404  5.5        -1.11400855  0.02982456  5.43333333
  0.24561404  5.5        -1.11686122  0.02982456  5.43333333  0.24561404
  5.5        -1.11640859]",3356.641494035721
-4.000000000004e-06,[-0.1162304],"[ 0.02982456  5.43333333  0.24561404  5.5        -1.11400855  0.02982456
  5.43333333  0.24561404  5.5        -1.11686122  0.02982456  5.43333333
  0.24561404  5.5        -1.11640859  0.02982456  5.43333333  0.24561404
  5.5        -1.11623037]",3356.7214674949646
-4.000000000004e-06,[-0.11619168],"[ 0.02982456  5.43333333  0.24561404  5.5        -1.11686122  0.02982456
  5.43333333  0.24561404  5.5        -1.11640859  0.02982456  5.43333333
  0.24561404  5.5        -1.11623037  0.02982456  5.43333333  0.24561404
  5.5        -1.11619163]",3356.801467895508
-4.000000000004e-06,[-0.1161485],"[ 0.02982456  5.43333333  0.24561404  5.5        -1.11640859  0.02982456
  5.43333333  0.24561404  5.5        -1.11623037  0.02982456  5.43333333
  0.24561404  5.5        -1.11619163  0.02982456  5.43333333  0.24561404
  5.5        -1.11614847]",3356.881485939026
-4.000000000004e-06,[-0.11617178],"[ 0.02982456  5.43333333  0.24561404  5.5        -1.11623037  0.02982456
  5.43333333  0.24561404  5.5        -1.11619163  0.02982456  5.43333333
  0.24561404  5.5        -1.11614847  0.02982456  5.43333333  0.24561404
  5.5        -1.11617184]",3356.9614582061768
-4.000000000004e-06,[-0.11617745],"[ 0.02982456  5.43333333  0.24561404  5.5        -1.11619163  0.02982456
  5.43333333  0.24561404  5.5        -1.11614847  0.02982456  5.43333333
  0.24561404  5.5        -1.11617184  0.02982456  5.43333333  0.24385965
  5.5        -1.11617744]",3357.0414974689484
-4.000000000004e-06,[-0.11594278],"[ 0.02982456  5.43333333  0.24561404  5.5        -1.11614847  0.02982456
  5.43333333  0.24561404  5.5        -1.11617184  0.02982456  5.43333333
  0.24385965  5.5        -1.11617744  0.02982456  5.43333333  0.24561404
  5.5        -1.11594284]",3357.1206963062286
-4.000000000004e-06,[-0.11599015],"[ 0.02982456  5.43333333  0.24561404  5.5        -1.11617184  0.02982456
  5.43333333  0.24385965  5.5        -1.11617744  0.02982456  5.43333333
  0.24561404  5.5        -1.11594284  0.02982456  5.43333333  0.24561404
  5.5        -1.11599016]",3357.2014293670654
-4.000000000004e-06,[-0.1160586],"[ 0.02982456  5.43333333  0.24385965  5.5        -1.11617744  0.02982456
  5.43333333  0.24561404  5.5        -1.11594284  0.02982456  5.43333333
  0.24561404  5.5        -1.11599016  0.02982456  5.43333333  0.24561404
  5.5        -1.11605859]",3357.28151679039
-4.000000000004e-06,[-0.11627435],"[ 0.02982456  5.43333333  0.24561404  5.5        -1.11594284  0.02982456
  5.43333333  0.24561404  5.5        -1.11599016  0.02982456  5.43333333
  0.24561404  5.5        -1.11605859  0.02982456  5.43333333  0.24561404
  5.5        -1.11627436]",3357.3654177188873
-4.000000000004e-06,[-0.11618574],"[ 0.02982456  5.43333333  0.24561404  5.5        -1.11599016  0.02982456
  5.43333333  0.24561404  5.5        -1.11605859  0.02982456  5.43333333
  0.24561404  5.5        -1.11627436  0.02982456  5.43333333  0.24561404
  5.5        -1.11618578]",3357.4453961849213
-4.000000000004e-06,[-0.11617893],"[ 0.02982456  5.43333333  0.24561404  5.5        -1.11605859  0.02982456
  5.43333333  0.24561404  5.5        -1.11627436  0.02982456  5.43333333
  0.24561404  5.5        -1.11618578  0.02982456  5.43333333  0.24385965
  5.53333333 -1.11617899]",3357.5253567695618
-4.000000000004e-06,[-0.11358695],"[ 0.02982456  5.43333333  0.24561404  5.5        -1.11627436  0.02982456
  5.43333333  0.24561404  5.5        -1.11618578  0.02982456  5.43333333
  0.24385965  5.53333333 -1.11617899  0.02982456  5.43333333  0.24561404
  5.53333333 -1.1135869 ]",3357.6054034233093
0.0,[-0.1121089],"[ 0.02982456  5.43333333  0.24561404  5.5        -1.11618578  0.02982456
  5.43333333  0.24385965  5.53333333 -1.11617899  0.02982456  5.43333333
  0.24561404  5.53333333 -1.1135869   0.02982456  5.43333333  0.24561404
  5.53333333 -1.11210895]",3357.6855063438416
0.0,[-0.11215355],"[ 0.02982456  5.43333333  0.24385965  5.53333333 -1.11617899  0.02982456
  5.43333333  0.24561404  5.53333333 -1.1135869   0.02982456  5.43333333
  0.24561404  5.53333333 -1.11210895  0.02982456  5.43333333  0.24561404
  5.53333333 -1.11215353]",3357.765305042267
0.0,[-0.10918931],"[ 0.02982456  5.43333333  0.24561404  5.53333333 -1.1135869   0.02982456
  5.43333333  0.24561404  5.53333333 -1.11210895  0.02982456  5.43333333
  0.24561404  5.53333333 -1.11215353  0.02982456  5.43333333  0.24385965
  5.53333333 -1.10918927]",3357.8453874588013
4.000000000004e-06,[-0.10928409],"[ 0.02982456  5.43333333  0.24561404  5.53333333 -1.11210895  0.02982456
  5.43333333  0.24561404  5.53333333 -1.11215353  0.02982456  5.43333333
  0.24385965  5.53333333 -1.10918927  0.02982456  5.4         0.24385965
  5.5        -1.10928404]",3357.9254474639893
4.000000000004e-06,[-0.10977827],"[ 0.02982456  5.43333333  0.24561404  5.53333333 -1.11215353  0.02982456
  5.43333333  0.24385965  5.53333333 -1.10918927  0.02982456  5.4
  0.24385965  5.5        -1.10928404  0.02982456  5.4         0.24561404
  5.53333333 -1.10977829]",3358.0052902698517
4.000000000004e-06,[-0.10651402],"[ 0.02982456  5.43333333  0.24385965  5.53333333 -1.10918927  0.02982456
  5.4         0.24385965  5.5        -1.10928404  0.02982456  5.4
  0.24561404  5.53333333 -1.10977829  0.02982456  5.4         0.24385965
  5.53333333 -1.10651398]",3358.08540725708
4.000000000004e-06,[-0.10310135],"[ 0.02982456  5.4         0.24385965  5.5        -1.10928404  0.02982456
  5.4         0.24561404  5.53333333 -1.10977829  0.02982456  5.4
  0.24385965  5.53333333 -1.10651398  0.02982456  5.4         0.24385965
  5.53333333 -1.10310137]",3358.1653366088867
4.000000000004e-06,[-0.10521215],"[ 0.02982456  5.4         0.24561404  5.53333333 -1.10977829  0.02982456
  5.4         0.24385965  5.53333333 -1.10651398  0.02982456  5.4
  0.24385965  5.53333333 -1.10310137  0.02982456  5.4         0.24561404
  5.53333333 -1.10521221]",3358.24538064003
0.0,[-0.10189632],"[ 0.02982456  5.4         0.24385965  5.53333333 -1.10651398  0.02982456
  5.4         0.24385965  5.53333333 -1.10310137  0.02982456  5.4
  0.24561404  5.53333333 -1.10521221  0.02982456  5.43333333  0.24385965
  5.53333333 -1.10189629]",3358.325360059738
4.000000000004e-06,[-0.10396377],"[ 0.02982456  5.4         0.24385965  5.53333333 -1.10310137  0.02982456
  5.4         0.24561404  5.53333333 -1.10521221  0.02982456  5.43333333
  0.24385965  5.53333333 -1.10189629  0.02982456  5.4         0.24561404
  5.53333333 -1.10396373]",3358.4055449962616
4.000000000004e-06,[-0.10548569],"[ 0.02982456  5.4         0.24561404  5.53333333 -1.10521221  0.02982456
  5.43333333  0.24385965  5.53333333 -1.10189629  0.02982456  5.4
  0.24561404  5.53333333 -1.10396373  0.02982456  5.4         0.24385965
  5.53333333 -1.10548568]",3358.485249042511
0.0,[-0.10434379],"[ 0.02982456  5.43333333  0.24385965  5.53333333 -1.10189629  0.02982456
  5.4         0.24561404  5.53333333 -1.10396373  0.02982456  5.4
  0.24385965  5.53333333 -1.10548568  0.02982456  5.43333333  0.24561404
  5.53333333 -1.10434377]",3358.5652980804443
0.0,[-0.10546824],"[ 0.02982456  5.4         0.24561404  5.53333333 -1.10396373  0.02982456
  5.4         0.24385965  5.53333333 -1.10548568  0.02982456  5.43333333
  0.24561404  5.53333333 -1.10434377  0.02982456  5.43333333  0.24385965
  5.53333333 -1.10546827]",3358.6482949256897
0.0,[-0.10671664],"[ 0.02982456  5.4         0.24385965  5.53333333 -1.10548568  0.02982456
  5.43333333  0.24561404  5.53333333 -1.10434377  0.02982456  5.43333333
  0.24385965  5.53333333 -1.10546827  0.02982456  5.43333333  0.24561404
  5.53333333 -1.10671663]",3358.7234699726105
4.000000000004e-06,[-0.1089441],"[ 0.02982456  5.43333333  0.24561404  5.53333333 -1.10434377  0.02982456
  5.43333333  0.24385965  5.53333333 -1.10546827  0.02982456  5.43333333
  0.24561404  5.53333333 -1.10671663  0.02982456  5.4         0.24561404
  5.53333333 -1.10894406]",3358.7992272377014
4.000000000004e-06,[-0.108452],"[ 0.02982456  5.43333333  0.24385965  5.53333333 -1.10546827  0.02982456
  5.43333333  0.24561404  5.53333333 -1.10671663  0.02982456  5.4
  0.24561404  5.53333333 -1.10894406  0.02982456  5.4         0.24561404
  5.53333333 -1.10845196]",3358.885468006134
0.0,[-0.10560032],"[ 0.02982456  5.43333333  0.24561404  5.53333333 -1.10671663  0.02982456
  5.4         0.24561404  5.53333333 -1.10894406  0.02982456  5.4
  0.24561404  5.53333333 -1.10845196  0.02982456  5.43333333  0.24561404
  5.53333333 -1.10560036]",3358.965358018875
4.000000000004e-06,[-0.10504618],"[ 0.02982456  5.4         0.24561404  5.53333333 -1.10894406  0.02982456
  5.4         0.24561404  5.53333333 -1.10845196  0.02982456  5.43333333
  0.24561404  5.53333333 -1.10560036  0.02982456  5.4         0.24561404
  5.53333333 -1.10504615]",3359.0457639694214
0.0,[-0.10508858],"[ 0.02982456  5.4         0.24561404  5.53333333 -1.10845196  0.02982456
  5.43333333  0.24561404  5.53333333 -1.10560036  0.02982456  5.4
  0.24561404  5.53333333 -1.10504615  0.02982456  5.43333333  0.24385965
  5.53333333 -1.10508859]",3359.12863945961
0.0,[-0.1058728],"[ 0.02982456  5.43333333  0.24561404  5.53333333 -1.10560036  0.02982456
  5.4         0.24561404  5.53333333 -1.10504615  0.02982456  5.43333333
  0.24385965  5.53333333 -1.10508859  0.02982456  5.43333333  0.24561404
  5.53333333 -1.10587275]",3359.2011575698853
4.000000000004e-06,[-0.10827822],"[ 0.02982456  5.4         0.24561404  5.53333333 -1.10504615  0.02982456
  5.43333333  0.24385965  5.53333333 -1.10508859  0.02982456  5.43333333
  0.24561404  5.53333333 -1.10587275  0.02982456  5.4         0.24385965
  5.53333333 -1.10827827]",3359.2787268161774
0.0,[-0.10688416],"[ 0.02982456  5.43333333  0.24385965  5.53333333 -1.10508859  0.02982456
  5.43333333  0.24561404  5.53333333 -1.10587275  0.02982456  5.4
  0.24385965  5.53333333 -1.10827827  0.02982456  5.43333333  0.24385965
  5.53333333 -1.10688412]",3359.3592331409454
0.0,[-0.1069286],"[ 0.02982456  5.43333333  0.24561404  5.53333333 -1.10587275  0.02982456
  5.4         0.24385965  5.53333333 -1.10827827  0.02982456  5.43333333
  0.24385965  5.53333333 -1.10688412  0.02982456  5.43333333  0.24561404
  5.53333333 -1.10692859]",3359.44349193573
0.0,[-0.10781593],"[ 0.02982456  5.4         0.24385965  5.53333333 -1.10827827  0.02982456
  5.43333333  0.24385965  5.53333333 -1.10688412  0.02982456  5.43333333
  0.24561404  5.53333333 -1.10692859  0.02982456  5.4         0.24561404
  5.53333333 -1.10781598]",3359.523399591446
-4.000000000004e-06,[-0.10704175],"[ 0.02982456  5.43333333  0.24385965  5.53333333 -1.10688412  0.02982456
  5.43333333  0.24561404  5.53333333 -1.10692859  0.02982456  5.4
  0.24561404  5.53333333 -1.10781598  0.02982456  5.43333333  0.24385965
  5.53333333 -1.10704172]",3359.605291366577
-4.000000000004e-06,[-0.10705682],"[ 0.02982456  5.43333333  0.24561404  5.53333333 -1.10692859  0.02982456
  5.4         0.24561404  5.53333333 -1.10781598  0.02982456  5.43333333
  0.24385965  5.53333333 -1.10704172  0.02982456  5.43333333  0.24385965
  5.53333333 -1.10705686]",3359.6854622364044
0.0,[-0.10769706],"[ 0.02982456  5.4         0.24561404  5.53333333 -1.10781598  0.02982456
  5.43333333  0.24385965  5.53333333 -1.10704172  0.02982456  5.43333333
  0.24385965  5.53333333 -1.10705686  0.02982456  5.4         0.24561404
  5.53333333 -1.10769701]",3359.7654597759247
0.0,[-0.10679135],"[ 0.02982456  5.43333333  0.24385965  5.53333333 -1.10704172  0.02982456
  5.43333333  0.24385965  5.53333333 -1.10705686  0.02982456  5.4
  0.24561404  5.53333333 -1.10769701  0.02982456  5.4         0.24561404
  5.53333333 -1.10679138]",3359.839064836502
