reward,action,obs,time
,,"[0.         0.         0.         0.         0.         0.
 0.         0.         0.         0.         0.         0.
 0.         0.         0.         0.02982456 5.46666667 0.24561404
 5.53333333 0.        ]",2128.384949207306
-2.8000000000000247e-05,[-0.00080469],"[ 0.          0.          0.          0.          0.          0.
  0.          0.          0.          0.          0.02982456  5.46666667
  0.24561404  5.53333333  0.          0.02982456  5.7         0.24385965
  5.4        -1.00080466]",2128.476702928543
8.000000000001062e-06,[0.5318895],"[ 0.          0.          0.          0.          0.          0.02982456
  5.46666667  0.24561404  5.53333333  0.          0.02982456  5.7
  0.24385965  5.4        -1.00080466  0.02982456  5.4         0.24385965
  5.53333333 -0.4681105 ]",2128.532695531845
-8.000000000001062e-06,[-0.46997026],"[ 0.02982456  5.46666667  0.24561404  5.53333333  0.          0.02982456
  5.7         0.24385965  5.4        -1.00080466  0.02982456  5.4
  0.24385965  5.53333333 -0.4681105   0.02982456  5.53333333  0.24561404
  5.46666667 -1.46997023]",2128.5832345485687
-8.000000000001062e-06,[0.42942038],"[ 0.02982456  5.7         0.24385965  5.4        -1.00080466  0.02982456
  5.4         0.24385965  5.53333333 -0.4681105   0.02982456  5.53333333
  0.24561404  5.46666667 -1.46997023  0.02982456  5.53333333  0.24561404
  5.46666667 -0.57057965]",2128.633458852768
0.0025480000000000017,[-0.04801121],"[ 0.02982456  5.4         0.24385965  5.53333333 -0.4681105   0.02982456
  5.53333333  0.24561404  5.46666667 -1.46997023  0.02982456  5.53333333
  0.24561404  5.46666667 -0.57057965  0.03157895  5.53333333  0.24385965
  5.46666667 -1.04801118]",2128.68376994133
0.0025400000000000006,[-0.58611864],"[ 0.02982456  5.53333333  0.24561404  5.46666667 -1.46997023  0.02982456
  5.53333333  0.24561404  5.46666667 -0.57057965  0.03157895  5.53333333
  0.24385965  5.46666667 -1.04801118  0.03157895  5.6         0.24561404
  5.4        -1.5861187 ]",2128.7342281341553
0.0025359999999999966,[-0.21114643],"[ 0.02982456  5.53333333  0.24561404  5.46666667 -0.57057965  0.03157895
  5.53333333  0.24385965  5.46666667 -1.04801118  0.03157895  5.6
  0.24561404  5.4        -1.5861187   0.03157895  5.63333333  0.24561404
  5.36666667 -1.21114647]",2128.784613609314
0.0025439999999999977,[0.4123681],"[ 0.03157895  5.53333333  0.24385965  5.46666667 -1.04801118  0.03157895
  5.6         0.24561404  5.4        -1.5861187   0.03157895  5.63333333
  0.24561404  5.36666667 -1.21114647  0.03157895  5.56666667  0.24561404
  5.43333333 -0.58763194]",2128.8346498012543
0.0051119999999999985,[-0.8782894],"[ 0.03157895  5.6         0.24561404  5.4        -1.5861187   0.03157895
  5.63333333  0.24561404  5.36666667 -1.21114647  0.03157895  5.56666667
  0.24561404  5.43333333 -0.58763194  0.03333333  5.46666667  0.24561404
  5.56666667 -1.87828946]",2128.884920835495
0.01022,[0.32466146],"[ 0.03157895  5.63333333  0.24561404  5.36666667 -1.21114647  0.03157895
  5.56666667  0.24561404  5.43333333 -0.58763194  0.03333333  5.46666667
  0.24561404  5.56666667 -1.87828946  0.03684211  5.5         0.24912281
  5.53333333 -0.67533851]",2128.94935798645
0.015315999999999996,[-0.368237],"[ 0.03157895  5.56666667  0.24561404  5.43333333 -0.58763194  0.03333333
  5.46666667  0.24561404  5.56666667 -1.87828946  0.03684211  5.5
  0.24912281  5.53333333 -0.67533851  0.04035088  5.63333333  0.25263158
  5.36666667 -1.36823702]",2129.029027938843
0.022987999999999995,[-0.8631643],"[ 0.03333333  5.46666667  0.24561404  5.56666667 -1.87828946  0.03684211
  5.5         0.24912281  5.53333333 -0.67533851  0.04035088  5.63333333
  0.25263158  5.36666667 -1.36823702  0.04561404  5.6         0.25789474
  5.33333333 -1.86316431]",2129.1091775894165
0.02556799999999999,[0.9040866],"[ 0.03684211  5.5         0.24912281  5.53333333 -0.67533851  0.04035088
  5.63333333  0.25263158  5.36666667 -1.36823702  0.04561404  5.6
  0.25789474  5.33333333 -1.86316431  0.04736842  5.4         0.26140351
  5.53333333 -0.09591341]",2129.189069032669
0.033248,[0.46303973],"[ 0.04035088  5.63333333  0.25263158  5.36666667 -1.36823702  0.04561404
  5.6         0.25789474  5.33333333 -1.86316431  0.04736842  5.4
  0.26140351  5.53333333 -0.09591341  0.05263158  5.3         0.26666667
  5.66666667 -0.53696024]",2129.2727217674255
0.04343999999999999,[-0.90300345],"[ 0.04561404  5.6         0.25789474  5.33333333 -1.86316431  0.04736842
  5.4         0.26140351  5.53333333 -0.09591341  0.05263158  5.3
  0.26666667  5.66666667 -0.53696024  0.05964912  5.56666667  0.27192982
  5.4        -1.90300345]",2129.3422961235046
0.05364399999999999,[0.19629371],"[ 0.04736842  5.4         0.26140351  5.53333333 -0.09591341  0.05263158
  5.3         0.26666667  5.66666667 -0.53696024  0.05964912  5.56666667
  0.27192982  5.4        -1.90300345  0.06666667  5.73333333  0.27719298
  5.16666667 -0.80370629]",2129.4288353919983
0.06132,[-0.33121982],"[ 0.05263158  5.3         0.26666667  5.66666667 -0.53696024  0.05964912
  5.56666667  0.27192982  5.4        -1.90300345  0.06666667  5.73333333
  0.27719298  5.16666667 -0.80370629  0.07192982  5.66666667  0.28245614
  5.2        -1.33121979]",2129.508908033371
0.071544,[-0.97851634],"[ 0.05964912  5.56666667  0.27192982  5.4        -1.90300345  0.06666667
  5.73333333  0.27719298  5.16666667 -0.80370629  0.07192982  5.66666667
  0.28245614  5.2        -1.33121979  0.07894737  5.66666667  0.28947368
  5.16666667 -1.97851634]",2129.5889978408813
0.08179200000000002,[0.3678102],"[ 0.06666667  5.73333333  0.27719298  5.16666667 -0.80370629  0.07192982
  5.66666667  0.28245614  5.2        -1.33121979  0.07894737  5.66666667
  0.28947368  5.16666667 -1.97851634  0.08596491  5.46666667  0.29824561
  5.26666667 -0.63218981]",2129.6690673828125
0.09459200000000004,[0.10845194],"[ 0.07192982  5.66666667  0.28245614  5.2        -1.33121979  0.07894737
  5.66666667  0.28947368  5.16666667 -1.97851634  0.08596491  5.46666667
  0.29824561  5.26666667 -0.63218981  0.09473684  5.3         0.31052632
  5.36666667 -0.89154804]",2129.7490241527557
0.107376,[-0.22002585],"[ 0.07894737  5.66666667  0.28947368  5.16666667 -1.97851634  0.08596491
  5.46666667  0.29824561  5.26666667 -0.63218981  0.09473684  5.3
  0.31052632  5.36666667 -0.89154804  0.10350877  5.5         0.31754386
  5.16666667 -1.2200259 ]",2129.822603702545
0.11499600000000001,[0.23010594],"[ 0.08596491  5.46666667  0.29824561  5.26666667 -0.63218981  0.09473684
  5.3         0.31052632  5.36666667 -0.89154804  0.10350877  5.5
  0.31754386  5.16666667 -1.2200259   0.10877193  5.6         0.32280702
  5.06666667 -0.76989406]",2129.908465385437
0.11758000000000002,[0.6760793],"[ 0.09473684  5.3         0.31052632  5.36666667 -0.89154804  0.10350877
  5.5         0.31754386  5.16666667 -1.2200259   0.10877193  5.6
  0.32280702  5.06666667 -0.76989406  0.11052632  5.5         0.32807018
  5.03333333 -0.32392073]",2129.983164548874
0.12776400000000002,[-0.8838517],"[ 0.10350877  5.5         0.31754386  5.16666667 -1.2200259   0.10877193
  5.6         0.32280702  5.06666667 -0.76989406  0.11052632  5.5
  0.32807018  5.03333333 -0.32392073  0.11754386  5.83333333  0.33333333
  4.7        -1.88385177]",2130.0670642852783
0.16868,[-0.06098854],"[ 0.10877193  5.6         0.32280702  5.06666667 -0.76989406  0.11052632
  5.5         0.32807018  5.03333333 -0.32392073  0.11754386  5.83333333
  0.33333333  4.7        -1.88385177  0.14736842  5.66666667  0.34035088
  4.5        -1.06098855]",2130.1452343463898
0.166156,[0.10543092],"[ 0.11052632  5.5         0.32807018  5.03333333 -0.32392073  0.11754386
  5.83333333  0.33333333  4.7        -1.88385177  0.14736842  5.66666667
  0.34035088  4.5        -1.06098855  0.14561404  5.46666667  0.34912281
  4.56666667 -0.8945691 ]",2130.2222957611084
0.17382399999999998,[0.00853638],"[ 0.11754386  5.83333333  0.33333333  4.7        -1.88385177  0.14736842
  5.66666667  0.34035088  4.5        -1.06098855  0.14561404  5.46666667
  0.34912281  4.56666667 -0.8945691   0.15087719  5.5         0.35438596
  4.56666667 -0.9914636 ]",2130.3027153015137
0.18404,[-0.9623573],"[ 0.14736842  5.66666667  0.34035088  4.5        -1.06098855  0.14561404
  5.46666667  0.34912281  4.56666667 -0.8945691   0.15087719  5.5
  0.35438596  4.56666667 -0.9914636   0.15789474  5.5         0.36315789
  4.43333333 -1.96235728]",2130.3874459266663
0.19427600000000003,[0.04348131],"[ 0.14561404  5.46666667  0.34912281  4.56666667 -0.8945691   0.15087719
  5.5         0.35438596  4.56666667 -0.9914636   0.15789474  5.5
  0.36315789  4.43333333 -1.96235728  0.16666667  5.3         0.37368421
  4.46666667 -0.95651871]",2130.4686613082886
0.19941599999999998,[0.54366595],"[ 0.15087719  5.5         0.35438596  4.56666667 -0.9914636   0.15789474
  5.5         0.36315789  4.43333333 -1.96235728  0.16666667  5.3
  0.37368421  4.46666667 -0.95651871  0.17368421  5.1         0.38596491
  4.56666667 -0.45633405]",2130.5431559085846
0.20964,[-0.08931382],"[ 0.15789474  5.5         0.36315789  4.43333333 -1.96235728  0.16666667
  5.3         0.37368421  4.46666667 -0.95651871  0.17368421  5.1
  0.38596491  4.56666667 -0.45633405  0.18421053  5.23333333  0.39298246
  4.36666667 -1.08931386]",2130.6286249160767
0.21728799999999998,[0.6908306],"[ 0.16666667  5.3         0.37368421  4.46666667 -0.95651871  0.17368421
  5.1         0.38596491  4.56666667 -0.45633405  0.18421053  5.23333333
  0.39298246  4.36666667 -1.08931386  0.19473684  5.36666667  0.39649123
  4.03333333 -0.30916941]",2130.702951192856
0.21982400000000002,[0.74979806],"[ 0.17368421  5.1         0.38596491  4.56666667 -0.45633405  0.18421053
  5.23333333  0.39298246  4.36666667 -1.08931386  0.19473684  5.36666667
  0.39649123  4.03333333 -0.30916941  0.19824561  5.33333333  0.39824561
  3.93333333 -0.25020194]",2130.782977581024
0.227468,[0.2735976],"[ 0.18421053  5.23333333  0.39298246  4.36666667 -1.08931386  0.19473684
  5.36666667  0.39649123  4.03333333 -0.30916941  0.19824561  5.33333333
  0.39824561  3.93333333 -0.25020194  0.20877193  5.43333333  0.39824561
  3.66666667 -0.7264024 ]",2130.86243391037
0.22494000000000006,[-0.17435415],"[ 0.19473684  5.36666667  0.39649123  4.03333333 -0.30916941  0.19824561
  5.33333333  0.39824561  3.93333333 -0.25020194  0.20877193  5.43333333
  0.39824561  3.66666667 -0.7264024   0.21403509  5.46666667  0.40350877
  3.66666667 -1.1743542 ]",2130.9469928741455
0.22241599999999995,[0.59758526],"[ 0.19824561  5.33333333  0.39824561  3.93333333 -0.25020194  0.20877193
  5.43333333  0.39824561  3.66666667 -0.7264024   0.21403509  5.46666667
  0.40350877  3.66666667 -1.1743542   0.21929825  5.36666667  0.4122807
  3.73333333 -0.40241474]",2131.02295088768
0.22752,[0.19954963],"[ 0.20877193  5.43333333  0.39824561  3.66666667 -0.7264024   0.21403509
  5.46666667  0.40350877  3.66666667 -1.1743542   0.21929825  5.36666667
  0.4122807   3.73333333 -0.40241474  0.22807018  5.36666667  0.42280702
  3.76666667 -0.80045038]",2131.103108882904
0.235172,[0.10742038],"[ 0.21403509  5.46666667  0.40350877  3.66666667 -1.1743542   0.21929825
  5.36666667  0.4122807   3.73333333 -0.40241474  0.22807018  5.36666667
  0.42280702  3.76666667 -0.80045038  0.24035088  5.5         0.42807018
  3.63333333 -0.89257962]",2131.1870601177216
0.227488,[0.532808],"[ 0.21929825  5.36666667  0.4122807   3.73333333 -0.40241474  0.22807018
  5.36666667  0.42280702  3.76666667 -0.80045038  0.24035088  5.5
  0.42807018  3.63333333 -0.89257962  0.24210526  5.43333333  0.43333333
  3.66666667 -0.46719199]",2131.2634987831116
0.21979600000000002,[-0.32821393],"[ 0.22807018  5.36666667  0.42280702  3.76666667 -0.80045038  0.24035088
  5.5         0.42807018  3.63333333 -0.89257962  0.24210526  5.43333333
  0.43333333  3.66666667 -0.46719199  0.24561404  5.46666667  0.43684211
  3.63333333 -1.32821393]",2131.3423726558685
0.20959200000000006,[-0.2828695],"[ 0.24035088  5.5         0.42807018  3.63333333 -0.89257962  0.24210526
  5.43333333  0.43333333  3.66666667 -0.46719199  0.24561404  5.46666667
  0.43684211  3.63333333 -1.32821393  0.24736842  5.5         0.43684211
  3.66666667 -1.28286946]",2131.4223577976227
0.196848,[0.6894413],"[ 0.24210526  5.43333333  0.43333333  3.66666667 -0.46719199  0.24561404
  5.46666667  0.43684211  3.63333333 -1.32821393  0.24736842  5.5
  0.43684211  3.66666667 -1.28286946  0.24385965  5.3         0.44210526
  3.83333333 -0.31055868]",2131.5066096782684
0.196832,[-0.7867434],"[ 0.24561404  5.46666667  0.43684211  3.63333333 -1.32821393  0.24736842
  5.5         0.43684211  3.66666667 -1.28286946  0.24385965  5.3
  0.44210526  3.83333333 -0.31055868  0.24561404  5.33333333  0.44385965
  3.9        -1.7867434 ]",2131.583171606064
0.19940399999999997,[-0.91299427],"[ 0.24736842  5.5         0.43684211  3.66666667 -1.28286946  0.24385965
  5.3         0.44210526  3.83333333 -0.31055868  0.24561404  5.33333333
  0.44385965  3.9        -1.7867434   0.25438596  5.53333333  0.44561404
  3.8        -1.91299427]",2131.662363052368
0.150848,[-0.91389173],"[ 0.24385965  5.3         0.44210526  3.83333333 -0.31055868  0.24561404
  5.33333333  0.44385965  3.9        -1.7867434   0.25438596  5.53333333
  0.44561404  3.8        -1.91299427  0.25087719  5.3         0.45263158
  4.         -1.91389179]",2131.7462334632874
0.15852799999999997,[0.54922116],"[ 0.24561404  5.33333333  0.44385965  3.9        -1.7867434   0.25438596
  5.53333333  0.44561404  3.8        -1.91299427  0.25087719  5.3
  0.45263158  4.         -1.91389179  0.25438596  5.          0.46315789
  4.3        -0.45077884]",2131.8249299526215
0.161096,[-0.43635038],"[ 0.25438596  5.53333333  0.44561404  3.8        -1.91299427  0.25087719
  5.3         0.45263158  4.         -1.91389179  0.25438596  5.
  0.46315789  4.3        -0.45077884  0.26140351  4.93333333  0.47368421
  4.36666667 -1.43635035]",2131.9039754867554
0.16363999999999995,[-0.91129714],"[ 0.25087719  5.3         0.45263158  4.         -1.91389179  0.25438596
  5.          0.46315789  4.3        -0.45077884  0.26140351  4.93333333
  0.47368421  4.36666667 -1.43635035  0.27017544  5.03333333  0.48245614
  4.3        -1.91129708]",2131.982341527939
0.16107599999999997,[0.67945343],"[ 0.25438596  5.          0.46315789  4.3        -0.45077884  0.26140351
  4.93333333  0.47368421  4.36666667 -1.43635035  0.27017544  5.03333333
  0.48245614  4.3        -1.91129708  0.27719298  4.9         0.49122807
  4.53333333 -0.32054657]",2132.062355518341
0.158512,[-0.4949205],"[ 0.26140351  4.93333333  0.47368421  4.36666667 -1.43635035  0.27017544
  5.03333333  0.48245614  4.3        -1.91129708  0.27719298  4.9
  0.49122807  4.53333333 -0.32054657  0.28245614  4.76666667  0.49649123
  4.7        -1.49492049]",2132.142352581024
0.153412,[0.8189112],"[ 0.27017544  5.03333333  0.48245614  4.3        -1.91129708  0.27719298
  4.9         0.49122807  4.53333333 -0.32054657  0.28245614  4.76666667
  0.49649123  4.7        -1.49492049  0.28947368  4.8         0.50350877
  4.5        -0.18108881]",2132.22230386734
0.14832,[0.37523973],"[ 0.27719298  4.9         0.49122807  4.53333333 -0.32054657  0.28245614
  4.76666667  0.49649123  4.7        -1.49492049  0.28947368  4.8
  0.50350877  4.5        -0.18108881  0.29649123  4.76666667  0.51052632
  4.5        -0.62476027]",2132.302366256714
0.15596400000000002,[-0.5540593],"[ 0.28245614  4.76666667  0.49649123  4.7        -1.49492049  0.28947368
  4.8         0.50350877  4.5        -0.18108881  0.29649123  4.76666667
  0.51052632  4.5        -0.62476027  0.30526316  4.93333333  0.51754386
  4.33333333 -1.55405927]",2132.3822910785675
0.148304,[-0.87899077],"[ 0.28947368  4.8         0.50350877  4.5        -0.18108881  0.29649123
  4.76666667  0.51052632  4.5        -0.62476027  0.30526316  4.93333333
  0.51754386  4.33333333 -1.55405927  0.31052632  4.96666667  0.52280702
  4.3        -1.87899077]",2132.462312936783
0.14834399999999998,[0.53987515],"[ 0.29649123  4.76666667  0.51052632  4.5        -0.62476027  0.30526316
  4.93333333  0.51754386  4.33333333 -1.55405927  0.31052632  4.96666667
  0.52280702  4.3        -1.87899077  0.31578947  4.66666667  0.52807018
  4.53333333 -0.46012485]",2132.542324781418
0.15090800000000001,[0.852187],"[ 0.30526316  4.93333333  0.51754386  4.33333333 -1.55405927  0.31052632
  4.96666667  0.52280702  4.3        -1.87899077  0.31578947  4.66666667
  0.52807018  4.53333333 -0.46012485  0.32280702  4.5         0.53859649
  4.63333333 -0.14781302]",2132.6223237514496
0.15343600000000004,[-0.4958138],"[ 0.31052632  4.96666667  0.52280702  4.3        -1.87899077  0.31578947
  4.66666667  0.52807018  4.53333333 -0.46012485  0.32280702  4.5
  0.53859649  4.63333333 -0.14781302  0.33333333  4.73333333  0.54912281
  4.46666667 -1.49581385]",2132.7023437023163
0.15597600000000003,[-0.41282332],"[ 0.31578947  4.66666667  0.52807018  4.53333333 -0.46012485  0.32280702
  4.5         0.53859649  4.63333333 -0.14781302  0.33333333  4.73333333
  0.54912281  4.46666667 -1.49581385  0.34736842  5.          0.55789474
  4.23333333 -1.41282332]",2132.7823672294617
0.15854399999999996,[0.73110723],"[ 0.32280702  4.5         0.53859649  4.63333333 -0.14781302  0.33333333
  4.73333333  0.54912281  4.46666667 -1.49581385  0.34736842  5.
  0.55789474  4.23333333 -1.41282332  0.35087719  4.83333333  0.56315789
  4.33333333 -0.26889277]",2132.862334251404
0.16367199999999998,[-0.62185615],"[ 0.33333333  4.73333333  0.54912281  4.46666667 -1.49581385  0.34736842
  5.          0.55789474  4.23333333 -1.41282332  0.35087719  4.83333333
  0.56315789  4.33333333 -0.26889277  0.35789474  4.73333333  0.57192982
  4.33333333 -1.62185621]",2132.942362308502
0.18156,[-0.24420781],"[ 0.34736842  5.          0.55789474  4.23333333 -1.41282332  0.35087719
  4.83333333  0.56315789  4.33333333 -0.26889277  0.35789474  4.73333333
  0.57192982  4.33333333 -1.62185621  0.37192982  4.8         0.58245614
  4.06666667 -1.24420786]",2133.029909133911
0.204552,[-0.3106258],"[ 0.35087719  4.83333333  0.56315789  4.33333333 -0.26889277  0.35789474
  4.73333333  0.57192982  4.33333333 -1.62185621  0.37192982  4.8
  0.58245614  4.06666667 -1.24420786  0.38421053  4.7         0.59649123
  4.13333333 -1.31062579]",2133.104640483856
0.2198999999999999,[-0.8044544],"[ 0.35789474  4.73333333  0.57192982  4.33333333 -1.62185621  0.37192982
  4.8         0.58245614  4.06666667 -1.24420786  0.38421053  4.7
  0.59649123  4.13333333 -1.31062579  0.39649123  4.63333333  0.60877193
  4.26666667 -1.80445433]",2133.182372570038
0.21738,[-0.20192292],"[ 0.37192982  4.8         0.58245614  4.06666667 -1.24420786  0.38421053
  4.7         0.59649123  4.13333333 -1.31062579  0.39649123  4.63333333
  0.60877193  4.26666667 -1.80445433  0.40350877  4.53333333  0.61929825
  4.3        -1.20192289]",2133.2623591423035
0.23526000000000002,[0.15114246],"[ 0.38421053  4.7         0.59649123  4.13333333 -1.31062579  0.39649123
  4.63333333  0.60877193  4.26666667 -1.80445433  0.40350877  4.53333333
  0.61929825  4.3        -1.20192289  0.4122807   4.4         0.62631579
  4.33333333 -0.84885752]",2133.3423323631287
0.24543199999999996,[0.5318037],"[ 0.39649123  4.63333333  0.60877193  4.26666667 -1.80445433  0.40350877
  4.53333333  0.61929825  4.3        -1.20192289  0.4122807   4.4
  0.62631579  4.33333333 -0.84885752  0.42280702  4.53333333  0.63684211
  4.16666667 -0.46819627]",2133.4263138771057
0.24795599999999998,[-0.8316592],"[ 0.40350877  4.53333333  0.61929825  4.3        -1.20192289  0.4122807
  4.4         0.62631579  4.33333333 -0.84885752  0.42280702  4.53333333
  0.63684211  4.16666667 -0.46819627  0.43157895  4.73333333  0.64210526
  4.03333333 -1.8316592 ]",2133.5062997341156
0.24285600000000002,[-0.28239352],"[ 0.4122807   4.4         0.62631579  4.33333333 -0.84885752  0.42280702
  4.53333333  0.63684211  4.16666667 -0.46819627  0.43157895  4.73333333
  0.64210526  4.03333333 -1.8316592   0.43684211  4.73333333  0.64561404
  3.93333333 -1.28239346]",2133.5862679481506
0.23520400000000002,[0.95723933],"[ 0.42280702  4.53333333  0.63684211  4.16666667 -0.46819627  0.43157895
  4.73333333  0.64210526  4.03333333 -1.8316592   0.43684211  4.73333333
  0.64561404  3.93333333 -1.28239346  0.43859649  4.46666667  0.65087719
  3.96666667 -0.04276067]",2133.666319847107
0.2403000000000001,[0.3462135],"[ 0.43157895  4.73333333  0.64210526  4.03333333 -1.8316592   0.43684211
  4.73333333  0.64561404  3.93333333 -1.28239346  0.43859649  4.46666667
  0.65087719  3.96666667 -0.04276067  0.44736842  4.46666667  0.65964912
  3.9        -0.65378654]",2133.7463190555573
0.25304800000000005,[0.9699173],"[ 0.43684211  4.73333333  0.64561404  3.93333333 -1.28239346  0.43859649
  4.46666667  0.65087719  3.96666667 -0.04276067  0.44736842  4.46666667
  0.65964912  3.9        -0.65378654  0.46315789  4.76666667  0.67017544
  3.76666667 -0.0300827 ]",2133.8263211250305
0.25303200000000003,[-0.9396589],"[ 0.43859649  4.46666667  0.65087719  3.96666667 -0.04276067  0.44736842
  4.46666667  0.65964912  3.9        -0.65378654  0.46315789  4.76666667
  0.67017544  3.76666667 -0.0300827   0.47017544  4.86666667  0.6754386
  3.76666667 -1.93965888]",2133.909508228302
0.247928,[-0.97571164],"[ 0.44736842  4.46666667  0.65964912  3.9        -0.65378654  0.46315789
  4.76666667  0.67017544  3.76666667 -0.0300827   0.47017544  4.86666667
  0.6754386   3.76666667 -1.93965888  0.4754386   4.96666667  0.67719298
  3.76666667 -1.97571158]",2133.9863197803497
0.24028400000000003,[-0.46535107],"[ 0.46315789  4.76666667  0.67017544  3.76666667 -0.0300827   0.47017544
  4.86666667  0.6754386   3.76666667 -1.93965888  0.4754386   4.96666667
  0.67719298  3.76666667 -1.97571158  0.4754386   4.8         0.68421053
  3.93333333 -1.4653511 ]",2134.0663299560547
0.24027600000000002,[0.19431256],"[ 0.47017544  4.86666667  0.6754386   3.76666667 -1.93965888  0.4754386
  4.96666667  0.67719298  3.76666667 -1.97571158  0.4754386   4.8
  0.68421053  3.93333333 -1.4653511   0.48070175  4.56666667  0.69298246
  4.36666667 -0.80568743]",2134.1463391780853
0.24024399999999996,[0.83276176],"[ 0.4754386   4.96666667  0.67719298  3.76666667 -1.97571158  0.4754386
  4.8         0.68421053  3.93333333 -1.4653511   0.48070175  4.56666667
  0.69298246  4.36666667 -0.80568743  0.4877193   4.66666667  0.70175439
  4.53333333 -0.16723824]",2134.2272148132324
0.23767999999999995,[-0.5494951],"[ 0.4754386   4.8         0.68421053  3.93333333 -1.4653511   0.48070175
  4.56666667  0.69298246  4.36666667 -0.80568743  0.4877193   4.66666667
  0.70175439  4.53333333 -0.16723824  0.49649123  4.96666667  0.70877193
  4.43333333 -1.5494951 ]",2134.3064181804657
0.23003199999999993,[0.62516916],"[ 0.48070175  4.56666667  0.69298246  4.36666667 -0.80568743  0.4877193
  4.66666667  0.70175439  4.53333333 -0.16723824  0.49649123  4.96666667
  0.70877193  4.43333333 -1.5494951   0.50526316  5.06666667  0.71403509
  4.26666667 -0.37483084]",2134.3871586322784
0.23258399999999999,[-0.8320898],"[ 0.4877193   4.66666667  0.70175439  4.53333333 -0.16723824  0.49649123
  4.96666667  0.70877193  4.43333333 -1.5494951   0.50526316  5.06666667
  0.71403509  4.26666667 -0.37483084  0.51052632  4.93333333  0.72105263
  4.3        -1.83208978]",2134.4671409130096
0.23512,[0.38936034],"[ 0.49649123  4.96666667  0.70877193  4.43333333 -1.5494951   0.50526316
  5.06666667  0.71403509  4.26666667 -0.37483084  0.51052632  4.93333333
  0.72105263  4.3        -1.83208978  0.51929825  5.          0.72982456
  4.23333333 -0.61063969]",2134.5464012622833
0.23002000000000003,[-0.91312975],"[ 0.50526316  5.06666667  0.71403509  4.26666667 -0.37483084  0.51052632
  4.93333333  0.72105263  4.3        -1.83208978  0.51929825  5.
  0.72982456  4.23333333 -0.61063969  0.52982456  4.96666667  0.74035088
  4.33333333 -1.91312981]",2134.6281776428223
0.222328,[-0.65298206],"[ 0.51052632  4.93333333  0.72105263  4.3        -1.83208978  0.51929825
  5.          0.72982456  4.23333333 -0.61063969  0.52982456  4.96666667
  0.74035088  4.33333333 -1.91312981  0.53684211  5.06666667  0.74736842
  4.36666667 -1.652982  ]",2134.7063522338867
0.2121080000000001,[-0.77236044],"[ 0.51929825  5.          0.72982456  4.23333333 -0.61063969  0.52982456
  4.96666667  0.74035088  4.33333333 -1.91312981  0.53684211  5.06666667
  0.74736842  4.36666667 -1.652982    0.54210526  4.96666667  0.75438596
  4.56666667 -1.77236044]",2134.787772655487
0.2095600000000001,[-0.20028722],"[ 0.52982456  4.96666667  0.74035088  4.33333333 -1.91312981  0.53684211
  5.06666667  0.74736842  4.36666667 -1.652982    0.54210526  4.96666667
  0.75438596  4.56666667 -1.77236044  0.54736842  4.8         0.75964912
  4.76666667 -1.20028722]",2134.86647939682
0.20953600000000003,[-0.28422606],"[ 0.53684211  5.06666667  0.74736842  4.36666667 -1.652982    0.54210526
  4.96666667  0.75438596  4.56666667 -1.77236044  0.54736842  4.8
  0.75964912  4.76666667 -1.20028722  0.55614035  4.86666667  0.77017544
  4.8        -1.28422606]",2134.946494579315
0.20698000000000008,[-0.84246576],"[ 0.54210526  4.96666667  0.75438596  4.56666667 -1.77236044  0.54736842
  4.8         0.75964912  4.76666667 -1.20028722  0.55614035  4.86666667
  0.77017544  4.8        -1.28422606  0.56491228  5.          0.77719298
  4.8        -1.84246576]",2135.026464700699
0.20190799999999998,[-0.3794369],"[ 0.54736842  4.8         0.75964912  4.76666667 -1.20028722  0.55614035
  4.86666667  0.77017544  4.8        -1.28422606  0.56491228  5.
  0.77719298  4.8        -1.84246576  0.57017544  4.86666667  0.78421053
  4.93333333 -1.37943697]",2135.106385707855
0.199372,[0.70442736],"[ 0.55614035  4.86666667  0.77017544  4.8        -1.28422606  0.56491228
  5.          0.77719298  4.8        -1.84246576  0.57017544  4.86666667
  0.78421053  4.93333333 -1.37943697  0.57368421  4.7         0.78596491
  5.03333333 -0.29557264]",2135.1863753795624
0.20443999999999996,[-0.8992219],"[ 0.56491228  5.          0.77719298  4.8        -1.84246576  0.57017544
  4.86666667  0.78421053  4.93333333 -1.37943697  0.57368421  4.7
  0.78596491  5.03333333 -0.29557264  0.57894737  4.8         0.79298246
  4.9        -1.8992219 ]",2135.266464948654
0.20441599999999993,[0.2683816],"[ 0.57017544  4.86666667  0.78421053  4.93333333 -1.37943697  0.57368421
  4.7         0.78596491  5.03333333 -0.29557264  0.57894737  4.8
  0.79298246  4.9        -1.8992219   0.5877193   5.          0.79824561
  4.7        -0.7316184 ]",2135.346445083618
0.18912399999999996,[-0.9737047],"[ 0.57368421  4.7         0.78596491  5.03333333 -0.29557264  0.57894737
  4.8         0.79298246  4.9        -1.8992219   0.5877193   5.
  0.79824561  4.7        -0.7316184   0.59298246  4.93333333  0.80526316
  4.8        -1.9737047 ]",2135.4265105724335
0.18913599999999997,[-0.9088776],"[ 0.57894737  4.8         0.79298246  4.9        -1.8992219   0.5877193
  5.          0.79824561  4.7        -0.7316184   0.59298246  4.93333333
  0.80526316  4.8        -1.9737047   0.6         4.93333333  0.8122807
  4.8        -1.90887761]",2135.5065207481384
0.191732,[0.32941368],"[ 0.5877193   5.          0.79824561  4.7        -0.7316184   0.59298246
  4.93333333  0.80526316  4.8        -1.9737047   0.6         4.93333333
  0.8122807   4.8        -1.90887761  0.60701754  4.7         0.81929825
  4.96666667 -0.67058635]",2135.586478471756
0.20450399999999994,[0.8496982],"[ 0.59298246  4.93333333  0.80526316  4.8        -1.9737047   0.6
  4.93333333  0.8122807   4.8        -1.90887761  0.60701754  4.7
  0.81929825  4.96666667 -0.67058635  0.61578947  4.6         0.82807018
  5.13333333 -0.15030181]",2135.667224407196
0.2095440000000001,[-0.6754916],"[ 0.6         4.93333333  0.8122807   4.8        -1.90887761  0.60701754
  4.7         0.81929825  4.96666667 -0.67058635  0.61578947  4.6
  0.82807018  5.13333333 -0.15030181  0.6245614   4.96666667  0.83684211
  5.         -1.67549157]",2135.746371984482
0.21207200000000004,[0.6896379],"[ 0.60701754  4.7         0.81929825  4.96666667 -0.67058635  0.61578947
  4.6         0.82807018  5.13333333 -0.15030181  0.6245614   4.96666667
  0.83684211  5.         -1.67549157  0.63333333  5.3         0.84561404
  4.8        -0.3103621 ]",2135.826409339905
0.2069960000000001,[0.54564977],"[ 0.61578947  4.6         0.82807018  5.13333333 -0.15030181  0.6245614
  4.96666667  0.83684211  5.         -1.67549157  0.63333333  5.3
  0.84561404  4.8        -0.3103621   0.63859649  5.3         0.84912281
  4.8        -0.45435023]",2135.9064824581146
0.20444400000000007,[0.6555674],"[ 0.6245614   4.96666667  0.83684211  5.         -1.67549157  0.63333333
  5.3         0.84561404  4.8        -0.3103621   0.63859649  5.3
  0.84912281  4.8        -0.45435023  0.64561404  5.36666667  0.85614035
  4.6        -0.34443259]",2135.9865357875824
0.21464800000000003,[0.02424333],"[ 0.63333333  5.3         0.84561404  4.8        -0.3103621   0.63859649
  5.3         0.84912281  4.8        -0.45435023  0.64561404  5.36666667
  0.85614035  4.6        -0.34443259  0.65789474  5.4         0.86491228
  4.33333333 -0.97575665]",2136.0675451755524
0.21976400000000007,[0.59826493],"[ 0.63859649  5.3         0.84912281  4.8        -0.45435023  0.64561404
  5.36666667  0.85614035  4.6        -0.34443259  0.65789474  5.4
  0.86491228  4.33333333 -0.97575665  0.67017544  5.43333333  0.87368421
  4.3        -0.40173507]",2136.1464319229126
0.21208799999999992,[-0.3793256],"[ 0.64561404  5.36666667  0.85614035  4.6        -0.34443259  0.65789474
  5.4         0.86491228  4.33333333 -0.97575665  0.67017544  5.43333333
  0.87368421  4.3        -0.40173507  0.6754386   5.46666667  0.88070175
  4.33333333 -1.37932563]",2136.227947473526
0.20953999999999998,[-0.9774256],"[ 0.65789474  5.4         0.86491228  4.33333333 -0.97575665  0.67017544
  5.43333333  0.87368421  4.3        -0.40173507  0.6754386   5.46666667
  0.88070175  4.33333333 -1.37932563  0.68070175  5.5         0.88421053
  4.16666667 -1.97742558]",2136.306361913681
0.20700399999999997,[0.65538394],"[ 0.67017544  5.43333333  0.87368421  4.3        -0.40173507  0.6754386
  5.46666667  0.88070175  4.33333333 -1.37932563  0.68070175  5.5
  0.88421053  4.16666667 -1.97742558  0.68421053  5.23333333  0.89122807
  4.26666667 -0.34461606]",2136.3871784210205
0.20701199999999997,[-0.472907],"[ 0.6754386   5.46666667  0.88070175  4.33333333 -1.37932563  0.68070175
  5.5         0.88421053  4.16666667 -1.97742558  0.68421053  5.23333333
  0.89122807  4.26666667 -0.34461606  0.68947368  5.          0.9
  4.46666667 -1.47290707]",2136.4678444862366
0.20701599999999987,[-0.6302272],"[ 0.68070175  5.5         0.88421053  4.16666667 -1.97742558  0.68421053
  5.23333333  0.89122807  4.26666667 -0.34461606  0.68947368  5.
  0.9         4.46666667 -1.47290707  0.69824561  5.03333333  0.91052632
  4.4        -1.63022721]",2136.5479736328125
0.2044839999999999,[-0.8836921],"[ 0.68421053  5.23333333  0.89122807  4.26666667 -0.34461606  0.68947368
  5.          0.9         4.46666667 -1.47290707  0.69824561  5.03333333
  0.91052632  4.4        -1.63022721  0.70526316  4.96666667  0.91929825
  4.46666667 -1.88369203]",2136.6263279914856
0.20960800000000016,[-0.18520409],"[ 0.68947368  5.          0.9         4.46666667 -1.47290707  0.69824561
  5.03333333  0.91052632  4.4        -1.63022721  0.70526316  4.96666667
  0.91929825  4.46666667 -1.88369203  0.71403509  4.73333333  0.92807018
  4.56666667 -1.18520403]",2136.708464384079
0.21726800000000002,[0.24598852],"[ 0.69824561  5.03333333  0.91052632  4.4        -1.63022721  0.70526316
  4.96666667  0.91929825  4.46666667 -1.88369203  0.71403509  4.73333333
  0.92807018  4.56666667 -1.18520403  0.72280702  4.63333333  0.93508772
  4.56666667 -0.75401151]",2136.787994861603
0.22492799999999988,[0.06945623],"[ 0.70526316  4.96666667  0.91929825  4.46666667 -1.88369203  0.71403509
  4.73333333  0.92807018  4.56666667 -1.18520403  0.72280702  4.63333333
  0.93508772  4.56666667 -0.75401151  0.73333333  4.8         0.94385965
  4.36666667 -0.93054378]",2136.8663692474365
0.2223879999999999,[0.78539],"[ 0.71403509  4.73333333  0.92807018  4.56666667 -1.18520403  0.72280702
  4.63333333  0.93508772  4.56666667 -0.75401151  0.73333333  4.8
  0.94385965  4.36666667 -0.93054378  0.74035088  4.86666667  0.95087719
  4.26666667 -0.21460998]",2136.9463798999786
0.224932,[-0.5634973],"[ 0.72280702  4.63333333  0.93508772  4.56666667 -0.75401151  0.73333333
  4.8         0.94385965  4.36666667 -0.93054378  0.74035088  4.86666667
  0.95087719  4.26666667 -0.21460998  0.74736842  4.9         0.95614035
  4.13333333 -1.5634973 ]",2137.0263192653656
0.21981200000000004,[0.97894543],"[ 0.73333333  4.8         0.94385965  4.36666667 -0.93054378  0.74035088
  4.86666667  0.95087719  4.26666667 -0.21460998  0.74736842  4.9
  0.95614035  4.13333333 -1.5634973   0.75087719  4.96666667  0.95964912
  3.9        -0.02105457]",2137.1062920093536
0.21211999999999986,[-0.15975706],"[ 0.74035088  4.86666667  0.95087719  4.26666667 -0.21460998  0.74736842
  4.9         0.95614035  4.13333333 -1.5634973   0.75087719  4.96666667
  0.95964912  3.9        -0.02105457  0.75263158  4.93333333  0.96140351
  4.03333333 -1.15975702]",2137.1863203048706
0.20954000000000006,[0.926142],"[ 0.74736842  4.9         0.95614035  4.13333333 -1.5634973   0.75087719
  4.96666667  0.95964912  3.9        -0.02105457  0.75263158  4.93333333
  0.96140351  4.03333333 -1.15975702  0.75964912  5.03333333  0.96842105
  4.03333333 -0.07385802]",2137.2663536071777
0.20702399999999987,[-0.5616703],"[ 0.75087719  4.96666667  0.95964912  3.9        -0.02105457  0.75263158
  4.93333333  0.96140351  4.03333333 -1.15975702  0.75964912  5.03333333
  0.96842105  4.03333333 -0.07385802  0.76666667  5.06666667  0.9754386
  4.1        -1.5616703 ]",2137.3463220596313
0.207052,[0.68360484],"[ 0.75263158  4.93333333  0.96140351  4.03333333 -1.15975702  0.75964912
  5.03333333  0.96842105  4.03333333 -0.07385802  0.76666667  5.06666667
  0.9754386   4.1        -1.5616703   0.7754386   5.16666667  0.98070175
  4.03333333 -0.31639516]",2137.426317691803
0.20706399999999991,[-0.54126936],"[ 0.75964912  5.03333333  0.96842105  4.03333333 -0.07385802  0.76666667
  5.06666667  0.9754386   4.1        -1.5616703   0.7754386   5.16666667
  0.98070175  4.03333333 -0.31639516  0.78070175  5.06666667  0.9877193
  4.03333333 -1.5412693 ]",2137.506313562393
0.20706800000000003,[0.9775733],"[ 0.76666667  5.06666667  0.9754386   4.1        -1.5616703   0.7754386
  5.16666667  0.98070175  4.03333333 -0.31639516  0.78070175  5.06666667
  0.9877193   4.03333333 -1.5412693   0.7877193   5.1         0.99298246
  3.93333333 -0.02242672]",2137.586320400238
0.19430000000000003,[0.87895405],"[ 0.7754386   5.16666667  0.98070175  4.03333333 -0.31639516  0.78070175
  5.06666667  0.9877193   4.03333333 -1.5412693   0.7877193   5.1
  0.99298246  3.93333333 -0.02242672  0.79122807  5.03333333  0.99649123
  3.96666667 -0.12104595]",2137.666442632675
0.18660799999999989,[-0.96123576],"[ 0.78070175  5.06666667  0.9877193   4.03333333 -1.5412693   0.7877193
  5.1         0.99298246  3.93333333 -0.02242672  0.79122807  5.03333333
  0.99649123  3.96666667 -0.12104595  0.79824561  5.26666667  1.
  3.9        -1.96123576]",2137.746373653412
0.18659599999999998,[-0.2797704],"[ 0.7877193   5.1         0.99298246  3.93333333 -0.02242672  0.79122807
  5.03333333  0.99649123  3.96666667 -0.12104595  0.79824561  5.26666667
  1.          3.9        -1.96123576  0.80350877  5.4         1.00350877
  3.96666667 -1.27977037]",2137.830847263336
0.173844,[-0.68502164],"[ 0.79122807  5.03333333  0.99649123  3.96666667 -0.12104595  0.79824561
  5.26666667  1.          3.9        -1.96123576  0.80350877  5.4
  1.00350877  3.96666667 -1.27977037  0.8         5.2         1.00701754
  4.16666667 -1.68502164]",2137.912080526352
0.1687200000000001,[0.951974],"[ 0.79824561  5.26666667  1.          3.9        -1.96123576  0.80350877
  5.4         1.00350877  3.96666667 -1.27977037  0.8         5.2
  1.00701754  4.16666667 -1.68502164  0.8         5.03333333  1.0122807
  4.46666667 -0.04802603]",2137.9925441741943
0.17124800000000007,[-0.62056017],"[ 0.80350877  5.4         1.00350877  3.96666667 -1.27977037  0.8
  5.2         1.00701754  4.16666667 -1.68502164  0.8         5.03333333
  1.0122807   4.46666667 -0.04802603  0.80701754  5.03333333  1.02105263
  4.66666667 -1.62056017]",2138.0723552703857
0.17378000000000005,[0.48976743],"[ 0.8         5.2         1.00701754  4.16666667 -1.68502164  0.8
  5.03333333  1.0122807   4.46666667 -0.04802603  0.80701754  5.03333333
  1.02105263  4.66666667 -1.62056017  0.81754386  5.26666667  1.02982456
  4.7        -0.51023257]",2138.1525003910065
0.17632800000000004,[-0.06072132],"[ 0.8         5.03333333  1.0122807   4.46666667 -0.04802603  0.80701754
  5.03333333  1.02105263  4.66666667 -1.62056017  0.81754386  5.26666667
  1.02982456  4.7        -0.51023257  0.82631579  5.26666667  1.03684211
  4.76666667 -1.06072128]",2138.2465405464172
0.171184,[0.21798058],"[ 0.80701754  5.03333333  1.02105263  4.66666667 -1.62056017  0.81754386
  5.26666667  1.02982456  4.7        -0.51023257  0.82631579  5.26666667
  1.03684211  4.76666667 -1.06072128  0.83157895  5.3         1.04210526
  4.73333333 -0.78201944]",2138.312560558319
0.16604799999999997,[-0.85552967],"[ 0.81754386  5.26666667  1.02982456  4.7        -0.51023257  0.82631579
  5.26666667  1.03684211  4.76666667 -1.06072128  0.83157895  5.3
  1.04210526  4.73333333 -0.78201944  0.83684211  5.4         1.04561404
  4.6        -1.85552967]",2138.392617225647
