reward,action,obs,time
,,"[0.         0.         0.         0.         0.         0.
 0.         0.         0.         0.         0.         0.
 0.         0.         0.         0.03157895 5.86666667 0.24385965
 5.3        0.        ]",2501.938784122467
-0.0025199999999999945,[0.410167],"[ 0.          0.          0.          0.          0.          0.
  0.          0.          0.          0.          0.03157895  5.86666667
  0.24385965  5.3         0.          0.02982456  5.56666667  0.24561404
  5.46666667 -0.58983302]",2502.032669067383
1.2000000000005062e-05,[-0.05377585],"[ 0.          0.          0.          0.          0.          0.03157895
  5.86666667  0.24385965  5.3         0.          0.02982456  5.56666667
  0.24561404  5.46666667 -0.58983302  0.03157895  5.76666667  0.24385965
  5.36666667 -1.05377579]",2502.087777853012
-0.0025279999999999955,[-0.02615241],"[ 0.03157895  5.86666667  0.24385965  5.3         0.          0.02982456
  5.56666667  0.24561404  5.46666667 -0.58983302  0.03157895  5.76666667
  0.24385965  5.36666667 -1.05377579  0.02982456  5.63333333  0.24385965
  5.43333333 -1.02615237]",2502.1381561756134
-0.0025279999999999955,[-0.04958789],"[ 0.02982456  5.56666667  0.24561404  5.46666667 -0.58983302  0.03157895
  5.76666667  0.24385965  5.36666667 -1.05377579  0.02982456  5.63333333
  0.24385965  5.43333333 -1.02615237  0.02982456  5.63333333  0.24561404
  5.43333333 -1.04958785]",2502.1883165836334
-0.0025279999999999955,[-0.01487541],"[ 0.03157895  5.76666667  0.24385965  5.36666667 -1.05377579  0.02982456
  5.63333333  0.24385965  5.43333333 -1.02615237  0.02982456  5.63333333
  0.24561404  5.43333333 -1.04958785  0.02982456  5.63333333  0.24561404
  5.43333333 -1.01487541]",2502.238668203354
2.8000000000000247e-05,[-0.01830518],"[ 0.02982456  5.63333333  0.24385965  5.43333333 -1.02615237  0.02982456
  5.63333333  0.24561404  5.43333333 -1.04958785  0.02982456  5.63333333
  0.24561404  5.43333333 -1.01487541  0.03157895  5.63333333  0.24561404
  5.43333333 -1.01830518]",2502.288835287094
3.200000000000425e-05,[-0.01107888],"[ 0.02982456  5.63333333  0.24561404  5.43333333 -1.04958785  0.02982456
  5.63333333  0.24561404  5.43333333 -1.01487541  0.03157895  5.63333333
  0.24561404  5.43333333 -1.01830518  0.03157895  5.6         0.24561404
  5.43333333 -1.01107883]",2502.3392412662506
2.8000000000000247e-05,[-0.01267557],"[ 0.02982456  5.63333333  0.24561404  5.43333333 -1.01487541  0.03157895
  5.63333333  0.24561404  5.43333333 -1.01830518  0.03157895  5.6
  0.24561404  5.43333333 -1.01107883  0.03157895  5.63333333  0.24561404
  5.43333333 -1.01267552]",2502.3893666267395
2.8000000000000247e-05,[-0.01107593],"[ 0.03157895  5.63333333  0.24561404  5.43333333 -1.01830518  0.03157895
  5.6         0.24561404  5.43333333 -1.01107883  0.03157895  5.63333333
  0.24561404  5.43333333 -1.01267552  0.03157895  5.63333333  0.24561404
  5.4        -1.01107597]",2502.4397168159485
-0.0025279999999999955,[-0.01218573],"[ 0.03157895  5.6         0.24561404  5.43333333 -1.01107883  0.03157895
  5.63333333  0.24561404  5.43333333 -1.01267552  0.03157895  5.63333333
  0.24561404  5.4        -1.01107597  0.02982456  5.63333333  0.24385965
  5.43333333 -1.01218569]",2502.517541408539
2.8000000000000247e-05,[-0.01370903],"[ 0.03157895  5.63333333  0.24561404  5.43333333 -1.01267552  0.03157895
  5.63333333  0.24561404  5.4        -1.01107597  0.02982456  5.63333333
  0.24385965  5.43333333 -1.01218569  0.03157895  5.63333333  0.24561404
  5.4        -1.01370907]",2502.597094297409
-0.0025279999999999955,[-0.0137962],"[ 0.03157895  5.63333333  0.24561404  5.4        -1.01107597  0.02982456
  5.63333333  0.24385965  5.43333333 -1.01218569  0.03157895  5.63333333
  0.24561404  5.4        -1.01370907  0.02982456  5.63333333  0.24561404
  5.4        -1.01379621]",2502.6774299144745
2.4000000000003185e-05,[-0.01665533],"[ 0.02982456  5.63333333  0.24385965  5.43333333 -1.01218569  0.03157895
  5.63333333  0.24561404  5.4        -1.01370907  0.02982456  5.63333333
  0.24561404  5.4        -1.01379621  0.03157895  5.66666667  0.24385965
  5.4        -1.01665533]",2502.7572650909424
2.4000000000003185e-05,[-0.01420831],"[ 0.03157895  5.63333333  0.24561404  5.4        -1.01370907  0.02982456
  5.63333333  0.24561404  5.4        -1.01379621  0.03157895  5.66666667
  0.24385965  5.4        -1.01665533  0.03157895  5.66666667  0.24561404
  5.4        -1.01420832]",2502.837319135666
2.4000000000003185e-05,[-0.01783979],"[ 0.02982456  5.63333333  0.24561404  5.4        -1.01379621  0.03157895
  5.66666667  0.24385965  5.4        -1.01665533  0.03157895  5.66666667
  0.24561404  5.4        -1.01420832  0.03157895  5.66666667  0.24385965
  5.4        -1.01783979]",2502.917329788208
2.4000000000003185e-05,[-0.01863189],"[ 0.03157895  5.66666667  0.24385965  5.4        -1.01665533  0.03157895
  5.66666667  0.24561404  5.4        -1.01420832  0.03157895  5.66666667
  0.24385965  5.4        -1.01783979  0.03157895  5.66666667  0.24561404
  5.4        -1.01863194]",2502.997018098831
-0.0025319999999999995,[-0.0196204],"[ 0.03157895  5.66666667  0.24561404  5.4        -1.01420832  0.03157895
  5.66666667  0.24385965  5.4        -1.01783979  0.03157895  5.66666667
  0.24561404  5.4        -1.01863194  0.02982456  5.66666667  0.24385965
  5.4        -1.01962042]",2503.077124595642
-0.0025279999999999955,[-0.01912118],"[ 0.03157895  5.66666667  0.24385965  5.4        -1.01783979  0.03157895
  5.66666667  0.24561404  5.4        -1.01863194  0.02982456  5.66666667
  0.24385965  5.4        -1.01962042  0.02982456  5.63333333  0.24385965
  5.4        -1.01912117]",2503.1539673805237
-0.0025279999999999955,[-0.01935148],"[ 0.03157895  5.66666667  0.24561404  5.4        -1.01863194  0.02982456
  5.66666667  0.24385965  5.4        -1.01962042  0.02982456  5.63333333
  0.24385965  5.4        -1.01912117  0.02982456  5.63333333  0.24385965
  5.43333333 -1.01935148]",2503.230453968048
-0.0025279999999999955,[-0.01678935],"[ 0.02982456  5.66666667  0.24385965  5.4        -1.01962042  0.02982456
  5.63333333  0.24385965  5.4        -1.01912117  0.02982456  5.63333333
  0.24385965  5.43333333 -1.01935148  0.02982456  5.63333333  0.24561404
  5.43333333 -1.01678932]",2503.3135187625885
0.0025479999999999947,[-0.01474436],"[ 0.02982456  5.63333333  0.24385965  5.4        -1.01912117  0.02982456
  5.63333333  0.24385965  5.43333333 -1.01935148  0.02982456  5.63333333
  0.24561404  5.43333333 -1.01678932  0.03157895  5.63333333  0.24561404
  5.43333333 -1.0147444 ]",2503.395235300064
1.5999999999995185e-05,[-0.01444792],"[ 0.02982456  5.63333333  0.24385965  5.43333333 -1.01935148  0.02982456
  5.63333333  0.24561404  5.43333333 -1.01678932  0.03157895  5.63333333
  0.24561404  5.43333333 -1.0147444   0.03157895  5.63333333  0.24385965
  5.43333333 -1.01444793]",2503.476782798767
0.0025559999999999958,[-0.0125728],"[ 0.02982456  5.63333333  0.24561404  5.43333333 -1.01678932  0.03157895
  5.63333333  0.24561404  5.43333333 -1.0147444   0.03157895  5.63333333
  0.24385965  5.43333333 -1.01444793  0.03157895  5.63333333  0.24385965
  5.43333333 -1.01257277]",2503.557067632675
0.0025559999999999958,[-0.01252494],"[ 0.03157895  5.63333333  0.24561404  5.43333333 -1.0147444   0.03157895
  5.63333333  0.24385965  5.43333333 -1.01444793  0.03157895  5.63333333
  0.24385965  5.43333333 -1.01257277  0.03157895  5.63333333  0.24561404
  5.43333333 -1.01252496]",2503.6373975276947
0.0025559999999999958,[-0.01276695],"[ 0.03157895  5.63333333  0.24385965  5.43333333 -1.01444793  0.03157895
  5.63333333  0.24385965  5.43333333 -1.01257277  0.03157895  5.63333333
  0.24561404  5.43333333 -1.01252496  0.03157895  5.63333333  0.24385965
  5.43333333 -1.01276696]",2503.7170803546906
-0.0025559999999999958,[-0.01297442],"[ 0.03157895  5.63333333  0.24385965  5.43333333 -1.01257277  0.03157895
  5.63333333  0.24561404  5.43333333 -1.01252496  0.03157895  5.63333333
  0.24385965  5.43333333 -1.01276696  0.02982456  5.63333333  0.24561404
  5.43333333 -1.01297438]",2503.797441482544
-4.000000000004e-06,[-0.01307031],"[ 0.03157895  5.63333333  0.24561404  5.43333333 -1.01252496  0.03157895
  5.63333333  0.24385965  5.43333333 -1.01276696  0.02982456  5.63333333
  0.24561404  5.43333333 -1.01297438  0.03157895  5.63333333  0.24385965
  5.43333333 -1.01307034]",2503.877161502838
-0.0025559999999999958,[-0.01300498],"[ 0.03157895  5.63333333  0.24385965  5.43333333 -1.01276696  0.02982456
  5.63333333  0.24561404  5.43333333 -1.01297438  0.03157895  5.63333333
  0.24385965  5.43333333 -1.01307034  0.02982456  5.63333333  0.24385965
  5.43333333 -1.01300502]",2503.9575531482697
-0.0025559999999999958,[-0.01285071],"[ 0.02982456  5.63333333  0.24561404  5.43333333 -1.01297438  0.03157895
  5.63333333  0.24385965  5.43333333 -1.01307034  0.02982456  5.63333333
  0.24385965  5.43333333 -1.01300502  0.02982456  5.63333333  0.24385965
  5.43333333 -1.01285076]",2504.036614179611
0.0,[-0.01261191],"[ 0.03157895  5.63333333  0.24385965  5.43333333 -1.01307034  0.02982456
  5.63333333  0.24385965  5.43333333 -1.01300502  0.02982456  5.63333333
  0.24385965  5.43333333 -1.01285076  0.02982456  5.63333333  0.24385965
  5.43333333 -1.01261187]",2504.110378742218
-0.0025559999999999958,[-0.01283429],"[ 0.02982456  5.63333333  0.24385965  5.43333333 -1.01300502  0.02982456
  5.63333333  0.24385965  5.43333333 -1.01285076  0.02982456  5.63333333
  0.24385965  5.43333333 -1.01261187  0.02982456  5.63333333  0.24385965
  5.43333333 -1.01283431]",2504.1961917877197
0.0,[-0.01267669],"[ 0.02982456  5.63333333  0.24385965  5.43333333 -1.01285076  0.02982456
  5.63333333  0.24385965  5.43333333 -1.01261187  0.02982456  5.63333333
  0.24385965  5.43333333 -1.01283431  0.02982456  5.63333333  0.24385965
  5.43333333 -1.01267672]",2504.2771673202515
3.9999999999970615e-06,[-0.01268938],"[ 0.02982456  5.63333333  0.24385965  5.43333333 -1.01261187  0.02982456
  5.63333333  0.24385965  5.43333333 -1.01283431  0.02982456  5.63333333
  0.24385965  5.43333333 -1.01267672  0.03157895  5.63333333  0.24561404
  5.43333333 -1.01268935]",2504.3573739528656
3.9999999999970615e-06,[-0.01285669],"[ 0.02982456  5.63333333  0.24385965  5.43333333 -1.01283431  0.02982456
  5.63333333  0.24385965  5.43333333 -1.01267672  0.03157895  5.63333333
  0.24561404  5.43333333 -1.01268935  0.03157895  5.63333333  0.24385965
  5.43333333 -1.01285672]",2504.436945438385
-0.0025519999999999987,[-0.01277641],"[ 0.02982456  5.63333333  0.24385965  5.43333333 -1.01267672  0.03157895
  5.63333333  0.24561404  5.43333333 -1.01268935  0.03157895  5.63333333
  0.24385965  5.43333333 -1.01285672  0.02982456  5.63333333  0.24385965
  5.43333333 -1.01277637]",2504.517327070236
-0.0025519999999999987,[-0.01274639],"[ 0.03157895  5.63333333  0.24561404  5.43333333 -1.01268935  0.03157895
  5.63333333  0.24385965  5.43333333 -1.01285672  0.02982456  5.63333333
  0.24385965  5.43333333 -1.01277637  0.02982456  5.63333333  0.24385965
  5.43333333 -1.01274633]",2504.5972616672516
4.000000000004e-06,[-0.01279877],"[ 0.03157895  5.63333333  0.24385965  5.43333333 -1.01285672  0.02982456
  5.63333333  0.24385965  5.43333333 -1.01277637  0.02982456  5.63333333
  0.24385965  5.43333333 -1.01274633  0.02982456  5.63333333  0.24561404
  5.43333333 -1.01279879]",2504.6774191856384
0.0,[-0.01299849],"[ 0.02982456  5.63333333  0.24385965  5.43333333 -1.01277637  0.02982456
  5.63333333  0.24385965  5.43333333 -1.01274633  0.02982456  5.63333333
  0.24561404  5.43333333 -1.01279879  0.02982456  5.63333333  0.24561404
  5.43333333 -1.01299846]",2504.7570362091064
0.0025599999999999998,[-0.01302723],"[ 0.02982456  5.63333333  0.24385965  5.43333333 -1.01274633  0.02982456
  5.63333333  0.24561404  5.43333333 -1.01279879  0.02982456  5.63333333
  0.24561404  5.43333333 -1.01299846  0.03157895  5.6         0.24561404
  5.43333333 -1.01302719]",2504.836399078369
0.0025599999999999998,[-0.01328329],"[ 0.02982456  5.63333333  0.24561404  5.43333333 -1.01279879  0.02982456
  5.63333333  0.24561404  5.43333333 -1.01299846  0.03157895  5.6
  0.24561404  5.43333333 -1.01302719  0.03157895  5.6         0.24561404
  5.43333333 -1.01328325]",2504.9168634414673
0.0,[-0.0113423],"[ 0.02982456  5.63333333  0.24561404  5.43333333 -1.01299846  0.03157895
  5.6         0.24561404  5.43333333 -1.01302719  0.03157895  5.6
  0.24561404  5.43333333 -1.01328325  0.03157895  5.63333333  0.24561404
  5.43333333 -1.01134229]",2504.991725921631
-0.0025519999999999987,[-0.00975083],"[ 0.03157895  5.6         0.24561404  5.43333333 -1.01302719  0.03157895
  5.6         0.24561404  5.43333333 -1.01328325  0.03157895  5.63333333
  0.24561404  5.43333333 -1.01134229  0.02982456  5.6         0.24561404
  5.43333333 -1.00975084]",2505.0704169273376
4.000000000004e-06,[-0.0111751],"[ 0.03157895  5.6         0.24561404  5.43333333 -1.01328325  0.03157895
  5.63333333  0.24561404  5.43333333 -1.01134229  0.02982456  5.6
  0.24561404  5.43333333 -1.00975084  0.03157895  5.6         0.24561404
  5.43333333 -1.01117516]",2505.1506898403168
-0.0025519999999999987,[-0.01113476],"[ 0.03157895  5.63333333  0.24561404  5.43333333 -1.01134229  0.02982456
  5.6         0.24561404  5.43333333 -1.00975084  0.03157895  5.6
  0.24561404  5.43333333 -1.01117516  0.02982456  5.6         0.24385965
  5.43333333 -1.01113474]",2505.235162258148
-0.0025559999999999958,[-0.01004087],"[ 0.02982456  5.6         0.24561404  5.43333333 -1.00975084  0.03157895
  5.6         0.24561404  5.43333333 -1.01117516  0.02982456  5.6
  0.24385965  5.43333333 -1.01113474  0.02982456  5.63333333  0.24561404
  5.43333333 -1.01004088]",2505.311355113983
3.9999999999970615e-06,[-0.00920162],"[ 0.03157895  5.6         0.24561404  5.43333333 -1.01117516  0.02982456
  5.6         0.24385965  5.43333333 -1.01113474  0.02982456  5.63333333
  0.24561404  5.43333333 -1.01004088  0.02982456  5.6         0.24385965
  5.43333333 -1.00920165]",2505.3926858901978
0.0,[-0.01110675],"[ 0.02982456  5.6         0.24385965  5.43333333 -1.01113474  0.02982456
  5.63333333  0.24561404  5.43333333 -1.01004088  0.02982456  5.6
  0.24385965  5.43333333 -1.00920165  0.03157895  5.63333333  0.24561404
  5.43333333 -1.01110673]",2505.4737253189087
0.0025559999999999958,[-0.01083582],"[ 0.02982456  5.63333333  0.24561404  5.43333333 -1.01004088  0.02982456
  5.6         0.24385965  5.43333333 -1.00920165  0.03157895  5.63333333
  0.24561404  5.43333333 -1.01110673  0.03157895  5.63333333  0.24561404
  5.43333333 -1.01083577]",2505.5506014823914
0.0025559999999999958,[-0.01157396],"[ 0.02982456  5.6         0.24385965  5.43333333 -1.00920165  0.03157895
  5.63333333  0.24561404  5.43333333 -1.01110673  0.03157895  5.63333333
  0.24561404  5.43333333 -1.01083577  0.03157895  5.63333333  0.24561404
  5.43333333 -1.01157391]",2505.6369304656982
0.0025559999999999958,[-0.01267095],"[ 0.03157895  5.63333333  0.24561404  5.43333333 -1.01110673  0.03157895
  5.63333333  0.24561404  5.43333333 -1.01083577  0.03157895  5.63333333
  0.24561404  5.43333333 -1.01157391  0.03157895  5.63333333  0.24561404
  5.43333333 -1.01267099]",2505.712145805359
0.0025599999999999998,[-0.01335198],"[ 0.03157895  5.63333333  0.24561404  5.43333333 -1.01083577  0.03157895
  5.63333333  0.24561404  5.43333333 -1.01157391  0.03157895  5.63333333
  0.24561404  5.43333333 -1.01267099  0.03157895  5.6         0.24561404
  5.43333333 -1.01335204]",2505.790538787842
3.9999999999970615e-06,[-0.01335154],"[ 0.03157895  5.63333333  0.24561404  5.43333333 -1.01157391  0.03157895
  5.63333333  0.24561404  5.43333333 -1.01267099  0.03157895  5.6
  0.24561404  5.43333333 -1.01335204  0.02982456  5.6         0.24561404
  5.43333333 -1.01335156]",2505.8752026557922
4.000000000004e-06,[-0.01153272],"[ 0.03157895  5.63333333  0.24561404  5.43333333 -1.01267099  0.03157895
  5.6         0.24561404  5.43333333 -1.01335204  0.02982456  5.6
  0.24561404  5.43333333 -1.01335156  0.03157895  5.6         0.24561404
  5.43333333 -1.01153266]",2505.9520857334137
-0.0025519999999999987,[-0.01010592],"[ 0.03157895  5.6         0.24561404  5.43333333 -1.01335204  0.02982456
  5.6         0.24561404  5.43333333 -1.01335156  0.03157895  5.6
  0.24561404  5.43333333 -1.01153266  0.02982456  5.6         0.24561404
  5.43333333 -1.01010597]",2506.035116672516
0.0025599999999999998,[-0.00929209],"[ 0.02982456  5.6         0.24561404  5.43333333 -1.01335156  0.03157895
  5.6         0.24561404  5.43333333 -1.01153266  0.02982456  5.6
  0.24561404  5.43333333 -1.01010597  0.03157895  5.6         0.24561404
  5.43333333 -1.00929213]",2506.1172206401825
0.0025599999999999998,[-0.00946954],"[ 0.03157895  5.6         0.24561404  5.43333333 -1.01153266  0.02982456
  5.6         0.24561404  5.43333333 -1.01010597  0.03157895  5.6
  0.24561404  5.43333333 -1.00929213  0.03157895  5.6         0.24561404
  5.43333333 -1.00946951]",2506.1913619041443
0.002563999999999997,[-0.00954745],"[ 0.02982456  5.6         0.24561404  5.43333333 -1.01010597  0.03157895
  5.6         0.24561404  5.43333333 -1.00929213  0.03157895  5.6
  0.24561404  5.43333333 -1.00946951  0.03157895  5.56666667  0.24561404
  5.43333333 -1.00954747]",2506.2723739147186
0.002563999999999997,[-0.00953173],"[ 0.03157895  5.6         0.24561404  5.43333333 -1.00929213  0.03157895
  5.6         0.24561404  5.43333333 -1.00946951  0.03157895  5.56666667
  0.24561404  5.43333333 -1.00954747  0.03157895  5.56666667  0.24561404
  5.43333333 -1.00953174]",2506.3505799770355
-0.0025519999999999987,[-0.00796804],"[ 0.03157895  5.6         0.24561404  5.43333333 -1.00946951  0.03157895
  5.56666667  0.24561404  5.43333333 -1.00954747  0.03157895  5.56666667
  0.24561404  5.43333333 -1.00953174  0.02982456  5.56666667  0.24561404
  5.43333333 -1.00796807]",2506.4351785182953
-0.0025519999999999987,[-0.00640824],"[ 0.03157895  5.56666667  0.24561404  5.43333333 -1.00954747  0.03157895
  5.56666667  0.24561404  5.43333333 -1.00953174  0.02982456  5.56666667
  0.24561404  5.43333333 -1.00796807  0.02982456  5.56666667  0.24385965
  5.46666667 -1.00640821]",2506.516582965851
8.000000000001062e-06,[-0.0054396],"[ 0.03157895  5.56666667  0.24561404  5.43333333 -1.00953174  0.02982456
  5.56666667  0.24561404  5.43333333 -1.00796807  0.02982456  5.56666667
  0.24385965  5.46666667 -1.00640821  0.03157895  5.56666667  0.24561404
  5.46666667 -1.00543964]",2506.596890926361
4.000000000004e-06,[-0.00424424],"[ 0.02982456  5.56666667  0.24561404  5.43333333 -1.00796807  0.02982456
  5.56666667  0.24385965  5.46666667 -1.00640821  0.03157895  5.56666667
  0.24561404  5.46666667 -1.00543964  0.02982456  5.56666667  0.24561404
  5.46666667 -1.00424421]",2506.6771261692047
3.9999999999970615e-06,[-0.00394177],"[ 0.02982456  5.56666667  0.24385965  5.46666667 -1.00640821  0.03157895
  5.56666667  0.24561404  5.46666667 -1.00543964  0.02982456  5.56666667
  0.24561404  5.46666667 -1.00424421  0.03157895  5.56666667  0.24561404
  5.46666667 -1.00394177]",2506.7505140304565
4.000000000004e-06,[-0.00247588],"[ 0.03157895  5.56666667  0.24561404  5.46666667 -1.00543964  0.02982456
  5.56666667  0.24561404  5.46666667 -1.00424421  0.03157895  5.56666667
  0.24561404  5.46666667 -1.00394177  0.02982456  5.56666667  0.24561404
  5.46666667 -1.00247586]",2506.8331441879272
0.002563999999999997,[-0.00250447],"[ 0.02982456  5.56666667  0.24561404  5.46666667 -1.00424421  0.03157895
  5.56666667  0.24561404  5.46666667 -1.00394177  0.02982456  5.56666667
  0.24561404  5.46666667 -1.00247586  0.03157895  5.56666667  0.24385965
  5.46666667 -1.00250447]",2506.911184310913
8.000000000001062e-06,[-0.00243061],"[ 0.03157895  5.56666667  0.24561404  5.46666667 -1.00394177  0.02982456
  5.56666667  0.24561404  5.46666667 -1.00247586  0.03157895  5.56666667
  0.24385965  5.46666667 -1.00250447  0.02982456  5.53333333  0.24561404
  5.46666667 -1.00243056]",2506.990723133087
-0.0025439999999999977,[-0.00247123],"[ 0.02982456  5.56666667  0.24561404  5.46666667 -1.00247586  0.03157895
  5.56666667  0.24385965  5.46666667 -1.00250447  0.02982456  5.53333333
  0.24561404  5.46666667 -1.00243056  0.02982456  5.53333333  0.24561404
  5.46666667 -1.00247121]",2507.0751564502716
-0.0025439999999999977,[-0.00070305],"[ 0.03157895  5.56666667  0.24385965  5.46666667 -1.00250447  0.02982456
  5.53333333  0.24561404  5.46666667 -1.00243056  0.02982456  5.53333333
  0.24561404  5.46666667 -1.00247121  0.02982456  5.53333333  0.24385965
  5.46666667 -1.0007031 ]",2507.150761127472
-0.0025439999999999977,[0.00059531],"[ 0.02982456  5.53333333  0.24561404  5.46666667 -1.00243056  0.02982456
  5.53333333  0.24561404  5.46666667 -1.00247121  0.02982456  5.53333333
  0.24385965  5.46666667 -1.0007031   0.02982456  5.53333333  0.24385965
  5.46666667 -0.99940467]",2507.2352180480957
-0.0025479999999999947,[0.00147814],"[ 0.02982456  5.53333333  0.24561404  5.46666667 -1.00247121  0.02982456
  5.53333333  0.24385965  5.46666667 -1.0007031   0.02982456  5.53333333
  0.24385965  5.46666667 -0.99940467  0.02982456  5.56666667  0.24385965
  5.46666667 -0.99852186]",2507.3152589797974
-0.0025519999999999987,[0.00153539],"[ 0.02982456  5.53333333  0.24385965  5.46666667 -1.0007031   0.02982456
  5.53333333  0.24385965  5.46666667 -0.99940467  0.02982456  5.56666667
  0.24385965  5.46666667 -0.99852186  0.02982456  5.56666667  0.24561404
  5.46666667 -0.99846458]",2507.3905317783356
4.000000000004e-06,[-0.00060114],"[ 0.02982456  5.53333333  0.24385965  5.46666667 -0.99940467  0.02982456
  5.56666667  0.24385965  5.46666667 -0.99852186  0.02982456  5.56666667
  0.24561404  5.46666667 -0.99846458  0.02982456  5.56666667  0.24561404
  5.46666667 -1.00060117]",2507.475204706192
-0.0025519999999999987,[-0.00230854],"[ 0.02982456  5.56666667  0.24385965  5.46666667 -0.99852186  0.02982456
  5.56666667  0.24561404  5.46666667 -0.99846458  0.02982456  5.56666667
  0.24561404  5.46666667 -1.00060117  0.02982456  5.56666667  0.24385965
  5.46666667 -1.00230849]",2507.556822538376
4.000000000004e-06,[-0.00278014],"[ 0.02982456  5.56666667  0.24561404  5.46666667 -0.99846458  0.02982456
  5.56666667  0.24561404  5.46666667 -1.00060117  0.02982456  5.56666667
  0.24385965  5.46666667 -1.00230849  0.02982456  5.56666667  0.24385965
  5.46666667 -1.0027802 ]",2507.6365365982056
-0.0025519999999999987,[-0.0023591],"[ 0.02982456  5.56666667  0.24561404  5.46666667 -1.00060117  0.02982456
  5.56666667  0.24385965  5.46666667 -1.00230849  0.02982456  5.56666667
  0.24385965  5.46666667 -1.0027802   0.02982456  5.56666667  0.24385965
  5.46666667 -1.00235915]",2507.7170848846436
-0.0025519999999999987,[-0.00210828],"[ 0.02982456  5.56666667  0.24385965  5.46666667 -1.00230849  0.02982456
  5.56666667  0.24385965  5.46666667 -1.0027802   0.02982456  5.56666667
  0.24385965  5.46666667 -1.00235915  0.02982456  5.56666667  0.24561404
  5.46666667 -1.00210834]",2507.792589187622
0.0,[-0.00231818],"[ 0.02982456  5.56666667  0.24385965  5.46666667 -1.0027802   0.02982456
  5.56666667  0.24385965  5.46666667 -1.00235915  0.02982456  5.56666667
  0.24561404  5.46666667 -1.00210834  0.03157895  5.56666667  0.24385965
  5.46666667 -1.00231814]",2507.8704891204834
-0.0025559999999999958,[-0.00239248],"[ 0.02982456  5.56666667  0.24385965  5.46666667 -1.00235915  0.02982456
  5.56666667  0.24561404  5.46666667 -1.00210834  0.03157895  5.56666667
  0.24385965  5.46666667 -1.00231814  0.02982456  5.56666667  0.24385965
  5.46666667 -1.00239253]",2507.9509332180023
0.0,[-0.00221812],"[ 0.02982456  5.56666667  0.24561404  5.46666667 -1.00210834  0.03157895
  5.56666667  0.24385965  5.46666667 -1.00231814  0.02982456  5.56666667
  0.24385965  5.46666667 -1.00239253  0.02982456  5.56666667  0.24385965
  5.46666667 -1.00221813]",2508.0309822559357
0.0025559999999999958,[-0.00215267],"[ 0.03157895  5.56666667  0.24385965  5.46666667 -1.00231814  0.02982456
  5.56666667  0.24385965  5.46666667 -1.00239253  0.02982456  5.56666667
  0.24385965  5.46666667 -1.00221813  0.03157895  5.56666667  0.24385965
  5.46666667 -1.00215268]",2508.115176677704
-0.0025559999999999958,[-0.00235861],"[ 0.02982456  5.56666667  0.24385965  5.46666667 -1.00239253  0.02982456
  5.56666667  0.24385965  5.46666667 -1.00221813  0.03157895  5.56666667
  0.24385965  5.46666667 -1.00215268  0.02982456  5.56666667  0.24385965
  5.46666667 -1.00235856]",2508.197137594223
0.0,[-0.00205352],"[ 0.02982456  5.56666667  0.24385965  5.46666667 -1.00221813  0.03157895
  5.56666667  0.24385965  5.46666667 -1.00215268  0.02982456  5.56666667
  0.24385965  5.46666667 -1.00235856  0.02982456  5.56666667  0.24385965
  5.46666667 -1.0020535 ]",2508.277140378952
-0.0025559999999999958,[-0.00223451],"[ 0.03157895  5.56666667  0.24385965  5.46666667 -1.00215268  0.02982456
  5.56666667  0.24385965  5.46666667 -1.00235856  0.02982456  5.56666667
  0.24385965  5.46666667 -1.0020535   0.02982456  5.56666667  0.24561404
  5.46666667 -1.00223446]",2508.350434780121
0.0025559999999999958,[-0.00249933],"[ 0.02982456  5.56666667  0.24385965  5.46666667 -1.00235856  0.02982456
  5.56666667  0.24385965  5.46666667 -1.0020535   0.02982456  5.56666667
  0.24561404  5.46666667 -1.00223446  0.03157895  5.56666667  0.24385965
  5.46666667 -1.00249934]",2508.435235977173
-0.0025559999999999958,[-0.00239939],"[ 0.02982456  5.56666667  0.24385965  5.46666667 -1.0020535   0.02982456
  5.56666667  0.24561404  5.46666667 -1.00223446  0.03157895  5.56666667
  0.24385965  5.46666667 -1.00249934  0.02982456  5.56666667  0.24561404
  5.46666667 -1.00239944]",2508.5115039348602
0.0,[-0.00236564],"[ 0.02982456  5.56666667  0.24561404  5.46666667 -1.00223446  0.03157895
  5.56666667  0.24385965  5.46666667 -1.00249934  0.02982456  5.56666667
  0.24561404  5.46666667 -1.00239944  0.02982456  5.53333333  0.24385965
  5.46666667 -1.00236559]",2508.59068775177
0.0,[-0.00237396],"[ 0.03157895  5.56666667  0.24385965  5.46666667 -1.00249934  0.02982456
  5.56666667  0.24561404  5.46666667 -1.00239944  0.02982456  5.53333333
  0.24385965  5.46666667 -1.00236559  0.02982456  5.53333333  0.24385965
  5.46666667 -1.00237393]",2508.6705651283264
0.0,[-0.00071585],"[ 0.02982456  5.56666667  0.24561404  5.46666667 -1.00239944  0.02982456
  5.53333333  0.24385965  5.46666667 -1.00236559  0.02982456  5.53333333
  0.24385965  5.46666667 -1.00237393  0.02982456  5.53333333  0.24385965
  5.46666667 -1.00071585]",2508.7524440288544
0.0,[0.00118296],"[ 0.02982456  5.53333333  0.24385965  5.46666667 -1.00236559  0.02982456
  5.53333333  0.24385965  5.46666667 -1.00237393  0.02982456  5.53333333
  0.24385965  5.46666667 -1.00071585  0.02982456  5.53333333  0.24385965
  5.46666667 -0.99881703]",2508.8327894210815
3.9999999999970615e-06,[0.00154726],"[ 0.02982456  5.53333333  0.24385965  5.46666667 -1.00237393  0.02982456
  5.53333333  0.24385965  5.46666667 -1.00071585  0.02982456  5.53333333
  0.24385965  5.46666667 -0.99881703  0.02982456  5.53333333  0.24385965
  5.46666667 -0.99845272]",2508.915253162384
3.9999999999970615e-06,[0.00141317],"[ 0.02982456  5.53333333  0.24385965  5.46666667 -1.00071585  0.02982456
  5.53333333  0.24385965  5.46666667 -0.99881703  0.02982456  5.53333333
  0.24385965  5.46666667 -0.99845272  0.02982456  5.53333333  0.24385965
  5.46666667 -0.99858683]",2508.996922492981
3.9999999999970615e-06,[0.00131165],"[ 0.02982456  5.53333333  0.24385965  5.46666667 -0.99881703  0.02982456
  5.53333333  0.24385965  5.46666667 -0.99845272  0.02982456  5.53333333
  0.24385965  5.46666667 -0.99858683  0.02982456  5.53333333  0.24385965
  5.46666667 -0.99868834]",2509.077292919159
3.9999999999970615e-06,[0.0012901],"[ 0.02982456  5.53333333  0.24385965  5.46666667 -0.99845272  0.02982456
  5.53333333  0.24385965  5.46666667 -0.99858683  0.02982456  5.53333333
  0.24385965  5.46666667 -0.99868834  0.02982456  5.53333333  0.24385965
  5.46666667 -0.99870992]",2509.157143831253
3.9999999999970615e-06,[0.0012971],"[ 0.02982456  5.53333333  0.24385965  5.46666667 -0.99858683  0.02982456
  5.53333333  0.24385965  5.46666667 -0.99868834  0.02982456  5.53333333
  0.24385965  5.46666667 -0.99870992  0.02982456  5.53333333  0.24385965
  5.46666667 -0.99870288]",2509.2371377944946
7.999999999994123e-06,[0.00130295],"[ 0.02982456  5.53333333  0.24385965  5.46666667 -0.99868834  0.02982456
  5.53333333  0.24385965  5.46666667 -0.99870992  0.02982456  5.53333333
  0.24385965  5.46666667 -0.99870288  0.02982456  5.5         0.24385965
  5.46666667 -0.99869704]",2509.3173563480377
7.999999999994123e-06,[0.00126547],"[ 0.02982456  5.53333333  0.24385965  5.46666667 -0.99870992  0.02982456
  5.53333333  0.24385965  5.46666667 -0.99870288  0.02982456  5.5
  0.24385965  5.46666667 -0.99869704  0.02982456  5.5         0.24385965
  5.5        -0.99873453]",2509.3973095417023
-0.0025480000000000017,[0.00351724],"[ 0.02982456  5.53333333  0.24385965  5.46666667 -0.99870288  0.02982456
  5.5         0.24385965  5.46666667 -0.99869704  0.02982456  5.5
  0.24385965  5.5        -0.99873453  0.02982456  5.5         0.24385965
  5.5        -0.99648273]",2509.477210998535
7.999999999994123e-06,[0.00639399],"[ 0.02982456  5.5         0.24385965  5.46666667 -0.99869704  0.02982456
  5.5         0.24385965  5.5        -0.99873453  0.02982456  5.5
  0.24385965  5.5        -0.99648273  0.02982456  5.5         0.24385965
  5.5        -0.99360603]",2509.5571908950806
7.999999999994123e-06,[0.00690876],"[ 0.02982456  5.5         0.24385965  5.5        -0.99873453  0.02982456
  5.5         0.24385965  5.5        -0.99648273  0.02982456  5.5
  0.24385965  5.5        -0.99360603  0.02982456  5.5         0.24561404
  5.46666667 -0.99309123]",2509.6372616291046
-0.0025480000000000017,[0.00814283],"[ 0.02982456  5.5         0.24385965  5.5        -0.99648273  0.02982456
  5.5         0.24385965  5.5        -0.99360603  0.02982456  5.5
  0.24561404  5.46666667 -0.99309123  0.02982456  5.5         0.24385965
  5.46666667 -0.99185717]",2509.7173278331757
7.999999999994123e-06,[0.00653173],"[ 0.02982456  5.5         0.24385965  5.5        -0.99360603  0.02982456
  5.5         0.24561404  5.46666667 -0.99309123  0.02982456  5.5
  0.24385965  5.46666667 -0.99185717  0.02982456  5.5         0.24385965
  5.5        -0.99346828]",2509.7972872257233
7.999999999994123e-06,[0.00681329],"[ 0.02982456  5.5         0.24561404  5.46666667 -0.99309123  0.02982456
  5.5         0.24385965  5.46666667 -0.99185717  0.02982456  5.5
  0.24385965  5.5        -0.99346828  0.02982456  5.5         0.24385965
  5.46666667 -0.99318671]",2509.877458333969
3.9999999999970615e-06,[0.00599454],"[ 0.02982456  5.5         0.24385965  5.46666667 -0.99185717  0.02982456
  5.5         0.24385965  5.5        -0.99346828  0.02982456  5.5
  0.24385965  5.46666667 -0.99318671  0.02982456  5.53333333  0.24385965
  5.46666667 -0.99400544]",2509.9571621418
-0.0025519999999999987,[0.00482472],"[ 0.02982456  5.5         0.24385965  5.5        -0.99346828  0.02982456
  5.5         0.24385965  5.46666667 -0.99318671  0.02982456  5.53333333
  0.24385965  5.46666667 -0.99400544  0.02982456  5.53333333  0.24561404
  5.46666667 -0.9951753 ]",2510.03714966774
3.9999999999970615e-06,[0.00470713],"[ 0.02982456  5.5         0.24385965  5.46666667 -0.99318671  0.02982456
  5.53333333  0.24385965  5.46666667 -0.99400544  0.02982456  5.53333333
  0.24561404  5.46666667 -0.9951753   0.02982456  5.53333333  0.24385965
  5.46666667 -0.9952929 ]",2510.1164453029633
0.0,[0.00121183],"[ 0.02982456  5.53333333  0.24385965  5.46666667 -0.99400544  0.02982456
  5.53333333  0.24561404  5.46666667 -0.9951753   0.02982456  5.53333333
  0.24385965  5.46666667 -0.9952929   0.02982456  5.53333333  0.24561404
  5.46666667 -0.99878818]",2510.192721605301
0.0,[0.0007182],"[ 0.02982456  5.53333333  0.24561404  5.46666667 -0.9951753   0.02982456
  5.53333333  0.24385965  5.46666667 -0.9952929   0.02982456  5.53333333
  0.24561404  5.46666667 -0.99878818  0.02982456  5.53333333  0.24385965
  5.46666667 -0.99928182]",2510.277108669281
0.0,[0.00101798],"[ 0.02982456  5.53333333  0.24385965  5.46666667 -0.9952929   0.02982456
  5.53333333  0.24561404  5.46666667 -0.99878818  0.02982456  5.53333333
  0.24385965  5.46666667 -0.99928182  0.02982456  5.53333333  0.24385965
  5.46666667 -0.99898201]",2510.3572278022766
0.0,[0.00114708],"[ 0.02982456  5.53333333  0.24561404  5.46666667 -0.99878818  0.02982456
  5.53333333  0.24385965  5.46666667 -0.99928182  0.02982456  5.53333333
  0.24385965  5.46666667 -0.99898201  0.02982456  5.53333333  0.24385965
  5.46666667 -0.99885291]",2510.437066555023
0.0025519999999999987,[0.00141132],"[ 0.02982456  5.53333333  0.24385965  5.46666667 -0.99928182  0.02982456
  5.53333333  0.24385965  5.46666667 -0.99898201  0.02982456  5.53333333
  0.24385965  5.46666667 -0.99885291  0.03157895  5.56666667  0.24561404
  5.46666667 -0.99858868]",2510.5169303417206
0.0,[0.0011846],"[ 0.02982456  5.53333333  0.24385965  5.46666667 -0.99898201  0.02982456
  5.53333333  0.24385965  5.46666667 -0.99885291  0.03157895  5.56666667
  0.24561404  5.46666667 -0.99858868  0.02982456  5.53333333  0.24561404
  5.46666667 -0.99881542]",2510.5932886600494
0.0,[-0.00072923],"[ 0.02982456  5.53333333  0.24385965  5.46666667 -0.99885291  0.03157895
  5.56666667  0.24561404  5.46666667 -0.99858868  0.02982456  5.53333333
  0.24561404  5.46666667 -0.99881542  0.02982456  5.53333333  0.24385965
  5.46666667 -1.0007292 ]",2510.6712663173676
0.0,[-0.00056308],"[ 0.03157895  5.56666667  0.24561404  5.46666667 -0.99858868  0.02982456
  5.53333333  0.24561404  5.46666667 -0.99881542  0.02982456  5.53333333
  0.24385965  5.46666667 -1.0007292   0.02982456  5.53333333  0.24561404
  5.46666667 -1.00056303]",2510.750543117523
0.0,[0.00047295],"[ 0.02982456  5.53333333  0.24561404  5.46666667 -0.99881542  0.02982456
  5.53333333  0.24385965  5.46666667 -1.0007292   0.02982456  5.53333333
  0.24561404  5.46666667 -1.00056303  0.02982456  5.53333333  0.24385965
  5.46666667 -0.99952704]",2510.8351724147797
-3.9999999999970615e-06,[0.00134296],"[ 0.02982456  5.53333333  0.24385965  5.46666667 -1.0007292   0.02982456
  5.53333333  0.24561404  5.46666667 -1.00056303  0.02982456  5.53333333
  0.24385965  5.46666667 -0.99952704  0.02982456  5.53333333  0.24385965
  5.46666667 -0.99865705]",2510.9151740074158
-3.9999999999970615e-06,[0.00125592],"[ 0.02982456  5.53333333  0.24561404  5.46666667 -1.00056303  0.02982456
  5.53333333  0.24385965  5.46666667 -0.99952704  0.02982456  5.53333333
  0.24385965  5.46666667 -0.99865705  0.02982456  5.53333333  0.24385965
  5.46666667 -0.99874407]",2510.9969651699066
-3.9999999999970615e-06,[0.00142205],"[ 0.02982456  5.53333333  0.24385965  5.46666667 -0.99952704  0.02982456
  5.53333333  0.24385965  5.46666667 -0.99865705  0.02982456  5.53333333
  0.24385965  5.46666667 -0.99874407  0.02982456  5.53333333  0.24385965
  5.46666667 -0.99857795]",2511.0764179229736
0.0025520000000000057,[0.00130309],"[ 0.02982456  5.53333333  0.24385965  5.46666667 -0.99865705  0.02982456
  5.53333333  0.24385965  5.46666667 -0.99874407  0.02982456  5.53333333
  0.24385965  5.46666667 -0.99857795  0.03157895  5.53333333  0.24561404
  5.46666667 -0.99869692]",2511.157198905945
-3.9999999999970615e-06,[0.00112893],"[ 0.02982456  5.53333333  0.24385965  5.46666667 -0.99874407  0.02982456
  5.53333333  0.24385965  5.46666667 -0.99857795  0.03157895  5.53333333
  0.24561404  5.46666667 -0.99869692  0.02982456  5.53333333  0.24385965
  5.46666667 -0.99887109]",2511.2371912002563
-3.9999999999970615e-06,[0.00123695],"[ 0.02982456  5.53333333  0.24385965  5.46666667 -0.99857795  0.03157895
  5.53333333  0.24561404  5.46666667 -0.99869692  0.02982456  5.53333333
  0.24385965  5.46666667 -0.99887109  0.02982456  5.53333333  0.24561404
  5.46666667 -0.99876302]",2511.317037343979
-3.9999999999970615e-06,[0.00094954],"[ 0.03157895  5.53333333  0.24561404  5.46666667 -0.99869692  0.02982456
  5.53333333  0.24385965  5.46666667 -0.99887109  0.02982456  5.53333333
  0.24561404  5.46666667 -0.99876302  0.02982456  5.53333333  0.24561404
  5.46666667 -0.99905044]",2511.3970720767975
0.0,[0.00088267],"[ 0.02982456  5.53333333  0.24385965  5.46666667 -0.99887109  0.02982456
  5.53333333  0.24561404  5.46666667 -0.99876302  0.02982456  5.53333333
  0.24561404  5.46666667 -0.99905044  0.02982456  5.5         0.24385965
  5.46666667 -0.99911731]",2511.477408885956
3.9999999999970615e-06,[0.00093134],"[ 0.02982456  5.53333333  0.24561404  5.46666667 -0.99876302  0.02982456
  5.53333333  0.24561404  5.46666667 -0.99905044  0.02982456  5.5
  0.24385965  5.46666667 -0.99911731  0.02982456  5.5         0.24561404
  5.46666667 -0.99906868]",2511.5571749210358
3.9999999999970615e-06,[0.00289696],"[ 0.02982456  5.53333333  0.24561404  5.46666667 -0.99905044  0.02982456
  5.5         0.24385965  5.46666667 -0.99911731  0.02982456  5.5
  0.24561404  5.46666667 -0.99906868  0.02982456  5.5         0.24385965
  5.46666667 -0.99710304]",2511.6370165348053
3.9999999999970615e-06,[0.00454429],"[ 0.02982456  5.5         0.24385965  5.46666667 -0.99911731  0.02982456
  5.5         0.24561404  5.46666667 -0.99906868  0.02982456  5.5
  0.24385965  5.46666667 -0.99710304  0.02982456  5.5         0.24385965
  5.46666667 -0.99545568]",2511.7204353809357
3.9999999999970615e-06,[0.00492091],"[ 0.02982456  5.5         0.24561404  5.46666667 -0.99906868  0.02982456
  5.5         0.24385965  5.46666667 -0.99710304  0.02982456  5.5
  0.24385965  5.46666667 -0.99545568  0.02982456  5.5         0.24385965
  5.46666667 -0.9950791 ]",2511.7903769016266
3.9999999999970615e-06,[0.00501916],"[ 0.02982456  5.5         0.24385965  5.46666667 -0.99710304  0.02982456
  5.5         0.24385965  5.46666667 -0.99545568  0.02982456  5.5
  0.24385965  5.46666667 -0.9950791   0.02982456  5.5         0.24385965
  5.5        -0.99498081]",2511.8764877319336
3.9999999999970615e-06,[0.00525288],"[ 0.02982456  5.5         0.24385965  5.46666667 -0.99545568  0.02982456
  5.5         0.24385965  5.46666667 -0.9950791   0.02982456  5.5
  0.24385965  5.5        -0.99498081  0.02982456  5.5         0.24561404
  5.46666667 -0.9947471 ]",2511.957252264023
