reward,action,obs,time
,,"[0.         0.         0.         0.         0.         0.
 0.         0.         0.         0.         0.         0.
 0.         0.         0.         0.03333333 5.93333333 0.24385965
 5.26666667 0.        ]",4038.1530311107635
0.0025319999999999995,[-0.41229406],"[ 0.          0.          0.          0.          0.          0.
  0.          0.          0.          0.          0.03333333  5.93333333
  0.24385965  5.26666667  0.          0.03508772  6.13333333  0.24210526
  5.16666667 -1.41229403]",4038.2401642799377
-0.0025400000000000006,[0.75579983],"[ 0.          0.          0.          0.          0.          0.03333333
  5.93333333  0.24385965  5.26666667  0.          0.03508772  6.13333333
  0.24210526  5.16666667 -1.41229403  0.03157895  5.8         0.24385965
  5.33333333 -0.24420017]",4038.295916080475
-0.0025400000000000006,[0.3623727],"[ 0.03333333  5.93333333  0.24385965  5.26666667  0.          0.03508772
  6.13333333  0.24210526  5.16666667 -1.41229403  0.03157895  5.8
  0.24385965  5.33333333 -0.24420017  0.03157895  5.8         0.24561404
  5.33333333 -0.6376273 ]",4038.3462314605713
-0.0025400000000000006,[-0.1974196],"[ 0.03508772  6.13333333  0.24210526  5.16666667 -1.41229403  0.03157895
  5.8         0.24385965  5.33333333 -0.24420017  0.03157895  5.8
  0.24561404  5.33333333 -0.6376273   0.03157895  5.8         0.24385965
  5.33333333 -1.19741964]",4038.39061999321
-0.0025400000000000006,[-0.54302],"[ 0.03157895  5.8         0.24385965  5.33333333 -0.24420017  0.03157895
  5.8         0.24561404  5.33333333 -0.6376273   0.03157895  5.8
  0.24385965  5.33333333 -1.19741964  0.03157895  5.8         0.24561404
  5.33333333 -1.54302001]",4038.446846961975
-0.0025359999999999966,[-0.5374379],"[ 0.03157895  5.8         0.24561404  5.33333333 -0.6376273   0.03157895
  5.8         0.24385965  5.33333333 -1.19741964  0.03157895  5.8
  0.24561404  5.33333333 -1.54302001  0.03157895  5.76666667  0.24561404
  5.36666667 -1.53743792]",4038.4908125400543
8.000000000001062e-06,[0.24261038],"[ 0.03157895  5.8         0.24385965  5.33333333 -1.19741964  0.03157895
  5.8         0.24561404  5.33333333 -1.54302001  0.03157895  5.76666667
  0.24561404  5.36666667 -1.53743792  0.03333333  5.86666667  0.24561404
  5.23333333 -0.75738961]",4038.543637275696
1.9999999999999185e-05,[0.44359815],"[ 0.03157895  5.8         0.24561404  5.33333333 -1.54302001  0.03157895
  5.76666667  0.24561404  5.36666667 -1.53743792  0.03333333  5.86666667
  0.24561404  5.23333333 -0.75738961  0.03333333  5.76666667  0.24561404
  5.36666667 -0.55640185]",4038.5910181999207
3.600000000000131e-05,[-0.79495764],"[ 0.03157895  5.76666667  0.24561404  5.36666667 -1.53743792  0.03333333
  5.86666667  0.24561404  5.23333333 -0.75738961  0.03333333  5.76666667
  0.24561404  5.36666667 -0.55640185  0.03333333  5.63333333  0.24736842
  5.53333333 -1.79495764]",4038.6422765254974
0.007684000000000003,[0.17224023],"[ 0.03333333  5.86666667  0.24561404  5.23333333 -0.75738961  0.03333333
  5.76666667  0.24561404  5.36666667 -0.55640185  0.03333333  5.63333333
  0.24736842  5.53333333 -1.79495764  0.03859649  5.8         0.24912281
  5.33333333 -0.82775974]",4038.707028388977
0.015348000000000006,[-0.4619842],"[ 0.03333333  5.76666667  0.24561404  5.36666667 -0.55640185  0.03333333
  5.63333333  0.24736842  5.53333333 -1.79495764  0.03859649  5.8
  0.24912281  5.33333333 -0.82775974  0.04385965  5.83333333  0.25263158
  5.23333333 -1.46198416]",4038.791710138321
0.020468000000000007,[0.3550117],"[ 0.03333333  5.63333333  0.24736842  5.53333333 -1.79495764  0.03859649
  5.8         0.24912281  5.33333333 -0.82775974  0.04385965  5.83333333
  0.25263158  5.23333333 -1.46198416  0.04736842  5.76666667  0.25789474
  5.26666667 -0.6449883 ]",4038.8671309947968
0.030699999999999995,[-0.03785466],"[ 0.03859649  5.8         0.24912281  5.33333333 -0.82775974  0.04385965
  5.83333333  0.25263158  5.23333333 -1.46198416  0.04736842  5.76666667
  0.25789474  5.26666667 -0.6449883   0.05438596  5.7         0.26491228
  5.3        -1.03785467]",4038.9517114162445
0.040908,[-0.8650726],"[ 0.04385965  5.83333333  0.25263158  5.23333333 -1.46198416  0.04736842
  5.76666667  0.25789474  5.26666667 -0.6449883   0.05438596  5.7
  0.26491228  5.3        -1.03785467  0.06140351  5.83333333  0.27368421
  5.13333333 -1.86507261]",4039.0337176322937
0.048591999999999996,[0.7915237],"[ 0.04736842  5.76666667  0.25789474  5.26666667 -0.6449883   0.05438596
  5.7         0.26491228  5.3        -1.03785467  0.06140351  5.83333333
  0.27368421  5.13333333 -1.86507261  0.06666667  5.7         0.28070175
  5.16666667 -0.20847631]",4039.113862514496
0.05628000000000001,[-0.12763457],"[ 0.05438596  5.7         0.26491228  5.3        -1.03785467  0.06140351
  5.83333333  0.27368421  5.13333333 -1.86507261  0.06666667  5.7
  0.28070175  5.16666667 -0.20847631  0.07192982  5.53333333  0.28596491
  5.33333333 -1.12763453]",4039.1944732666016
0.063932,[-0.26776868],"[ 0.06140351  5.83333333  0.27368421  5.13333333 -1.86507261  0.06666667
  5.7         0.28070175  5.16666667 -0.20847631  0.07192982  5.53333333
  0.28596491  5.33333333 -1.12763453  0.07719298  5.66666667  0.29122807
  5.23333333 -1.26776862]",4039.2705824375153
0.074156,[0.9371772],"[ 0.06666667  5.7         0.28070175  5.16666667 -0.20847631  0.07192982
  5.53333333  0.28596491  5.33333333 -1.12763453  0.07719298  5.66666667
  0.29122807  5.23333333 -1.26776862  0.08421053  5.66666667  0.29473684
  5.2        -0.06282282]",4039.3478348255157
0.08182400000000002,[-0.64687103],"[ 0.07192982  5.53333333  0.28596491  5.33333333 -1.12763453  0.07719298
  5.66666667  0.29122807  5.23333333 -1.26776862  0.08421053  5.66666667
  0.29473684  5.2        -0.06282282  0.08947368  5.66666667  0.3
  5.13333333 -1.64687109]",4039.427165031433
0.09714400000000001,[-0.42647484],"[ 0.07719298  5.66666667  0.29122807  5.23333333 -1.26776862  0.08421053
  5.66666667  0.29473684  5.2        -0.06282282  0.08947368  5.66666667
  0.3         5.13333333 -1.64687109  0.1         5.8         0.30701754
  4.83333333 -1.42647481]",4039.5116069316864
0.09974799999999999,[0.54735684],"[ 0.08421053  5.66666667  0.29473684  5.2        -0.06282282  0.08947368
  5.66666667  0.3         5.13333333 -1.64687109  0.1         5.8
  0.30701754  4.83333333 -1.42647481  0.10350877  5.6         0.31578947
  4.9        -0.45264316]",4039.5933005809784
0.10995200000000002,[-0.09039466],"[ 0.08947368  5.66666667  0.3         5.13333333 -1.64687109  0.1
  5.8         0.30701754  4.83333333 -1.42647481  0.10350877  5.6
  0.31578947  4.9        -0.45264316  0.10701754  5.43333333  0.32280702
  4.93333333 -1.09039462]",4039.673575401306
0.12015200000000001,[0.06751874],"[ 0.1         5.8         0.30701754  4.83333333 -1.42647481  0.10350877
  5.6         0.31578947  4.9        -0.45264316  0.10701754  5.43333333
  0.32280702  4.93333333 -1.09039462  0.11403509  5.63333333  0.32982456
  4.7        -0.93248129]",4039.753504037857
0.16359600000000002,[-0.46101972],"[ 0.10350877  5.6         0.31578947  4.9        -0.45264316  0.10701754
  5.43333333  0.32280702  4.93333333 -1.09039462  0.11403509  5.63333333
  0.32982456  4.7        -0.93248129  0.14385965  5.7         0.33859649
  4.63333333 -1.46101975]",4039.8338584899902
0.16873999999999997,[-0.14305414],"[ 0.10701754  5.43333333  0.32280702  4.93333333 -1.09039462  0.11403509
  5.63333333  0.32982456  4.7        -0.93248129  0.14385965  5.7
  0.33859649  4.63333333 -1.46101975  0.14736842  5.43333333  0.34912281
  4.63333333 -1.14305413]",4039.913375854492
0.173856,[-0.4547139],"[ 0.11403509  5.63333333  0.32982456  4.7        -0.93248129  0.14385965
  5.7         0.33859649  4.63333333 -1.46101975  0.14736842  5.43333333
  0.34912281  4.63333333 -1.14305413  0.15087719  5.36666667  0.35789474
  4.66666667 -1.45471394]",4039.9937512874603
0.17643199999999998,[-0.9941006],"[ 0.14385965  5.7         0.33859649  4.63333333 -1.46101975  0.14736842
  5.43333333  0.34912281  4.63333333 -1.14305413  0.15087719  5.36666667
  0.35789474  4.66666667 -1.45471394  0.15438596  5.3         0.36491228
  4.6        -1.99410057]",4040.073810815811
0.184104,[-0.15985155],"[ 0.14736842  5.43333333  0.34912281  4.63333333 -1.14305413  0.15087719
  5.36666667  0.35789474  4.66666667 -1.45471394  0.15438596  5.3
  0.36491228  4.6        -1.99410057  0.15964912  5.16666667  0.37192982
  4.66666667 -1.15985155]",4040.1539726257324
0.191768,[0.8669531],"[ 0.15087719  5.36666667  0.35789474  4.66666667 -1.45471394  0.15438596
  5.3         0.36491228  4.6        -1.99410057  0.15964912  5.16666667
  0.37192982  4.66666667 -1.15985155  0.16491228  5.06666667  0.37719298
  4.8        -0.13304693]",4040.233714580536
0.191776,[0.53776956],"[ 0.15438596  5.3         0.36491228  4.6        -1.99410057  0.15964912
  5.16666667  0.37192982  4.66666667 -1.15985155  0.16491228  5.06666667
  0.37719298  4.8        -0.13304693  0.17017544  5.16666667  0.38245614
  4.6        -0.46223044]",4040.3139069080353
0.19432000000000002,[0.6327143],"[ 0.15964912  5.16666667  0.37192982  4.66666667 -1.15985155  0.16491228
  5.06666667  0.37719298  4.8        -0.13304693  0.17017544  5.16666667
  0.38245614  4.6        -0.46223044  0.17719298  5.3         0.38245614
  4.23333333 -0.36728573]",4040.3937482833862
0.201976,[-0.8659442],"[ 0.16491228  5.06666667  0.37719298  4.8        -0.13304693  0.17017544
  5.16666667  0.38245614  4.6        -0.46223044  0.17719298  5.3
  0.38245614  4.23333333 -0.36728573  0.18596491  5.33333333  0.38596491
  3.96666667 -1.86594415]",4040.473664999008
0.19942,[-0.94592685],"[ 0.17017544  5.16666667  0.38245614  4.6        -0.46223044  0.17719298
  5.3         0.38245614  4.23333333 -0.36728573  0.18596491  5.33333333
  0.38596491  3.96666667 -1.86594415  0.19122807  5.26666667  0.38947368
  3.83333333 -1.9459269 ]",4040.553686141968
0.19180399999999995,[-0.6301111],"[ 0.17719298  5.3         0.38245614  4.23333333 -0.36728573  0.18596491
  5.33333333  0.38596491  3.96666667 -1.86594415  0.19122807  5.26666667
  0.38947368  3.83333333 -1.9459269   0.19298246  4.96666667  0.4
  3.9        -1.6301111 ]",4040.6347603797913
0.19437600000000002,[0.15304248],"[ 0.18596491  5.33333333  0.38596491  3.96666667 -1.86594415  0.19122807
  5.26666667  0.38947368  3.83333333 -1.9459269   0.19298246  4.96666667
  0.4         3.9        -1.6301111   0.2         4.7         0.4122807
  4.03333333 -0.8469575 ]",4040.7136182785034
0.19947199999999995,[-0.786664],"[ 0.19122807  5.26666667  0.38947368  3.83333333 -1.9459269   0.19298246
  4.96666667  0.4         3.9        -1.6301111   0.2         4.7
  0.4122807   4.03333333 -0.8469575   0.20877193  4.66666667  0.42105263
  4.03333333 -1.78666401]",4040.7936866283417
0.204596,[-0.60592973],"[ 0.19298246  4.96666667  0.4         3.9        -1.6301111   0.2
  4.7         0.4122807   4.03333333 -0.8469575   0.20877193  4.66666667
  0.42105263  4.03333333 -1.78666401  0.21754386  4.7         0.42807018
  3.93333333 -1.60592973]",4040.873901605606
0.19951199999999997,[0.3761402],"[ 0.2         4.7         0.4122807   4.03333333 -0.8469575   0.20877193
  4.66666667  0.42105263  4.03333333 -1.78666401  0.21754386  4.7
  0.42807018  3.93333333 -1.60592973  0.22105263  4.46666667  0.43508772
  4.         -0.62385976]",4040.953638792038
0.20208399999999999,[0.11233075],"[ 0.20877193  4.66666667  0.42105263  4.03333333 -1.78666401  0.21754386
  4.7         0.42807018  3.93333333 -1.60592973  0.22105263  4.46666667
  0.43508772  4.         -0.62385976  0.22807018  4.33333333  0.44385965
  3.93333333 -0.88766927]",4041.0339674949646
0.20208399999999999,[0.5943825],"[ 0.21754386  4.7         0.42807018  3.93333333 -1.60592973  0.22105263
  4.46666667  0.43508772  4.         -0.62385976  0.22807018  4.33333333
  0.44385965  3.93333333 -0.88766927  0.23859649  4.46666667  0.44912281
  3.66666667 -0.40561748]",4041.1136107444763
0.20716,[-0.7448106],"[ 0.22105263  4.46666667  0.43508772  4.         -0.62385976  0.22807018
  4.33333333  0.44385965  3.93333333 -0.88766927  0.23859649  4.46666667
  0.44912281  3.66666667 -0.40561748  0.24561404  4.56666667  0.45614035
  3.66666667 -1.74481058]",4041.1936271190643
0.20713599999999993,[-0.32892877],"[ 0.22807018  4.33333333  0.44385965  3.93333333 -0.88766927  0.23859649
  4.46666667  0.44912281  3.66666667 -0.40561748  0.24561404  4.56666667
  0.45614035  3.66666667 -1.74481058  0.24912281  4.6         0.45789474
  3.66666667 -1.32892871]",4041.267317056656
0.19952399999999998,[-0.66493154],"[ 0.23859649  4.46666667  0.44912281  3.66666667 -0.40561748  0.24561404
  4.56666667  0.45614035  3.66666667 -1.74481058  0.24912281  4.6
  0.45789474  3.66666667 -1.32892871  0.25087719  4.33333333  0.46315789
  3.83333333 -1.66493154]",4041.3535265922546
0.16376399999999997,[-0.473246],"[ 0.24561404  4.56666667  0.45614035  3.66666667 -1.74481058  0.24912281
  4.6         0.45789474  3.66666667 -1.32892871  0.25087719  4.33333333
  0.46315789  3.83333333 -1.66493154  0.25614035  4.2         0.47017544
  4.03333333 -1.47324598]",4041.433735847473
0.16884,[0.9252159],"[ 0.24912281  4.6         0.45789474  3.66666667 -1.32892871  0.25087719
  4.33333333  0.46315789  3.83333333 -1.66493154  0.25614035  4.2
  0.47017544  4.03333333 -1.47324598  0.26315789  4.23333333  0.47894737
  4.23333333 -0.0747841 ]",4041.5135538578033
0.17394400000000004,[-0.16497308],"[ 0.25087719  4.33333333  0.46315789  3.83333333 -1.66493154  0.25614035
  4.2         0.47017544  4.03333333 -1.47324598  0.26315789  4.23333333
  0.47894737  4.23333333 -0.0747841   0.27017544  4.23333333  0.48596491
  4.23333333 -1.16497302]",4041.5936226844788
0.17392800000000003,[0.275436],"[ 0.25614035  4.2         0.47017544  4.03333333 -1.47324598  0.26315789
  4.23333333  0.47894737  4.23333333 -0.0747841   0.27017544  4.23333333
  0.48596491  4.23333333 -1.16497302  0.27368421  4.3         0.48947368
  4.03333333 -0.72456396]",4041.673515558243
0.17391600000000002,[-0.06919874],"[ 0.26315789  4.23333333  0.47894737  4.23333333 -0.0747841   0.27017544
  4.23333333  0.48596491  4.23333333 -1.16497302  0.27368421  4.3
  0.48947368  4.03333333 -0.72456396  0.27894737  4.26666667  0.49298246
  4.06666667 -1.06919873]",4041.753523349762
0.17389599999999997,[0.06483106],"[ 0.27017544  4.23333333  0.48596491  4.23333333 -1.16497302  0.27368421
  4.3         0.48947368  4.03333333 -0.72456396  0.27894737  4.26666667
  0.49298246  4.06666667 -1.06919873  0.28421053  4.33333333  0.5
  4.13333333 -0.93516892]",4041.8328170776367
0.17390399999999995,[0.04656447],"[ 0.27368421  4.3         0.48947368  4.03333333 -0.72456396  0.27894737
  4.26666667  0.49298246  4.06666667 -1.06919873  0.28421053  4.33333333
  0.5         4.13333333 -0.93516892  0.28947368  4.36666667  0.50526316
  4.16666667 -0.95343554]",4041.909951686859
0.17136399999999996,[0.1842337],"[ 0.27894737  4.26666667  0.49298246  4.06666667 -1.06919873  0.28421053
  4.33333333  0.5         4.13333333 -0.93516892  0.28947368  4.36666667
  0.50526316  4.16666667 -0.95343554  0.29473684  4.36666667  0.51052632
  4.16666667 -0.81576633]",4041.9929678440094
0.163696,[-0.96982026],"[ 0.28421053  4.33333333  0.5         4.13333333 -0.93516892  0.28947368
  4.36666667  0.50526316  4.16666667 -0.95343554  0.29473684  4.36666667
  0.51052632  4.16666667 -0.81576633  0.29824561  4.4         0.51403509
  4.16666667 -1.96982026]",4042.073364019394
0.161128,[0.6371935],"[ 0.28947368  4.36666667  0.50526316  4.16666667 -0.95343554  0.29473684
  4.36666667  0.51052632  4.16666667 -0.81576633  0.29824561  4.4
  0.51403509  4.16666667 -1.96982026  0.30175439  4.43333333  0.51754386
  4.23333333 -0.3628065 ]",4042.1535351276398
0.16622000000000003,[-0.41230676],"[ 0.29473684  4.36666667  0.51052632  4.16666667 -0.81576633  0.29824561
  4.4         0.51403509  4.16666667 -1.96982026  0.30175439  4.43333333
  0.51754386  4.23333333 -0.3628065   0.30701754  4.3         0.52105263
  4.5        -1.41230679]",4042.2334473133087
0.16362,[-0.0244724],"[ 0.29824561  4.4         0.51403509  4.16666667 -1.96982026  0.30175439
  4.43333333  0.51754386  4.23333333 -0.3628065   0.30701754  4.3
  0.52105263  4.5        -1.41230679  0.3122807   4.4         0.52807018
  4.5        -1.02447236]",4042.3135299682617
0.15594800000000003,[-0.85923004],"[ 0.30175439  4.43333333  0.51754386  4.23333333 -0.3628065   0.30701754
  4.3         0.52105263  4.5        -1.41230679  0.3122807   4.4
  0.52807018  4.5        -1.02447236  0.31578947  4.4         0.53157895
  4.53333333 -1.85923004]",4042.3936998844147
0.14828400000000003,[-0.04947632],"[ 0.30701754  4.3         0.52105263  4.5        -1.41230679  0.3122807
  4.4         0.52807018  4.5        -1.02447236  0.31578947  4.4
  0.53157895  4.53333333 -1.85923004  0.31929825  4.4         0.53333333
  4.6        -1.04947627]",4042.4735548496246
0.15083200000000002,[-0.37813202],"[ 0.3122807   4.4         0.52807018  4.5        -1.02447236  0.31578947
  4.4         0.53157895  4.53333333 -1.85923004  0.31929825  4.4
  0.53333333  4.6        -1.04947627  0.3245614   4.23333333  0.53859649
  4.8        -1.37813199]",4042.553530216217
0.150812,[-0.64469254],"[ 0.31578947  4.4         0.53157895  4.53333333 -1.85923004  0.31929825
  4.4         0.53333333  4.6        -1.04947627  0.3245614   4.23333333
  0.53859649  4.8        -1.37813199  0.33157895  4.26666667  0.54561404
  4.8        -1.64469254]",4042.633564710617
0.145712,[-0.01032166],"[ 0.31929825  4.4         0.53333333  4.6        -1.04947627  0.3245614
  4.23333333  0.53859649  4.8        -1.37813199  0.33157895  4.26666667
  0.54561404  4.8        -1.64469254  0.33859649  4.3         0.55087719
  4.9        -1.01032162]",4042.7133111953735
0.14317200000000002,[-0.13185845],"[ 0.3245614   4.23333333  0.53859649  4.8        -1.37813199  0.33157895
  4.26666667  0.54561404  4.8        -1.64469254  0.33859649  4.3
  0.55087719  4.9        -1.01032162  0.34385965  4.26666667  0.55614035
  5.03333333 -1.13185847]",4042.793487548828
0.145712,[0.3510284],"[ 0.33157895  4.26666667  0.54561404  4.8        -1.64469254  0.33859649
  4.3         0.55087719  4.9        -1.01032162  0.34385965  4.26666667
  0.55614035  5.03333333 -1.13185847  0.34912281  4.43333333  0.56140351
  4.93333333 -0.64897156]",4042.873515367508
0.14823200000000003,[-0.3403781],"[ 0.33859649  4.3         0.55087719  4.9        -1.01032162  0.34385965
  4.26666667  0.55614035  5.03333333 -1.13185847  0.34912281  4.43333333
  0.56140351  4.93333333 -0.64897156  0.35263158  4.46666667  0.56666667
  4.9        -1.34037805]",4042.9532976150513
0.148204,[-0.46712384],"[ 0.34385965  4.26666667  0.55614035  5.03333333 -1.13185847  0.34912281
  4.43333333  0.56140351  4.93333333 -0.64897156  0.35263158  4.46666667
  0.56666667  4.9        -1.34037805  0.35789474  4.56666667  0.57192982
  4.9        -1.46712387]",4043.029334783554
0.143104,[0.19114676],"[ 0.34912281  4.43333333  0.56140351  4.93333333 -0.64897156  0.35263158
  4.46666667  0.56666667  4.9        -1.34037805  0.35789474  4.56666667
  0.57192982  4.9        -1.46712387  0.36140351  4.5         0.57368421
  5.1        -0.80885327]",4043.109250307083
0.140544,[0.2197348],"[ 0.35263158  4.46666667  0.56666667  4.9        -1.34037805  0.35789474
  4.56666667  0.57192982  4.9        -1.46712387  0.36140351  4.5
  0.57368421  5.1        -0.80885327  0.36666667  4.53333333  0.57894737
  5.23333333 -0.78026521]",4043.187524795532
0.14307999999999998,[0.39733982],"[ 0.35789474  4.56666667  0.57192982  4.9        -1.46712387  0.36140351
  4.5         0.57368421  5.1        -0.80885327  0.36666667  4.53333333
  0.57894737  5.23333333 -0.78026521  0.37192982  4.76666667  0.58421053
  5.1        -0.60266018]",4043.271721601486
0.14306400000000002,[-0.571168],"[ 0.36140351  4.5         0.57368421  5.1        -0.80885327  0.36666667
  4.53333333  0.57894737  5.23333333 -0.78026521  0.37192982  4.76666667
  0.58421053  5.1        -0.60266018  0.37719298  4.86666667  0.59122807
  5.06666667 -1.57116795]",4043.3517479896545
0.14306800000000003,[-0.21547826],"[ 0.36666667  4.53333333  0.57894737  5.23333333 -0.78026521  0.37192982
  4.76666667  0.58421053  5.1        -0.60266018  0.37719298  4.86666667
  0.59122807  5.06666667 -1.57116795  0.38245614  4.9         0.59649123
  5.1        -1.2154783 ]",4043.4316635131836
0.14308800000000005,[0.22342207],"[ 0.37192982  4.76666667  0.58421053  5.1        -0.60266018  0.37719298
  4.86666667  0.59122807  5.06666667 -1.57116795  0.38245614  4.9
  0.59649123  5.1        -1.2154783   0.3877193   4.76666667  0.6
  5.3        -0.77657795]",4043.5134603977203
0.14562800000000004,[0.67577195],"[ 0.37719298  4.86666667  0.59122807  5.06666667 -1.57116795  0.38245614
  4.9         0.59649123  5.1        -1.2154783   0.3877193   4.76666667
  0.6         5.3        -0.77657795  0.39473684  4.9         0.60701754
  5.26666667 -0.32422805]",4043.5968101024628
0.14817200000000003,[-0.11736287],"[ 0.38245614  4.9         0.59649123  5.1        -1.2154783   0.3877193
  4.76666667  0.6         5.3        -0.77657795  0.39473684  4.9
  0.60701754  5.26666667 -0.32422805  0.4         5.03333333  0.61403509
  5.2        -1.11736286]",4043.6735813617706
0.14817200000000003,[-0.19922338],"[ 0.3877193   4.76666667  0.6         5.3        -0.77657795  0.39473684
  4.9         0.60701754  5.26666667 -0.32422805  0.4         5.03333333
  0.61403509  5.2        -1.11736286  0.40350877  5.06666667  0.61929825
  5.2        -1.1992234 ]",4043.7539150714874
0.145604,[-0.1526216],"[ 0.39473684  4.9         0.60701754  5.26666667 -0.32422805  0.4
  5.03333333  0.61403509  5.2        -1.11736286  0.40350877  5.06666667
  0.61929825  5.2        -1.1992234   0.40701754  5.03333333  0.62105263
  5.3        -1.15262163]",4043.8616955280304
0.14561200000000002,[-0.7397226],"[ 0.4         5.03333333  0.61403509  5.2        -1.11736286  0.40350877
  5.06666667  0.61929825  5.2        -1.1992234   0.40701754  5.03333333
  0.62105263  5.3        -1.15262163  0.4122807   5.06666667  0.62631579
  5.33333333 -1.73972261]",4043.9136028289795
0.14816400000000002,[-0.77734095],"[ 0.40350877  5.06666667  0.61929825  5.2        -1.1992234   0.40701754
  5.03333333  0.62105263  5.3        -1.15262163  0.4122807   5.06666667
  0.62631579  5.33333333 -1.73972261  0.41754386  5.1         0.63157895
  5.4        -1.77734089]",4043.999383687973
0.15328799999999992,[0.07155995],"[ 0.40701754  5.03333333  0.62105263  5.3        -1.15262163  0.4122807
  5.06666667  0.62631579  5.33333333 -1.73972261  0.41754386  5.1
  0.63157895  5.4        -1.77734089  0.4245614   5.          0.63508772
  5.56666667 -0.92844003]",4044.0737414360046
0.15071199999999996,[0.6008309],"[ 0.4122807   5.06666667  0.62631579  5.33333333 -1.73972261  0.41754386
  5.1         0.63157895  5.4        -1.77734089  0.4245614   5.
  0.63508772  5.56666667 -0.92844003  0.42807018  5.          0.63859649
  5.7        -0.39916909]",4044.1538515090942
0.14302000000000004,[-0.71350735],"[ 0.41754386  5.1         0.63157895  5.4        -1.77734089  0.4245614
  5.          0.63508772  5.56666667 -0.92844003  0.42807018  5.
  0.63859649  5.7        -0.39916909  0.42982456  5.23333333  0.64210526
  5.56666667 -1.71350741]",4044.233768224716
0.13534000000000002,[0.91402084],"[ 0.4245614   5.          0.63508772  5.56666667 -0.92844003  0.42807018
  5.          0.63859649  5.7        -0.39916909  0.42982456  5.23333333
  0.64210526  5.56666667 -1.71350741  0.43157895  5.36666667  0.64561404
  5.43333333 -0.08597916]",4044.3137307167053
0.13534000000000002,[-0.3748123],"[ 0.42807018  5.          0.63859649  5.7        -0.39916909  0.42982456
  5.23333333  0.64210526  5.56666667 -1.71350741  0.43157895  5.36666667
  0.64561404  5.43333333 -0.08597916  0.43684211  5.33333333  0.65087719
  5.4        -1.37481236]",4044.393623828888
0.13535200000000003,[0.3329136],"[ 0.42982456  5.23333333  0.64210526  5.56666667 -1.71350741  0.43157895
  5.36666667  0.64561404  5.43333333 -0.08597916  0.43684211  5.33333333
  0.65087719  5.4        -1.37481236  0.44210526  5.4         0.65438596
  5.3        -0.66708636]",4044.4736001491547
0.14046400000000003,[0.11982302],"[ 0.43157895  5.36666667  0.64561404  5.43333333 -0.08597916  0.43684211
  5.33333333  0.65087719  5.4        -1.37481236  0.44210526  5.4
  0.65438596  5.3        -0.66708636  0.44912281  5.43333333  0.66140351
  5.33333333 -0.88017696]",4044.553591966629
0.14302400000000004,[-0.6515138],"[ 0.43684211  5.33333333  0.65087719  5.4        -1.37481236  0.44210526
  5.4         0.65438596  5.3        -0.66708636  0.44912281  5.43333333
  0.66140351  5.33333333 -0.88017696  0.45614035  5.5         0.66842105
  5.26666667 -1.65151381]",4044.6337990760803
0.14557599999999993,[-0.6440493],"[ 0.44210526  5.4         0.65438596  5.3        -0.66708636  0.44912281
  5.43333333  0.66140351  5.33333333 -0.88017696  0.45614035  5.5
  0.66842105  5.26666667 -1.65151381  0.46140351  5.46666667  0.67368421
  5.33333333 -1.64404929]",4044.7136006355286
0.14304399999999995,[-0.5381874],"[ 0.44912281  5.43333333  0.66140351  5.33333333 -0.88017696  0.45614035
  5.5         0.66842105  5.26666667 -1.65151381  0.46140351  5.46666667
  0.67368421  5.33333333 -1.64404929  0.46491228  5.3         0.67894737
  5.56666667 -1.53818738]",4044.79350733757
0.14051599999999997,[-0.23994508],"[ 0.45614035  5.5         0.66842105  5.26666667 -1.65151381  0.46140351
  5.46666667  0.67368421  5.33333333 -1.64404929  0.46491228  5.3
  0.67894737  5.56666667 -1.53818738  0.46842105  5.3         0.68070175
  5.63333333 -1.23994505]",4044.873542070389
0.13796799999999998,[-0.86989146],"[ 0.46140351  5.46666667  0.67368421  5.33333333 -1.64404929  0.46491228
  5.3         0.67894737  5.56666667 -1.53818738  0.46842105  5.3
  0.68070175  5.63333333 -1.23994505  0.47192982  5.33333333  0.68421053
  5.63333333 -1.86989141]",4044.953546524048
0.13541599999999998,[0.16685367],"[ 0.46491228  5.3         0.67894737  5.56666667 -1.53818738  0.46842105
  5.3         0.68070175  5.63333333 -1.23994505  0.47192982  5.33333333
  0.68421053  5.63333333 -1.86989141  0.4754386   5.33333333  0.6877193
  5.7        -0.83314633]",4045.0335783958435
0.13285199999999997,[-0.7230017],"[ 0.46842105  5.3         0.68070175  5.63333333 -1.23994505  0.47192982
  5.33333333  0.68421053  5.63333333 -1.86989141  0.4754386   5.33333333
  0.6877193   5.7        -0.83314633  0.47894737  5.26666667  0.68947368
  5.86666667 -1.72300172]",4045.1137256622314
0.13029999999999997,[0.39619485],"[ 0.47192982  5.33333333  0.68421053  5.63333333 -1.86989141  0.4754386
  5.33333333  0.6877193   5.7        -0.83314633  0.47894737  5.26666667
  0.68947368  5.86666667 -1.72300172  0.48421053  5.36666667  0.69473684
  5.83333333 -0.60380518]",4045.1935107707977
0.130328,[0.80129004],"[ 0.4754386   5.33333333  0.6877193   5.7        -0.83314633  0.47894737
  5.26666667  0.68947368  5.86666667 -1.72300172  0.48421053  5.36666667
  0.69473684  5.83333333 -0.60380518  0.48947368  5.26666667  0.7
  5.9        -0.19870996]",4045.272923231125
0.135424,[0.44745383],"[ 0.47894737  5.26666667  0.68947368  5.86666667 -1.72300172  0.48421053
  5.36666667  0.69473684  5.83333333 -0.60380518  0.48947368  5.26666667
  0.7         5.9        -0.19870996  0.49649123  5.43333333  0.70701754
  5.8        -0.55254614]",4045.353708744049
0.13793999999999995,[0.38578495],"[ 0.48421053  5.36666667  0.69473684  5.83333333 -0.60380518  0.48947368
  5.26666667  0.7         5.9        -0.19870996  0.49649123  5.43333333
  0.70701754  5.8        -0.55254614  0.50175439  5.73333333  0.71403509
  5.53333333 -0.61421502]",4045.4335129261017
0.14049599999999995,[-0.17431153],"[ 0.48947368  5.26666667  0.7         5.9        -0.19870996  0.49649123
  5.43333333  0.70701754  5.8        -0.55254614  0.50175439  5.73333333
  0.71403509  5.53333333 -0.61421502  0.50877193  5.76666667  0.71754386
  5.43333333 -1.17431152]",4045.5136063098907
0.13538799999999995,[-0.2653672],"[ 0.49649123  5.43333333  0.70701754  5.8        -0.55254614  0.50175439
  5.73333333  0.71403509  5.53333333 -0.61421502  0.50877193  5.76666667
  0.71754386  5.43333333 -1.17431152  0.51052632  5.76666667  0.7245614
  5.43333333 -1.26536727]",4045.5934162139893
0.13283200000000006,[0.675448],"[ 0.50175439  5.73333333  0.71403509  5.53333333 -0.61421502  0.50877193
  5.76666667  0.71754386  5.43333333 -1.17431152  0.51052632  5.76666667
  0.7245614   5.43333333 -1.26536727  0.51578947  5.66666667  0.72807018
  5.53333333 -0.324552  ]",4045.6677725315094
0.13792400000000005,[-0.37916943],"[ 0.50877193  5.76666667  0.71754386  5.43333333 -1.17431152  0.51052632
  5.76666667  0.7245614   5.43333333 -1.26536727  0.51578947  5.66666667
  0.72807018  5.53333333 -0.324552    0.52280702  5.83333333  0.73508772
  5.5        -1.37916946]",4045.747060060501
0.14815599999999995,[-0.00315106],"[ 0.51052632  5.76666667  0.7245614   5.43333333 -1.26536727  0.51578947
  5.66666667  0.72807018  5.53333333 -0.324552    0.52280702  5.83333333
  0.73508772  5.5        -1.37916946  0.53157895  6.          0.74035088
  5.3        -1.00315106]",4045.8316180706024
0.15329199999999998,[-0.19311008],"[ 0.51578947  5.66666667  0.72807018  5.53333333 -0.324552    0.52280702
  5.83333333  0.73508772  5.5        -1.37916946  0.53157895  6.
  0.74035088  5.3        -1.00315106  0.53684211  5.93333333  0.74736842
  5.36666667 -1.19311011]",4045.9132993221283
0.15329199999999998,[-0.08723902],"[ 0.52280702  5.83333333  0.73508772  5.5        -1.37916946  0.53157895
  6.          0.74035088  5.3        -1.00315106  0.53684211  5.93333333
  0.74736842  5.36666667 -1.19311011  0.54210526  5.9         0.75263158
  5.36666667 -1.08723903]",4045.9936094284058
0.153304,[0.04210973],"[ 0.53157895  6.          0.74035088  5.3        -1.00315106  0.53684211
  5.93333333  0.74736842  5.36666667 -1.19311011  0.54210526  5.9
  0.75263158  5.36666667 -1.08723903  0.54736842  5.86666667  0.75789474
  5.3        -0.95789027]",4046.0736072063446
0.153304,[0.3871246],"[ 0.53684211  5.93333333  0.74736842  5.36666667 -1.19311011  0.54210526
  5.9         0.75263158  5.36666667 -1.08723903  0.54736842  5.86666667
  0.75789474  5.3        -0.95789027  0.55438596  5.9         0.76315789
  5.23333333 -0.6128754 ]",4046.1537668704987
0.150748,[0.18862437],"[ 0.54210526  5.9         0.75263158  5.36666667 -1.08723903  0.54736842
  5.86666667  0.75789474  5.3        -0.95789027  0.55438596  5.9
  0.76315789  5.23333333 -0.6128754   0.55964912  5.96666667  0.76842105
  5.13333333 -0.81137562]",4046.2334480285645
0.1507440000000001,[0.10074819],"[ 0.54736842  5.86666667  0.75789474  5.3        -0.95789027  0.55438596
  5.9         0.76315789  5.23333333 -0.6128754   0.55964912  5.96666667
  0.76842105  5.13333333 -0.81137562  0.56491228  5.96666667  0.77192982
  5.06666667 -0.89925182]",4046.3075687885284
0.14817999999999998,[0.10563658],"[ 0.55438596  5.9         0.76315789  5.23333333 -0.6128754   0.55964912
  5.96666667  0.76842105  5.13333333 -0.81137562  0.56491228  5.96666667
  0.77192982  5.06666667 -0.89925182  0.56666667  5.86666667  0.77368421
  5.03333333 -0.8943634 ]",4046.3937015533447
0.14817999999999998,[-0.70168734],"[ 0.55964912  5.96666667  0.76842105  5.13333333 -0.81137562  0.56491228
  5.96666667  0.77192982  5.06666667 -0.89925182  0.56666667  5.86666667
  0.77368421  5.03333333 -0.8943634   0.57017544  5.86666667  0.77719298
  4.93333333 -1.70168734]",4046.473724603653
0.14564,[0.21918465],"[ 0.56491228  5.96666667  0.77192982  5.06666667 -0.89925182  0.56666667
  5.86666667  0.77368421  5.03333333 -0.8943634   0.57017544  5.86666667
  0.77719298  4.93333333 -1.70168734  0.57192982  5.76666667  0.77894737
  4.96666667 -0.78081536]",4046.5537798404694
0.140548,[-0.14938015],"[ 0.56666667  5.86666667  0.77368421  5.03333333 -0.8943634   0.57017544
  5.86666667  0.77719298  4.93333333 -1.70168734  0.57192982  5.76666667
  0.77894737  4.96666667 -0.78081536  0.57192982  5.6         0.78421053
  5.16666667 -1.14938021]",4046.6342277526855
0.140528,[0.05374449],"[ 0.57017544  5.86666667  0.77719298  4.93333333 -1.70168734  0.57192982
  5.76666667  0.77894737  4.96666667 -0.78081536  0.57192982  5.6
  0.78421053  5.16666667 -1.14938021  0.5754386   5.7         0.78596491
  5.13333333 -0.94625551]",4046.712596654892
0.140536,[-0.32008305],"[ 0.57192982  5.76666667  0.77894737  4.96666667 -0.78081536  0.57192982
  5.6         0.78421053  5.16666667 -1.14938021  0.5754386   5.7
  0.78596491  5.13333333 -0.94625551  0.58070175  5.73333333  0.78947368
  4.96666667 -1.32008302]",4046.792637348175
0.13798,[0.25020337],"[ 0.57192982  5.6         0.78421053  5.16666667 -1.14938021  0.5754386
  5.7         0.78596491  5.13333333 -0.94625551  0.58070175  5.73333333
  0.78947368  4.96666667 -1.32008302  0.58421053  5.63333333  0.79473684
  4.93333333 -0.74979663]",4046.8711698055267
0.13800800000000002,[-0.40147462],"[ 0.5754386   5.7         0.78596491  5.13333333 -0.94625551  0.58070175
  5.73333333  0.78947368  4.96666667 -1.32008302  0.58421053  5.63333333
  0.79473684  4.93333333 -0.74979663  0.59122807  5.56666667  0.80175439
  4.9        -1.4014746 ]",4046.955654144287
0.14059200000000005,[0.3972403],"[ 0.58070175  5.73333333  0.78947368  4.96666667 -1.32008302  0.58421053
  5.63333333  0.79473684  4.93333333 -0.74979663  0.59122807  5.56666667
  0.80175439  4.9        -1.4014746   0.59824561  5.63333333  0.80526316
  4.76666667 -0.60275972]",4047.037160873413
0.13294400000000006,[-0.9266342],"[ 0.58421053  5.63333333  0.79473684  4.93333333 -0.74979663  0.59122807
  5.56666667  0.80175439  4.9        -1.4014746   0.59824561  5.63333333
  0.80526316  4.76666667 -0.60275972  0.6         5.5         0.80877193
  4.8        -1.92663419]",4047.1177186965942
0.13548800000000005,[-0.25434408],"[ 0.59122807  5.56666667  0.80175439  4.9        -1.4014746   0.59824561
  5.63333333  0.80526316  4.76666667 -0.60275972  0.6         5.5
  0.80877193  4.8        -1.92663419  0.60350877  5.6         0.81052632
  4.66666667 -1.25434411]",4047.197546005249
0.12781600000000004,[-0.48726103],"[ 0.59824561  5.63333333  0.80526316  4.76666667 -0.60275972  0.6
  5.5         0.80877193  4.8        -1.92663419  0.60350877  5.6
  0.81052632  4.66666667 -1.25434411  0.60350877  5.53333333  0.8122807
  4.66666667 -1.48726106]",4047.277569770813
0.12019199999999997,[-0.8474612],"[ 0.6         5.5         0.80877193  4.8        -1.92663419  0.60350877
  5.6         0.81052632  4.66666667 -1.25434411  0.60350877  5.53333333
  0.8122807   4.66666667 -1.48726106  0.60526316  5.33333333  0.81754386
  4.73333333 -1.84746122]",4047.357550382614
0.11766399999999999,[0.69421434],"[ 0.60350877  5.6         0.81052632  4.66666667 -1.25434411  0.60350877
  5.53333333  0.8122807   4.66666667 -1.48726106  0.60526316  5.33333333
  0.81754386  4.73333333 -1.84746122  0.6122807   5.26666667  0.82280702
  4.8        -0.30578566]",4047.4375190734863
0.117668,[0.6393866],"[ 0.60350877  5.53333333  0.8122807   4.66666667 -1.48726106  0.60526316
  5.33333333  0.81754386  4.73333333 -1.84746122  0.6122807   5.26666667
  0.82280702  4.8        -0.30578566  0.61754386  5.16666667  0.82982456
  4.86666667 -0.36061341]",4047.517564535141
0.12275199999999997,[0.62777686],"[ 0.60526316  5.33333333  0.81754386  4.73333333 -1.84746122  0.6122807
  5.26666667  0.82280702  4.8        -0.30578566  0.61754386  5.16666667
  0.82982456  4.86666667 -0.36061341  0.62631579  5.36666667  0.83508772
  4.7        -0.37222314]",4047.597530603409
0.12527999999999995,[0.51309216],"[ 0.6122807   5.26666667  0.82280702  4.8        -0.30578566  0.61754386
  5.16666667  0.82982456  4.86666667 -0.36061341  0.62631579  5.36666667
  0.83508772  4.7        -0.37222314  0.63333333  5.56666667  0.83508772
  4.33333333 -0.48690784]",4047.6775057315826
0.11761199999999994,[0.66685474],"[ 0.61754386  5.16666667  0.82982456  4.86666667 -0.36061341  0.62631579
  5.36666667  0.83508772  4.7        -0.37222314  0.63333333  5.56666667
  0.83508772  4.33333333 -0.48690784  0.63508772  5.6         0.83508772
  4.13333333 -0.33314526]",4047.757349014282
0.11762399999999995,[0.2732911],"[ 0.62631579  5.36666667  0.83508772  4.7        -0.37222314  0.63333333
  5.56666667  0.83508772  4.33333333 -0.48690784  0.63508772  5.6
  0.83508772  4.13333333 -0.33314526  0.64035088  5.56666667  0.83508772
  3.93333333 -0.72670889]",4047.8376882076263
0.11761999999999995,[-0.7883642],"[ 0.63333333  5.56666667  0.83508772  4.33333333 -0.48690784  0.63508772
  5.6         0.83508772  4.13333333 -0.33314526  0.64035088  5.56666667
  0.83508772  3.93333333 -0.72670889  0.64561404  5.6         0.83859649
  3.83333333 -1.78836417]",4047.9175543785095
0.11761200000000005,[0.32046634],"[ 0.63508772  5.6         0.83508772  4.13333333 -0.33314526  0.64035088
  5.56666667  0.83508772  3.93333333 -0.72670889  0.64561404  5.6
  0.83859649  3.83333333 -1.78836417  0.64736842  5.56666667  0.84385965
  3.93333333 -0.67953366]",4047.9974484443665
0.10996800000000007,[0.00876582],"[ 0.64035088  5.56666667  0.83508772  3.93333333 -0.72670889  0.64561404
  5.6         0.83859649  3.83333333 -1.78836417  0.64736842  5.56666667
  0.84385965  3.93333333 -0.67953366  0.64561404  5.36666667  0.84912281
  4.1        -0.99123418]",4048.0774812698364
0.11506400000000006,[-0.01003215],"[ 0.64561404  5.6         0.83859649  3.83333333 -1.78836417  0.64736842
  5.56666667  0.84385965  3.93333333 -0.67953366  0.64561404  5.36666667
  0.84912281  4.1        -0.99123418  0.65087719  5.4         0.85087719
  4.         -1.01003218]",4048.1591291427612
