reward,action,obs,time
,,"[0.         0.         0.         0.         0.         0.
 0.         0.         0.         0.         0.         0.
 0.         0.         0.         0.03157895 5.66666667 0.24561404
 5.4        0.        ]",1140.428584575653
-2.8000000000000247e-05,[0.52546865],"[ 0.          0.          0.          0.          0.          0.
  0.          0.          0.          0.          0.03157895  5.66666667
  0.24561404  5.4         0.          0.03157895  5.9         0.24385965
  5.3        -0.47453135]",1140.523864030838
-0.0025439999999999977,[-0.43087322],"[ 0.          0.          0.          0.          0.          0.03157895
  5.66666667  0.24561404  5.4         0.          0.03157895  5.9
  0.24385965  5.3        -0.47453135  0.02982456  5.56666667  0.24561404
  5.46666667 -1.43087316]",1140.576025724411
-0.0025519999999999987,[0.873868],"[ 0.03157895  5.66666667  0.24561404  5.4         0.          0.03157895
  5.9         0.24385965  5.3        -0.47453135  0.02982456  5.56666667
  0.24561404  5.46666667 -1.43087316  0.02982456  5.63333333  0.24561404
  5.43333333 -0.12613201]",1140.6278173923492
-0.0025519999999999987,[0.0758781],"[ 0.03157895  5.9         0.24385965  5.3        -0.47453135  0.02982456
  5.56666667  0.24561404  5.46666667 -1.43087316  0.02982456  5.63333333
  0.24561404  5.43333333 -0.12613201  0.02982456  5.63333333  0.24385965
  5.43333333 -0.92412192]",1140.6708619594574
3.9999999999970615e-06,[0.85937303],"[ 0.02982456  5.56666667  0.24561404  5.46666667 -1.43087316  0.02982456
  5.63333333  0.24561404  5.43333333 -0.12613201  0.02982456  5.63333333
  0.24385965  5.43333333 -0.92412192  0.03157895  5.63333333  0.24561404
  5.43333333 -0.14062697]",1140.7239582538605
-0.0025360000000000035,[0.70547986],"[ 0.02982456  5.63333333  0.24561404  5.43333333 -0.12613201  0.02982456
  5.63333333  0.24385965  5.43333333 -0.92412192  0.03157895  5.63333333
  0.24561404  5.43333333 -0.14062697  0.02982456  5.5         0.24561404
  5.53333333 -0.29452014]",1140.7771248817444
8.000000000001062e-06,[0.88031703],"[ 0.02982456  5.63333333  0.24385965  5.43333333 -0.92412192  0.03157895
  5.63333333  0.24561404  5.43333333 -0.14062697  0.02982456  5.5
  0.24561404  5.53333333 -0.29452014  0.03157895  5.6         0.24736842
  5.43333333 -0.11968297]",1140.826942205429
0.005095999999999996,[-0.9068196],"[ 0.03157895  5.63333333  0.24561404  5.43333333 -0.14062697  0.02982456
  5.5         0.24561404  5.53333333 -0.29452014  0.03157895  5.6
  0.24736842  5.43333333 -0.11968297  0.03508772  5.8         0.24561404
  5.16666667 -1.90681958]",1140.8772835731506
0.012744,[0.73837465],"[ 0.02982456  5.5         0.24561404  5.53333333 -0.29452014  0.03157895
  5.6         0.24736842  5.43333333 -0.11968297  0.03508772  5.8
  0.24561404  5.16666667 -1.90681958  0.04035088  5.96666667  0.24736842
  5.03333333 -0.26162535]",1140.930107831955
0.015295999999999999,[0.00192982],"[ 0.03157895  5.6         0.24736842  5.43333333 -0.11968297  0.03508772
  5.8         0.24561404  5.16666667 -1.90681958  0.04035088  5.96666667
  0.24736842  5.03333333 -0.26162535  0.04210526  6.          0.24736842
  4.96666667 -0.99807018]",1141.0100564956665
0.017852,[0.33269534],"[ 0.03508772  5.8         0.24561404  5.16666667 -1.90681958  0.04035088
  5.96666667  0.24736842  5.03333333 -0.26162535  0.04210526  6.
  0.24736842  4.96666667 -0.99807018  0.04385965  6.          0.24736842
  4.93333333 -0.66730464]",1141.0899407863617
0.020412000000000007,[-0.32480252],"[ 0.04035088  5.96666667  0.24736842  5.03333333 -0.26162535  0.04210526
  6.          0.24736842  4.96666667 -0.99807018  0.04385965  6.
  0.24736842  4.93333333 -0.66730464  0.04561404  5.96666667  0.25087719
  4.9        -1.32480252]",1141.1760292053223
0.025524,[0.52721536],"[ 0.04210526  6.          0.24736842  4.96666667 -0.99807018  0.04385965
  6.          0.24736842  4.93333333 -0.66730464  0.04561404  5.96666667
  0.25087719  4.9        -1.32480252  0.04912281  5.96666667  0.25438596
  4.86666667 -0.47278464]",1141.2558369636536
0.028091999999999995,[-0.97629917],"[ 0.04385965  6.          0.24736842  4.93333333 -0.66730464  0.04561404
  5.96666667  0.25087719  4.9        -1.32480252  0.04912281  5.96666667
  0.25438596  4.86666667 -0.47278464  0.05087719  5.86666667  0.25789474
  4.96666667 -1.97629917]",1141.3359773159027
0.038304000000000005,[0.0488559],"[ 0.04561404  5.96666667  0.25087719  4.9        -1.32480252  0.04912281
  5.96666667  0.25438596  4.86666667 -0.47278464  0.05087719  5.86666667
  0.25789474  4.96666667 -1.97629917  0.05789474  5.96666667  0.26140351
  4.73333333 -0.9511441 ]",1141.4164543151855
0.040884000000000004,[-0.5166133],"[ 0.04912281  5.96666667  0.25438596  4.86666667 -0.47278464  0.05087719
  5.86666667  0.25789474  4.96666667 -1.97629917  0.05789474  5.96666667
  0.26140351  4.73333333 -0.9511441   0.05964912  5.76666667  0.26491228
  4.73333333 -1.51661325]",1141.4899566173553
0.04600799999999999,[0.18937016],"[ 0.05087719  5.86666667  0.25789474  4.96666667 -1.97629917  0.05789474
  5.96666667  0.26140351  4.73333333 -0.9511441   0.05964912  5.76666667
  0.26491228  4.73333333 -1.51661325  0.06315789  5.66666667  0.26842105
  4.7        -0.81062984]",1141.5763635635376
0.05112799999999999,[-0.28038374],"[ 0.05789474  5.96666667  0.26140351  4.73333333 -0.9511441   0.05964912
  5.76666667  0.26491228  4.73333333 -1.51661325  0.06315789  5.66666667
  0.26842105  4.7        -0.81062984  0.06666667  5.6         0.2754386
  4.7        -1.28038371]",1141.651317358017
0.06389600000000001,[-0.42670485],"[ 0.05964912  5.76666667  0.26491228  4.73333333 -1.51661325  0.06315789
  5.66666667  0.26842105  4.7        -0.81062984  0.06666667  5.6
  0.2754386   4.7        -1.28038371  0.0754386   5.7         0.27894737
  4.56666667 -1.42670488]",1141.7405874729156
0.06646400000000001,[-0.64717835],"[ 0.06315789  5.66666667  0.26842105  4.7        -0.81062984  0.06666667
  5.6         0.2754386   4.7        -1.28038371  0.0754386   5.7
  0.27894737  4.56666667 -1.42670488  0.07719298  5.6         0.28421053
  4.63333333 -1.64717841]",1141.815693616867
0.07161600000000001,[0.7597257],"[ 0.06666667  5.6         0.2754386   4.7        -1.28038371  0.0754386
  5.7         0.27894737  4.56666667 -1.42670488  0.07719298  5.6
  0.28421053  4.63333333 -1.64717841  0.08070175  5.5         0.28947368
  4.7        -0.24027431]",1141.8960757255554
0.081812,[-0.7579592],"[ 0.0754386   5.7         0.27894737  4.56666667 -1.42670488  0.07719298
  5.6         0.28421053  4.63333333 -1.64717841  0.08070175  5.5
  0.28947368  4.7        -0.24027431  0.08596491  5.4         0.29473684
  4.63333333 -1.75795913]",1141.976201057434
0.09202800000000001,[0.3291862],"[ 0.07719298  5.6         0.28421053  4.63333333 -1.64717841  0.08070175
  5.5         0.28947368  4.7        -0.24027431  0.08596491  5.4
  0.29473684  4.63333333 -1.75795913  0.09298246  5.53333333  0.29649123
  4.36666667 -0.6708138 ]",1142.0504567623138
0.09715199999999999,[0.76809907],"[ 0.08070175  5.5         0.28947368  4.7        -0.24027431  0.08596491
  5.4         0.29473684  4.63333333 -1.75795913  0.09298246  5.53333333
  0.29649123  4.36666667 -0.6708138   0.09649123  5.43333333  0.30175439
  4.4        -0.23190093]",1142.1299707889557
0.10225199999999998,[0.25122154],"[ 0.08596491  5.4         0.29473684  4.63333333 -1.75795913  0.09298246
  5.53333333  0.29649123  4.36666667 -0.6708138   0.09649123  5.43333333
  0.30175439  4.4        -0.23190093  0.10175439  5.53333333  0.30350877
  4.16666667 -0.74877846]",1142.2146546840668
0.112452,[0.34895128],"[ 0.09298246  5.53333333  0.29649123  4.36666667 -0.6708138   0.09649123
  5.43333333  0.30175439  4.4        -0.23190093  0.10175439  5.53333333
  0.30350877  4.16666667 -0.74877846  0.10701754  5.6         0.30350877
  3.83333333 -0.65104872]",1142.295889377594
0.11248000000000002,[-0.34543243],"[ 0.09649123  5.43333333  0.30175439  4.4        -0.23190093  0.10175439
  5.53333333  0.30350877  4.16666667 -0.74877846  0.10701754  5.6
  0.30350877  3.83333333 -0.65104872  0.10877193  5.46666667  0.30701754
  3.7        -1.3454324 ]",1142.3760960102081
0.11254,[0.2876533],"[ 0.10175439  5.53333333  0.30350877  4.16666667 -0.74877846  0.10701754
  5.6         0.30350877  3.83333333 -0.65104872  0.10877193  5.46666667
  0.30701754  3.7        -1.3454324   0.1122807   5.16666667  0.3122807
  3.63333333 -0.71234667]",1142.4558908939362
0.11002799999999999,[0.85196376],"[ 0.10701754  5.6         0.30350877  3.83333333 -0.65104872  0.10877193
  5.46666667  0.30701754  3.7        -1.3454324   0.1122807   5.16666667
  0.3122807   3.63333333 -0.71234667  0.11578947  4.96666667  0.32105263
  3.63333333 -0.14803624]",1142.5359559059143
0.15341600000000002,[-0.26431203],"[ 0.10877193  5.46666667  0.30701754  3.7        -1.3454324   0.1122807
  5.16666667  0.3122807   3.63333333 -0.71234667  0.11578947  4.96666667
  0.32105263  3.63333333 -0.14803624  0.14736842  5.53333333  0.3245614
  3.6        -1.26431203]",1142.616135597229
0.155956,[0.48192516],"[ 0.1122807   5.16666667  0.3122807   3.63333333 -0.71234667  0.11578947
  4.96666667  0.32105263  3.63333333 -0.14803624  0.14736842  5.53333333
  0.3245614   3.6        -1.26431203  0.15087719  5.66666667  0.32807018
  3.63333333 -0.51807487]",1142.6961035728455
0.15085199999999999,[-0.66691124],"[ 0.11578947  4.96666667  0.32105263  3.63333333 -0.14803624  0.14736842
  5.53333333  0.3245614   3.6        -1.26431203  0.15087719  5.66666667
  0.32807018  3.63333333 -0.51807487  0.14912281  5.56666667  0.33333333
  3.7        -1.66691124]",1142.770250082016
0.150856,[0.06900478],"[ 0.14736842  5.53333333  0.3245614   3.6        -1.26431203  0.15087719
  5.66666667  0.32807018  3.63333333 -0.51807487  0.14912281  5.56666667
  0.33333333  3.7        -1.66691124  0.15263158  5.53333333  0.33859649
  3.7        -0.93099523]",1142.8561153411865
0.14830000000000002,[-0.7991379],"[ 0.15087719  5.66666667  0.32807018  3.63333333 -0.51807487  0.14912281
  5.56666667  0.33333333  3.7        -1.66691124  0.15263158  5.53333333
  0.33859649  3.7        -0.93099523  0.15263158  5.43333333  0.34561404
  3.86666667 -1.79913783]",1142.9359240531921
0.14320400000000003,[-0.28185984],"[ 0.14912281  5.56666667  0.33333333  3.7        -1.66691124  0.15263158
  5.53333333  0.33859649  3.7        -0.93099523  0.15263158  5.43333333
  0.34561404  3.86666667 -1.79913783  0.15614035  5.4         0.35263158
  3.93333333 -1.28185987]",1143.0099396705627
0.14319600000000002,[-0.76676965],"[ 0.15263158  5.53333333  0.33859649  3.7        -0.93099523  0.15263158
  5.43333333  0.34561404  3.86666667 -1.79913783  0.15614035  5.4
  0.35263158  3.93333333 -1.28185987  0.15789474  5.26666667  0.36315789
  4.13333333 -1.76676965]",1143.0945808887482
0.1432,[-0.7922663],"[ 0.15263158  5.43333333  0.34561404  3.86666667 -1.79913783  0.15614035
  5.4         0.35263158  3.93333333 -1.28185987  0.15789474  5.26666667
  0.36315789  4.13333333 -1.76676965  0.16140351  5.13333333  0.36842105
  4.16666667 -1.79226637]",1143.1707510948181
0.143212,[-0.36780939],"[ 0.15614035  5.4         0.35263158  3.93333333 -1.28185987  0.15789474
  5.26666667  0.36315789  4.13333333 -1.76676965  0.16140351  5.13333333
  0.36842105  4.16666667 -1.79226637  0.16491228  4.96666667  0.37368421
  4.26666667 -1.36780941]",1143.2500665187836
0.133004,[-0.19140737],"[ 0.15789474  5.26666667  0.36315789  4.13333333 -1.76676965  0.16140351
  5.13333333  0.36842105  4.16666667 -1.79226637  0.16491228  4.96666667
  0.37368421  4.26666667 -1.36780941  0.16666667  4.93333333  0.37719298
  4.3        -1.19140732]",1143.3346395492554
0.132976,[0.84616005],"[ 0.16140351  5.13333333  0.36842105  4.16666667 -1.79226637  0.16491228
  4.96666667  0.37368421  4.26666667 -1.36780941  0.16666667  4.93333333
  0.37719298  4.3        -1.19140732  0.16842105  5.06666667  0.37894737
  4.26666667 -0.15383995]",1143.4121851921082
0.132948,[-0.7833076],"[ 0.16491228  4.96666667  0.37368421  4.26666667 -1.36780941  0.16666667
  4.93333333  0.37719298  4.3        -1.19140732  0.16842105  5.06666667
  0.37894737  4.26666667 -0.15383995  0.17192982  5.2         0.37894737
  4.23333333 -1.78330755]",1143.4908230304718
0.132912,[-0.05622232],"[ 0.16666667  4.93333333  0.37719298  4.3        -1.19140732  0.16842105
  5.06666667  0.37894737  4.26666667 -0.15383995  0.17192982  5.2
  0.37894737  4.23333333 -1.78330755  0.17719298  5.4         0.37894737
  4.1        -1.05622232]",1143.5759167671204
0.12527199999999997,[-0.38880792],"[ 0.16842105  5.06666667  0.37894737  4.26666667 -0.15383995  0.17192982
  5.2         0.37894737  4.23333333 -1.78330755  0.17719298  5.4
  0.37894737  4.1        -1.05622232  0.17894737  5.3         0.38245614
  4.16666667 -1.38880789]",1143.6560227870941
0.125268,[0.8938579],"[ 0.17192982  5.2         0.37894737  4.23333333 -1.78330755  0.17719298
  5.4         0.37894737  4.1        -1.05622232  0.17894737  5.3
  0.38245614  4.16666667 -1.38880789  0.18245614  5.23333333  0.3877193
  4.26666667 -0.1061421 ]",1143.7301235198975
0.125288,[0.1641246],"[ 0.17719298  5.4         0.37894737  4.1        -1.05622232  0.17894737
  5.3         0.38245614  4.16666667 -1.38880789  0.18245614  5.23333333
  0.3877193   4.26666667 -0.1061421   0.1877193   5.16666667  0.39649123
  4.26666667 -0.83587539]",1143.8163189888
0.130396,[-0.95139927],"[ 0.17894737  5.3         0.38245614  4.16666667 -1.38880789  0.18245614
  5.23333333  0.3877193   4.26666667 -0.1061421   0.1877193   5.16666667
  0.39649123  4.26666667 -0.83587539  0.19649123  5.26666667  0.4
  4.03333333 -1.95139933]",1143.8960192203522
0.13295200000000001,[-0.24527702],"[ 0.18245614  5.23333333  0.3877193   4.26666667 -0.1061421   0.1877193
  5.16666667  0.39649123  4.26666667 -0.83587539  0.19649123  5.26666667
  0.4         4.03333333 -1.95139933  0.2         5.13333333  0.40526316
  4.         -1.24527705]",1143.9763939380646
0.127836,[0.86627275],"[ 0.1877193   5.16666667  0.39649123  4.26666667 -0.83587539  0.19649123
  5.26666667  0.4         4.03333333 -1.95139933  0.2         5.13333333
  0.40526316  4.         -1.24527705  0.2         4.86666667  0.41052632
  4.16666667 -0.13372725]",1144.0560846328735
0.132924,[-0.92163223],"[ 0.19649123  5.26666667  0.4         4.03333333 -1.95139933  0.2
  5.13333333  0.40526316  4.         -1.24527705  0.2         4.86666667
  0.41052632  4.16666667 -0.13372725  0.20701754  4.86666667  0.41403509
  4.         -1.92163229]",1144.136033296585
0.10230000000000002,[-0.7169484],"[ 0.2         5.13333333  0.40526316  4.         -1.24527705  0.2
  4.86666667  0.41052632  4.16666667 -0.13372725  0.20701754  4.86666667
  0.41403509  4.         -1.92163229  0.21754386  5.03333333  0.41929825
  3.73333333 -1.71694839]",1144.2161071300507
0.10233599999999998,[0.3120586],"[ 0.2         4.86666667  0.41052632  4.16666667 -0.13372725  0.20701754
  4.86666667  0.41403509  4.         -1.92163229  0.21754386  5.03333333
  0.41929825  3.73333333 -1.71694839  0.22105263  4.86666667  0.42631579
  3.83333333 -0.68794143]",1144.2961266040802
0.10746,[0.5129932],"[ 0.20701754  4.86666667  0.41403509  4.         -1.92163229  0.21754386
  5.03333333  0.41929825  3.73333333 -1.71694839  0.22105263  4.86666667
  0.42631579  3.83333333 -0.68794143  0.22280702  4.66666667  0.43333333
  3.96666667 -0.48700678]",1144.3765523433685
0.12022400000000004,[-0.7963341],"[ 0.21754386  5.03333333  0.41929825  3.73333333 -1.71694839  0.22105263
  4.86666667  0.42631579  3.83333333 -0.68794143  0.22280702  4.66666667
  0.43333333  3.96666667 -0.48700678  0.23508772  4.76666667  0.44035088
  3.7        -1.79633403]",1144.4561955928802
0.135524,[0.9893265],"[ 0.22105263  4.86666667  0.42631579  3.83333333 -0.68794143  0.22280702
  4.66666667  0.43333333  3.96666667 -0.48700678  0.23508772  4.76666667
  0.44035088  3.7        -1.79633403  0.24561404  4.96666667  0.44912281
  3.73333333 -0.01067352]",1144.5359954833984
0.14064000000000002,[0.97302336],"[ 0.22280702  4.66666667  0.43333333  3.96666667 -0.48700678  0.23508772
  4.76666667  0.44035088  3.7        -1.79633403  0.24561404  4.96666667
  0.44912281  3.73333333 -0.01067352  0.25263158  4.9         0.46140351
  4.06666667 -0.02697664]",1144.6159887313843
0.15594399999999994,[0.9108014],"[ 0.23508772  4.76666667  0.44035088  3.7        -1.79633403  0.24561404
  4.96666667  0.44912281  3.73333333 -0.01067352  0.25263158  4.9
  0.46140351  4.06666667 -0.02697664  0.26491228  5.03333333  0.47017544
  3.9        -0.08919859]",1144.6970818042755
0.17123600000000003,[0.41981104],"[ 0.24561404  4.96666667  0.44912281  3.73333333 -0.01067352  0.25263158
  4.9         0.46140351  4.06666667 -0.02697664  0.26491228  5.03333333
  0.47017544  3.9        -0.08919859  0.27894737  5.26666667  0.4754386
  3.7        -0.58018899]",1144.776109457016
0.17120000000000002,[-0.6992435],"[ 0.25263158  4.9         0.46140351  4.06666667 -0.02697664  0.26491228
  5.03333333  0.47017544  3.9        -0.08919859  0.27894737  5.26666667
  0.4754386   3.7        -0.58018899  0.28245614  5.4         0.47894737
  3.83333333 -1.69924355]",1144.8557929992676
0.17119600000000004,[0.30243894],"[ 0.26491228  5.03333333  0.47017544  3.9        -0.08919859  0.27894737
  5.26666667  0.4754386   3.7        -0.58018899  0.28245614  5.4
  0.47894737  3.83333333 -1.69924355  0.28421053  5.4         0.48245614
  3.93333333 -0.69756103]",1144.9307579994202
0.17122,[-0.7947238],"[ 0.27894737  5.26666667  0.4754386   3.7        -0.58018899  0.28245614
  5.4         0.47894737  3.83333333 -1.69924355  0.28421053  5.4
  0.48245614  3.93333333 -0.69756103  0.28596491  5.33333333  0.48596491
  3.96666667 -1.79472375]",1145.0101974010468
0.171236,[0.02825782],"[ 0.28245614  5.4         0.47894737  3.83333333 -1.69924355  0.28421053
  5.4         0.48245614  3.93333333 -0.69756103  0.28596491  5.33333333
  0.48596491  3.96666667 -1.79472375  0.28947368  5.33333333  0.48947368
  4.03333333 -0.97174215]",1145.0959935188293
0.16615599999999997,[-0.1212086],"[ 0.28421053  5.4         0.48245614  3.93333333 -0.69756103  0.28596491
  5.33333333  0.48596491  3.96666667 -1.79472375  0.28947368  5.33333333
  0.48947368  4.03333333 -0.97174215  0.29122807  5.26666667  0.49824561
  4.23333333 -1.12120855]",1145.17635679245
0.16870000000000002,[0.1952426],"[ 0.28596491  5.33333333  0.48596491  3.96666667 -1.79472375  0.28947368
  5.33333333  0.48947368  4.03333333 -0.97174215  0.29122807  5.26666667
  0.49824561  4.23333333 -1.12120855  0.29473684  5.26666667  0.50175439
  4.3        -0.80475742]",1145.2572009563446
0.16614,[0.8237597],"[ 0.28947368  5.33333333  0.48947368  4.03333333 -0.97174215  0.29122807
  5.26666667  0.49824561  4.23333333 -1.12120855  0.29473684  5.26666667
  0.50175439  4.3        -0.80475742  0.29649123  5.23333333  0.50526316
  4.33333333 -0.17624032]",1145.3358817100525
0.16611199999999998,[0.53917813],"[ 0.29122807  5.26666667  0.49824561  4.23333333 -1.12120855  0.29473684
  5.26666667  0.50175439  4.3        -0.80475742  0.29649123  5.23333333
  0.50526316  4.33333333 -0.17624032  0.30175439  5.4         0.50701754
  4.26666667 -0.46082187]",1145.416107416153
0.16097199999999998,[-0.10488132],"[ 0.29473684  5.26666667  0.50175439  4.3        -0.80475742  0.29649123
  5.23333333  0.50526316  4.33333333 -0.17624032  0.30175439  5.4
  0.50701754  4.26666667 -0.46082187  0.30701754  5.73333333  0.50350877
  4.13333333 -1.10488129]",1145.496196269989
0.15072799999999995,[-0.59021455],"[ 0.29649123  5.23333333  0.50526316  4.33333333 -0.17624032  0.30175439
  5.4         0.50701754  4.26666667 -0.46082187  0.30701754  5.73333333
  0.50350877  4.13333333 -1.10488129  0.30350877  5.76666667  0.5
  4.23333333 -1.59021449]",1145.5761342048645
0.140492,[0.9495542],"[ 0.30175439  5.4         0.50701754  4.26666667 -0.46082187  0.30701754
  5.73333333  0.50350877  4.13333333 -1.10488129  0.30350877  5.76666667
  0.5         4.23333333 -1.59021449  0.29649123  5.6         0.50175439
  4.5        -0.0504458 ]",1145.6563172340393
0.132828,[-0.44569442],"[ 0.30701754  5.73333333  0.50350877  4.13333333 -1.10488129  0.30350877
  5.76666667  0.5         4.23333333 -1.59021449  0.29649123  5.6
  0.50175439  4.5        -0.0504458   0.29824561  5.56666667  0.50526316
  4.6        -1.44569445]",1145.7360272407532
0.13284,[-0.41031286],"[ 0.30350877  5.76666667  0.5         4.23333333 -1.59021449  0.29649123
  5.6         0.50175439  4.5        -0.0504458   0.29824561  5.56666667
  0.50526316  4.6        -1.44569445  0.30877193  5.63333333  0.51052632
  4.43333333 -1.41031289]",1145.8159880638123
0.135392,[0.79577035],"[ 0.29649123  5.6         0.50175439  4.5        -0.0504458   0.29824561
  5.56666667  0.50526316  4.6        -1.44569445  0.30877193  5.63333333
  0.51052632  4.43333333 -1.41031289  0.31403509  5.5         0.52105263
  4.5        -0.20422965]",1145.8962099552155
0.145604,[-0.06702409],"[ 0.29824561  5.56666667  0.50526316  4.6        -1.44569445  0.30877193
  5.63333333  0.51052632  4.43333333 -1.41031289  0.31403509  5.5
  0.52105263  4.5        -0.20422965  0.32280702  5.4         0.52982456
  4.53333333 -1.06702411]",1145.9763886928558
0.1405,[0.40682903],"[ 0.30877193  5.63333333  0.51052632  4.43333333 -1.41031289  0.31403509
  5.5         0.52105263  4.5        -0.20422965  0.32280702  5.4
  0.52982456  4.53333333 -1.06702411  0.33157895  5.43333333  0.53508772
  4.2        -0.593171  ]",1146.056163072586
0.13031199999999998,[0.23886915],"[ 0.31403509  5.5         0.52105263  4.5        -0.20422965  0.32280702
  5.4         0.52982456  4.53333333 -1.06702411  0.33157895  5.43333333
  0.53508772  4.2        -0.593171    0.33508772  5.33333333  0.53859649
  4.03333333 -0.76113087]",1146.136090517044
0.12773999999999996,[0.01403075],"[ 0.32280702  5.4         0.52982456  4.53333333 -1.06702411  0.33157895
  5.43333333  0.53508772  4.2        -0.593171    0.33508772  5.33333333
  0.53859649  4.03333333 -0.76113087  0.34035088  5.4         0.53859649
  3.9        -0.98596925]",1146.216115474701
0.112416,[-0.00034977],"[ 0.33157895  5.43333333  0.53508772  4.2        -0.593171    0.33508772
  5.33333333  0.53859649  4.03333333 -0.76113087  0.34035088  5.4
  0.53859649  3.9        -0.98596925  0.34210526  5.43333333  0.53859649
  3.86666667 -1.00034976]",1146.2962727546692
0.09711199999999998,[-0.4207641],"[ 0.33508772  5.33333333  0.53859649  4.03333333 -0.76113087  0.34035088
  5.4         0.53859649  3.9        -0.98596925  0.34210526  5.43333333
  0.53859649  3.86666667 -1.00034976  0.34561404  5.4         0.54210526
  3.83333333 -1.42076409]",1146.376187801361
0.09714,[0.6235809],"[ 0.34035088  5.4         0.53859649  3.9        -0.98596925  0.34210526
  5.43333333  0.53859649  3.86666667 -1.00034976  0.34561404  5.4
  0.54210526  3.83333333 -1.42076409  0.34912281  5.3         0.54736842
  3.8        -0.37641913]",1146.456172466278
0.10225600000000001,[-0.3597676],"[ 0.34210526  5.43333333  0.53859649  3.86666667 -1.00034976  0.34561404
  5.4         0.54210526  3.83333333 -1.42076409  0.34912281  5.3
  0.54736842  3.8        -0.37641913  0.35438596  5.26666667  0.55263158
  3.8        -1.35976756]",1146.5359165668488
0.112452,[-0.19213271],"[ 0.34561404  5.4         0.54210526  3.83333333 -1.42076409  0.34912281
  5.3         0.54736842  3.8        -0.37641913  0.35438596  5.26666667
  0.55263158  3.8        -1.35976756  0.36315789  5.43333333  0.55438596
  3.7        -1.19213271]",1146.6161189079285
0.10990800000000005,[-0.7873269],"[ 0.34912281  5.3         0.54736842  3.8        -0.37641913  0.35438596
  5.26666667  0.55263158  3.8        -1.35976756  0.36315789  5.43333333
  0.55438596  3.7        -1.19213271  0.36491228  5.33333333  0.56315789
  3.9        -1.78732681]",1146.696189403534
0.10736799999999995,[0.08409096],"[ 0.35438596  5.26666667  0.55263158  3.8        -1.35976756  0.36315789
  5.43333333  0.55438596  3.7        -1.19213271  0.36491228  5.33333333
  0.56315789  3.9        -1.78732681  0.36491228  5.13333333  0.57017544
  4.         -0.91590905]",1146.7762050628662
0.107388,[-0.20065607],"[ 0.36315789  5.43333333  0.55438596  3.7        -1.19213271  0.36491228
  5.33333333  0.56315789  3.9        -1.78732681  0.36491228  5.13333333
  0.57017544  4.         -0.91590905  0.36842105  4.96666667  0.5754386
  4.1        -1.20065606]",1146.8561499118805
0.10992799999999996,[-0.7605121],"[ 0.36491228  5.33333333  0.56315789  3.9        -1.78732681  0.36491228
  5.13333333  0.57017544  4.         -0.91590905  0.36842105  4.96666667
  0.5754386   4.1        -1.20065606  0.37192982  5.06666667  0.57894737
  4.         -1.76051211]",1146.9361021518707
0.10229199999999998,[-0.695749],"[ 0.36491228  5.13333333  0.57017544  4.         -0.91590905  0.36842105
  4.96666667  0.5754386   4.1        -1.20065606  0.37192982  5.06666667
  0.57894737  4.         -1.76051211  0.37192982  4.96666667  0.58245614
  4.13333333 -1.69574904]",1147.0161888599396
0.097252,[0.9925752],"[ 0.36842105  4.96666667  0.5754386   4.1        -1.20065606  0.37192982
  5.06666667  0.57894737  4.         -1.76051211  0.37192982  4.96666667
  0.58245614  4.13333333 -1.69574904  0.37368421  4.7         0.58596491
  4.3        -0.00742477]",1147.0963037014008
0.11004000000000003,[0.60479605],"[ 0.37192982  5.06666667  0.57894737  4.         -1.76051211  0.37192982
  4.96666667  0.58245614  4.13333333 -1.69574904  0.37368421  4.7
  0.58596491  4.3        -0.00742477  0.37894737  4.66666667  0.59122807
  4.26666667 -0.39520395]",1147.1738107204437
0.132992,[0.7925464],"[ 0.37192982  4.96666667  0.58245614  4.13333333 -1.69574904  0.37368421
  4.7         0.58596491  4.3        -0.00742477  0.37894737  4.66666667
  0.59122807  4.26666667 -0.39520395  0.3877193   4.93333333  0.59649123
  4.06666667 -0.20745361]",1147.2500338554382
0.14061999999999997,[0.8852138],"[ 0.37368421  4.7         0.58596491  4.3        -0.00742477  0.37894737
  4.66666667  0.59122807  4.26666667 -0.39520395  0.3877193   4.93333333
  0.59649123  4.06666667 -0.20745361  0.39473684  5.23333333  0.59649123
  3.9        -0.11478621]",1147.33571267128
0.13293999999999995,[0.56940377],"[ 0.37894737  4.66666667  0.59122807  4.26666667 -0.39520395  0.3877193
  4.93333333  0.59649123  4.06666667 -0.20745361  0.39473684  5.23333333
  0.59649123  3.9        -0.11478621  0.4         5.4         0.59298246
  3.73333333 -0.43059623]",1147.418396472931
0.12780399999999997,[-0.80196023],"[ 0.3877193   4.93333333  0.59649123  4.06666667 -0.20745361  0.39473684
  5.23333333  0.59649123  3.9        -0.11478621  0.4         5.4
  0.59298246  3.73333333 -0.43059623  0.40175439  5.46666667  0.59298246
  3.7        -1.80196023]",1147.496101140976
0.12012399999999997,[-0.77066886],"[ 0.39473684  5.23333333  0.59649123  3.9        -0.11478621  0.4
  5.4         0.59298246  3.73333333 -0.43059623  0.40175439  5.46666667
  0.59298246  3.7        -1.80196023  0.40526316  5.46666667  0.59824561
  3.8        -1.77066886]",1147.576013326645
0.10481199999999997,[0.59682894],"[ 0.4         5.4         0.59298246  3.73333333 -0.43059623  0.40175439
  5.46666667  0.59298246  3.7        -1.80196023  0.40526316  5.46666667
  0.59824561  3.8        -1.77066886  0.40350877  5.3         0.60701754
  4.13333333 -0.40317106]",1147.6560862064362
0.09970400000000001,[-0.43914622],"[ 0.40175439  5.46666667  0.59298246  3.7        -1.80196023  0.40526316
  5.46666667  0.59824561  3.8        -1.77066886  0.40350877  5.3
  0.60701754  4.13333333 -0.40317106  0.40350877  5.16666667  0.6122807
  4.3        -1.43914628]",1147.7364201545715
0.10226000000000002,[0.73141015],"[ 0.40526316  5.46666667  0.59824561  3.8        -1.77066886  0.40350877
  5.3         0.60701754  4.13333333 -0.40317106  0.40350877  5.16666667
  0.6122807   4.3        -1.43914628  0.41052632  5.23333333  0.61578947
  4.13333333 -0.26858985]",1147.8159523010254
0.10483600000000004,[0.7355252],"[ 0.40350877  5.3         0.60701754  4.13333333 -0.40317106  0.40350877
  5.16666667  0.6122807   4.3        -1.43914628  0.41052632  5.23333333
  0.61578947  4.13333333 -0.26858985  0.41403509  5.1         0.62105263
  4.1        -0.26447481]",1147.896196603775
0.11504000000000003,[-0.9991435],"[ 0.40350877  5.16666667  0.6122807   4.3        -1.43914628  0.41052632
  5.23333333  0.61578947  4.13333333 -0.26858985  0.41403509  5.1
  0.62105263  4.1        -0.26447481  0.4245614   5.23333333  0.6245614
  3.83333333 -1.99914348]",1147.9762089252472
0.11757200000000001,[0.7781988],"[ 0.41052632  5.23333333  0.61578947  4.13333333 -0.26858985  0.41403509
  5.1         0.62105263  4.1        -0.26447481  0.4245614   5.23333333
  0.6245614   3.83333333 -1.99914348  0.42982456  5.33333333  0.62631579
  3.73333333 -0.22180122]",1148.0561985969543
0.10991200000000001,[0.2054105],"[ 0.41403509  5.1         0.62105263  4.1        -0.26447481  0.4245614
  5.23333333  0.6245614   3.83333333 -1.99914348  0.42982456  5.33333333
  0.62631579  3.73333333 -0.22180122  0.42982456  5.23333333  0.62982456
  3.9        -0.79458952]",1148.136099100113
0.10480800000000001,[-0.13429083],"[ 0.4245614   5.23333333  0.6245614   3.83333333 -1.99914348  0.42982456
  5.33333333  0.62631579  3.73333333 -0.22180122  0.42982456  5.23333333
  0.62982456  3.9        -0.79458952  0.43508772  5.33333333  0.63333333
  3.83333333 -1.13429081]",1148.216108083725
0.109908,[0.88057256],"[ 0.42982456  5.33333333  0.62631579  3.73333333 -0.22180122  0.42982456
  5.23333333  0.62982456  3.9        -0.79458952  0.43508772  5.33333333
  0.63333333  3.83333333 -1.13429081  0.44035088  5.33333333  0.63859649
  3.86666667 -0.11942744]",1148.3000795841217
0.1201080000000001,[0.42295304],"[ 0.42982456  5.23333333  0.62982456  3.9        -0.79458952  0.43508772
  5.33333333  0.63333333  3.83333333 -1.13429081  0.44035088  5.33333333
  0.63859649  3.86666667 -0.11942744  0.44736842  5.33333333  0.64736842
  3.93333333 -0.57704699]",1148.3803799152374
0.13284400000000007,[0.02850288],"[ 0.43508772  5.33333333  0.63333333  3.83333333 -1.13429081  0.44035088
  5.33333333  0.63859649  3.86666667 -0.11942744  0.44736842  5.33333333
  0.64736842  3.93333333 -0.57704699  0.45964912  5.53333333  0.65087719
  3.73333333 -0.97149712]",1148.4600987434387
0.13285600000000009,[0.7697389],"[ 0.44035088  5.33333333  0.63859649  3.86666667 -0.11942744  0.44736842
  5.33333333  0.64736842  3.93333333 -0.57704699  0.45964912  5.53333333
  0.65087719  3.73333333 -0.97149712  0.46315789  5.53333333  0.65614035
  3.83333333 -0.23026109]",1148.5401694774628
0.13540000000000008,[-0.5001213],"[ 0.44736842  5.33333333  0.64736842  3.93333333 -0.57704699  0.45964912
  5.53333333  0.65087719  3.73333333 -0.97149712  0.46315789  5.53333333
  0.65614035  3.83333333 -0.23026109  0.46491228  5.53333333  0.65964912
  3.86666667 -1.50012136]",1148.6199042797089
0.14046800000000004,[-0.44541118],"[ 0.45964912  5.53333333  0.65087719  3.73333333 -0.97149712  0.46315789
  5.53333333  0.65614035  3.83333333 -0.23026109  0.46491228  5.53333333
  0.65964912  3.86666667 -1.50012136  0.47017544  5.63333333  0.65789474
  3.73333333 -1.44541121]",1148.7002003192902
0.12770399999999993,[0.29375443],"[ 0.46315789  5.53333333  0.65614035  3.83333333 -0.23026109  0.46491228
  5.53333333  0.65964912  3.86666667 -1.50012136  0.47017544  5.63333333
  0.65789474  3.73333333 -1.44541121  0.46666667  5.46666667  0.66140351
  3.9        -0.70624554]",1148.780205488205
0.11497199999999996,[-0.2514172],"[ 0.46491228  5.53333333  0.65964912  3.86666667 -1.50012136  0.47017544
  5.63333333  0.65789474  3.73333333 -1.44541121  0.46666667  5.46666667
  0.66140351  3.9        -0.70624554  0.46666667  5.33333333  0.66666667
  4.03333333 -1.25141716]",1148.8598372936249
0.115004,[-0.9073068],"[ 0.47017544  5.63333333  0.65789474  3.73333333 -1.44541121  0.46666667
  5.46666667  0.66140351  3.9        -0.70624554  0.46666667  5.33333333
  0.66666667  4.03333333 -1.25141716  0.47368421  5.36666667  0.67192982
  3.86666667 -1.90730679]",1148.9347414970398
0.11505200000000004,[-0.09663843],"[ 0.46666667  5.46666667  0.66140351  3.9        -0.70624554  0.46666667
  5.33333333  0.66666667  4.03333333 -1.25141716  0.47368421  5.36666667
  0.67192982  3.86666667 -1.90730679  0.47894737  5.13333333  0.68421053
  4.         -1.09663844]",1149.0140058994293
0.12274800000000008,[0.3586782],"[ 0.46666667  5.33333333  0.66666667  4.03333333 -1.25141716  0.47368421
  5.36666667  0.67192982  3.86666667 -1.90730679  0.47894737  5.13333333
  0.68421053  4.         -1.09663844  0.48596491  4.96666667  0.69473684
  4.16666667 -0.64132178]",1149.1004922389984
0.13550800000000007,[0.8987062],"[ 0.47368421  5.36666667  0.67192982  3.86666667 -1.90730679  0.47894737
  5.13333333  0.68421053  4.         -1.09663844  0.48596491  4.96666667
  0.69473684  4.16666667 -0.64132178  0.49824561  5.13333333  0.70175439
  3.93333333 -0.1012938 ]",1149.180330991745
0.15335200000000004,[-0.29227692],"[ 0.47894737  5.13333333  0.68421053  4.         -1.09663844  0.48596491
  4.96666667  0.69473684  4.16666667 -0.64132178  0.49824561  5.13333333
  0.70175439  3.93333333 -0.1012938   0.50877193  5.36666667  0.70526316
  3.73333333 -1.29227686]",1149.260142326355
0.16098800000000002,[-0.53916436],"[ 0.48596491  4.96666667  0.69473684  4.16666667 -0.64132178  0.49824561
  5.13333333  0.70175439  3.93333333 -0.1012938   0.50877193  5.36666667
  0.70526316  3.73333333 -1.29227686  0.51403509  5.5         0.70701754
  3.76666667 -1.5391643 ]",1149.3400280475616
0.14823200000000003,[-0.80052406],"[ 0.49824561  5.13333333  0.70175439  3.93333333 -0.1012938   0.50877193
  5.36666667  0.70526316  3.73333333 -1.29227686  0.51403509  5.5
  0.70701754  3.76666667 -1.5391643   0.5122807   5.36666667  0.71052632
  3.96666667 -1.800524  ]",1149.420007944107
0.14058399999999993,[-0.00105604],"[ 0.50877193  5.36666667  0.70526316  3.73333333 -1.29227686  0.51403509
  5.5         0.70701754  3.76666667 -1.5391643   0.5122807   5.36666667
  0.71052632  3.96666667 -1.800524    0.51052632  5.06666667  0.71929825
  4.2        -1.00105608]",1149.5011928081512
0.13804799999999995,[0.6411998],"[ 0.51403509  5.5         0.70701754  3.76666667 -1.5391643   0.5122807
  5.36666667  0.71052632  3.96666667 -1.800524    0.51052632  5.06666667
  0.71929825  4.2        -1.00105608  0.51929825  5.03333333  0.72807018
  4.3        -0.35880017]",1149.5804929733276
0.14825599999999994,[-0.22123723],"[ 0.5122807   5.36666667  0.71052632  3.96666667 -1.800524    0.51052632
  5.06666667  0.71929825  4.2        -1.00105608  0.51929825  5.03333333
  0.72807018  4.3        -0.35880017  0.53157895  5.26666667  0.73684211
  4.16666667 -1.22123718]",1149.660252571106
0.16357199999999994,[-0.8048797],"[ 0.51052632  5.06666667  0.71929825  4.2        -1.00105608  0.51929825
  5.03333333  0.72807018  4.3        -0.35880017  0.53157895  5.26666667
  0.73684211  4.16666667 -1.22123718  0.54210526  5.33333333  0.74210526
  3.96666667 -1.80487967]",1149.7401535511017
0.15596,[-0.1480199],"[ 0.51929825  5.03333333  0.72807018  4.3        -0.35880017  0.53157895
  5.26666667  0.73684211  4.16666667 -1.22123718  0.54210526  5.33333333
  0.74210526  3.96666667 -1.80487967  0.54210526  4.96666667  0.74912281
  4.03333333 -1.14801991]",1149.8199391365051
0.1559919999999999,[0.15560357],"[ 0.53157895  5.26666667  0.73684211  4.16666667 -1.22123718  0.54210526
  5.33333333  0.74210526  3.96666667 -1.80487967  0.54210526  4.96666667
  0.74912281  4.03333333 -1.14801991  0.54736842  4.7         0.75789474
  4.1        -0.84439641]",1149.900601387024
0.1636399999999999,[0.98600364],"[ 0.54210526  5.33333333  0.74210526  3.96666667 -1.80487967  0.54210526
  4.96666667  0.74912281  4.03333333 -1.14801991  0.54736842  4.7
  0.75789474  4.1        -0.84439641  0.55964912  4.86666667  0.76842105
  4.         -0.01399636]",1149.9803721904755
0.166192,[-0.12381335],"[ 0.54210526  4.96666667  0.74912281  4.03333333 -1.14801991  0.54736842
  4.7         0.75789474  4.1        -0.84439641  0.55964912  4.86666667
  0.76842105  4.         -0.01399636  0.57368421  5.1         0.7754386
  3.9        -1.12381339]",1150.0601499080658
0.171288,[0.8563696],"[ 0.54736842  4.7         0.75789474  4.1        -0.84439641  0.55964912
  4.86666667  0.76842105  4.         -0.01399636  0.57368421  5.1
  0.7754386   3.9        -1.12381339  0.58070175  5.23333333  0.78070175
  3.8        -0.14363039]",1150.1400692462921
0.1738479999999999,[-0.77000725],"[ 0.55964912  4.86666667  0.76842105  4.         -0.01399636  0.57368421
  5.1         0.7754386   3.9        -1.12381339  0.58070175  5.23333333
  0.78070175  3.8        -0.14363039  0.58421053  5.2         0.78421053
  3.83333333 -1.77000725]",1150.2229442596436
0.173844,[-0.3707563],"[ 0.57368421  5.1         0.7754386   3.9        -1.12381339  0.58070175
  5.23333333  0.78070175  3.8        -0.14363039  0.58421053  5.2
  0.78421053  3.83333333 -1.77000725  0.58947368  5.33333333  0.7877193
  3.83333333 -1.37075627]",1150.3043415546417
0.181496,[-0.8994383],"[ 0.58070175  5.23333333  0.78070175  3.8        -0.14363039  0.58421053
  5.2         0.78421053  3.83333333 -1.77000725  0.58947368  5.33333333
  0.7877193   3.83333333 -1.37075627  0.59122807  5.3         0.79649123
  4.13333333 -1.89943838]",1150.3801288604736
0.186604,[0.02631969],"[ 0.58421053  5.2         0.78421053  3.83333333 -1.77000725  0.58947368
  5.33333333  0.7877193   3.83333333 -1.37075627  0.59122807  5.3
  0.79649123  4.13333333 -1.89943838  0.59473684  5.2         0.80526316
  4.46666667 -0.97368032]",1150.4600913524628
