reward,action,obs,time
,,"[0.         0.         0.         0.         0.         0.
 0.         0.         0.         0.         0.         0.
 0.         0.         0.         0.03157895 5.66666667 0.24561404
 5.4        0.        ]",2810.3690457344055
-0.0025360000000000035,[0.14508043],"[ 0.          0.          0.          0.          0.          0.
  0.          0.          0.          0.          0.03157895  5.66666667
  0.24561404  5.4         0.          0.02982456  5.5         0.24561404
  5.5        -0.85491955]",2810.461550474167
3.9999999999970615e-06,[-0.11969048],"[ 0.          0.          0.          0.          0.          0.03157895
  5.66666667  0.24561404  5.4         0.          0.02982456  5.5
  0.24561404  5.5        -0.85491955  0.03157895  5.63333333  0.24561404
  5.43333333 -1.11969042]",2810.5152399539948
8.000000000001062e-06,[-0.5719211],"[ 0.03157895  5.66666667  0.24561404  5.4         0.          0.02982456
  5.5         0.24561404  5.5        -0.85491955  0.03157895  5.63333333
  0.24561404  5.43333333 -1.11969042  0.03157895  5.6         0.24561404
  5.43333333 -1.57192111]",2810.5619506835938
8.000000000001062e-06,[0.2989849],"[ 0.02982456  5.5         0.24561404  5.5        -0.85491955  0.03157895
  5.63333333  0.24561404  5.43333333 -1.11969042  0.03157895  5.6
  0.24561404  5.43333333 -1.57192111  0.03157895  5.6         0.24561404
  5.43333333 -0.70101511]",2810.617383003235
1.1999999999998123e-05,[0.31649852],"[ 0.03157895  5.63333333  0.24561404  5.43333333 -1.11969042  0.03157895
  5.6         0.24561404  5.43333333 -1.57192111  0.03157895  5.6
  0.24561404  5.43333333 -0.70101511  0.03157895  5.56666667  0.24561404
  5.43333333 -0.68350148]",2810.6678705215454
-0.0025400000000000006,[-0.5209971],"[ 0.03157895  5.6         0.24561404  5.43333333 -1.57192111  0.03157895
  5.6         0.24561404  5.43333333 -0.70101511  0.03157895  5.56666667
  0.24561404  5.43333333 -0.68350148  0.02982456  5.53333333  0.24385965
  5.46666667 -1.52099705]",2810.717668533325
2.8000000000000247e-05,[0.12199113],"[ 0.03157895  5.6         0.24561404  5.43333333 -0.70101511  0.03157895
  5.56666667  0.24561404  5.43333333 -0.68350148  0.02982456  5.53333333
  0.24385965  5.46666667 -1.52099705  0.03157895  5.43333333  0.24736842
  5.56666667 -0.87800884]",2810.76819729805
1.1999999999998123e-05,[-0.40795317],"[ 0.03157895  5.56666667  0.24561404  5.43333333 -0.68350148  0.02982456
  5.53333333  0.24385965  5.46666667 -1.52099705  0.03157895  5.43333333
  0.24736842  5.56666667 -0.87800884  0.03157895  5.56666667  0.24736842
  5.43333333 -1.40795314]",2810.8187556266785
0.0025560000000000027,[0.26011187],"[ 0.02982456  5.53333333  0.24385965  5.46666667 -1.52099705  0.03157895
  5.43333333  0.24736842  5.56666667 -0.87800884  0.03157895  5.56666667
  0.24736842  5.43333333 -1.40795314  0.03333333  5.66666667  0.24736842
  5.3        -0.73988813]",2810.868852376938
0.0051199999999999996,[-0.6818922],"[ 0.03157895  5.43333333  0.24736842  5.56666667 -0.87800884  0.03157895
  5.56666667  0.24736842  5.43333333 -1.40795314  0.03333333  5.66666667
  0.24736842  5.3        -0.73988813  0.03508772  5.6         0.24736842
  5.36666667 -1.68189216]",2810.941138982773
0.010231999999999998,[-0.8377925],"[ 0.03157895  5.56666667  0.24736842  5.43333333 -1.40795314  0.03333333
  5.66666667  0.24736842  5.3        -0.73988813  0.03508772  5.6
  0.24736842  5.36666667 -1.68189216  0.03859649  5.6         0.25087719
  5.4        -1.83779252]",2811.02113199234
0.012808,[0.52327883],"[ 0.03333333  5.66666667  0.24736842  5.3        -0.73988813  0.03508772
  5.6         0.24736842  5.36666667 -1.68189216  0.03859649  5.6
  0.25087719  5.4        -1.83779252  0.04035088  5.43333333  0.25438596
  5.56666667 -0.47672117]",2811.1013367176056
0.020483999999999995,[0.50828975],"[ 0.03508772  5.6         0.24736842  5.36666667 -1.68189216  0.03859649
  5.6         0.25087719  5.4        -1.83779252  0.04035088  5.43333333
  0.25438596  5.56666667 -0.47672117  0.04561404  5.36666667  0.25964912
  5.63333333 -0.49171025]",2811.1811702251434
0.025560000000000006,[0.46433893],"[ 0.03859649  5.6         0.25087719  5.4        -1.83779252  0.04035088
  5.43333333  0.25438596  5.56666667 -0.47672117  0.04561404  5.36666667
  0.25964912  5.63333333 -0.49171025  0.04912281  5.66666667  0.26315789
  5.36666667 -0.5356611 ]",2811.261297941208
0.033207999999999994,[-0.61622393],"[ 0.04035088  5.43333333  0.25438596  5.56666667 -0.47672117  0.04561404
  5.36666667  0.25964912  5.63333333 -0.49171025  0.04912281  5.66666667
  0.26315789  5.36666667 -0.5356611   0.05438596  5.83333333  0.26666667
  5.13333333 -1.61622393]",2811.3412449359894
0.04088000000000001,[0.05839219],"[ 0.04561404  5.36666667  0.25964912  5.63333333 -0.49171025  0.04912281
  5.66666667  0.26315789  5.36666667 -0.5356611   0.05438596  5.83333333
  0.26666667  5.13333333 -1.61622393  0.05964912  5.8         0.26842105
  5.03333333 -0.94160783]",2811.4211761951447
0.043452,[-0.19760907],"[ 0.04912281  5.66666667  0.26315789  5.36666667 -0.5356611   0.05438596
  5.83333333  0.26666667  5.13333333 -1.61622393  0.05964912  5.8
  0.26842105  5.03333333 -0.94160783  0.06140351  5.66666667  0.27192982
  5.06666667 -1.19760907]",2811.5013020038605
0.05367999999999999,[-0.70043385],"[ 0.05438596  5.83333333  0.26666667  5.13333333 -1.61622393  0.05964912
  5.8         0.26842105  5.03333333 -0.94160783  0.06140351  5.66666667
  0.27192982  5.06666667 -1.19760907  0.06842105  5.63333333  0.27894737
  4.96666667 -1.70043385]",2811.5763659477234
0.061360000000000005,[0.07131571],"[ 0.05964912  5.8         0.26842105  5.03333333 -0.94160783  0.06140351
  5.66666667  0.27192982  5.06666667 -1.19760907  0.06842105  5.63333333
  0.27894737  4.96666667 -1.70043385  0.07368421  5.53333333  0.28596491
  5.         -0.92868429]",2811.6615533828735
0.07159199999999999,[-0.7067975],"[ 0.06140351  5.66666667  0.27192982  5.06666667 -1.19760907  0.06842105
  5.63333333  0.27894737  4.96666667 -1.70043385  0.07368421  5.53333333
  0.28596491  5.         -0.92868429  0.08070175  5.46666667  0.29473684
  5.1        -1.70679748]",2811.74112200737
0.084336,[0.68690383],"[ 0.06842105  5.63333333  0.27894737  4.96666667 -1.70043385  0.07368421
  5.53333333  0.28596491  5.         -0.92868429  0.08070175  5.46666667
  0.29473684  5.1        -1.70679748  0.0877193   5.6         0.3
  4.96666667 -0.31309617]",2811.8207864761353
0.086928,[0.591432],"[ 0.07368421  5.53333333  0.28596491  5.         -0.92868429  0.08070175
  5.46666667  0.29473684  5.1        -1.70679748  0.0877193   5.6
  0.3         4.96666667 -0.31309617  0.09122807  5.43333333  0.30526316
  4.96666667 -0.40856802]",2811.9011602401733
0.097136,[-0.50936735],"[ 0.08070175  5.46666667  0.29473684  5.1        -1.70679748  0.0877193
  5.6         0.3         4.96666667 -0.31309617  0.09122807  5.43333333
  0.30526316  4.96666667 -0.40856802  0.09824561  5.53333333  0.30877193
  4.7        -1.50936735]",2811.9811561107635
0.10733999999999999,[-0.9682225],"[ 0.0877193   5.6         0.3         4.96666667 -0.31309617  0.09122807
  5.43333333  0.30526316  4.96666667 -0.40856802  0.09824561  5.53333333
  0.30877193  4.7        -1.50936735  0.10526316  5.7         0.31052632
  4.43333333 -1.9682225 ]",2812.060774564743
0.10992400000000002,[0.07789541],"[ 0.09122807  5.43333333  0.30526316  4.96666667 -0.40856802  0.09824561
  5.53333333  0.30877193  4.7        -1.50936735  0.10526316  5.7
  0.31052632  4.43333333 -1.9682225   0.10701754  5.43333333  0.31578947
  4.53333333 -0.9221046 ]",2812.141393184662
0.11506799999999999,[-0.7966312],"[ 0.09824561  5.53333333  0.30877193  4.7        -1.50936735  0.10526316
  5.7         0.31052632  4.43333333 -1.9682225   0.10701754  5.43333333
  0.31578947  4.53333333 -0.9221046   0.10877193  5.13333333  0.3245614
  4.76666667 -1.79663122]",2812.221180200577
0.122744,[-0.711257],"[ 0.10526316  5.7         0.31052632  4.43333333 -1.9682225   0.10701754
  5.43333333  0.31578947  4.53333333 -0.9221046   0.10877193  5.13333333
  0.3245614   4.76666667 -1.79663122  0.11578947  4.96666667  0.33508772
  4.7        -1.71125698]",2812.3011631965637
0.16362800000000002,[-0.63411474],"[ 0.10701754  5.43333333  0.31578947  4.53333333 -0.9221046   0.10877193
  5.13333333  0.3245614   4.76666667 -1.79663122  0.11578947  4.96666667
  0.33508772  4.7        -1.71125698  0.14385965  5.2         0.34736842
  4.73333333 -1.63411474]",2812.381136894226
0.176444,[0.7181933],"[ 0.10877193  5.13333333  0.3245614   4.76666667 -1.79663122  0.11578947
  4.96666667  0.33508772  4.7        -1.71125698  0.14385965  5.2
  0.34736842  4.73333333 -1.63411474  0.15438596  5.          0.36315789
  4.83333333 -0.28180671]",2812.4611377716064
0.184116,[0.85717374],"[ 0.11578947  4.96666667  0.33508772  4.7        -1.71125698  0.14385965
  5.2         0.34736842  4.73333333 -1.63411474  0.15438596  5.
  0.36315789  4.83333333 -0.28180671  0.16140351  4.9         0.3754386
  4.8        -0.14282626]",2812.5413665771484
0.189216,[-0.5446896],"[ 0.14385965  5.2         0.34736842  4.73333333 -1.63411474  0.15438596
  5.          0.36315789  4.83333333 -0.28180671  0.16140351  4.9
  0.3754386   4.8        -0.14282626  0.16842105  5.          0.38245614
  4.46666667 -1.54468966]",2812.644546031952
0.196844,[-0.82201797],"[ 0.15438596  5.          0.36315789  4.83333333 -0.28180671  0.16140351
  4.9         0.3754386   4.8        -0.14282626  0.16842105  5.
  0.38245614  4.46666667 -1.54468966  0.1754386   5.16666667  0.38245614
  4.1        -1.82201791]",2812.701371908188
0.19427199999999997,[0.7256186],"[ 0.16140351  4.9         0.3754386   4.8        -0.14282626  0.16842105
  5.          0.38245614  4.46666667 -1.54468966  0.1754386   5.16666667
  0.38245614  4.1        -1.82201791  0.17894737  5.23333333  0.38070175
  3.93333333 -0.2743814 ]",2812.781158685684
0.189212,[-0.7810052],"[ 0.16842105  5.          0.38245614  4.46666667 -1.54468966  0.1754386
  5.16666667  0.38245614  4.1        -1.82201791  0.17894737  5.23333333
  0.38070175  3.93333333 -0.2743814   0.17894737  5.1         0.38245614
  3.96666667 -1.78100514]",2812.8611977100372
0.18670399999999998,[0.43631566],"[ 0.1754386   5.16666667  0.38245614  4.1        -1.82201791  0.17894737
  5.23333333  0.38070175  3.93333333 -0.2743814   0.17894737  5.1
  0.38245614  3.96666667 -1.78100514  0.18245614  4.86666667  0.39122807
  4.1        -0.56368434]",2812.941392183304
0.19438799999999998,[-0.38899538],"[ 0.17894737  5.23333333  0.38070175  3.93333333 -0.2743814   0.17894737
  5.1         0.38245614  3.96666667 -1.78100514  0.18245614  4.86666667
  0.39122807  4.1        -0.56368434  0.19298246  4.7         0.40350877
  4.2        -1.38899541]",2813.049161195755
0.20970799999999995,[-0.8289254],"[ 0.17894737  5.1         0.38245614  3.96666667 -1.78100514  0.18245614
  4.86666667  0.39122807  4.1        -0.56368434  0.19298246  4.7
  0.40350877  4.2        -1.38899541  0.20526316  4.7         0.41754386
  4.1        -1.82892537]",2813.1012110710144
0.217352,[-0.14676847],"[ 0.18245614  4.86666667  0.39122807  4.1        -0.56368434  0.19298246
  4.7         0.40350877  4.2        -1.38899541  0.20526316  4.7
  0.41754386  4.1        -1.82892537  0.21754386  4.86666667  0.42631579
  3.8        -1.14676845]",2813.180258989334
0.21992799999999998,[0.81320894],"[ 0.19298246  4.7         0.40350877  4.2        -1.38899541  0.20526316
  4.7         0.41754386  4.1        -1.82892537  0.21754386  4.86666667
  0.42631579  3.8        -1.14676845  0.2245614   4.6         0.43508772
  3.8        -0.18679106]",2813.258837223053
0.21739199999999997,[0.1293129],"[ 0.20526316  4.7         0.41754386  4.1        -1.82892537  0.21754386
  4.86666667  0.42631579  3.8        -1.14676845  0.2245614   4.6
  0.43508772  3.8        -0.18679106  0.22982456  4.36666667  0.44385965
  3.83333333 -0.87068713]",2813.334858894348
0.222508,[-0.18731944],"[ 0.21754386  4.86666667  0.42631579  3.8        -1.14676845  0.2245614
  4.6         0.43508772  3.8        -0.18679106  0.22982456  4.36666667
  0.44385965  3.83333333 -0.87068713  0.24035088  4.46666667  0.45087719
  3.66666667 -1.1873194 ]",2813.4211163520813
0.23014399999999996,[-0.78001916],"[ 0.2245614   4.6         0.43508772  3.8        -0.18679106  0.22982456
  4.36666667  0.44385965  3.83333333 -0.87068713  0.24035088  4.46666667
  0.45087719  3.66666667 -1.1873194   0.24912281  4.56666667  0.45964912
  3.8        -1.78001916]",2813.5012242794037
0.22762,[0.66144156],"[ 0.22982456  4.36666667  0.44385965  3.83333333 -0.87068713  0.24035088
  4.46666667  0.45087719  3.66666667 -1.1873194   0.24912281  4.56666667
  0.45964912  3.8        -1.78001916  0.25438596  4.4         0.46842105
  4.         -0.33855844]",2813.5811228752136
0.23021599999999998,[-0.70441335],"[ 0.24035088  4.46666667  0.45087719  3.66666667 -1.1873194   0.24912281
  4.56666667  0.45964912  3.8        -1.78001916  0.25438596  4.4
  0.46842105  4.         -0.33855844  0.26315789  4.23333333  0.47894737
  4.1        -1.70441341]",2813.6606006622314
0.24294399999999997,[0.60740805],"[ 0.24912281  4.56666667  0.45964912  3.8        -1.78001916  0.25438596
  4.4         0.46842105  4.         -0.33855844  0.26315789  4.23333333
  0.47894737  4.1        -1.70441341  0.27368421  4.4         0.4877193
  4.03333333 -0.39259195]",2813.736376285553
0.25568799999999997,[0.9685264],"[ 0.25438596  4.4         0.46842105  4.         -0.33855844  0.26315789
  4.23333333  0.47894737  4.1        -1.70441341  0.27368421  4.4
  0.4877193   4.03333333 -0.39259195  0.28421053  4.4         0.49824561
  4.16666667 -0.03147358]",2813.8168981075287
0.255652,[-0.864303],"[ 0.26315789  4.23333333  0.47894737  4.1        -1.70441341  0.27368421
  4.4         0.4877193   4.03333333 -0.39259195  0.28421053  4.4
  0.49824561  4.16666667 -0.03147358  0.29122807  4.53333333  0.50526316
  4.06666667 -1.86430299]",2813.9007499217987
0.22754000000000002,[0.85124624],"[ 0.27368421  4.4         0.4877193   4.03333333 -0.39259195  0.28421053
  4.4         0.49824561  4.16666667 -0.03147358  0.29122807  4.53333333
  0.50526316  4.06666667 -1.86430299  0.3         4.73333333  0.50877193
  3.73333333 -0.14875376]",2813.983079433441
0.217296,[-0.23465703],"[ 0.28421053  4.4         0.49824561  4.16666667 -0.03147358  0.29122807
  4.53333333  0.50526316  4.06666667 -1.86430299  0.3         4.73333333
  0.50877193  3.73333333 -0.14875376  0.30350877  4.7         0.51052632
  3.7        -1.23465705]",2814.0618686676025
0.217272,[0.4480155],"[ 0.29122807  4.53333333  0.50526316  4.06666667 -1.86430299  0.3
  4.73333333  0.50877193  3.73333333 -0.14875376  0.30350877  4.7
  0.51052632  3.7        -1.23465705  0.31052632  4.8         0.51754386
  3.7        -0.55198449]",2814.141510486603
0.21984399999999998,[-0.6218617],"[ 0.3         4.73333333  0.50877193  3.73333333 -0.14875376  0.30350877
  4.7         0.51052632  3.7        -1.23465705  0.31052632  4.8
  0.51754386  3.7        -0.55198449  0.31929825  4.76666667  0.5245614
  3.7        -1.6218617 ]",2814.2211768627167
0.222412,[-0.94140327],"[ 0.30350877  4.7         0.51052632  3.7        -1.23465705  0.31052632
  4.8         0.51754386  3.7        -0.55198449  0.31929825  4.76666667
  0.5245614   3.7        -1.6218617   0.32807018  4.83333333  0.53333333
  3.7        -1.94140327]",2814.301203250885
0.22244000000000003,[-0.8723878],"[ 0.31052632  4.8         0.51754386  3.7        -0.55198449  0.31929825
  4.76666667  0.5245614   3.7        -1.6218617   0.32807018  4.83333333
  0.53333333  3.7        -1.94140327  0.33157895  4.66666667  0.54385965
  4.         -1.87238789]",2814.38134431839
0.232672,[-0.13375202],"[ 0.31929825  4.76666667  0.5245614   3.7        -1.6218617   0.32807018
  4.83333333  0.53333333  3.7        -1.94140327  0.33157895  4.66666667
  0.54385965  4.         -1.87238789  0.33859649  4.46666667  0.55263158
  4.26666667 -1.13375199]",2814.461393594742
0.23775600000000008,[-0.2820968],"[ 0.32807018  4.83333333  0.53333333  3.7        -1.94140327  0.33157895
  4.66666667  0.54385965  4.         -1.87238789  0.33859649  4.46666667
  0.55263158  4.26666667 -1.13375199  0.34561404  4.46666667  0.55964912
  4.36666667 -1.28209686]",2814.540862083435
0.23005599999999998,[0.42858636],"[ 0.33157895  4.66666667  0.54385965  4.         -1.87238789  0.33859649
  4.46666667  0.55263158  4.26666667 -1.13375199  0.34561404  4.46666667
  0.55964912  4.36666667 -1.28209686  0.35087719  4.56666667  0.56491228
  4.3        -0.57141364]",2814.621335506439
0.21471600000000005,[-0.12611173],"[ 0.33859649  4.46666667  0.55263158  4.26666667 -1.13375199  0.34561404
  4.46666667  0.55964912  4.36666667 -1.28209686  0.35087719  4.56666667
  0.56491228  4.3        -0.57141364  0.35263158  4.6         0.56666667
  4.3        -1.12611175]",2814.7011501789093
0.20706000000000002,[0.73445404],"[ 0.34561404  4.46666667  0.55964912  4.36666667 -1.28209686  0.35087719
  4.56666667  0.56491228  4.3        -0.57141364  0.35263158  4.6
  0.56666667  4.3        -1.12611175  0.35964912  4.66666667  0.57192982
  4.1        -0.26554596]",2814.7814235687256
0.20448,[-0.3740108],"[ 0.35087719  4.56666667  0.56491228  4.3        -0.57141364  0.35263158
  4.6         0.56666667  4.3        -1.12611175  0.35964912  4.66666667
  0.57192982  4.1        -0.26554596  0.36491228  4.6         0.57719298
  4.06666667 -1.3740108 ]",2814.8614683151245
0.209544,[-0.25421348],"[ 0.35263158  4.6         0.56666667  4.3        -1.12611175  0.35964912
  4.66666667  0.57192982  4.1        -0.26554596  0.36491228  4.6
  0.57719298  4.06666667 -1.3740108   0.37368421  4.76666667  0.58421053
  4.         -1.25421345]",2814.941434621811
0.19934000000000002,[0.4028269],"[ 0.35964912  4.66666667  0.57192982  4.1        -0.26554596  0.36491228
  4.6         0.57719298  4.06666667 -1.3740108   0.37368421  4.76666667
  0.58421053  4.         -1.25421345  0.37719298  4.7         0.59122807
  4.1        -0.59717309]",2815.0212049484253
0.19424800000000003,[0.53537405],"[ 0.36491228  4.6         0.57719298  4.06666667 -1.3740108   0.37368421
  4.76666667  0.58421053  4.         -1.25421345  0.37719298  4.7
  0.59122807  4.1        -0.59717309  0.38245614  4.63333333  0.59473684
  4.13333333 -0.46462595]",2815.1015861034393
0.19931600000000005,[0.37178376],"[ 0.37368421  4.76666667  0.58421053  4.         -1.25421345  0.37719298
  4.7         0.59122807  4.1        -0.59717309  0.38245614  4.63333333
  0.59473684  4.13333333 -0.46462595  0.39122807  4.83333333  0.6
  3.9        -0.62821627]",2815.181379556656
0.19672800000000001,[-0.6705532],"[ 0.37719298  4.7         0.59122807  4.1        -0.59717309  0.38245614
  4.63333333  0.59473684  4.13333333 -0.46462595  0.39122807  4.83333333
  0.6         3.9        -0.62821627  0.39824561  4.93333333  0.60350877
  3.8        -1.67055321]",2815.261468410492
0.18908000000000003,[0.64947534],"[ 0.38245614  4.63333333  0.59473684  4.13333333 -0.46462595  0.39122807
  4.83333333  0.6         3.9        -0.62821627  0.39824561  4.93333333
  0.60350877  3.8        -1.67055321  0.40350877  4.93333333  0.60877193
  3.86666667 -0.35052466]",2815.3413915634155
0.17887200000000003,[-0.19122018],"[ 0.39122807  4.83333333  0.6         3.9        -0.62821627  0.39824561
  4.93333333  0.60350877  3.8        -1.67055321  0.40350877  4.93333333
  0.60877193  3.86666667 -0.35052466  0.40701754  4.8         0.61578947
  3.96666667 -1.19122016]",2815.421327829361
0.17888399999999993,[-0.6992135],"[ 0.39824561  4.93333333  0.60350877  3.8        -1.67055321  0.40350877
  4.93333333  0.60877193  3.86666667 -0.35052466  0.40701754  4.8
  0.61578947  3.96666667 -1.19122016  0.41403509  4.83333333  0.62105263
  3.83333333 -1.6992135 ]",2815.501147508621
0.17380799999999996,[-0.62844133],"[ 0.40350877  4.93333333  0.60877193  3.86666667 -0.35052466  0.40701754
  4.8         0.61578947  3.96666667 -1.19122016  0.41403509  4.83333333
  0.62105263  3.83333333 -1.6992135   0.41929825  4.73333333  0.62807018
  3.9        -1.62844133]",2815.5812706947327
0.173832,[0.25016466],"[ 0.40701754  4.8         0.61578947  3.96666667 -1.19122016  0.41403509
  4.83333333  0.62105263  3.83333333 -1.6992135   0.41929825  4.73333333
  0.62807018  3.9        -1.62844133  0.42280702  4.5         0.63508772
  4.06666667 -0.74983537]",2815.661451816559
0.171296,[-0.8023412],"[ 0.41403509  4.83333333  0.62105263  3.83333333 -1.6992135   0.41929825
  4.73333333  0.62807018  3.9        -1.62844133  0.42280702  4.5
  0.63508772  4.06666667 -0.74983537  0.42807018  4.43333333  0.64035088
  4.         -1.80234122]",2815.7413787841797
0.16872400000000004,[-0.6165149],"[ 0.41929825  4.73333333  0.62807018  3.9        -1.62844133  0.42280702
  4.5         0.63508772  4.06666667 -0.74983537  0.42807018  4.43333333
  0.64035088  4.         -1.80234122  0.43508772  4.53333333  0.64561404
  3.8        -1.61651492]",2815.821341753006
0.16364400000000007,[-0.63589746],"[ 0.42280702  4.5         0.63508772  4.06666667 -0.74983537  0.42807018
  4.43333333  0.64035088  4.         -1.80234122  0.43508772  4.53333333
  0.64561404  3.8        -1.61651492  0.44035088  4.33333333  0.65438596
  3.96666667 -1.6358974 ]",2815.9011194705963
0.16619599999999995,[0.8740008],"[ 0.42807018  4.43333333  0.64035088  4.         -1.80234122  0.43508772
  4.53333333  0.64561404  3.8        -1.61651492  0.44035088  4.33333333
  0.65438596  3.96666667 -1.6358974   0.44561404  4.2         0.65789474
  4.06666667 -0.12599921]",2815.981149673462
0.16361599999999998,[-0.08330917],"[ 0.43508772  4.53333333  0.64561404  3.8        -1.61651492  0.44035088
  4.33333333  0.65438596  3.96666667 -1.6358974   0.44561404  4.2
  0.65789474  4.06666667 -0.12599921  0.45087719  4.2         0.66491228
  4.         -1.08330917]",2816.061821937561
0.16359999999999997,[-0.48313254],"[ 0.44035088  4.33333333  0.65438596  3.96666667 -1.6358974   0.44561404
  4.2         0.65789474  4.06666667 -0.12599921  0.45087719  4.2
  0.66491228  4.         -1.08330917  0.45789474  4.33333333  0.67017544
  3.83333333 -1.4831326 ]",2816.141391515732
0.16362,[0.21894218],"[ 0.44561404  4.2         0.65789474  4.06666667 -0.12599921  0.45087719
  4.2         0.66491228  4.         -1.08330917  0.45789474  4.33333333
  0.67017544  3.83333333 -1.4831326   0.46315789  4.26666667  0.67719298
  3.93333333 -0.78105783]",2816.221276283264
0.171304,[0.25720364],"[ 0.45087719  4.2         0.66491228  4.         -1.08330917  0.45789474
  4.33333333  0.67017544  3.83333333 -1.4831326   0.46315789  4.26666667
  0.67719298  3.93333333 -0.78105783  0.47017544  4.16666667  0.68421053
  3.96666667 -0.74279636]",2816.301173686981
0.1764,[0.5542532],"[ 0.45789474  4.33333333  0.67017544  3.83333333 -1.4831326   0.46315789
  4.26666667  0.67719298  3.93333333 -0.78105783  0.47017544  4.16666667
  0.68421053  3.96666667 -0.74279636  0.48070175  4.36666667  0.69122807
  3.8        -0.44574678]",2816.381401538849
0.17892799999999998,[-0.54725766],"[ 0.46315789  4.26666667  0.67719298  3.93333333 -0.78105783  0.47017544
  4.16666667  0.68421053  3.96666667 -0.74279636  0.48070175  4.36666667
  0.69122807  3.8        -0.44574678  0.4877193   4.53333333  0.69649123
  3.8        -1.54725766]",2816.461662054062
0.16872399999999999,[0.23034334],"[ 0.47017544  4.16666667  0.68421053  3.96666667 -0.74279636  0.48070175
  4.36666667  0.69122807  3.8        -0.44574678  0.4877193   4.53333333
  0.69649123  3.8        -1.54725766  0.48947368  4.53333333  0.7
  3.83333333 -0.76965666]",2816.54119849205
0.166184,[-0.32037163],"[ 0.48070175  4.36666667  0.69122807  3.8        -0.44574678  0.4877193
  4.53333333  0.69649123  3.8        -1.54725766  0.48947368  4.53333333
  0.7         3.83333333 -0.76965666  0.49122807  4.33333333  0.70350877
  3.9        -1.32037163]",2816.6210708618164
0.16616799999999998,[-0.8554019],"[ 0.4877193   4.53333333  0.69649123  3.8        -1.54725766  0.48947368
  4.53333333  0.7         3.83333333 -0.76965666  0.49122807  4.33333333
  0.70350877  3.9        -1.32037163  0.49649123  4.4         0.70877193
  3.9        -1.85540187]",2816.701361179352
0.161092,[0.45178562],"[ 0.48947368  4.53333333  0.7         3.83333333 -0.76965666  0.49122807
  4.33333333  0.70350877  3.9        -1.32037163  0.49649123  4.4
  0.70877193  3.9        -1.85540187  0.50175439  4.3         0.71403509
  4.13333333 -0.54821438]",2816.7813041210175
0.16112399999999993,[0.4948218],"[ 0.49122807  4.33333333  0.70350877  3.9        -1.32037163  0.49649123
  4.4         0.70877193  3.9        -1.85540187  0.50175439  4.3
  0.71403509  4.13333333 -0.54821438  0.50877193  4.13333333  0.72105263
  4.36666667 -0.50517821]",2816.861192703247
0.1636559999999999,[-0.14195366],"[ 0.49649123  4.4         0.70877193  3.9        -1.85540187  0.50175439
  4.3         0.71403509  4.13333333 -0.54821438  0.50877193  4.13333333
  0.72105263  4.36666667 -0.50517821  0.51578947  4.33333333  0.72982456
  4.13333333 -1.14195371]",2816.941061735153
0.168732,[-0.7792264],"[ 0.50175439  4.3         0.71403509  4.13333333 -0.54821438  0.50877193
  4.13333333  0.72105263  4.36666667 -0.50517821  0.51578947  4.33333333
  0.72982456  4.13333333 -1.14195371  0.52280702  4.5         0.73508772
  3.93333333 -1.77922642]",2817.0207602977753
0.163636,[0.22861674],"[ 0.50877193  4.13333333  0.72105263  4.36666667 -0.50517821  0.51578947
  4.33333333  0.72982456  4.13333333 -1.14195371  0.52280702  4.5
  0.73508772  3.93333333 -1.77922642  0.52631579  4.4         0.73859649
  4.13333333 -0.77138329]",2817.095244407654
0.166196,[0.3519449],"[ 0.51578947  4.33333333  0.72982456  4.13333333 -1.14195371  0.52280702
  4.5         0.73508772  3.93333333 -1.77922642  0.52631579  4.4
  0.73859649  4.13333333 -0.77138329  0.53333333  4.26666667  0.74736842
  4.3        -0.64805508]",2817.1804904937744
0.17892799999999998,[-0.35513434],"[ 0.52280702  4.5         0.73508772  3.93333333 -1.77922642  0.52631579
  4.4         0.73859649  4.13333333 -0.77138329  0.53333333  4.26666667
  0.74736842  4.3        -0.64805508  0.54561404  4.43333333  0.75964912
  4.13333333 -1.35513437]",2817.2611877918243
0.18912399999999996,[0.793028],"[ 0.52631579  4.4         0.73859649  4.13333333 -0.77138329  0.53333333
  4.26666667  0.74736842  4.3        -0.64805508  0.54561404  4.43333333
  0.75964912  4.13333333 -1.35513437  0.55789474  4.6         0.76842105
  4.03333333 -0.206972  ]",2817.3414883613586
0.18913999999999997,[-0.6646136],"[ 0.53333333  4.26666667  0.74736842  4.3        -0.64805508  0.54561404
  4.43333333  0.75964912  4.13333333 -1.35513437  0.55789474  4.6
  0.76842105  4.03333333 -0.206972    0.56491228  4.56666667  0.77719298
  4.2        -1.6646136 ]",2817.420855283737
0.19677599999999995,[-0.50989187],"[ 0.54561404  4.43333333  0.75964912  4.13333333 -1.35513437  0.55789474
  4.6         0.76842105  4.03333333 -0.206972    0.56491228  4.56666667
  0.77719298  4.2        -1.6646136   0.5754386   4.63333333  0.7877193
  4.         -1.50989187]",2817.4982767105103
0.2069960000000001,[0.33462822],"[ 0.55789474  4.6         0.76842105  4.03333333 -0.206972    0.56491228
  4.56666667  0.77719298  4.2        -1.6646136   0.5754386   4.63333333
  0.7877193   4.         -1.50989187  0.5877193   4.53333333  0.79824561
  4.03333333 -0.66537178]",2817.575139284134
0.21212399999999998,[-0.76397455],"[ 0.56491228  4.56666667  0.77719298  4.2        -1.6646136   0.5754386
  4.63333333  0.7877193   4.         -1.50989187  0.5877193   4.53333333
  0.79824561  4.03333333 -0.66537178  0.59649123  4.4         0.80877193
  4.13333333 -1.76397455]",2817.661329984665
0.21723599999999998,[-0.23215023],"[ 0.5754386   4.63333333  0.7877193   4.         -1.50989187  0.5877193
  4.53333333  0.79824561  4.03333333 -0.66537178  0.59649123  4.4
  0.80877193  4.13333333 -1.76397455  0.60701754  4.53333333  0.81929825
  4.         -1.2321502 ]",2817.741138458252
0.21980399999999997,[-0.15448119],"[ 0.5877193   4.53333333  0.79824561  4.03333333 -0.66537178  0.59649123
  4.4         0.80877193  4.13333333 -1.76397455  0.60701754  4.53333333
  0.81929825  4.         -1.2321502   0.61403509  4.36666667  0.82631579
  4.03333333 -1.15448117]",2817.821356534958
0.222356,[0.6047489],"[ 0.59649123  4.4         0.80877193  4.13333333 -1.76397455  0.60701754
  4.53333333  0.81929825  4.         -1.2321502   0.61403509  4.36666667
  0.82631579  4.03333333 -1.15448117  0.62280702  4.3         0.83508772
  4.         -0.3952511 ]",2817.901094675064
0.22236000000000003,[-0.44810465],"[ 0.60701754  4.53333333  0.81929825  4.         -1.2321502   0.61403509
  4.36666667  0.82631579  4.03333333 -1.15448117  0.62280702  4.3
  0.83508772  4.         -0.3952511   0.63333333  4.46666667  0.84561404
  3.93333333 -1.44810462]",2817.9813237190247
0.227476,[-0.06225244],"[ 0.61403509  4.36666667  0.82631579  4.03333333 -1.15448117  0.62280702
  4.3         0.83508772  4.         -0.3952511   0.63333333  4.46666667
  0.84561404  3.93333333 -1.44810462  0.64385965  4.6         0.85438596
  3.86666667 -1.0622524 ]",2818.061816930771
0.23005200000000006,[0.26788926],"[ 0.62280702  4.3         0.83508772  4.         -0.3952511   0.63333333
  4.46666667  0.84561404  3.93333333 -1.44810462  0.64385965  4.6
  0.85438596  3.86666667 -1.0622524   0.64736842  4.43333333  0.86140351
  4.         -0.73211074]",2818.1411652565002
0.24025600000000003,[0.8921237],"[ 0.63333333  4.46666667  0.84561404  3.93333333 -1.44810462  0.64385965
  4.6         0.85438596  3.86666667 -1.0622524   0.64736842  4.43333333
  0.86140351  4.         -0.73211074  0.65614035  4.4         0.86842105
  3.93333333 -0.1078763 ]",2818.2210733890533
0.2479,[0.8464413],"[ 0.64385965  4.6         0.85438596  3.86666667 -1.0622524   0.64736842
  4.43333333  0.86140351  4.         -0.73211074  0.65614035  4.4
  0.86842105  3.93333333 -0.1078763   0.66666667  4.66666667  0.8754386
  3.86666667 -0.15355867]",2818.3010964393616
0.24786399999999995,[-0.31442156],"[ 0.64736842  4.43333333  0.86140351  4.         -0.73211074  0.65614035
  4.4         0.86842105  3.93333333 -0.1078763   0.66666667  4.66666667
  0.8754386   3.86666667 -0.15355867  0.67192982  4.86666667  0.88070175
  3.9        -1.31442153]",2818.3811275959015
0.24017600000000008,[-0.94462806],"[ 0.65614035  4.4         0.86842105  3.93333333 -0.1078763   0.66666667
  4.66666667  0.8754386   3.86666667 -0.15355867  0.67192982  4.86666667
  0.88070175  3.9        -1.31442153  0.67368421  4.86666667  0.88245614
  3.9        -1.944628  ]",2818.4613225460052
0.22744800000000004,[0.09747206],"[ 0.66666667  4.66666667  0.8754386   3.86666667 -0.15355867  0.67192982
  4.86666667  0.88070175  3.9        -1.31442153  0.67368421  4.86666667
  0.88245614  3.9        -1.944628    0.67192982  4.63333333  0.88421053
  4.1        -0.90252793]",2818.541075706482
0.22237999999999988,[0.02589033],"[ 0.67192982  4.86666667  0.88070175  3.9        -1.31442153  0.67368421
  4.86666667  0.88245614  3.9        -1.944628    0.67192982  4.63333333
  0.88421053  4.1        -0.90252793  0.6754386   4.43333333  0.8877193
  4.5        -0.97410965]",2818.621293783188
0.22746399999999997,[-0.6624248],"[ 0.67368421  4.86666667  0.88245614  3.9        -1.944628    0.67192982
  4.63333333  0.88421053  4.1        -0.90252793  0.6754386   4.43333333
  0.8877193   4.5        -0.97410965  0.68245614  4.56666667  0.89649123
  4.56666667 -1.6624248 ]",2818.7011449337006
0.23000399999999996,[-0.9255476],"[ 0.67192982  4.63333333  0.88421053  4.1        -0.90252793  0.6754386
  4.43333333  0.8877193   4.5        -0.97410965  0.68245614  4.56666667
  0.89649123  4.56666667 -1.6624248   0.69122807  4.56666667  0.90526316
  4.56666667 -1.9255476 ]",2818.7811601161957
0.22495200000000004,[-0.97463113],"[ 0.6754386   4.43333333  0.8877193   4.5        -0.97410965  0.68245614
  4.56666667  0.89649123  4.56666667 -1.6624248   0.69122807  4.56666667
  0.90526316  4.56666667 -1.9255476   0.7         4.23333333  0.91052632
  4.8        -1.97463107]",2818.861167907715
0.21986399999999992,[-0.9111282],"[ 0.68245614  4.56666667  0.89649123  4.56666667 -1.6624248   0.69122807
  4.56666667  0.90526316  4.56666667 -1.9255476   0.7         4.23333333
  0.91052632  4.8        -1.97463107  0.70877193  4.2         0.91578947
  5.1        -1.91112828]",2818.9411029815674
0.22496000000000005,[0.23172474],"[ 0.69122807  4.56666667  0.90526316  4.56666667 -1.9255476   0.7
  4.23333333  0.91052632  4.8        -1.97463107  0.70877193  4.2
  0.91578947  5.1        -1.91112828  0.71929825  4.3         0.92280702
  5.33333333 -0.76827526]",2819.0211431980133
0.21985999999999994,[0.6230159],"[ 0.7         4.23333333  0.91052632  4.8        -1.97463107  0.70877193
  4.2         0.91578947  5.1        -1.91112828  0.71929825  4.3
  0.92280702  5.33333333 -0.76827526  0.72631579  4.26666667  0.92982456
  5.43333333 -0.37698412]",2819.101526260376
0.2019239999999999,[-0.94501436],"[ 0.70877193  4.2         0.91578947  5.1        -1.91112828  0.71929825
  4.3         0.92280702  5.33333333 -0.76827526  0.72631579  4.26666667
  0.92982456  5.43333333 -0.37698412  0.72631579  4.53333333  0.93508772
  5.3        -1.94501436]",2819.1811821460724
0.18397600000000014,[-0.27263474],"[ 0.71929825  4.3         0.92280702  5.33333333 -0.76827526  0.72631579
  4.26666667  0.92982456  5.43333333 -0.37698412  0.72631579  4.53333333
  0.93508772  5.3        -1.94501436  0.72280702  4.86666667  0.93684211
  5.16666667 -1.27263474]",2819.261292695999
0.17377200000000004,[-0.6841676],"[ 0.72631579  4.26666667  0.92982456  5.43333333 -0.37698412  0.72631579
  4.53333333  0.93508772  5.3        -1.94501436  0.72280702  4.86666667
  0.93684211  5.16666667 -1.27263474  0.72631579  4.83333333  0.93859649
  5.33333333 -1.68416762]",2819.341280221939
0.1763119999999999,[-0.07251363],"[ 0.72631579  4.53333333  0.93508772  5.3        -1.94501436  0.72280702
  4.86666667  0.93684211  5.16666667 -1.27263474  0.72631579  4.83333333
  0.93859649  5.33333333 -1.68416762  0.73508772  4.8         0.94561404
  5.6        -1.07251358]",2819.4211027622223
0.18396800000000002,[0.54611135],"[ 0.72280702  4.86666667  0.93684211  5.16666667 -1.27263474  0.72631579
  4.83333333  0.93859649  5.33333333 -1.68416762  0.73508772  4.8
  0.94561404  5.6        -1.07251358  0.74912281  4.83333333  0.95614035
  5.8        -0.45388865]",2819.501314163208
0.183948,[-0.21375313],"[ 0.72631579  4.83333333  0.93859649  5.33333333 -1.68416762  0.73508772
  4.8         0.94561404  5.6        -1.07251358  0.74912281  4.83333333
  0.95614035  5.8        -0.45388865  0.75964912  5.16666667  0.97017544
  5.73333333 -1.2137531 ]",2819.5813896656036
0.1813880000000001,[0.2595651],"[ 0.73508772  4.8         0.94561404  5.6        -1.07251358  0.74912281
  4.83333333  0.95614035  5.8        -0.45388865  0.75964912  5.16666667
  0.97017544  5.73333333 -1.2137531   0.76842105  5.33333333  0.97894737
  5.66666667 -0.74043489]",2819.661219358444
0.18648799999999988,[-0.4135898],"[ 0.74912281  4.83333333  0.95614035  5.8        -0.45388865  0.75964912
  5.16666667  0.97017544  5.73333333 -1.2137531   0.76842105  5.33333333
  0.97894737  5.66666667 -0.74043489  0.7754386   5.26666667  0.98421053
  5.8        -1.41358984]",2819.7412192821503
0.18135999999999997,[0.03492524],"[ 0.75964912  5.16666667  0.97017544  5.73333333 -1.2137531   0.76842105
  5.33333333  0.97894737  5.66666667 -0.74043489  0.7754386   5.26666667
  0.98421053  5.8        -1.41358984  0.78070175  5.36666667  0.99122807
  5.86666667 -0.96507478]",2819.814618587494
0.173724,[-0.21876135],"[ 0.76842105  5.33333333  0.97894737  5.66666667 -0.74043489  0.7754386
  5.26666667  0.98421053  5.8        -1.41358984  0.78070175  5.36666667
  0.99122807  5.86666667 -0.96507478  0.78596491  5.36666667  0.99649123
  6.         -1.21876132]",2819.9098930358887
0.176296,[0.28506073],"[ 0.7754386   5.26666667  0.98421053  5.8        -1.41358984  0.78070175
  5.36666667  0.99122807  5.86666667 -0.96507478  0.78596491  5.36666667
  0.99649123  6.         -1.21876132  0.79298246  5.43333333  1.00350877
  5.96666667 -0.71493924]",2819.975308418274
0.181392,[-0.8211145],"[ 0.78070175  5.36666667  0.99122807  5.86666667 -0.96507478  0.78596491
  5.36666667  0.99649123  6.         -1.21876132  0.79298246  5.43333333
  1.00350877  5.96666667 -0.71493924  0.79824561  5.56666667  1.01052632
  5.96666667 -1.82111454]",2820.055741548538
0.19412799999999997,[-0.5430224],"[ 0.78596491  5.36666667  0.99649123  6.         -1.21876132  0.79298246
  5.43333333  1.00350877  5.96666667 -0.71493924  0.79824561  5.56666667
  1.01052632  5.96666667 -1.82111454  0.80526316  5.7         1.01754386
  6.         -1.54302239]",2820.1391744613647
0.19921600000000006,[-0.14164951],"[ 0.79298246  5.43333333  1.00350877  5.96666667 -0.71493924  0.79824561
  5.56666667  1.01052632  5.96666667 -1.82111454  0.80526316  5.7
  1.01754386  6.         -1.54302239  0.8122807   5.7         1.02280702
  6.13333333 -1.14164948]",2820.214648246765
0.19924399999999998,[-0.5414479],"[ 0.79824561  5.56666667  1.01052632  5.96666667 -1.82111454  0.80526316
  5.7         1.01754386  6.         -1.54302239  0.8122807   5.7
  1.02280702  6.13333333 -1.14164948  0.81929825  5.6         1.02631579
  6.4        -1.54144788]",2820.307049512863
0.19155999999999995,[-0.7416091],"[ 0.80526316  5.7         1.01754386  6.         -1.54302239  0.8122807
  5.7         1.02280702  6.13333333 -1.14164948  0.81929825  5.6
  1.02631579  6.4        -1.54144788  0.82280702  5.73333333  1.03157895
  6.46666667 -1.7416091 ]",2820.3792724609375
