reward,action,obs,time
,,"[0.         0.         0.         0.         0.         0.
 0.         0.         0.         0.         0.         0.
 0.         0.         0.         0.03157895 5.53333333 0.24561404
 5.46666667 0.        ]",3996.379794359207
-0.0025319999999999995,[0.3312302],"[ 0.          0.          0.          0.          0.          0.
  0.          0.          0.          0.          0.03157895  5.53333333
  0.24561404  5.46666667  0.          0.02982456  5.33333333  0.24385965
  5.56666667 -0.66876984]",3996.4575641155243
-1.6000000000002124e-05,[-0.5290598],"[ 0.          0.          0.          0.          0.          0.03157895
  5.53333333  0.24561404  5.46666667  0.          0.02982456  5.33333333
  0.24385965  5.56666667 -0.66876984  0.03157895  5.66666667  0.24561404
  5.4        -1.52905989]",3996.5136473178864
-0.0025560000000000027,[0.7614739],"[ 0.03157895  5.53333333  0.24561404  5.46666667  0.          0.02982456
  5.33333333  0.24385965  5.56666667 -0.66876984  0.03157895  5.66666667
  0.24561404  5.4        -1.52905989  0.02982456  5.53333333  0.24561404
  5.46666667 -0.23852611]",3996.563801765442
-0.0025560000000000027,[-0.80375195],"[ 0.02982456  5.33333333  0.24385965  5.56666667 -0.66876984  0.03157895
  5.66666667  0.24561404  5.4        -1.52905989  0.02982456  5.53333333
  0.24561404  5.46666667 -0.23852611  0.02982456  5.53333333  0.24561404
  5.46666667 -1.80375195]",3996.6159086227417
-0.0025560000000000027,[-0.7532291],"[ 0.03157895  5.66666667  0.24561404  5.4        -1.52905989  0.02982456
  5.53333333  0.24561404  5.46666667 -0.23852611  0.02982456  5.53333333
  0.24561404  5.46666667 -1.80375195  0.02982456  5.53333333  0.24385965
  5.46666667 -1.75322914]",3996.6643064022064
-0.0025480000000000017,[-0.548181],"[ 0.02982456  5.53333333  0.24561404  5.46666667 -0.23852611  0.02982456
  5.53333333  0.24561404  5.46666667 -1.80375195  0.02982456  5.53333333
  0.24385965  5.46666667 -1.75322914  0.02982456  5.46666667  0.24561404
  5.53333333 -1.54818106]",3996.7146685123444
0.002568000000000001,[-0.6053132],"[ 0.02982456  5.53333333  0.24561404  5.46666667 -1.80375195  0.02982456
  5.53333333  0.24385965  5.46666667 -1.75322914  0.02982456  5.46666667
  0.24561404  5.53333333 -1.54818106  0.03333333  5.43333333  0.24736842
  5.53333333 -1.60531318]",3996.7649018764496
1.1999999999998123e-05,[-0.97511685],"[ 0.02982456  5.53333333  0.24385965  5.46666667 -1.75322914  0.02982456
  5.46666667  0.24561404  5.53333333 -1.54818106  0.03333333  5.43333333
  0.24736842  5.53333333 -1.60531318  0.03157895  5.43333333  0.24736842
  5.53333333 -1.97511685]",3996.8144524097443
0.002588,[0.00065906],"[ 0.02982456  5.46666667  0.24561404  5.53333333 -1.54818106  0.03333333
  5.43333333  0.24736842  5.53333333 -1.60531318  0.03157895  5.43333333
  0.24736842  5.53333333 -1.97511685  0.03333333  5.26666667  0.24736842
  5.7        -0.99934095]",3996.8654391765594
0.007708,[-0.14248183],"[ 0.03333333  5.43333333  0.24736842  5.53333333 -1.60531318  0.03157895
  5.43333333  0.24736842  5.53333333 -1.97511685  0.03333333  5.26666667
  0.24736842  5.7        -0.99934095  0.03684211  5.2         0.24912281
  5.83333333 -1.1424818 ]",3996.936681509018
0.010255999999999994,[-0.82434285],"[ 0.03157895  5.43333333  0.24736842  5.53333333 -1.97511685  0.03333333
  5.26666667  0.24736842  5.7        -0.99934095  0.03684211  5.2
  0.24912281  5.83333333 -1.1424818   0.03859649  5.26666667  0.25263158
  5.8        -1.82434285]",3997.0125963687897
0.015359999999999999,[0.5685595],"[ 0.03333333  5.26666667  0.24736842  5.7        -0.99934095  0.03684211
  5.2         0.24912281  5.83333333 -1.1424818   0.03859649  5.26666667
  0.25263158  5.8        -1.82434285  0.04210526  5.33333333  0.25614035
  5.73333333 -0.43144047]",3997.0967519283295
0.020488,[0.11911526],"[ 0.03684211  5.2         0.24912281  5.83333333 -1.1424818   0.03859649
  5.26666667  0.25263158  5.8        -1.82434285  0.04210526  5.33333333
  0.25614035  5.73333333 -0.43144047  0.04561404  5.2         0.25789474
  5.86666667 -0.88088477]",3997.177458524704
0.025572000000000004,[-0.768632],"[ 0.03859649  5.26666667  0.25263158  5.8        -1.82434285  0.04210526
  5.33333333  0.25614035  5.73333333 -0.43144047  0.04561404  5.2
  0.25789474  5.86666667 -0.88088477  0.04912281  5.43333333  0.26315789
  5.73333333 -1.76863194]",3997.2576706409454
0.033232,[-0.47649822],"[ 0.04210526  5.33333333  0.25614035  5.73333333 -0.43144047  0.04561404
  5.2         0.25789474  5.86666667 -0.88088477  0.04912281  5.43333333
  0.26315789  5.73333333 -1.76863194  0.05438596  5.5         0.26842105
  5.66666667 -1.47649825]",3997.337554216385
0.04093200000000001,[-0.5087332],"[ 0.04561404  5.2         0.25789474  5.86666667 -0.88088477  0.04912281
  5.43333333  0.26315789  5.73333333 -1.76863194  0.05438596  5.5
  0.26842105  5.66666667 -1.47649825  0.05964912  5.23333333  0.27192982
  5.9        -1.50873327]",3997.4174814224243
0.051160000000000004,[-0.6570169],"[ 0.04912281  5.43333333  0.26315789  5.73333333 -1.76863194  0.05438596
  5.5         0.26842105  5.66666667 -1.47649825  0.05964912  5.23333333
  0.27192982  5.9        -1.50873327  0.06666667  5.2         0.27719298
  6.03333333 -1.65701687]",3997.4975304603577
0.06138400000000001,[-0.6085453],"[ 0.05438596  5.5         0.26842105  5.66666667 -1.47649825  0.05964912
  5.23333333  0.27192982  5.9        -1.50873327  0.06666667  5.2
  0.27719298  6.03333333 -1.65701687  0.07368421  5.2         0.28245614
  6.13333333 -1.6085453 ]",3997.5736269950867
0.07161200000000001,[0.7752083],"[ 0.05964912  5.23333333  0.27192982  5.9        -1.50873327  0.06666667
  5.2         0.27719298  6.03333333 -1.65701687  0.07368421  5.2
  0.28245614  6.13333333 -1.6085453   0.08070175  5.16666667  0.28947368
  6.26666667 -0.22479171]",3997.657290458679
0.076712,[-0.9587008],"[ 0.06666667  5.2         0.27719298  6.03333333 -1.65701687  0.07368421
  5.2         0.28245614  6.13333333 -1.6085453   0.08070175  5.16666667
  0.28947368  6.26666667 -0.22479171  0.08421053  5.26666667  0.29473684
  6.23333333 -1.95870078]",3997.737728834152
0.084328,[0.81841195],"[ 0.07368421  5.2         0.28245614  6.13333333 -1.6085453   0.08070175
  5.16666667  0.28947368  6.26666667 -0.22479171  0.08421053  5.26666667
  0.29473684  6.23333333 -1.95870078  0.0877193   5.5         0.30175439
  6.06666667 -0.18158805]",3997.817607164383
0.08692400000000003,[0.8013898],"[ 0.08070175  5.16666667  0.28947368  6.26666667 -0.22479171  0.08421053
  5.26666667  0.29473684  6.23333333 -1.95870078  0.0877193   5.5
  0.30175439  6.06666667 -0.18158805  0.09122807  5.5         0.30350877
  6.1        -0.19861019]",3997.8976497650146
0.09712000000000001,[0.26320323],"[ 0.08421053  5.26666667  0.29473684  6.23333333 -1.95870078  0.0877193
  5.5         0.30175439  6.06666667 -0.18158805  0.09122807  5.5
  0.30350877  6.1        -0.19861019  0.09649123  5.6         0.30877193
  6.03333333 -0.73679674]",3997.977551460266
0.104756,[0.47881877],"[ 0.0877193   5.5         0.30175439  6.06666667 -0.18158805  0.09122807
  5.5         0.30350877  6.1        -0.19861019  0.09649123  5.6
  0.30877193  6.03333333 -0.73679674  0.10175439  5.86666667  0.31578947
  5.76666667 -0.52118123]",3998.057558298111
0.112416,[-0.3098727],"[ 0.09122807  5.5         0.30350877  6.1        -0.19861019  0.09649123
  5.6         0.30877193  6.03333333 -0.73679674  0.10175439  5.86666667
  0.31578947  5.76666667 -0.52118123  0.10701754  5.93333333  0.32105263
  5.76666667 -1.30987263]",3998.1376469135284
0.120068,[-0.7102715],"[ 0.09649123  5.6         0.30877193  6.03333333 -0.73679674  0.10175439
  5.86666667  0.31578947  5.76666667 -0.52118123  0.10701754  5.93333333
  0.32105263  5.76666667 -1.30987263  0.1122807   6.          0.32807018
  5.73333333 -1.71027148]",3998.217580318451
0.12006799999999998,[-0.7955533],"[ 0.10175439  5.86666667  0.31578947  5.76666667 -0.52118123  0.10701754
  5.93333333  0.32105263  5.76666667 -1.30987263  0.1122807   6.
  0.32807018  5.73333333 -1.71027148  0.11578947  5.96666667  0.33508772
  5.93333333 -1.79555333]",3998.2975356578827
0.12774000000000002,[-0.7023394],"[ 0.10701754  5.93333333  0.32105263  5.76666667 -1.30987263  0.1122807
  6.          0.32807018  5.73333333 -1.71027148  0.11578947  5.96666667
  0.33508772  5.93333333 -1.79555333  0.11929825  5.93333333  0.34210526
  6.16666667 -1.70233941]",3998.386883020401
0.16099599999999997,[-0.7115514],"[ 0.1122807   6.          0.32807018  5.73333333 -1.71027148  0.11578947
  5.96666667  0.33508772  5.93333333 -1.79555333  0.11929825  5.93333333
  0.34210526  6.16666667 -1.70233941  0.14385965  5.53333333  0.34912281
  6.26666667 -1.71155143]",3998.4574387073517
0.163536,[0.6140429],"[ 0.11578947  5.96666667  0.33508772  5.93333333 -1.79555333  0.11929825
  5.93333333  0.34210526  6.16666667 -1.70233941  0.14385965  5.53333333
  0.34912281  6.26666667 -1.71155143  0.14912281  5.6         0.35438596
  6.4        -0.38595712]",3998.5375084877014
0.163548,[0.28010577],"[ 0.11929825  5.93333333  0.34210526  6.16666667 -1.70233941  0.14385965
  5.53333333  0.34912281  6.26666667 -1.71155143  0.14912281  5.6
  0.35438596  6.4        -0.38595712  0.15087719  5.56666667  0.35789474
  6.5        -0.71989423]",3998.6176240444183
0.163548,[-0.8556086],"[ 0.14385965  5.53333333  0.34912281  6.26666667 -1.71155143  0.14912281
  5.6         0.35438596  6.4        -0.38595712  0.15087719  5.56666667
  0.35789474  6.5        -0.71989423  0.15438596  5.63333333  0.36491228
  6.43333333 -1.85560858]",3998.697531938553
0.163512,[0.3919949],"[ 0.14912281  5.6         0.35438596  6.4        -0.38595712  0.15087719
  5.56666667  0.35789474  6.5        -0.71989423  0.15438596  5.63333333
  0.36491228  6.43333333 -1.85560858  0.15789474  5.8         0.37017544
  6.23333333 -0.60800511]",3998.798344373703
0.16355199999999998,[-0.697078],"[ 0.15087719  5.56666667  0.35789474  6.5        -0.71989423  0.15438596
  5.63333333  0.36491228  6.43333333 -1.85560858  0.15789474  5.8
  0.37017544  6.23333333 -0.60800511  0.16140351  5.7         0.37192982
  6.36666667 -1.69707799]",3998.854569673538
0.16614,[-0.60906124],"[ 0.15438596  5.63333333  0.36491228  6.43333333 -1.85560858  0.15789474
  5.8         0.37017544  6.23333333 -0.60800511  0.16140351  5.7
  0.37192982  6.36666667 -1.69707799  0.16842105  5.5         0.37368421
  6.63333333 -1.60906124]",3998.9332525730133
0.171212,[-0.49766463],"[ 0.15789474  5.8         0.37017544  6.23333333 -0.60800511  0.16140351
  5.7         0.37192982  6.36666667 -1.69707799  0.16842105  5.5
  0.37368421  6.63333333 -1.60906124  0.17719298  5.56666667  0.38070175
  6.76666667 -1.49766469]",3999.011072397232
0.17375999999999997,[-0.11342927],"[ 0.16140351  5.7         0.37192982  6.36666667 -1.69707799  0.16842105
  5.5         0.37368421  6.63333333 -1.60906124  0.17719298  5.56666667
  0.38070175  6.76666667 -1.49766469  0.18596491  5.6         0.39122807
  6.9        -1.11342931]",3999.0956449508667
0.17374,[0.11801962],"[ 0.16842105  5.5         0.37368421  6.63333333 -1.60906124  0.17719298
  5.56666667  0.38070175  6.76666667 -1.49766469  0.18596491  5.6
  0.39122807  6.9        -1.11342931  0.19298246  5.76666667  0.4
  6.96666667 -0.88198036]",3999.1769981384277
0.176276,[0.7397261],"[ 0.17719298  5.56666667  0.38070175  6.76666667 -1.49766469  0.18596491
  5.6         0.39122807  6.9        -1.11342931  0.19298246  5.76666667
  0.4         6.96666667 -0.88198036  0.20175439  5.9         0.41052632
  6.93333333 -0.26027387]",3999.26153588295
0.17627199999999998,[-0.7378901],"[ 0.18596491  5.6         0.39122807  6.9        -1.11342931  0.19298246
  5.76666667  0.4         6.96666667 -0.88198036  0.20175439  5.9
  0.41052632  6.93333333 -0.26027387  0.20526316  6.03333333  0.41754386
  6.9        -1.73789012]",3999.3416476249695
0.173724,[0.891638],"[ 0.19298246  5.76666667  0.4         6.96666667 -0.88198036  0.20175439
  5.9         0.41052632  6.93333333 -0.26027387  0.20526316  6.03333333
  0.41754386  6.9        -1.73789012  0.20701754  6.2         0.42105263
  6.76666667 -0.10836202]",3999.4216203689575
0.171172,[0.7949382],"[ 0.20175439  5.9         0.41052632  6.93333333 -0.26027387  0.20526316
  6.03333333  0.41754386  6.9        -1.73789012  0.20701754  6.2
  0.42105263  6.76666667 -0.10836202  0.20877193  6.16666667  0.41929825
  6.9        -0.20506179]",3999.5016729831696
0.166052,[0.22370312],"[ 0.20526316  6.03333333  0.41754386  6.9        -1.73789012  0.20701754
  6.2         0.42105263  6.76666667 -0.10836202  0.20877193  6.16666667
  0.41929825  6.9        -0.20506179  0.21052632  6.33333333  0.42105263
  6.83333333 -0.77629685]",3999.583225250244
0.16605999999999996,[-0.76620716],"[ 0.20701754  6.2         0.42105263  6.76666667 -0.10836202  0.20877193
  6.16666667  0.41929825  6.9        -0.20506179  0.21052632  6.33333333
  0.42105263  6.83333333 -0.77629685  0.21578947  6.53333333  0.42807018
  6.7        -1.76620722]",3999.6615705490112
0.16607599999999997,[0.26297292],"[ 0.20877193  6.16666667  0.41929825  6.9        -0.20506179  0.21052632
  6.33333333  0.42105263  6.83333333 -0.77629685  0.21578947  6.53333333
  0.42807018  6.7        -1.76620722  0.22105263  6.46666667  0.43333333
  6.8        -0.73702705]",3999.741621017456
0.17121599999999998,[0.6406709],"[ 0.21052632  6.33333333  0.42105263  6.83333333 -0.77629685  0.21578947
  6.53333333  0.42807018  6.7        -1.76620722  0.22105263  6.46666667
  0.43333333  6.8        -0.73702705  0.22982456  6.3         0.44210526
  7.         -0.3593291 ]",3999.821868658066
0.18140399999999998,[-0.3270516],"[ 0.21578947  6.53333333  0.42807018  6.7        -1.76620722  0.22105263
  6.46666667  0.43333333  6.8        -0.73702705  0.22982456  6.3
  0.44210526  7.         -0.3593291   0.24035088  6.56666667  0.45438596
  6.93333333 -1.32705164]",3999.901795864105
0.19158399999999998,[-0.8943643],"[ 0.22105263  6.46666667  0.43333333  6.8        -0.73702705  0.22982456
  6.3         0.44210526  7.         -0.3593291   0.24035088  6.56666667
  0.45438596  6.93333333 -1.32705164  0.25087719  6.9         0.46491228
  6.73333333 -1.89436436]",3999.981538772583
0.16854,[-0.12034798],"[ 0.22982456  6.3         0.44210526  7.         -0.3593291   0.24035088
  6.56666667  0.45438596  6.93333333 -1.32705164  0.25087719  6.9
  0.46491228  6.73333333 -1.89436436  0.25964912  6.83333333  0.47192982
  6.9        -1.12034798]",4000.0615899562836
0.171128,[0.73439586],"[ 0.24035088  6.56666667  0.45438596  6.93333333 -1.32705164  0.25087719
  6.9         0.46491228  6.73333333 -1.89436436  0.25964912  6.83333333
  0.47192982  6.9        -1.12034798  0.26666667  6.63333333  0.47894737
  7.16666667 -0.26560414]",4000.1415660381317
0.178776,[0.7305366],"[ 0.25087719  6.9         0.46491228  6.73333333 -1.89436436  0.25964912
  6.83333333  0.47192982  6.9        -1.12034798  0.26666667  6.63333333
  0.47894737  7.16666667 -0.26560414  0.27368421  6.76666667  0.4877193
  7.06666667 -0.26946342]",4000.2216880321503
0.18897199999999997,[0.86917174],"[ 0.25964912  6.83333333  0.47192982  6.9        -1.12034798  0.26666667
  6.63333333  0.47894737  7.16666667 -0.26560414  0.27368421  6.76666667
  0.4877193   7.06666667 -0.26946342  0.28421053  7.06666667  0.49649123
  6.73333333 -0.13082826]",4000.301738500595
0.199204,[-0.7510537],"[ 0.26666667  6.63333333  0.47894737  7.16666667 -0.26560414  0.27368421
  6.76666667  0.4877193   7.06666667 -0.26946342  0.28421053  7.06666667
  0.49649123  6.73333333 -0.13082826  0.29473684  7.16666667  0.50526316
  6.53333333 -1.75105369]",4000.381580591202
0.211968,[-0.64148426],"[ 0.27368421  6.76666667  0.4877193   7.06666667 -0.26946342  0.28421053
  7.06666667  0.49649123  6.73333333 -0.13082826  0.29473684  7.16666667
  0.50526316  6.53333333 -1.75105369  0.30701754  7.2         0.51578947
  6.36666667 -1.64148426]",4000.461778640747
0.21196,[-0.72231305],"[ 0.28421053  7.06666667  0.49649123  6.73333333 -0.13082826  0.29473684
  7.16666667  0.50526316  6.53333333 -1.75105369  0.30701754  7.2
  0.51578947  6.36666667 -1.64148426  0.31403509  7.06666667  0.5245614
  6.43333333 -1.72231305]",4000.5417330265045
0.20688,[-0.7070835],"[ 0.29473684  7.16666667  0.50526316  6.53333333 -1.75105369  0.30701754
  7.2         0.51578947  6.36666667 -1.64148426  0.31403509  7.06666667
  0.5245614   6.43333333 -1.72231305  0.31929825  6.86666667  0.53157895
  6.66666667 -1.70708346]",4000.6216852664948
0.20433600000000002,[0.22651707],"[ 0.30701754  7.2         0.51578947  6.36666667 -1.64148426  0.31403509
  7.06666667  0.5245614   6.43333333 -1.72231305  0.31929825  6.86666667
  0.53157895  6.66666667 -1.70708346  0.32631579  6.8         0.53859649
  6.8        -0.77348292]",4000.701162815094
0.20691599999999996,[-0.11266661],"[ 0.31403509  7.06666667  0.5245614   6.43333333 -1.72231305  0.31929825
  6.86666667  0.53157895  6.66666667 -1.70708346  0.32631579  6.8
  0.53859649  6.8        -0.77348292  0.33508772  6.76666667  0.54912281
  6.83333333 -1.11266661]",4000.7749094963074
0.21202400000000007,[-0.4684482],"[ 0.31929825  6.86666667  0.53157895  6.66666667 -1.70708346  0.32631579
  6.8         0.53859649  6.8        -0.77348292  0.33508772  6.76666667
  0.54912281  6.83333333 -1.11266661  0.34736842  6.93333333  0.56140351
  6.7        -1.46844816]",4000.8549456596375
0.22227999999999995,[0.16113399],"[ 0.32631579  6.8         0.53859649  6.8        -0.77348292  0.33508772
  6.76666667  0.54912281  6.83333333 -1.11266661  0.34736842  6.93333333
  0.56140351  6.7        -1.46844816  0.35789474  6.8         0.57192982
  6.76666667 -0.838866  ]",4000.941809654236
0.22741999999999996,[0.8271798],"[ 0.33508772  6.76666667  0.54912281  6.83333333 -1.11266661  0.34736842
  6.93333333  0.56140351  6.7        -1.46844816  0.35789474  6.8
  0.57192982  6.76666667 -0.838866    0.36315789  6.73333333  0.57719298
  6.73333333 -0.17282021]",4001.021911382675
0.23506799999999997,[0.07955001],"[ 0.34736842  6.93333333  0.56140351  6.7        -1.46844816  0.35789474
  6.8         0.57192982  6.76666667 -0.838866    0.36315789  6.73333333
  0.57719298  6.73333333 -0.17282021  0.37017544  6.86666667  0.58245614
  6.46666667 -0.92044997]",4001.10164809227
0.24784799999999993,[-0.0143457],"[ 0.35789474  6.8         0.57192982  6.76666667 -0.838866    0.36315789
  6.73333333  0.57719298  6.73333333 -0.17282021  0.37017544  6.86666667
  0.58245614  6.46666667 -0.92044997  0.38070175  7.03333333  0.5877193
  6.26666667 -1.01434565]",4001.1816120147705
0.24532799999999994,[-0.09542214],"[ 0.36315789  6.73333333  0.57719298  6.73333333 -0.17282021  0.37017544
  6.86666667  0.58245614  6.46666667 -0.92044997  0.38070175  7.03333333
  0.5877193   6.26666667 -1.01434565  0.38421053  6.93333333  0.59473684
  6.26666667 -1.09542215]",4001.2615356445312
0.24788399999999994,[-0.3982356],"[ 0.37017544  6.86666667  0.58245614  6.46666667 -0.92044997  0.38070175
  7.03333333  0.5877193   6.26666667 -1.01434565  0.38421053  6.93333333
  0.59473684  6.26666667 -1.09542215  0.39122807  6.86666667  0.60175439
  6.3        -1.39823556]",4001.342176914215
0.24532000000000007,[-0.02720781],"[ 0.38070175  7.03333333  0.5877193   6.26666667 -1.01434565  0.38421053
  6.93333333  0.59473684  6.26666667 -1.09542215  0.39122807  6.86666667
  0.60175439  6.3        -1.39823556  0.39824561  6.76666667  0.61052632
  6.26666667 -1.02720785]",4001.421820640564
0.24280000000000007,[-0.02383002],"[ 0.38421053  6.93333333  0.59473684  6.26666667 -1.09542215  0.39122807
  6.86666667  0.60175439  6.3        -1.39823556  0.39824561  6.76666667
  0.61052632  6.26666667 -1.02720785  0.40701754  6.73333333  0.61929825
  6.26666667 -1.02383006]",4001.50177025795
0.2453760000000001,[-0.12067824],"[ 0.39122807  6.86666667  0.60175439  6.3        -1.39823556  0.39824561
  6.76666667  0.61052632  6.26666667 -1.02720785  0.40701754  6.73333333
  0.61929825  6.26666667 -1.02383006  0.41929825  6.9         0.62807018
  6.2        -1.12067819]",4001.5816411972046
0.24537199999999987,[-0.14564425],"[ 0.39824561  6.76666667  0.61052632  6.26666667 -1.02720785  0.40701754
  6.73333333  0.61929825  6.26666667 -1.02383006  0.41929825  6.9
  0.62807018  6.2        -1.12067819  0.42807018  6.86666667  0.63684211
  6.13333333 -1.14564419]",4001.6616475582123
0.24280400000000002,[-0.8519455],"[ 0.40701754  6.73333333  0.61929825  6.26666667 -1.02383006  0.41929825
  6.9         0.62807018  6.2        -1.12067819  0.42807018  6.86666667
  0.63684211  6.13333333 -1.14564419  0.43333333  6.76666667  0.64210526
  6.1        -1.85194552]",4001.741858482361
0.23516000000000004,[-0.09006687],"[ 0.41929825  6.9         0.62807018  6.2        -1.12067819  0.42807018
  6.86666667  0.63684211  6.13333333 -1.14564419  0.43333333  6.76666667
  0.64210526  6.1        -1.85194552  0.43508772  6.7         0.64385965
  6.1        -1.09006691]",4001.8219146728516
0.21478000000000003,[-0.20899808],"[ 0.42807018  6.86666667  0.63684211  6.13333333 -1.14564419  0.43333333
  6.76666667  0.64210526  6.1        -1.85194552  0.43508772  6.7
  0.64385965  6.1        -1.09006691  0.43157895  6.43333333  0.64385965
  6.23333333 -1.20899808]",4001.901550769806
0.20456,[-0.41214874],"[ 0.43333333  6.76666667  0.64210526  6.1        -1.85194552  0.43508772
  6.7         0.64385965  6.1        -1.09006691  0.43157895  6.43333333
  0.64385965  6.23333333 -1.20899808  0.43508772  6.5         0.64736842
  6.13333333 -1.41214871]",4001.9815640449524
0.19434,[0.13985513],"[ 0.43508772  6.7         0.64385965  6.1        -1.09006691  0.43157895
  6.43333333  0.64385965  6.23333333 -1.20899808  0.43508772  6.5
  0.64736842  6.13333333 -1.41214871  0.44035088  6.5         0.65263158
  6.06666667 -0.86014485]",4002.061810731888
0.194336,[-0.79993373],"[ 0.43157895  6.43333333  0.64385965  6.23333333 -1.20899808  0.43508772
  6.5         0.64736842  6.13333333 -1.41214871  0.44035088  6.5
  0.65263158  6.06666667 -0.86014485  0.44736842  6.4         0.65964912
  6.06666667 -1.79993367]",4002.1416449546814
0.20197600000000007,[-0.05323563],"[ 0.43508772  6.5         0.64736842  6.13333333 -1.41214871  0.44035088
  6.5         0.65263158  6.06666667 -0.86014485  0.44736842  6.4
  0.65964912  6.06666667 -1.79993367  0.45789474  6.43333333  0.66666667
  5.86666667 -1.05323565]",4002.2219309806824
0.19943599999999995,[-0.7356957],"[ 0.44035088  6.5         0.65263158  6.06666667 -0.86014485  0.44736842
  6.4         0.65964912  6.06666667 -1.79993367  0.45789474  6.43333333
  0.66666667  5.86666667 -1.05323565  0.46315789  6.23333333  0.6754386
  5.93333333 -1.73569572]",4002.3018074035645
0.194316,[-0.43433788],"[ 0.44736842  6.4         0.65964912  6.06666667 -1.79993367  0.45789474
  6.43333333  0.66666667  5.86666667 -1.05323565  0.46315789  6.23333333
  0.6754386   5.93333333 -1.73569572  0.46842105  6.26666667  0.68070175
  5.93333333 -1.43433785]",4002.3817653656006
0.18412399999999995,[0.0925482],"[ 0.45789474  6.43333333  0.66666667  5.86666667 -1.05323565  0.46315789
  6.23333333  0.6754386   5.93333333 -1.73569572  0.46842105  6.26666667
  0.68070175  5.93333333 -1.43433785  0.47368421  6.16666667  0.68596491
  6.         -0.90745181]",4002.4616219997406
0.17899200000000004,[0.5714191],"[ 0.46315789  6.23333333  0.6754386   5.93333333 -1.73569572  0.46842105
  6.26666667  0.68070175  5.93333333 -1.43433785  0.47368421  6.16666667
  0.68596491  6.         -0.90745181  0.48070175  6.2         0.69122807
  5.96666667 -0.42858088]",4002.541754245758
0.17896800000000002,[0.6317611],"[ 0.46842105  6.26666667  0.68070175  5.93333333 -1.43433785  0.47368421
  6.16666667  0.68596491  6.         -0.90745181  0.48070175  6.2
  0.69122807  5.96666667 -0.42858088  0.48596491  6.33333333  0.69473684
  5.7        -0.36823893]",4002.616771221161
0.17641600000000002,[-0.2895693],"[ 0.47368421  6.16666667  0.68596491  6.         -0.90745181  0.48070175
  6.2         0.69122807  5.96666667 -0.42858088  0.48596491  6.33333333
  0.69473684  5.7        -0.36823893  0.49122807  6.43333333  0.69649123
  5.46666667 -1.28956926]",4002.695843935013
0.16366000000000003,[-0.90961164],"[ 0.48070175  6.2         0.69122807  5.96666667 -0.42858088  0.48596491
  6.33333333  0.69473684  5.7        -0.36823893  0.49122807  6.43333333
  0.69649123  5.46666667 -1.28956926  0.49298246  6.4         0.69824561
  5.4        -1.9096117 ]",4002.779634475708
0.16112800000000005,[-0.16836056],"[ 0.48596491  6.33333333  0.69473684  5.7        -0.36823893  0.49122807
  6.43333333  0.69649123  5.46666667 -1.28956926  0.49298246  6.4
  0.69824561  5.4        -1.9096117   0.49473684  6.1         0.70526316
  5.6        -1.16836059]",4002.861491918564
0.15603599999999995,[0.18864629],"[ 0.49122807  6.43333333  0.69649123  5.46666667 -1.28956926  0.49298246
  6.4         0.69824561  5.4        -1.9096117   0.49473684  6.1
  0.70526316  5.6        -1.16836059  0.49824561  5.86666667  0.7122807
  5.76666667 -0.81135368]",4002.9415996074677
0.16112399999999993,[0.48669016],"[ 0.49298246  6.4         0.69824561  5.4        -1.9096117   0.49473684
  6.1         0.70526316  5.6        -1.16836059  0.49824561  5.86666667
  0.7122807   5.76666667 -0.81135368  0.50877193  5.96666667  0.72105263
  5.63333333 -0.51330984]",4003.0216155052185
0.16366399999999992,[-0.24097581],"[ 0.49473684  6.1         0.70526316  5.6        -1.16836059  0.49824561
  5.86666667  0.7122807   5.76666667 -0.81135368  0.50877193  5.96666667
  0.72105263  5.63333333 -0.51330984  0.51929825  6.06666667  0.72982456
  5.36666667 -1.24097586]",4003.101574420929
0.16112799999999994,[0.00270932],"[ 0.49824561  5.86666667  0.7122807   5.76666667 -0.81135368  0.50877193
  5.96666667  0.72105263  5.63333333 -0.51330984  0.51929825  6.06666667
  0.72982456  5.36666667 -1.24097586  0.52982456  6.06666667  0.73684211
  5.23333333 -0.99729067]",4003.181474208832
0.15602800000000006,[-0.14486822],"[ 0.50877193  5.96666667  0.72105263  5.63333333 -0.51330984  0.51929825
  6.06666667  0.72982456  5.36666667 -1.24097586  0.52982456  6.06666667
  0.73684211  5.23333333 -0.99729067  0.53508772  5.93333333  0.74561404
  5.26666667 -1.14486825]",4003.261463165283
0.15858000000000005,[0.3660705],"[ 0.51929825  6.06666667  0.72982456  5.36666667 -1.24097586  0.52982456
  6.06666667  0.73684211  5.23333333 -0.99729067  0.53508772  5.93333333
  0.74561404  5.26666667 -1.14486825  0.54210526  5.86666667  0.75087719
  5.16666667 -0.63392949]",4003.341599702835
0.16624000000000005,[0.23370911],"[ 0.52982456  6.06666667  0.73684211  5.23333333 -0.99729067  0.53508772
  5.93333333  0.74561404  5.26666667 -1.14486825  0.54210526  5.86666667
  0.75087719  5.16666667 -0.63392949  0.54912281  5.86666667  0.75614035
  5.03333333 -0.7662909 ]",4003.4217052459717
0.18153200000000003,[0.2617437],"[ 0.53508772  5.93333333  0.74561404  5.26666667 -1.14486825  0.54210526
  5.86666667  0.75087719  5.16666667 -0.63392949  0.54912281  5.86666667
  0.75614035  5.03333333 -0.7662909   0.55614035  5.96666667  0.76140351
  4.86666667 -0.73825634]",4003.5014219284058
0.18665600000000004,[0.421021],"[ 0.54210526  5.86666667  0.75087719  5.16666667 -0.63392949  0.54912281
  5.86666667  0.75614035  5.03333333 -0.7662909   0.55614035  5.96666667
  0.76140351  4.86666667 -0.73825634  0.56315789  5.93333333  0.76666667
  4.8        -0.57897902]",4003.581728696823
0.18665599999999993,[0.04192584],"[ 0.54912281  5.86666667  0.75614035  5.03333333 -0.7662909   0.55614035
  5.96666667  0.76140351  4.86666667 -0.73825634  0.56315789  5.93333333
  0.76666667  4.8        -0.57897902  0.56842105  5.93333333  0.77017544
  4.7        -0.95807415]",4003.6617302894592
0.18154399999999993,[0.28720856],"[ 0.55614035  5.96666667  0.76140351  4.86666667 -0.73825634  0.56315789
  5.93333333  0.76666667  4.8        -0.57897902  0.56842105  5.93333333
  0.77017544  4.7        -0.95807415  0.57192982  5.83333333  0.77368421
  4.53333333 -0.71279144]",4003.7416319847107
0.17133599999999993,[-0.7416792],"[ 0.56315789  5.93333333  0.76666667  4.8        -0.57897902  0.56842105
  5.93333333  0.77017544  4.7        -0.95807415  0.57192982  5.83333333
  0.77368421  4.53333333 -0.71279144  0.5754386   5.73333333  0.77719298
  4.46666667 -1.74167919]",4003.8216314315796
0.17131600000000002,[0.79796773],"[ 0.56842105  5.93333333  0.77017544  4.7        -0.95807415  0.57192982
  5.83333333  0.77368421  4.53333333 -0.71279144  0.5754386   5.73333333
  0.77719298  4.46666667 -1.74167919  0.58070175  5.7         0.78070175
  4.36666667 -0.20203227]",4003.901490688324
0.16367200000000004,[-0.5616413],"[ 0.57192982  5.83333333  0.77368421  4.53333333 -0.71279144  0.5754386
  5.73333333  0.77719298  4.46666667 -1.74167919  0.58070175  5.7
  0.78070175  4.36666667 -0.20203227  0.58070175  5.53333333  0.7877193
  4.5        -1.56164122]",4003.9817740917206
0.16366400000000003,[0.6488081],"[ 0.5754386   5.73333333  0.77719298  4.46666667 -1.74167919  0.58070175
  5.7         0.78070175  4.36666667 -0.20203227  0.58070175  5.53333333
  0.7877193   4.5        -1.56164122  0.58596491  5.5         0.79122807
  4.36666667 -0.35119188]",4004.0614409446716
0.15857600000000005,[-0.24157639],"[ 0.58070175  5.7         0.78070175  4.36666667 -0.20203227  0.58070175
  5.53333333  0.7877193   4.5        -1.56164122  0.58596491  5.5
  0.79122807  4.36666667 -0.35119188  0.58947368  5.33333333  0.79473684
  4.23333333 -1.24157643]",4004.1414453983307
0.16115199999999996,[0.94917214],"[ 0.58070175  5.53333333  0.7877193   4.5        -1.56164122  0.58596491
  5.5         0.79122807  4.36666667 -0.35119188  0.58947368  5.33333333
  0.79473684  4.23333333 -1.24157643  0.59649123  5.3         0.8
  4.1        -0.05082786]",4004.2216296195984
0.16372399999999998,[0.38727564],"[ 0.58596491  5.5         0.79122807  4.36666667 -0.35119188  0.58947368
  5.33333333  0.79473684  4.23333333 -1.24157643  0.59649123  5.3
  0.8         4.1        -0.05082786  0.60350877  5.26666667  0.80701754
  4.03333333 -0.61272436]",4004.3015353679657
0.17393199999999998,[0.81178325],"[ 0.58947368  5.33333333  0.79473684  4.23333333 -1.24157643  0.59649123
  5.3         0.8         4.1        -0.05082786  0.60350877  5.26666667
  0.80701754  4.03333333 -0.61272436  0.6122807   5.36666667  0.80877193
  3.83333333 -0.18821675]",4004.381516456604
0.17644399999999993,[-0.1927793],"[ 0.59649123  5.3         0.8         4.1        -0.05082786  0.60350877
  5.26666667  0.80701754  4.03333333 -0.61272436  0.6122807   5.36666667
  0.80877193  3.83333333 -0.18821675  0.61578947  5.43333333  0.81052632
  3.8        -1.1927793 ]",4004.4623267650604
0.1713,[-0.49313742],"[ 0.60350877  5.26666667  0.80701754  4.03333333 -0.61272436  0.6122807
  5.36666667  0.80877193  3.83333333 -0.18821675  0.61578947  5.43333333
  0.81052632  3.8        -1.1927793   0.61578947  5.46666667  0.8122807
  3.83333333 -1.49313736]",4004.5403616428375
0.15344400000000002,[0.34207574],"[ 0.6122807   5.36666667  0.80877193  3.83333333 -0.18821675  0.61578947
  5.43333333  0.81052632  3.8        -1.1927793   0.61578947  5.46666667
  0.8122807   3.83333333 -1.49313736  0.61403509  5.26666667  0.81578947
  4.03333333 -0.65792429]",4004.6171329021454
0.13813600000000004,[-0.4986979],"[ 0.61578947  5.43333333  0.81052632  3.8        -1.1927793   0.61578947
  5.46666667  0.8122807   3.83333333 -1.49313736  0.61403509  5.26666667
  0.81578947  4.03333333 -0.65792429  0.61403509  5.13333333  0.82280702
  4.26666667 -1.49869788]",4004.701202392578
0.13046000000000002,[-0.21675548],"[ 0.61578947  5.46666667  0.8122807   3.83333333 -1.49313736  0.61403509
  5.26666667  0.81578947  4.03333333 -0.65792429  0.61403509  5.13333333
  0.82280702  4.26666667 -1.49869788  0.61929825  5.2         0.82807018
  4.3        -1.21675551]",4004.7818174362183
0.13301600000000002,[0.53740597],"[ 0.61403509  5.26666667  0.81578947  4.03333333 -0.65792429  0.61403509
  5.13333333  0.82280702  4.26666667 -1.49869788  0.61929825  5.2
  0.82807018  4.3        -1.21675551  0.62631579  5.06666667  0.83684211
  4.4        -0.46259403]",4004.8644313812256
0.13300800000000002,[0.31335926],"[ 0.61403509  5.13333333  0.82280702  4.26666667 -1.49869788  0.61929825
  5.2         0.82807018  4.3        -1.21675551  0.62631579  5.06666667
  0.83684211  4.4        -0.46259403  0.63333333  5.06666667  0.84385965
  4.36666667 -0.68664074]",4004.934937953949
0.133,[-0.3772258],"[ 0.61929825  5.2         0.82807018  4.3        -1.21675551  0.62631579
  5.06666667  0.83684211  4.4        -0.46259403  0.63333333  5.06666667
  0.84385965  4.36666667 -0.68664074  0.64035088  5.13333333  0.84736842
  4.13333333 -1.37722576]",4005.0153906345367
0.12790800000000002,[-0.48196208],"[ 0.62631579  5.06666667  0.83684211  4.4        -0.46259403  0.63333333
  5.06666667  0.84385965  4.36666667 -0.68664074  0.64035088  5.13333333
  0.84736842  4.13333333 -1.37722576  0.64385965  5.06666667  0.85087719
  4.16666667 -1.48196208]",4005.0952548980713
0.11769999999999992,[0.35188615],"[ 0.63333333  5.06666667  0.84385965  4.36666667 -0.68664074  0.64035088
  5.13333333  0.84736842  4.13333333 -1.37722576  0.64385965  5.06666667
  0.85087719  4.16666667 -1.48196208  0.64385965  4.9         0.85438596
  4.4        -0.64811385]",4005.1796374320984
0.11514000000000002,[-0.5529578],"[ 0.64035088  5.13333333  0.84736842  4.13333333 -1.37722576  0.64385965
  5.06666667  0.85087719  4.16666667 -1.48196208  0.64385965  4.9
  0.85438596  4.4        -0.64811385  0.64736842  4.93333333  0.85964912
  4.4        -1.55295777]",4005.260940551758
0.12277199999999999,[0.6569617],"[ 0.64385965  5.06666667  0.85087719  4.16666667 -1.48196208  0.64385965
  4.9         0.85438596  4.4        -0.64811385  0.64736842  4.93333333
  0.85964912  4.4        -1.55295777  0.65614035  5.13333333  0.86491228
  4.26666667 -0.34303832]",4005.3361279964447
0.125328,[0.5073995],"[ 0.64385965  4.9         0.85438596  4.4        -0.64811385  0.64736842
  4.93333333  0.85964912  4.4        -1.55295777  0.65614035  5.13333333
  0.86491228  4.26666667 -0.34303832  0.66140351  5.03333333  0.87192982
  4.4        -0.4926005 ]",4005.414936065674
0.130428,[0.035255],"[ 0.64736842  4.93333333  0.85964912  4.4        -1.55295777  0.65614035
  5.13333333  0.86491228  4.26666667 -0.34303832  0.66140351  5.03333333
  0.87192982  4.4        -0.4926005   0.67017544  5.1         0.87894737
  4.3        -0.96474499]",4005.494905948639
0.14573599999999998,[0.30563384],"[ 0.65614035  5.13333333  0.86491228  4.26666667 -0.34303832  0.66140351
  5.03333333  0.87192982  4.4        -0.4926005   0.67017544  5.1
  0.87894737  4.3        -0.96474499  0.68070175  5.16666667  0.88596491
  4.1        -0.69436616]",4005.580888271332
0.15084799999999998,[0.33645678],"[ 0.66140351  5.03333333  0.87192982  4.4        -0.4926005   0.67017544
  5.1         0.87894737  4.3        -0.96474499  0.68070175  5.16666667
  0.88596491  4.1        -0.69436616  0.68947368  5.13333333  0.89473684
  4.03333333 -0.66354322]",4005.6615912914276
0.15593599999999985,[-0.60437536],"[ 0.67017544  5.1         0.87894737  4.3        -0.96474499  0.68070175
  5.16666667  0.88596491  4.1        -0.69436616  0.68947368  5.13333333
  0.89473684  4.03333333 -0.66354322  0.69649123  5.16666667  0.90175439
  3.93333333 -1.60437536]",4005.7414004802704
0.14827199999999996,[0.74955964],"[ 0.68070175  5.16666667  0.88596491  4.1        -0.69436616  0.68947368
  5.13333333  0.89473684  4.03333333 -0.66354322  0.69649123  5.16666667
  0.90175439  3.93333333 -1.60437536  0.69824561  5.1         0.90350877
  3.93333333 -0.25044036]",4005.815448999405
0.13550800000000007,[0.58948034],"[ 0.68947368  5.13333333  0.89473684  4.03333333 -0.66354322  0.69649123
  5.16666667  0.90175439  3.93333333 -1.60437536  0.69824561  5.1
  0.90350877  3.93333333 -0.25044036  0.69649123  4.93333333  0.90526316
  4.06666667 -0.41051966]",4005.899727344513
0.13039599999999996,[0.45492068],"[ 0.69649123  5.16666667  0.90175439  3.93333333 -1.60437536  0.69824561
  5.1         0.90350877  3.93333333 -0.25044036  0.69649123  4.93333333
  0.90526316  4.06666667 -0.41051966  0.70175439  5.03333333  0.90877193
  3.96666667 -0.54507935]",4005.975019931793
0.13548800000000005,[0.8832209],"[ 0.69824561  5.1         0.90350877  3.93333333 -0.25044036  0.69649123
  4.93333333  0.90526316  4.06666667 -0.41051966  0.70175439  5.03333333
  0.90877193  3.96666667 -0.54507935  0.70877193  5.26666667  0.9122807
  3.96666667 -0.11677909]",4006.0596709251404
0.14314799999999994,[-0.2863008],"[ 0.69649123  4.93333333  0.90526316  4.06666667 -0.41051966  0.70175439
  5.03333333  0.90877193  3.96666667 -0.54507935  0.70877193  5.26666667
  0.9122807   3.96666667 -0.11677909  0.71403509  5.36666667  0.91578947
  3.96666667 -1.28630078]",4006.135984659195
0.15078000000000003,[0.8041227],"[ 0.70175439  5.03333333  0.90877193  3.96666667 -0.54507935  0.70877193
  5.26666667  0.9122807   3.96666667 -0.11677909  0.71403509  5.36666667
  0.91578947  3.96666667 -1.28630078  0.71754386  5.46666667  0.91754386
  3.96666667 -0.19587731]",4006.2211680412292
0.15332,[-0.15743485],"[ 0.70877193  5.26666667  0.9122807   3.96666667 -0.11677909  0.71403509
  5.36666667  0.91578947  3.96666667 -1.28630078  0.71754386  5.46666667
  0.91754386  3.96666667 -0.19587731  0.71929825  5.46666667  0.91929825
  4.1        -1.15743482]",4006.296340227127
0.150756,[0.6004454],"[ 0.71403509  5.36666667  0.91578947  3.96666667 -1.28630078  0.71754386
  5.46666667  0.91754386  3.96666667 -0.19587731  0.71929825  5.46666667
  0.91929825  4.1        -1.15743482  0.72280702  5.6         0.92280702
  4.16666667 -0.39955461]",4006.3773992061615
