reward,action,obs,time
,,"[0.         0.         0.         0.         0.         0.
 0.         0.         0.         0.         0.         0.
 0.         0.         0.         0.05964912 4.73333333 0.24912281
 6.76666667 0.        ]",1652.6587376594543
0.0,[0.31652808],"[ 0.          0.          0.          0.          0.          0.
  0.          0.          0.          0.          0.05964912  4.73333333
  0.24912281  6.76666667  0.          0.05964912  4.73333333  0.24912281
  6.76666667 -0.68347192]",1652.730949163437
-0.033187999999999995,[0.15038747],"[ 0.          0.          0.          0.          0.          0.05964912
  4.73333333  0.24912281  6.76666667  0.          0.05964912  4.73333333
  0.24912281  6.76666667 -0.68347192  0.03684211  4.4         0.23684211
  6.03333333 -0.84961253]",1652.781714439392
-0.040999999999999995,[-0.0333394],"[ 0.05964912  4.73333333  0.24912281  6.76666667  0.          0.05964912
  4.73333333  0.24912281  6.76666667 -0.68347192  0.03684211  4.4
  0.23684211  6.03333333 -0.84961253  0.03157895  5.6         0.24561404
  5.43333333 -1.03333938]",1652.8271689414978
-0.043556,[0.10766933],"[ 0.05964912  4.73333333  0.24912281  6.76666667 -0.68347192  0.03684211
  4.4         0.23684211  6.03333333 -0.84961253  0.03157895  5.6
  0.24561404  5.43333333 -1.03333938  0.02982456  5.6         0.24561404
  5.43333333 -0.89233065]",1652.8816447257996
-0.043556,[0.05442284],"[ 0.03684211  4.4         0.23684211  6.03333333 -0.84961253  0.03157895
  5.6         0.24561404  5.43333333 -1.03333938  0.02982456  5.6
  0.24561404  5.43333333 -0.89233065  0.02982456  5.6         0.24561404
  5.43333333 -0.94557714]",1652.9318511486053
-0.041004,[-0.04383032],"[ 0.03157895  5.6         0.24561404  5.43333333 -1.03333938  0.02982456
  5.6         0.24561404  5.43333333 -0.89233065  0.02982456  5.6
  0.24561404  5.43333333 -0.94557714  0.03157895  5.63333333  0.24561404
  5.4        -1.04383028]",1652.9847507476807
-0.043559999999999995,[0.09646491],"[ 0.02982456  5.6         0.24561404  5.43333333 -0.89233065  0.02982456
  5.6         0.24561404  5.43333333 -0.94557714  0.03157895  5.63333333
  0.24561404  5.4        -1.04383028  0.02982456  5.63333333  0.24561404
  5.43333333 -0.90353507]",1653.0298795700073
-0.040999999999999995,[0.09884469],"[ 0.02982456  5.6         0.24561404  5.43333333 -0.94557714  0.03157895
  5.63333333  0.24561404  5.4        -1.04383028  0.02982456  5.63333333
  0.24561404  5.43333333 -0.90353507  0.03157895  5.6         0.24561404
  5.46666667 -0.90115529]",1653.0788733959198
-0.04099599999999999,[0.09689475],"[ 0.03157895  5.63333333  0.24561404  5.4        -1.04383028  0.02982456
  5.63333333  0.24561404  5.43333333 -0.90353507  0.03157895  5.6
  0.24561404  5.46666667 -0.90115529  0.03157895  5.56666667  0.24561404
  5.46666667 -0.90310526]",1653.1272521018982
-0.040999999999999995,[0.10089409],"[ 0.02982456  5.63333333  0.24561404  5.43333333 -0.90353507  0.03157895
  5.6         0.24561404  5.46666667 -0.90115529  0.03157895  5.56666667
  0.24561404  5.46666667 -0.90310526  0.03157895  5.6         0.24561404
  5.43333333 -0.89910591]",1653.1821076869965
-0.040999999999999995,[0.10703859],"[ 0.03157895  5.6         0.24561404  5.46666667 -0.90115529  0.03157895
  5.56666667  0.24561404  5.46666667 -0.90310526  0.03157895  5.6
  0.24561404  5.43333333 -0.89910591  0.03157895  5.6         0.24561404
  5.4        -0.89296138]",1653.2722067832947
-0.041004,[0.10084237],"[ 0.03157895  5.56666667  0.24561404  5.46666667 -0.90310526  0.03157895
  5.6         0.24561404  5.43333333 -0.89910591  0.03157895  5.6
  0.24561404  5.4        -0.89296138  0.03157895  5.63333333  0.24561404
  5.4        -0.89915764]",1653.345864534378
-0.041004,[0.09377673],"[ 0.03157895  5.6         0.24561404  5.43333333 -0.89910591  0.03157895
  5.6         0.24561404  5.4        -0.89296138  0.03157895  5.63333333
  0.24561404  5.4        -0.89915764  0.03157895  5.63333333  0.24561404
  5.4        -0.9062233 ]",1653.4222214221954
-0.041004,[0.09859865],"[ 0.03157895  5.6         0.24561404  5.4        -0.89296138  0.03157895
  5.63333333  0.24561404  5.4        -0.89915764  0.03157895  5.63333333
  0.24561404  5.4        -0.9062233   0.03157895  5.63333333  0.24561404
  5.4        -0.90140134]",1653.5092153549194
-0.041004,[0.09802159],"[ 0.03157895  5.63333333  0.24561404  5.4        -0.89915764  0.03157895
  5.63333333  0.24561404  5.4        -0.9062233   0.03157895  5.63333333
  0.24561404  5.4        -0.90140134  0.03157895  5.63333333  0.24561404
  5.4        -0.90197843]",1653.5884432792664
-0.043564,[0.10143495],"[ 0.03157895  5.63333333  0.24561404  5.4        -0.9062233   0.03157895
  5.63333333  0.24561404  5.4        -0.90140134  0.03157895  5.63333333
  0.24561404  5.4        -0.90197843  0.02982456  5.66666667  0.24561404
  5.4        -0.89856505]",1653.6725318431854
-0.041008,[0.10091768],"[ 0.03157895  5.63333333  0.24561404  5.4        -0.90140134  0.03157895
  5.63333333  0.24561404  5.4        -0.90197843  0.02982456  5.66666667
  0.24561404  5.4        -0.89856505  0.03157895  5.66666667  0.24561404
  5.4        -0.8990823 ]",1653.7479193210602
-0.04101199999999999,[0.09999107],"[ 0.03157895  5.63333333  0.24561404  5.4        -0.90197843  0.02982456
  5.66666667  0.24561404  5.4        -0.89856505  0.03157895  5.66666667
  0.24561404  5.4        -0.8990823   0.03157895  5.7         0.24561404
  5.4        -0.90000892]",1653.8277506828308
-0.041008,[0.09779936],"[ 0.02982456  5.66666667  0.24561404  5.4        -0.89856505  0.03157895
  5.66666667  0.24561404  5.4        -0.8990823   0.03157895  5.7
  0.24561404  5.4        -0.90000892  0.03157895  5.66666667  0.24561404
  5.4        -0.90220064]",1653.9088017940521
-0.04101199999999999,[0.10118508],"[ 0.03157895  5.66666667  0.24561404  5.4        -0.8990823   0.03157895
  5.7         0.24561404  5.4        -0.90000892  0.03157895  5.66666667
  0.24561404  5.4        -0.90220064  0.03157895  5.7         0.24385965
  5.4        -0.89881492]",1653.9878907203674
-0.041008,[0.09967787],"[ 0.03157895  5.7         0.24561404  5.4        -0.90000892  0.03157895
  5.66666667  0.24561404  5.4        -0.90220064  0.03157895  5.7
  0.24385965  5.4        -0.89881492  0.03157895  5.66666667  0.24561404
  5.4        -0.90032214]",1654.0627281665802
-0.00782,[0.1053327],"[ 0.03157895  5.66666667  0.24561404  5.4        -0.90220064  0.03157895
  5.7         0.24385965  5.4        -0.89881492  0.03157895  5.66666667
  0.24561404  5.4        -0.90032214  0.03157895  5.66666667  0.24385965
  5.4        -0.89466727]",1654.148208141327
-1.1999999999998123e-05,[0.09995938],"[ 0.03157895  5.7         0.24385965  5.4        -0.89881492  0.03157895
  5.66666667  0.24561404  5.4        -0.90032214  0.03157895  5.66666667
  0.24385965  5.4        -0.89466727  0.03157895  5.7         0.24385965
  5.4        -0.90004063]",1654.2221438884735
0.0025480000000000017,[0.10595943],"[ 0.03157895  5.66666667  0.24561404  5.4        -0.90032214  0.03157895
  5.66666667  0.24385965  5.4        -0.89466727  0.03157895  5.7
  0.24385965  5.4        -0.90004063  0.03157895  5.66666667  0.24561404
  5.4        -0.89404058]",1654.3021104335785
-8.000000000001062e-06,[0.10130741],"[ 0.03157895  5.66666667  0.24385965  5.4        -0.89466727  0.03157895
  5.7         0.24385965  5.4        -0.90004063  0.03157895  5.66666667
  0.24561404  5.4        -0.89404058  0.02982456  5.66666667  0.24561404
  5.4        -0.89869261]",1654.3821303844452
-7.999999999994123e-06,[0.09999891],"[ 0.03157895  5.7         0.24385965  5.4        -0.90004063  0.03157895
  5.66666667  0.24561404  5.4        -0.89404058  0.02982456  5.66666667
  0.24561404  5.4        -0.89869261  0.03157895  5.7         0.24561404
  5.4        -0.90000111]",1654.4625415802002
0.0025480000000000017,[0.10565796],"[ 0.03157895  5.66666667  0.24561404  5.4        -0.89404058  0.02982456
  5.66666667  0.24561404  5.4        -0.89869261  0.03157895  5.7
  0.24561404  5.4        -0.90000111  0.03157895  5.7         0.24561404
  5.4        -0.89434206]",1654.5425758361816
-1.1999999999998123e-05,[0.1009968],"[ 0.02982456  5.66666667  0.24561404  5.4        -0.89869261  0.03157895
  5.7         0.24561404  5.4        -0.90000111  0.03157895  5.7
  0.24561404  5.4        -0.89434206  0.03157895  5.7         0.24385965
  5.4        -0.89900321]",1654.6221940517426
-1.5999999999995185e-05,[0.09879854],"[ 0.03157895  5.7         0.24561404  5.4        -0.90000111  0.03157895
  5.7         0.24561404  5.4        -0.89434206  0.03157895  5.7
  0.24385965  5.4        -0.89900321  0.03157895  5.7         0.24561404
  5.4        -0.90120149]",1654.7021934986115
-1.6000000000002124e-05,[0.10282017],"[ 0.03157895  5.7         0.24561404  5.4        -0.89434206  0.03157895
  5.7         0.24385965  5.4        -0.89900321  0.03157895  5.7
  0.24561404  5.4        -0.90120149  0.03157895  5.73333333  0.24385965
  5.4        -0.89717984]",1654.7893180847168
-1.6000000000002124e-05,[0.10293714],"[ 0.03157895  5.7         0.24385965  5.4        -0.89900321  0.03157895
  5.7         0.24561404  5.4        -0.90120149  0.03157895  5.73333333
  0.24385965  5.4        -0.89717984  0.03157895  5.73333333  0.24561404
  5.36666667 -0.89706284]",1654.8641250133514
-1.1999999999998123e-05,[0.10075806],"[ 0.03157895  5.7         0.24561404  5.4        -0.90120149  0.03157895
  5.73333333  0.24385965  5.4        -0.89717984  0.03157895  5.73333333
  0.24561404  5.36666667 -0.89706284  0.03157895  5.73333333  0.24385965
  5.36666667 -0.89924192]",1654.9527175426483
-1.1999999999998123e-05,[0.09731188],"[ 0.03157895  5.73333333  0.24385965  5.4        -0.89717984  0.03157895
  5.73333333  0.24561404  5.36666667 -0.89706284  0.03157895  5.73333333
  0.24385965  5.36666667 -0.89924192  0.03157895  5.73333333  0.24385965
  5.36666667 -0.90268815]",1655.0283949375153
-1.1999999999998123e-05,[0.10172954],"[ 0.03157895  5.73333333  0.24561404  5.36666667 -0.89706284  0.03157895
  5.73333333  0.24385965  5.36666667 -0.89924192  0.03157895  5.73333333
  0.24385965  5.36666667 -0.90268815  0.03157895  5.73333333  0.24561404
  5.36666667 -0.89827049]",1655.1082088947296
-1.5999999999995185e-05,[0.10334978],"[ 0.03157895  5.73333333  0.24385965  5.36666667 -0.89924192  0.03157895
  5.73333333  0.24385965  5.36666667 -0.90268815  0.03157895  5.73333333
  0.24561404  5.36666667 -0.89827049  0.03157895  5.76666667  0.24385965
  5.36666667 -0.8966502 ]",1655.1879422664642
0.0025440000000000046,[0.10278416],"[ 0.03157895  5.73333333  0.24385965  5.36666667 -0.90268815  0.03157895
  5.73333333  0.24561404  5.36666667 -0.89827049  0.03157895  5.76666667
  0.24385965  5.36666667 -0.8966502   0.03157895  5.76666667  0.24385965
  5.36666667 -0.89721584]",1655.26260638237
-8.000000000001062e-06,[0.10134351],"[ 0.03157895  5.73333333  0.24561404  5.36666667 -0.89827049  0.03157895
  5.76666667  0.24385965  5.36666667 -0.8966502   0.03157895  5.76666667
  0.24385965  5.36666667 -0.89721584  0.03157895  5.73333333  0.24561404
  5.36666667 -0.89865649]",1655.3520526885986
-8.000000000001062e-06,[0.09936179],"[ 0.03157895  5.76666667  0.24385965  5.36666667 -0.8966502   0.03157895
  5.76666667  0.24385965  5.36666667 -0.89721584  0.03157895  5.73333333
  0.24561404  5.36666667 -0.89865649  0.03157895  5.76666667  0.24561404
  5.36666667 -0.90063822]",1655.427099943161
-8.000000000001062e-06,[0.10425232],"[ 0.03157895  5.76666667  0.24385965  5.36666667 -0.89721584  0.03157895
  5.73333333  0.24561404  5.36666667 -0.89865649  0.03157895  5.76666667
  0.24561404  5.36666667 -0.90063822  0.03157895  5.73333333  0.24561404
  5.36666667 -0.89574766]",1655.506984949112
-4.000000000004e-06,[0.10554999],"[ 0.03157895  5.73333333  0.24561404  5.36666667 -0.89865649  0.03157895
  5.76666667  0.24561404  5.36666667 -0.90063822  0.03157895  5.73333333
  0.24561404  5.36666667 -0.89574766  0.03157895  5.73333333  0.24561404
  5.36666667 -0.89445001]",1655.5868527889252
-8.000000000001062e-06,[0.10024817],"[ 0.03157895  5.76666667  0.24561404  5.36666667 -0.90063822  0.03157895
  5.73333333  0.24561404  5.36666667 -0.89574766  0.03157895  5.73333333
  0.24561404  5.36666667 -0.89445001  0.03157895  5.73333333  0.24561404
  5.36666667 -0.89975184]",1655.6671323776245
-8.000000000001062e-06,[0.10687316],"[ 0.03157895  5.73333333  0.24561404  5.36666667 -0.89574766  0.03157895
  5.73333333  0.24561404  5.36666667 -0.89445001  0.03157895  5.73333333
  0.24561404  5.36666667 -0.89975184  0.03157895  5.73333333  0.24385965
  5.36666667 -0.89312685]",1655.7472522258759
-4.000000000004e-06,[0.10326649],"[ 0.03157895  5.73333333  0.24561404  5.36666667 -0.89445001  0.03157895
  5.73333333  0.24561404  5.36666667 -0.89975184  0.03157895  5.73333333
  0.24385965  5.36666667 -0.89312685  0.03157895  5.73333333  0.24385965
  5.36666667 -0.89673352]",1655.8257448673248
-3.9999999999970615e-06,[0.10328766],"[ 0.03157895  5.73333333  0.24561404  5.36666667 -0.89975184  0.03157895
  5.73333333  0.24385965  5.36666667 -0.89312685  0.03157895  5.73333333
  0.24385965  5.36666667 -0.89673352  0.03157895  5.7         0.24385965
  5.36666667 -0.89671236]",1655.9023537635803
-3.9999999999970615e-06,[0.1034888],"[ 0.03157895  5.73333333  0.24385965  5.36666667 -0.89312685  0.03157895
  5.73333333  0.24385965  5.36666667 -0.89673352  0.03157895  5.7
  0.24385965  5.36666667 -0.89671236  0.02982456  5.7         0.24385965
  5.4        -0.8965112 ]",1655.992508172989
0.0,[0.10505996],"[ 0.03157895  5.73333333  0.24385965  5.36666667 -0.89673352  0.03157895
  5.7         0.24385965  5.36666667 -0.89671236  0.02982456  5.7
  0.24385965  5.4        -0.8965112   0.03157895  5.7         0.24385965
  5.4        -0.89494002]",1656.0690460205078
0.0,[0.10890511],"[ 0.03157895  5.7         0.24385965  5.36666667 -0.89671236  0.02982456
  5.7         0.24385965  5.4        -0.8965112   0.03157895  5.7
  0.24385965  5.4        -0.89494002  0.03157895  5.7         0.24385965
  5.4        -0.89109486]",1656.1481511592865
0.0,[0.10441787],"[ 0.02982456  5.7         0.24385965  5.4        -0.8965112   0.03157895
  5.7         0.24385965  5.4        -0.89494002  0.03157895  5.7
  0.24385965  5.4        -0.89109486  0.03157895  5.7         0.24561404
  5.4        -0.89558214]",1656.2289657592773
-4.000000000004e-06,[0.10287303],"[ 0.03157895  5.7         0.24385965  5.4        -0.89494002  0.03157895
  5.7         0.24385965  5.4        -0.89109486  0.03157895  5.7
  0.24561404  5.4        -0.89558214  0.03157895  5.73333333  0.24561404
  5.4        -0.89712697]",1656.3061459064484
-0.0025519999999999987,[0.10264409],"[ 0.03157895  5.7         0.24385965  5.4        -0.89109486  0.03157895
  5.7         0.24561404  5.4        -0.89558214  0.03157895  5.73333333
  0.24561404  5.4        -0.89712697  0.02982456  5.7         0.24385965
  5.4        -0.89735591]",1656.3859934806824
4.000000000004e-06,[0.10207974],"[ 0.03157895  5.7         0.24561404  5.4        -0.89558214  0.03157895
  5.73333333  0.24561404  5.4        -0.89712697  0.02982456  5.7
  0.24385965  5.4        -0.89735591  0.03157895  5.7         0.24385965
  5.4        -0.89792025]",1656.4685826301575
-0.0025519999999999987,[0.10055129],"[ 0.03157895  5.73333333  0.24561404  5.4        -0.89712697  0.02982456
  5.7         0.24385965  5.4        -0.89735591  0.03157895  5.7
  0.24385965  5.4        -0.89792025  0.02982456  5.7         0.24561404
  5.36666667 -0.89944869]",1656.548160791397
4.000000000004e-06,[0.10681745],"[ 0.02982456  5.7         0.24385965  5.4        -0.89735591  0.03157895
  5.7         0.24385965  5.4        -0.89792025  0.02982456  5.7
  0.24561404  5.36666667 -0.89944869  0.03157895  5.7         0.24385965
  5.4        -0.89318252]",1656.6281819343567
4.000000000004e-06,[0.10111865],"[ 0.03157895  5.7         0.24385965  5.4        -0.89792025  0.02982456
  5.7         0.24561404  5.36666667 -0.89944869  0.03157895  5.7
  0.24385965  5.4        -0.89318252  0.03157895  5.7         0.24385965
  5.36666667 -0.89888132]",1656.7071447372437
8.000000000001062e-06,[0.10248252],"[ 0.02982456  5.7         0.24561404  5.36666667 -0.89944869  0.03157895
  5.7         0.24385965  5.4        -0.89318252  0.03157895  5.7
  0.24385965  5.36666667 -0.89888132  0.03157895  5.7         0.24385965
  5.4        -0.8975175 ]",1656.7821834087372
8.000000000001062e-06,[0.10300637],"[ 0.03157895  5.7         0.24385965  5.4        -0.89318252  0.03157895
  5.7         0.24385965  5.36666667 -0.89888132  0.03157895  5.7
  0.24385965  5.4        -0.8975175   0.03157895  5.7         0.24385965
  5.36666667 -0.89699364]",1656.8691012859344
0.0,[0.10293788],"[ 0.03157895  5.7         0.24385965  5.36666667 -0.89888132  0.03157895
  5.7         0.24385965  5.4        -0.8975175   0.03157895  5.7
  0.24385965  5.36666667 -0.89699364  0.03157895  5.73333333  0.24561404
  5.36666667 -0.89706212]",1656.9479773044586
3.9999999999970615e-06,[0.10189774],"[ 0.03157895  5.7         0.24385965  5.4        -0.8975175   0.03157895
  5.7         0.24385965  5.36666667 -0.89699364  0.03157895  5.73333333
  0.24561404  5.36666667 -0.89706212  0.03157895  5.73333333  0.24561404
  5.36666667 -0.89810228]",1657.028295993805
0.0,[0.09974004],"[ 0.03157895  5.7         0.24385965  5.36666667 -0.89699364  0.03157895
  5.73333333  0.24561404  5.36666667 -0.89706212  0.03157895  5.73333333
  0.24561404  5.36666667 -0.89810228  0.03157895  5.73333333  0.24561404
  5.36666667 -0.90025997]",1657.1080174446106
0.0,[0.09870997],"[ 0.03157895  5.73333333  0.24561404  5.36666667 -0.89706212  0.03157895
  5.73333333  0.24561404  5.36666667 -0.89810228  0.03157895  5.73333333
  0.24561404  5.36666667 -0.90025997  0.03157895  5.73333333  0.24385965
  5.36666667 -0.90129006]",1657.1859531402588
0.0,[0.10310565],"[ 0.03157895  5.73333333  0.24561404  5.36666667 -0.89810228  0.03157895
  5.73333333  0.24561404  5.36666667 -0.90025997  0.03157895  5.73333333
  0.24385965  5.36666667 -0.90129006  0.03157895  5.73333333  0.24385965
  5.36666667 -0.89689434]",1657.2659306526184
0.0,[0.10317016],"[ 0.03157895  5.73333333  0.24561404  5.36666667 -0.90025997  0.03157895
  5.73333333  0.24385965  5.36666667 -0.90129006  0.03157895  5.73333333
  0.24385965  5.36666667 -0.89689434  0.03157895  5.73333333  0.24385965
  5.36666667 -0.89682984]",1657.3482093811035
0.0,[0.10322433],"[ 0.03157895  5.73333333  0.24385965  5.36666667 -0.90129006  0.03157895
  5.73333333  0.24385965  5.36666667 -0.89689434  0.03157895  5.73333333
  0.24385965  5.36666667 -0.89682984  0.03157895  5.73333333  0.24561404
  5.36666667 -0.89677566]",1657.4231810569763
-4.000000000004e-06,[0.10294931],"[ 0.03157895  5.73333333  0.24385965  5.36666667 -0.89689434  0.03157895
  5.73333333  0.24385965  5.36666667 -0.89682984  0.03157895  5.73333333
  0.24561404  5.36666667 -0.89677566  0.03157895  5.73333333  0.24385965
  5.36666667 -0.89705068]",1657.5082998275757
0.0025519999999999987,[0.10311535],"[ 0.03157895  5.73333333  0.24385965  5.36666667 -0.89682984  0.03157895
  5.73333333  0.24561404  5.36666667 -0.89677566  0.03157895  5.73333333
  0.24385965  5.36666667 -0.89705068  0.03157895  5.73333333  0.24385965
  5.36666667 -0.89688468]",1657.5880963802338
-4.000000000004e-06,[0.10304698],"[ 0.03157895  5.73333333  0.24561404  5.36666667 -0.89677566  0.03157895
  5.73333333  0.24385965  5.36666667 -0.89705068  0.03157895  5.73333333
  0.24385965  5.36666667 -0.89688468  0.03157895  5.73333333  0.24561404
  5.36666667 -0.89695305]",1657.6654706001282
-4.000000000004e-06,[0.10337464],"[ 0.03157895  5.73333333  0.24385965  5.36666667 -0.89705068  0.03157895
  5.73333333  0.24385965  5.36666667 -0.89688468  0.03157895  5.73333333
  0.24561404  5.36666667 -0.89695305  0.03157895  5.73333333  0.24385965
  5.36666667 -0.89662534]",1657.7482118606567
-8.000000000001062e-06,[0.10311063],"[ 0.03157895  5.73333333  0.24385965  5.36666667 -0.89688468  0.03157895
  5.73333333  0.24561404  5.36666667 -0.89695305  0.03157895  5.73333333
  0.24385965  5.36666667 -0.89662534  0.03157895  5.76666667  0.24561404
  5.36666667 -0.89688939]",1657.8320891857147
-3.9999999999970615e-06,[0.10274367],"[ 0.03157895  5.73333333  0.24561404  5.36666667 -0.89695305  0.03157895
  5.73333333  0.24385965  5.36666667 -0.89662534  0.03157895  5.76666667
  0.24561404  5.36666667 -0.89688939  0.03157895  5.76666667  0.24385965
  5.36666667 -0.89725631]",1657.9022154808044
0.0025480000000000017,[0.10191674],"[ 0.03157895  5.73333333  0.24385965  5.36666667 -0.89662534  0.03157895
  5.76666667  0.24561404  5.36666667 -0.89688939  0.03157895  5.76666667
  0.24385965  5.36666667 -0.89725631  0.03157895  5.76666667  0.24385965
  5.36666667 -0.89808327]",1657.9914083480835
-8.000000000001062e-06,[0.09899174],"[ 0.03157895  5.76666667  0.24561404  5.36666667 -0.89688939  0.03157895
  5.76666667  0.24385965  5.36666667 -0.89725631  0.03157895  5.76666667
  0.24385965  5.36666667 -0.89808327  0.03157895  5.76666667  0.24385965
  5.36666667 -0.90100825]",1658.063772201538
0.0025480000000000017,[0.10337169],"[ 0.03157895  5.76666667  0.24385965  5.36666667 -0.89725631  0.03157895
  5.76666667  0.24385965  5.36666667 -0.89808327  0.03157895  5.76666667
  0.24385965  5.36666667 -0.90100825  0.03157895  5.76666667  0.24385965
  5.36666667 -0.89662832]",1658.1431155204773
-8.000000000001062e-06,[0.10315701],"[ 0.03157895  5.76666667  0.24385965  5.36666667 -0.89808327  0.03157895
  5.76666667  0.24385965  5.36666667 -0.90100825  0.03157895  5.76666667
  0.24385965  5.36666667 -0.89662832  0.03157895  5.76666667  0.24561404
  5.36666667 -0.89684296]",1658.2436413764954
-8.000000000001062e-06,[0.10296786],"[ 0.03157895  5.76666667  0.24385965  5.36666667 -0.90100825  0.03157895
  5.76666667  0.24385965  5.36666667 -0.89662832  0.03157895  5.76666667
  0.24561404  5.36666667 -0.89684296  0.03157895  5.76666667  0.24561404
  5.36666667 -0.89703214]",1658.306966304779
-8.000000000001062e-06,[0.10277968],"[ 0.03157895  5.76666667  0.24385965  5.36666667 -0.89662832  0.03157895
  5.76666667  0.24561404  5.36666667 -0.89684296  0.03157895  5.76666667
  0.24561404  5.36666667 -0.89703214  0.03157895  5.76666667  0.24561404
  5.36666667 -0.89722031]",1658.3856184482574
-8.000000000001062e-06,[0.1027953],"[ 0.03157895  5.76666667  0.24561404  5.36666667 -0.89684296  0.03157895
  5.76666667  0.24561404  5.36666667 -0.89703214  0.03157895  5.76666667
  0.24561404  5.36666667 -0.89722031  0.03157895  5.76666667  0.24561404
  5.36666667 -0.8972047 ]",1658.465764284134
-3.9999999999970615e-06,[0.10300357],"[ 0.03157895  5.76666667  0.24561404  5.36666667 -0.89703214  0.03157895
  5.76666667  0.24561404  5.36666667 -0.89722031  0.03157895  5.76666667
  0.24561404  5.36666667 -0.8972047   0.03157895  5.76666667  0.24561404
  5.36666667 -0.89699644]",1658.5470833778381
-3.9999999999970615e-06,[0.10299239],"[ 0.03157895  5.76666667  0.24561404  5.36666667 -0.89722031  0.03157895
  5.76666667  0.24561404  5.36666667 -0.8972047   0.03157895  5.76666667
  0.24561404  5.36666667 -0.89699644  0.03157895  5.76666667  0.24561404
  5.36666667 -0.89700758]",1658.640879392624
-3.9999999999970615e-06,[0.10298219],"[ 0.03157895  5.76666667  0.24561404  5.36666667 -0.8972047   0.03157895
  5.76666667  0.24561404  5.36666667 -0.89699644  0.03157895  5.76666667
  0.24561404  5.36666667 -0.89700758  0.03157895  5.76666667  0.24561404
  5.36666667 -0.89701784]",1658.7133297920227
-3.9999999999970615e-06,[0.10298617],"[ 0.03157895  5.76666667  0.24561404  5.36666667 -0.89699644  0.03157895
  5.76666667  0.24561404  5.36666667 -0.89700758  0.03157895  5.76666667
  0.24561404  5.36666667 -0.89701784  0.03157895  5.76666667  0.24385965
  5.36666667 -0.89701384]",1658.7921450138092
-3.9999999999970615e-06,[0.10307103],"[ 0.03157895  5.76666667  0.24561404  5.36666667 -0.89700758  0.03157895
  5.76666667  0.24561404  5.36666667 -0.89701784  0.03157895  5.76666667
  0.24385965  5.36666667 -0.89701384  0.03157895  5.76666667  0.24385965
  5.36666667 -0.89692897]",1658.8722066879272
-3.9999999999970615e-06,[0.10318871],"[ 0.03157895  5.76666667  0.24561404  5.36666667 -0.89701784  0.03157895
  5.76666667  0.24385965  5.36666667 -0.89701384  0.03157895  5.76666667
  0.24385965  5.36666667 -0.89692897  0.03157895  5.76666667  0.24385965
  5.36666667 -0.89681131]",1658.9533507823944
-3.9999999999970615e-06,[0.10337977],"[ 0.03157895  5.76666667  0.24385965  5.36666667 -0.89701384  0.03157895
  5.76666667  0.24385965  5.36666667 -0.89692897  0.03157895  5.76666667
  0.24385965  5.36666667 -0.89681131  0.03157895  5.76666667  0.24385965
  5.36666667 -0.89662021]",1659.0319242477417
-3.9999999999970615e-06,[0.10316108],"[ 0.03157895  5.76666667  0.24385965  5.36666667 -0.89692897  0.03157895
  5.76666667  0.24385965  5.36666667 -0.89681131  0.03157895  5.76666667
  0.24385965  5.36666667 -0.89662021  0.03157895  5.76666667  0.24561404
  5.36666667 -0.8968389 ]",1659.1160142421722
-3.9999999999970615e-06,[0.10308988],"[ 0.03157895  5.76666667  0.24385965  5.36666667 -0.89681131  0.03157895
  5.76666667  0.24385965  5.36666667 -0.89662021  0.03157895  5.76666667
  0.24561404  5.36666667 -0.8968389   0.03157895  5.76666667  0.24561404
  5.36666667 -0.89691013]",1659.1925942897797
-3.9999999999970615e-06,[0.1029816],"[ 0.03157895  5.76666667  0.24385965  5.36666667 -0.89662021  0.03157895
  5.76666667  0.24561404  5.36666667 -0.8968389   0.03157895  5.76666667
  0.24561404  5.36666667 -0.89691013  0.03157895  5.76666667  0.24561404
  5.36666667 -0.89701837]",1659.270150899887
-3.9999999999970615e-06,[0.10279592],"[ 0.03157895  5.76666667  0.24561404  5.36666667 -0.8968389   0.03157895
  5.76666667  0.24561404  5.36666667 -0.89691013  0.03157895  5.76666667
  0.24561404  5.36666667 -0.89701837  0.03157895  5.76666667  0.24561404
  5.36666667 -0.8972041 ]",1659.3522200584412
0.0,[0.10300452],"[ 0.03157895  5.76666667  0.24561404  5.36666667 -0.89691013  0.03157895
  5.76666667  0.24561404  5.36666667 -0.89701837  0.03157895  5.76666667
  0.24561404  5.36666667 -0.8972041   0.03157895  5.76666667  0.24561404
  5.36666667 -0.89699548]",1659.4315547943115
0.0,[0.10300127],"[ 0.03157895  5.76666667  0.24561404  5.36666667 -0.89701837  0.03157895
  5.76666667  0.24561404  5.36666667 -0.8972041   0.03157895  5.76666667
  0.24561404  5.36666667 -0.89699548  0.03157895  5.76666667  0.24561404
  5.36666667 -0.89699876]",1659.5091559886932
3.9999999999970615e-06,[0.10299189],"[ 0.03157895  5.76666667  0.24561404  5.36666667 -0.8972041   0.03157895
  5.76666667  0.24561404  5.36666667 -0.89699548  0.03157895  5.76666667
  0.24561404  5.36666667 -0.89699876  0.03157895  5.73333333  0.24561404
  5.36666667 -0.89700812]",1659.5909986495972
3.9999999999970615e-06,[0.10309701],"[ 0.03157895  5.76666667  0.24561404  5.36666667 -0.89699548  0.03157895
  5.76666667  0.24561404  5.36666667 -0.89699876  0.03157895  5.73333333
  0.24561404  5.36666667 -0.89700812  0.03157895  5.73333333  0.24561404
  5.36666667 -0.89690298]",1659.6663587093353
3.9999999999970615e-06,[0.104384],"[ 0.03157895  5.76666667  0.24561404  5.36666667 -0.89699876  0.03157895
  5.73333333  0.24561404  5.36666667 -0.89700812  0.03157895  5.73333333
  0.24561404  5.36666667 -0.89690298  0.03157895  5.73333333  0.24385965
  5.36666667 -0.89561599]",1659.7486720085144
3.9999999999970615e-06,[0.10713487],"[ 0.03157895  5.73333333  0.24561404  5.36666667 -0.89700812  0.03157895
  5.73333333  0.24561404  5.36666667 -0.89690298  0.03157895  5.73333333
  0.24385965  5.36666667 -0.89561599  0.03157895  5.73333333  0.24561404
  5.36666667 -0.89286512]",1659.833196401596
3.9999999999970615e-06,[0.10313699],"[ 0.03157895  5.73333333  0.24561404  5.36666667 -0.89690298  0.03157895
  5.73333333  0.24385965  5.36666667 -0.89561599  0.03157895  5.73333333
  0.24561404  5.36666667 -0.89286512  0.03157895  5.73333333  0.24561404
  5.36666667 -0.89686298]",1659.9147038459778
3.9999999999970615e-06,[0.10318945],"[ 0.03157895  5.73333333  0.24385965  5.36666667 -0.89561599  0.03157895
  5.73333333  0.24561404  5.36666667 -0.89286512  0.03157895  5.73333333
  0.24561404  5.36666667 -0.89686298  0.03157895  5.73333333  0.24385965
  5.36666667 -0.89681053]",1659.9931061267853
3.9999999999970615e-06,[0.10304641],"[ 0.03157895  5.73333333  0.24561404  5.36666667 -0.89286512  0.03157895
  5.73333333  0.24561404  5.36666667 -0.89686298  0.03157895  5.73333333
  0.24385965  5.36666667 -0.89681053  0.03157895  5.73333333  0.24385965
  5.36666667 -0.89695358]",1660.0662257671356
3.9999999999970615e-06,[0.1034464],"[ 0.03157895  5.73333333  0.24561404  5.36666667 -0.89686298  0.03157895
  5.73333333  0.24385965  5.36666667 -0.89681053  0.03157895  5.73333333
  0.24385965  5.36666667 -0.89695358  0.03157895  5.73333333  0.24385965
  5.36666667 -0.89655358]",1660.1546313762665
8.000000000001062e-06,[0.10345849],"[ 0.03157895  5.73333333  0.24385965  5.36666667 -0.89681053  0.03157895
  5.73333333  0.24385965  5.36666667 -0.89695358  0.03157895  5.73333333
  0.24385965  5.36666667 -0.89655358  0.03157895  5.7         0.24561404
  5.36666667 -0.89654154]",1660.2300555706024
8.000000000001062e-06,[0.10327345],"[ 0.03157895  5.73333333  0.24385965  5.36666667 -0.89695358  0.03157895
  5.73333333  0.24385965  5.36666667 -0.89655358  0.03157895  5.7
  0.24561404  5.36666667 -0.89654154  0.03157895  5.7         0.24385965
  5.36666667 -0.89672655]",1660.3118958473206
8.000000000001062e-06,[0.10442311],"[ 0.03157895  5.73333333  0.24385965  5.36666667 -0.89655358  0.03157895
  5.7         0.24561404  5.36666667 -0.89654154  0.03157895  5.7
  0.24385965  5.36666667 -0.89672655  0.03157895  5.7         0.24385965
  5.4        -0.89557689]",1660.3897721767426
8.000000000001062e-06,[0.10719329],"[ 0.03157895  5.7         0.24561404  5.36666667 -0.89654154  0.03157895
  5.7         0.24385965  5.36666667 -0.89672655  0.03157895  5.7
  0.24385965  5.4        -0.89557689  0.03157895  5.7         0.24385965
  5.4        -0.89280671]",1660.4727230072021
8.000000000001062e-06,[0.10500057],"[ 0.03157895  5.7         0.24385965  5.36666667 -0.89672655  0.03157895
  5.7         0.24385965  5.4        -0.89557689  0.03157895  5.7
  0.24385965  5.4        -0.89280671  0.03157895  5.7         0.24385965
  5.4        -0.89499944]",1660.5532913208008
-0.0025480000000000017,[0.10446203],"[ 0.03157895  5.7         0.24385965  5.4        -0.89557689  0.03157895
  5.7         0.24385965  5.4        -0.89280671  0.03157895  5.7
  0.24385965  5.4        -0.89499944  0.02982456  5.7         0.24385965
  5.4        -0.89553797]",1660.6309802532196
8.000000000001062e-06,[0.10309577],"[ 0.03157895  5.7         0.24385965  5.4        -0.89280671  0.03157895
  5.7         0.24385965  5.4        -0.89499944  0.02982456  5.7
  0.24385965  5.4        -0.89553797  0.03157895  5.7         0.24385965
  5.4        -0.89690423]",1660.7132940292358
8.000000000001062e-06,[0.10302746],"[ 0.03157895  5.7         0.24385965  5.4        -0.89499944  0.02982456
  5.7         0.24385965  5.4        -0.89553797  0.03157895  5.7
  0.24385965  5.4        -0.89690423  0.03157895  5.7         0.24385965
  5.4        -0.89697254]",1660.7899794578552
-0.0025480000000000017,[0.10306929],"[ 0.02982456  5.7         0.24385965  5.4        -0.89553797  0.03157895
  5.7         0.24385965  5.4        -0.89690423  0.03157895  5.7
  0.24385965  5.4        -0.89697254  0.02982456  5.7         0.24385965
  5.4        -0.89693069]",1660.8662316799164
8.000000000001062e-06,[0.10312461],"[ 0.03157895  5.7         0.24385965  5.4        -0.89690423  0.03157895
  5.7         0.24385965  5.4        -0.89697254  0.02982456  5.7
  0.24385965  5.4        -0.89693069  0.03157895  5.7         0.24385965
  5.4        -0.89687538]",1660.95223903656
8.000000000001062e-06,[0.10281512],"[ 0.03157895  5.7         0.24385965  5.4        -0.89697254  0.02982456
  5.7         0.24385965  5.4        -0.89693069  0.03157895  5.7
  0.24385965  5.4        -0.89687538  0.03157895  5.7         0.24385965
  5.4        -0.89718485]",1661.030002117157
8.000000000001062e-06,[0.10295745],"[ 0.02982456  5.7         0.24385965  5.4        -0.89693069  0.03157895
  5.7         0.24385965  5.4        -0.89687538  0.03157895  5.7
  0.24385965  5.4        -0.89718485  0.03157895  5.7         0.24561404
  5.4        -0.89704257]",1661.1165826320648
4.000000000004e-06,[0.1029039],"[ 0.03157895  5.7         0.24385965  5.4        -0.89687538  0.03157895
  5.7         0.24385965  5.4        -0.89718485  0.03157895  5.7
  0.24561404  5.4        -0.89704257  0.03157895  5.7         0.24385965
  5.4        -0.8970961 ]",1661.1962189674377
4.000000000004e-06,[0.10286581],"[ 0.03157895  5.7         0.24385965  5.4        -0.89718485  0.03157895
  5.7         0.24561404  5.4        -0.89704257  0.03157895  5.7
  0.24385965  5.4        -0.8970961   0.03157895  5.7         0.24385965
  5.4        -0.89713418]",1661.2687919139862
-0.0025519999999999987,[0.1027657],"[ 0.03157895  5.7         0.24561404  5.4        -0.89704257  0.03157895
  5.7         0.24385965  5.4        -0.8970961   0.03157895  5.7
  0.24385965  5.4        -0.89713418  0.02982456  5.7         0.24385965
  5.4        -0.89723432]",1661.3462467193604
4.000000000004e-06,[0.10321082],"[ 0.03157895  5.7         0.24385965  5.4        -0.8970961   0.03157895
  5.7         0.24385965  5.4        -0.89713418  0.02982456  5.7
  0.24385965  5.4        -0.89723432  0.03157895  5.7         0.24385965
  5.4        -0.89678919]",1661.4402363300323
4.000000000004e-06,[0.10280586],"[ 0.03157895  5.7         0.24385965  5.4        -0.89713418  0.02982456
  5.7         0.24385965  5.4        -0.89723432  0.03157895  5.7
  0.24385965  5.4        -0.89678919  0.03157895  5.7         0.24385965
  5.4        -0.89719415]",1661.5155036449432
4.000000000004e-06,[0.1029449],"[ 0.02982456  5.7         0.24385965  5.4        -0.89723432  0.03157895
  5.7         0.24385965  5.4        -0.89678919  0.03157895  5.7
  0.24385965  5.4        -0.89719415  0.03157895  5.7         0.24385965
  5.4        -0.89705509]",1661.5864782333374
4.000000000004e-06,[0.10299888],"[ 0.03157895  5.7         0.24385965  5.4        -0.89678919  0.03157895
  5.7         0.24385965  5.4        -0.89719415  0.03157895  5.7
  0.24385965  5.4        -0.89705509  0.03157895  5.7         0.24385965
  5.36666667 -0.89700115]",1661.6730670928955
4.000000000004e-06,[0.10243578],"[ 0.03157895  5.7         0.24385965  5.4        -0.89719415  0.03157895
  5.7         0.24385965  5.4        -0.89705509  0.03157895  5.7
  0.24385965  5.36666667 -0.89700115  0.03157895  5.7         0.24385965
  5.4        -0.89756423]",1661.7478621006012
0.0,[0.10137327],"[ 0.03157895  5.7         0.24385965  5.4        -0.89705509  0.03157895
  5.7         0.24385965  5.36666667 -0.89700115  0.03157895  5.7
  0.24385965  5.4        -0.89756423  0.03157895  5.7         0.24385965
  5.36666667 -0.89862674]",1661.8261647224426
0.0,[0.10279194],"[ 0.03157895  5.7         0.24385965  5.36666667 -0.89700115  0.03157895
  5.7         0.24385965  5.4        -0.89756423  0.03157895  5.7
  0.24385965  5.36666667 -0.89862674  0.03157895  5.7         0.24385965
  5.4        -0.89720803]",1661.9122660160065
0.0,[0.10281412],"[ 0.03157895  5.7         0.24385965  5.4        -0.89756423  0.03157895
  5.7         0.24385965  5.36666667 -0.89862674  0.03157895  5.7
  0.24385965  5.4        -0.89720803  0.03157895  5.7         0.24385965
  5.36666667 -0.89718586]",1661.9947333335876
0.0,[0.10272636],"[ 0.03157895  5.7         0.24385965  5.36666667 -0.89862674  0.03157895
  5.7         0.24385965  5.4        -0.89720803  0.03157895  5.7
  0.24385965  5.36666667 -0.89718586  0.03157895  5.7         0.24385965
  5.36666667 -0.89727366]",1662.0726473331451
0.0,[0.10229836],"[ 0.03157895  5.7         0.24385965  5.4        -0.89720803  0.03157895
  5.7         0.24385965  5.36666667 -0.89718586  0.03157895  5.7
  0.24385965  5.36666667 -0.89727366  0.03157895  5.7         0.24385965
  5.36666667 -0.89770162]",1662.1520671844482
0.0025519999999999987,[0.10118367],"[ 0.03157895  5.7         0.24385965  5.36666667 -0.89718586  0.03157895
  5.7         0.24385965  5.36666667 -0.89727366  0.03157895  5.7
  0.24385965  5.36666667 -0.89770162  0.03157895  5.73333333  0.24385965
  5.36666667 -0.89881635]",1662.2319819927216
-4.000000000004e-06,[0.1024625],"[ 0.03157895  5.7         0.24385965  5.36666667 -0.89727366  0.03157895
  5.7         0.24385965  5.36666667 -0.89770162  0.03157895  5.73333333
  0.24385965  5.36666667 -0.89881635  0.03157895  5.73333333  0.24385965
  5.36666667 -0.89753747]",1662.3119912147522
0.0,[0.10149709],"[ 0.03157895  5.7         0.24385965  5.36666667 -0.89770162  0.03157895
  5.73333333  0.24385965  5.36666667 -0.89881635  0.03157895  5.73333333
  0.24385965  5.36666667 -0.89753747  0.03157895  5.7         0.24385965
  5.4        -0.89850289]",1662.3930485248566
0.0,[0.09950372],"[ 0.03157895  5.73333333  0.24385965  5.36666667 -0.89881635  0.03157895
  5.73333333  0.24385965  5.36666667 -0.89753747  0.03157895  5.7
  0.24385965  5.4        -0.89850289  0.02982456  5.7         0.24385965
  5.4        -0.9004963 ]",1662.4725592136383
0.0,[0.10672311],"[ 0.03157895  5.73333333  0.24385965  5.36666667 -0.89753747  0.03157895
  5.7         0.24385965  5.4        -0.89850289  0.02982456  5.7
  0.24385965  5.4        -0.9004963   0.03157895  5.7         0.24385965
  5.4        -0.89327687]",1662.5513002872467
0.0,[0.10851985],"[ 0.03157895  5.7         0.24385965  5.4        -0.89850289  0.02982456
  5.7         0.24385965  5.4        -0.9004963   0.03157895  5.7
  0.24385965  5.4        -0.89327687  0.03157895  5.7         0.24561404
  5.4        -0.89148015]",1662.6370301246643
