reward,action,obs,time
,,"[0.         0.         0.         0.         0.         0.
 0.         0.         0.         0.         0.         0.
 0.         0.         0.         0.02982456 5.53333333 0.24385965
 5.5        0.        ]",262.8135726451874
0.0025280000000000025,[-0.25562072],"[ 0.          0.          0.          0.          0.          0.
  0.          0.          0.          0.          0.02982456  5.53333333
  0.24385965  5.5         0.          0.03157895  5.76666667  0.24385965
  5.36666667 -1.25562072]",262.964994430542
8.000000000001062e-06,[-0.43571177],"[ 0.          0.          0.          0.          0.          0.02982456
  5.53333333  0.24385965  5.5         0.          0.03157895  5.76666667
  0.24385965  5.36666667 -1.25562072  0.02982456  5.46666667  0.24385965
  5.5        -1.43571174]",263.01743721961975
-1.1999999999998123e-05,[0.65169036],"[ 0.02982456  5.53333333  0.24385965  5.5         0.          0.03157895
  5.76666667  0.24385965  5.36666667 -1.25562072  0.02982456  5.46666667
  0.24385965  5.5        -1.43571174  0.02982456  5.63333333  0.24385965
  5.43333333 -0.34830964]",263.0625789165497
-1.1999999999998123e-05,[-0.3925134],"[ 0.03157895  5.76666667  0.24385965  5.36666667 -1.25562072  0.02982456
  5.46666667  0.24385965  5.5        -1.43571174  0.02982456  5.63333333
  0.24385965  5.43333333 -0.34830964  0.02982456  5.63333333  0.24385965
  5.43333333 -1.39251339]",263.1263053417206
-1.1999999999998123e-05,[0.3606236],"[ 0.02982456  5.46666667  0.24385965  5.5        -1.43571174  0.02982456
  5.63333333  0.24385965  5.43333333 -0.34830964  0.02982456  5.63333333
  0.24385965  5.43333333 -1.39251339  0.02982456  5.63333333  0.24385965
  5.46666667 -0.6393764 ]",263.15977025032043
3.9999999999970615e-06,[0.37466678],"[ 0.02982456  5.63333333  0.24385965  5.43333333 -0.34830964  0.02982456
  5.63333333  0.24385965  5.43333333 -1.39251339  0.02982456  5.63333333
  0.24385965  5.46666667 -0.6393764   0.02982456  5.5         0.24561404
  5.56666667 -0.62533319]",263.21679496765137
0.0025599999999999998,[-0.2489174],"[ 0.02982456  5.63333333  0.24385965  5.43333333 -1.39251339  0.02982456
  5.63333333  0.24385965  5.46666667 -0.6393764   0.02982456  5.5
  0.24561404  5.56666667 -0.62533319  0.03157895  5.5         0.24736842
  5.53333333 -1.24891734]",263.2651882171631
0.0051119999999999985,[-0.13147865],"[ 0.02982456  5.63333333  0.24385965  5.46666667 -0.6393764   0.02982456
  5.5         0.24561404  5.56666667 -0.62533319  0.03157895  5.5
  0.24736842  5.53333333 -1.24891734  0.03333333  5.53333333  0.24736842
  5.5        -1.13147867]",263.3097252845764
0.007656000000000003,[0.95214176],"[ 0.02982456  5.5         0.24561404  5.56666667 -0.62533319  0.03157895
  5.5         0.24736842  5.53333333 -1.24891734  0.03333333  5.53333333
  0.24736842  5.5        -1.13147867  0.03508772  5.63333333  0.24736842
  5.33333333 -0.04785824]",263.3630666732788
0.010216000000000003,[-0.45535788],"[ 0.03157895  5.5         0.24736842  5.53333333 -1.24891734  0.03333333
  5.53333333  0.24736842  5.5        -1.13147867  0.03508772  5.63333333
  0.24736842  5.33333333 -0.04785824  0.03684211  5.6         0.24736842
  5.33333333 -1.45535791]",263.445029258728
0.015316000000000001,[-0.19462578],"[ 0.03333333  5.53333333  0.24736842  5.5        -1.13147867  0.03508772
  5.63333333  0.24736842  5.33333333 -0.04785824  0.03684211  5.6
  0.24736842  5.33333333 -1.45535791  0.04035088  5.7         0.24912281
  5.2        -1.19462574]",263.52407336235046
0.017883999999999994,[0.27115262],"[ 0.03508772  5.63333333  0.24736842  5.33333333 -0.04785824  0.03684211
  5.6         0.24736842  5.33333333 -1.45535791  0.04035088  5.7
  0.24912281  5.2        -1.19462574  0.04210526  5.6         0.25263158
  5.23333333 -0.72884738]",263.6047580242157
0.022992000000000002,[-0.7129896],"[ 0.03684211  5.6         0.24736842  5.33333333 -1.45535791  0.04035088
  5.7         0.24912281  5.2        -1.19462574  0.04210526  5.6
  0.25263158  5.23333333 -0.72884738  0.04561404  5.63333333  0.25964912
  5.26666667 -1.71298957]",263.6854956150055
0.03576,[0.8960875],"[ 0.04035088  5.7         0.24912281  5.2        -1.19462574  0.04210526
  5.6         0.25263158  5.23333333 -0.72884738  0.04561404  5.63333333
  0.25964912  5.26666667 -1.71298957  0.05438596  5.73333333  0.26491228
  5.13333333 -0.10391247]",263.7656056880951
0.03834,[0.6452754],"[ 0.04210526  5.6         0.25263158  5.23333333 -0.72884738  0.04561404
  5.63333333  0.25964912  5.26666667 -1.71298957  0.05438596  5.73333333
  0.26491228  5.13333333 -0.10391247  0.05614035  5.53333333  0.27017544
  5.26666667 -0.35472459]",263.8686363697052
0.05109999999999999,[-0.86572695],"[ 0.04561404  5.63333333  0.25964912  5.26666667 -1.71298957  0.05438596
  5.73333333  0.26491228  5.13333333 -0.10391247  0.05614035  5.53333333
  0.27017544  5.26666667 -0.35472459  0.06491228  5.7         0.2754386
  5.1        -1.86572695]",263.9304370880127
0.06386,[-0.7034597],"[ 0.05438596  5.73333333  0.26491228  5.13333333 -0.10391247  0.05614035
  5.53333333  0.27017544  5.26666667 -0.35472459  0.06491228  5.7
  0.2754386   5.1        -1.86572695  0.07368421  5.86666667  0.27894737
  4.76666667 -1.70345974]",264.004353761673
0.07154799999999997,[-0.350573],"[ 0.05614035  5.53333333  0.27017544  5.26666667 -0.35472459  0.06491228
  5.7         0.2754386   5.1        -1.86572695  0.07368421  5.86666667
  0.27894737  4.76666667 -1.70345974  0.07894737  5.7         0.28421053
  4.8        -1.35057306]",264.08701753616333
0.07668799999999998,[-0.8385297],"[ 0.06491228  5.7         0.2754386   5.1        -1.86572695  0.07368421
  5.86666667  0.27894737  4.76666667 -1.70345974  0.07894737  5.7
  0.28421053  4.8        -1.35057306  0.08245614  5.46666667  0.29122807
  4.96666667 -1.83852971]",264.162095785141
0.08947599999999997,[0.63316363],"[ 0.07368421  5.86666667  0.27894737  4.76666667 -1.70345974  0.07894737
  5.7         0.28421053  4.8        -1.35057306  0.08245614  5.46666667
  0.29122807  4.96666667 -1.83852971  0.09122807  5.4         0.30175439
  5.03333333 -0.36683637]",264.2501525878906
0.09974800000000002,[-0.9792306],"[ 0.07894737  5.7         0.28421053  4.8        -1.35057306  0.08245614
  5.46666667  0.29122807  4.96666667 -1.83852971  0.09122807  5.4
  0.30175439  5.03333333 -0.36683637  0.1         5.23333333  0.31403509
  5.1        -1.97923064]",264.3252534866333
0.11504,[-0.30139557],"[ 0.08245614  5.46666667  0.29122807  4.96666667 -1.83852971  0.09122807
  5.4         0.30175439  5.03333333 -0.36683637  0.1         5.23333333
  0.31403509  5.1        -1.97923064  0.10877193  5.3         0.32631579
  4.93333333 -1.30139554]",264.4217884540558
0.12532000000000001,[-0.63124925],"[ 0.09122807  5.4         0.30175439  5.03333333 -0.36683637  0.1
  5.23333333  0.31403509  5.1        -1.97923064  0.10877193  5.3
  0.32631579  4.93333333 -1.30139554  0.11578947  5.          0.33684211
  5.         -1.63124919]",264.4855418205261
0.13556800000000002,[-0.61734796],"[ 0.1         5.23333333  0.31403509  5.1        -1.97923064  0.10877193
  5.3         0.32631579  4.93333333 -1.30139554  0.11578947  5.
  0.33684211  5.         -1.63124919  0.12280702  4.8         0.34561404
  5.03333333 -1.61734796]",264.56419944763184
0.17386799999999997,[0.14234926],"[ 0.10877193  5.3         0.32631579  4.93333333 -1.30139554  0.11578947
  5.          0.33684211  5.         -1.63124919  0.12280702  4.8
  0.34561404  5.03333333 -1.61734796  0.14912281  5.13333333  0.35263158
  5.06666667 -0.85765076]",264.64193320274353
0.17896800000000002,[-0.32550824],"[ 0.11578947  5.          0.33684211  5.         -1.63124919  0.12280702
  4.8         0.34561404  5.03333333 -1.61734796  0.14912281  5.13333333
  0.35263158  5.06666667 -0.85765076  0.15263158  5.1         0.35964912
  5.03333333 -1.32550824]",264.7273020744324
0.18152,[0.1745471],"[ 0.12280702  4.8         0.34561404  5.03333333 -1.61734796  0.14912281
  5.13333333  0.35263158  5.06666667 -0.85765076  0.15263158  5.1
  0.35964912  5.03333333 -1.32550824  0.15614035  5.13333333  0.36666667
  4.9        -0.82545292]",264.8062205314636
0.184084,[0.0631914],"[ 0.14912281  5.13333333  0.35263158  5.06666667 -0.85765076  0.15263158
  5.1         0.35964912  5.03333333 -1.32550824  0.15614035  5.13333333
  0.36666667  4.9        -0.82545292  0.15964912  5.1         0.37192982
  4.96666667 -0.93680859]",264.8858699798584
0.191764,[0.8378369],"[ 0.15263158  5.1         0.35964912  5.03333333 -1.32550824  0.15614035
  5.13333333  0.36666667  4.9        -0.82545292  0.15964912  5.1
  0.37192982  4.96666667 -0.93680859  0.16666667  5.1         0.37894737
  4.83333333 -0.16216308]",264.98285031318665
0.20197999999999997,[-0.21446387],"[ 0.15614035  5.13333333  0.36666667  4.9        -0.82545292  0.15964912
  5.1         0.37192982  4.96666667 -0.93680859  0.16666667  5.1
  0.37894737  4.83333333 -0.16216308  0.1754386   5.13333333  0.38596491
  4.7        -1.21446383]",265.04622054100037
0.20964399999999994,[-0.2290219],"[ 0.15964912  5.1         0.37192982  4.96666667 -0.93680859  0.16666667
  5.1         0.37894737  4.83333333 -0.16216308  0.1754386   5.13333333
  0.38596491  4.7        -1.21446383  0.18421053  5.26666667  0.39473684
  4.46666667 -1.22902191]",265.12501215934753
0.214748,[-0.07047908],"[ 0.16666667  5.1         0.37894737  4.83333333 -0.16216308  0.1754386
  5.13333333  0.38596491  4.7        -1.21446383  0.18421053  5.26666667
  0.39473684  4.46666667 -1.22902191  0.18947368  5.23333333  0.4
  4.5        -1.07047904]",265.20526027679443
0.21477200000000005,[-0.8873515],"[ 0.1754386   5.13333333  0.38596491  4.7        -1.21446383  0.18421053
  5.26666667  0.39473684  4.46666667 -1.22902191  0.18947368  5.23333333
  0.4         4.5        -1.07047904  0.19298246  5.06666667  0.40701754
  4.66666667 -1.88735151]",265.2749238014221
0.214792,[-0.89242053],"[ 0.18421053  5.26666667  0.39473684  4.46666667 -1.22902191  0.18947368
  5.23333333  0.4         4.5        -1.07047904  0.19298246  5.06666667
  0.40701754  4.66666667 -1.88735151  0.20175439  5.          0.41403509
  4.7        -1.89242053]",265.3719325065613
0.22246799999999997,[0.26635495],"[ 0.18947368  5.23333333  0.4         4.5        -1.07047904  0.19298246
  5.06666667  0.40701754  4.66666667 -1.88735151  0.20175439  5.
  0.41403509  4.7        -1.89242053  0.20877193  4.73333333  0.42280702
  4.93333333 -0.73364508]",265.4573311805725
0.22505200000000003,[0.53703386],"[ 0.19298246  5.06666667  0.40701754  4.66666667 -1.88735151  0.20175439
  5.          0.41403509  4.7        -1.89242053  0.20877193  4.73333333
  0.42280702  4.93333333 -0.73364508  0.21929825  4.66666667  0.43333333
  5.03333333 -0.46296614]",265.531042098999
0.227596,[0.9942618],"[ 0.20175439  5.          0.41403509  4.7        -1.89242053  0.20877193
  4.73333333  0.42280702  4.93333333 -0.73364508  0.21929825  4.66666667
  0.43333333  5.03333333 -0.46296614  0.22982456  4.93333333  0.44385965
  4.86666667 -0.0057382 ]",265.60594296455383
0.23010799999999998,[-0.5411193],"[ 0.20877193  4.73333333  0.42280702  4.93333333 -0.73364508  0.21929825
  4.66666667  0.43333333  5.03333333 -0.46296614  0.22982456  4.93333333
  0.44385965  4.86666667 -0.0057382   0.23684211  5.13333333  0.45087719
  4.53333333 -1.54111934]",265.68542194366455
0.23774,[0.374455],"[ 0.21929825  4.66666667  0.43333333  5.03333333 -0.46296614  0.22982456
  4.93333333  0.44385965  4.86666667 -0.0057382   0.23684211  5.13333333
  0.45087719  4.53333333 -1.54111934  0.24561404  5.2         0.45263158
  4.26666667 -0.62554502]",265.7642385959625
0.230072,[0.31091964],"[ 0.22982456  4.93333333  0.44385965  4.86666667 -0.0057382   0.23684211
  5.13333333  0.45087719  4.53333333 -1.54111934  0.24561404  5.2
  0.45263158  4.26666667 -0.62554502  0.24912281  5.13333333  0.45789474
  4.23333333 -0.68908036]",265.8569686412811
0.23004800000000003,[-0.03425737],"[ 0.23684211  5.13333333  0.45087719  4.53333333 -1.54111934  0.24561404
  5.2         0.45263158  4.26666667 -0.62554502  0.24912281  5.13333333
  0.45789474  4.23333333 -0.68908036  0.25789474  5.16666667  0.46315789
  4.13333333 -1.03425741]",265.922411441803
0.23005600000000004,[0.5371866],"[ 0.24561404  5.2         0.45263158  4.26666667 -0.62554502  0.24912281
  5.13333333  0.45789474  4.23333333 -0.68908036  0.25789474  5.16666667
  0.46315789  4.13333333 -1.03425741  0.26666667  5.16666667  0.47192982
  4.06666667 -0.46281338]",266.0073175430298
0.23258,[-0.32191417],"[ 0.24912281  5.13333333  0.45789474  4.23333333 -0.68908036  0.25789474
  5.16666667  0.46315789  4.13333333 -1.03425741  0.26666667  5.16666667
  0.47192982  4.06666667 -0.46281338  0.2754386   5.13333333  0.48070175
  4.03333333 -1.3219142 ]",266.08459520339966
0.24021599999999999,[0.853171],"[ 0.25789474  5.16666667  0.46315789  4.13333333 -1.03425741  0.26666667
  5.16666667  0.47192982  4.06666667 -0.46281338  0.2754386   5.13333333
  0.48070175  4.03333333 -1.3219142   0.2877193   5.2         0.4877193
  3.83333333 -0.14682901]",266.16238474845886
0.20960400000000004,[-0.6734751],"[ 0.26666667  5.16666667  0.47192982  4.06666667 -0.46281338  0.2754386
  5.13333333  0.48070175  4.03333333 -1.3219142   0.2877193   5.2
  0.4877193   3.83333333 -0.14682901  0.29298246  5.03333333  0.49649123
  3.8        -1.67347503]",266.2545359134674
0.21726,[0.20897275],"[ 0.2754386   5.13333333  0.48070175  4.03333333 -1.3219142   0.2877193
  5.2         0.4877193   3.83333333 -0.14682901  0.29298246  5.03333333
  0.49649123  3.8        -1.67347503  0.30175439  5.1         0.5
  3.7        -0.79102725]",266.319051027298
0.21471999999999997,[0.2506904],"[ 0.2877193   5.2         0.4877193   3.83333333 -0.14682901  0.29298246
  5.03333333  0.49649123  3.8        -1.67347503  0.30175439  5.1
  0.5         3.7        -0.79102725  0.30350877  5.          0.50701754
  3.86666667 -0.7493096 ]",266.406081199646
0.21471599999999996,[0.34180498],"[ 0.29298246  5.03333333  0.49649123  3.8        -1.67347503  0.30175439
  5.1         0.5         3.7        -0.79102725  0.30350877  5.
  0.50701754  3.86666667 -0.7493096   0.30701754  5.          0.51052632
  3.83333333 -0.65819502]",266.50969552993774
0.21726,[0.329698],"[ 0.30175439  5.1         0.5         3.7        -0.79102725  0.30350877
  5.          0.50701754  3.86666667 -0.7493096   0.30701754  5.
  0.51052632  3.83333333 -0.65819502  0.31578947  5.1         0.51403509
  3.7        -0.67030203]",266.5727343559265
0.21214399999999997,[-0.685909],"[ 0.30350877  5.          0.50701754  3.86666667 -0.7493096   0.30701754
  5.          0.51052632  3.83333333 -0.65819502  0.31578947  5.1
  0.51403509  3.7        -0.67030203  0.32105263  5.16666667  0.51929825
  3.73333333 -1.68590903]",266.646244764328
0.2045,[-0.14041181],"[ 0.30701754  5.          0.51052632  3.83333333 -0.65819502  0.31578947
  5.1         0.51403509  3.7        -0.67030203  0.32105263  5.16666667
  0.51929825  3.73333333 -1.68590903  0.3245614   5.1         0.52631579
  3.8        -1.14041185]",266.72466254234314
0.19941199999999998,[0.87298954],"[ 0.31578947  5.1         0.51403509  3.7        -0.67030203  0.32105263
  5.16666667  0.51929825  3.73333333 -1.68590903  0.3245614   5.1
  0.52631579  3.8        -1.14041185  0.32631579  4.86666667  0.53684211
  4.         -0.12701046]",266.7952575683594
0.2070479999999999,[0.05819669],"[ 0.32105263  5.16666667  0.51929825  3.73333333 -1.68590903  0.3245614
  5.1         0.52631579  3.8        -1.14041185  0.32631579  4.86666667
  0.53684211  4.         -0.12701046  0.33508772  4.96666667  0.54035088
  3.96666667 -0.94180334]",266.8833997249603
0.20445600000000003,[0.47119695],"[ 0.3245614   5.1         0.52631579  3.8        -1.14041185  0.32631579
  4.86666667  0.53684211  4.         -0.12701046  0.33508772  4.96666667
  0.54035088  3.96666667 -0.94180334  0.34210526  5.2         0.54210526
  3.76666667 -0.52880305]",266.9676377773285
0.19420400000000002,[-0.8133622],"[ 0.32631579  4.86666667  0.53684211  4.         -0.12701046  0.33508772
  4.96666667  0.54035088  3.96666667 -0.94180334  0.34210526  5.2
  0.54210526  3.76666667 -0.52880305  0.34210526  5.16666667  0.54210526
  3.73333333 -1.81336212]",267.0751430988312
0.181416,[0.7237164],"[ 0.33508772  4.96666667  0.54035088  3.96666667 -0.94180334  0.34210526
  5.2         0.54210526  3.76666667 -0.52880305  0.34210526  5.16666667
  0.54210526  3.73333333 -1.81336212  0.34385965  5.16666667  0.54210526
  3.7        -0.27628362]",267.1497118473053
0.16358400000000003,[-0.01372486],"[ 0.34210526  5.2         0.54210526  3.76666667 -0.52880305  0.34210526
  5.16666667  0.54210526  3.73333333 -1.81336212  0.34385965  5.16666667
  0.54210526  3.7        -0.27628362  0.34210526  4.93333333  0.54736842
  3.96666667 -1.0137248 ]",267.23084783554077
0.16105199999999997,[-0.72855],"[ 0.34210526  5.16666667  0.54210526  3.73333333 -1.81336212  0.34385965
  5.16666667  0.54210526  3.7        -0.27628362  0.34210526  4.93333333
  0.54736842  3.96666667 -1.0137248   0.34736842  4.93333333  0.55789474
  4.1        -1.72854996]",267.30987572669983
0.16615200000000008,[-0.43902194],"[ 0.34385965  5.16666667  0.54210526  3.7        -0.27628362  0.34210526
  4.93333333  0.54736842  3.96666667 -1.0137248   0.34736842  4.93333333
  0.55789474  4.1        -1.72854996  0.35964912  5.1         0.56491228
  4.06666667 -1.43902194]",267.3875238895416
0.16872399999999999,[0.25045666],"[ 0.34210526  4.93333333  0.54736842  3.96666667 -1.0137248   0.34736842
  4.93333333  0.55789474  4.1        -1.72854996  0.35964912  5.1
  0.56491228  4.06666667 -1.43902194  0.36491228  4.9         0.5754386
  4.26666667 -0.74954331]",267.45777440071106
0.16618000000000002,[0.17249553],"[ 0.34736842  4.93333333  0.55789474  4.1        -1.72854996  0.35964912
  5.1         0.56491228  4.06666667 -1.43902194  0.36491228  4.9
  0.5754386   4.26666667 -0.74954331  0.37192982  4.83333333  0.58421053
  4.26666667 -0.82750446]",267.5323648452759
0.16871999999999998,[0.37710118],"[ 0.35964912  5.1         0.56491228  4.06666667 -1.43902194  0.36491228
  4.9         0.5754386   4.26666667 -0.74954331  0.37192982  4.83333333
  0.58421053  4.26666667 -0.82750446  0.38245614  4.96666667  0.58947368
  4.03333333 -0.62289882]",267.62537360191345
0.16615200000000002,[-0.5473211],"[ 0.36491228  4.9         0.5754386   4.26666667 -0.74954331  0.37192982
  4.83333333  0.58421053  4.26666667 -0.82750446  0.38245614  4.96666667
  0.58947368  4.03333333 -0.62289882  0.38947368  5.03333333  0.59473684
  3.9        -1.54732108]",267.68449234962463
0.15338000000000002,[0.64211226],"[ 0.37192982  4.83333333  0.58421053  4.26666667 -0.82750446  0.38245614
  4.96666667  0.58947368  4.03333333 -0.62289882  0.38947368  5.03333333
  0.59473684  3.9        -1.54732108  0.39298246  5.03333333  0.59649123
  3.86666667 -0.35788774]",267.7757456302643
0.145712,[0.25765097],"[ 0.38245614  4.96666667  0.58947368  4.03333333 -0.62289882  0.38947368
  5.03333333  0.59473684  3.9        -1.54732108  0.39298246  5.03333333
  0.59649123  3.86666667 -0.35788774  0.39298246  4.86666667  0.6
  3.86666667 -0.74234903]",267.8480923175812
0.145704,[-0.5863503],"[ 0.38947368  5.03333333  0.59473684  3.9        -1.54732108  0.39298246
  5.03333333  0.59649123  3.86666667 -0.35788774  0.39298246  4.86666667
  0.6         3.86666667 -0.74234903  0.40175439  5.          0.60350877
  3.73333333 -1.58635032]",267.92642617225647
0.15079600000000004,[-0.40894023],"[ 0.39298246  5.03333333  0.59649123  3.86666667 -0.35788774  0.39298246
  4.86666667  0.6         3.86666667 -0.74234903  0.40175439  5.
  0.60350877  3.73333333 -1.58635032  0.40701754  5.06666667  0.61052632
  3.93333333 -1.4089402 ]",268.0032949447632
0.14826800000000007,[0.996104],"[ 3.92982456e-01  4.86666667e+00  6.00000000e-01  3.86666667e+00
 -7.42349029e-01  4.01754386e-01  5.00000000e+00  6.03508772e-01
  3.73333333e+00 -1.58635032e+00  4.07017544e-01  5.06666667e+00
  6.10526316e-01  3.93333333e+00 -1.40894020e+00  4.08771930e-01
  4.83333333e+00  6.19298246e-01  4.26666667e+00 -3.89599800e-03]",268.08680152893066
0.14571999999999996,[-0.42703938],"[ 4.01754386e-01  5.00000000e+00  6.03508772e-01  3.73333333e+00
 -1.58635032e+00  4.07017544e-01  5.06666667e+00  6.10526316e-01
  3.93333333e+00 -1.40894020e+00  4.08771930e-01  4.83333333e+00
  6.19298246e-01  4.26666667e+00 -3.89599800e-03  4.15789474e-01
  4.86666667e+00  6.28070175e-01  4.26666667e+00 -1.42703938e+00]",268.17070841789246
0.15336800000000006,[-0.26662415],"[ 4.07017544e-01  5.06666667e+00  6.10526316e-01  3.93333333e+00
 -1.40894020e+00  4.08771930e-01  4.83333333e+00  6.19298246e-01
  4.26666667e+00 -3.89599800e-03  4.15789474e-01  4.86666667e+00
  6.28070175e-01  4.26666667e+00 -1.42703938e+00  4.26315789e-01
  5.10000000e+00  6.33333333e-01  4.13333333e+00 -1.26662421e+00]",268.24959564208984
0.15592399999999995,[0.6395135],"[ 4.08771930e-01  4.83333333e+00  6.19298246e-01  4.26666667e+00
 -3.89599800e-03  4.15789474e-01  4.86666667e+00  6.28070175e-01
  4.26666667e+00 -1.42703938e+00  4.26315789e-01  5.10000000e+00
  6.33333333e-01  4.13333333e+00 -1.26662421e+00  4.31578947e-01
  5.03333333e+00  6.42105263e-01  4.33333333e+00 -3.60486507e-01]",268.3286464214325
0.161016,[-0.72079253],"[ 0.41578947  4.86666667  0.62807018  4.26666667 -1.42703938  0.42631579
  5.1         0.63333333  4.13333333 -1.26662421  0.43157895  5.03333333
  0.64210526  4.33333333 -0.36048651  0.43684211  4.96666667  0.64736842
  4.4        -1.72079253]",268.4314546585083
0.16100799999999998,[-0.14672484],"[ 0.42631579  5.1         0.63333333  4.13333333 -1.26662421  0.43157895
  5.03333333  0.64210526  4.33333333 -0.36048651  0.43684211  4.96666667
  0.64736842  4.4        -1.72079253  0.44561404  5.13333333  0.65263158
  4.16666667 -1.14672482]",268.50276350975037
0.15850399999999998,[-0.4851293],"[ 0.43157895  5.03333333  0.64210526  4.33333333 -0.36048651  0.43684211
  4.96666667  0.64736842  4.4        -1.72079253  0.44561404  5.13333333
  0.65263158  4.16666667 -1.14672482  0.45087719  4.93333333  0.65964912
  4.3        -1.48512936]",268.5685143470764
0.168732,[0.38098308],"[ 0.43684211  4.96666667  0.64736842  4.4        -1.72079253  0.44561404
  5.13333333  0.65263158  4.16666667 -1.14672482  0.45087719  4.93333333
  0.65964912  4.3        -1.48512936  0.45789474  4.86666667  0.66842105
  4.46666667 -0.61901689]",268.6492326259613
0.176404,[-0.4732279],"[ 0.44561404  5.13333333  0.65263158  4.16666667 -1.14672482  0.45087719
  4.93333333  0.65964912  4.3        -1.48512936  0.45789474  4.86666667
  0.66842105  4.46666667 -0.61901689  0.46491228  4.83333333  0.67894737
  4.46666667 -1.47322786]",268.7258117198944
0.19424800000000003,[-0.7346462],"[ 0.45087719  4.93333333  0.65964912  4.3        -1.48512936  0.45789474
  4.86666667  0.66842105  4.46666667 -0.61901689  0.46491228  4.83333333
  0.67894737  4.46666667 -1.47322786  0.4754386   5.          0.68596491
  4.33333333 -1.7346462 ]",268.80899357795715
0.1968240000000001,[0.56591874],"[ 0.45789474  4.86666667  0.66842105  4.46666667 -0.61901689  0.46491228
  4.83333333  0.67894737  4.46666667 -1.47322786  0.4754386   5.
  0.68596491  4.33333333 -1.7346462   0.48245614  4.83333333  0.69649123
  4.53333333 -0.43408126]",268.90562534332275
0.19174799999999992,[-0.60513],"[ 0.46491228  4.83333333  0.67894737  4.46666667 -1.47322786  0.4754386
  5.          0.68596491  4.33333333 -1.7346462   0.48245614  4.83333333
  0.69649123  4.53333333 -0.43408126  0.49122807  4.7         0.70350877
  4.7        -1.60512996]",268.9674029350281
0.19936399999999999,[-0.02318765],"[ 0.4754386   5.          0.68596491  4.33333333 -1.7346462   0.48245614
  4.83333333  0.69649123  4.53333333 -0.43408126  0.49122807  4.7
  0.70350877  4.7        -1.60512996  0.50175439  4.93333333  0.71403509
  4.5        -1.02318764]",269.05969500541687
0.20190799999999998,[0.42036992],"[ 0.48245614  4.83333333  0.69649123  4.53333333 -0.43408126  0.49122807
  4.7         0.70350877  4.7        -1.60512996  0.50175439  4.93333333
  0.71403509  4.5        -1.02318764  0.51052632  4.96666667  0.72105263
  4.43333333 -0.57963008]",269.12979006767273
0.199368,[-0.41476712],"[ 0.49122807  4.7         0.70350877  4.7        -1.60512996  0.50175439
  4.93333333  0.71403509  4.5        -1.02318764  0.51052632  4.96666667
  0.72105263  4.43333333 -0.57963008  0.51929825  4.96666667  0.72982456
  4.4        -1.41476715]",269.21261072158813
0.201932,[0.5452751],"[ 0.50175439  4.93333333  0.71403509  4.5        -1.02318764  0.51052632
  4.96666667  0.72105263  4.43333333 -0.57963008  0.51929825  4.96666667
  0.72982456  4.4        -1.41476715  0.52807018  4.96666667  0.73859649
  4.2        -0.45472491]",269.28734850883484
0.20962000000000006,[-0.5742824],"[ 0.51052632  4.96666667  0.72105263  4.43333333 -0.57963008  0.51929825
  4.96666667  0.72982456  4.4        -1.41476715  0.52807018  4.96666667
  0.73859649  4.2        -0.45472491  0.53684211  4.8         0.74912281
  4.23333333 -1.57428241]",269.3686828613281
0.22748,[0.35034227],"[ 0.51929825  4.96666667  0.72982456  4.4        -1.41476715  0.52807018
  4.96666667  0.73859649  4.2        -0.45472491  0.53684211  4.8
  0.74912281  4.23333333 -1.57428241  0.54912281  4.9         0.75789474
  4.1        -0.64965773]",269.4630048274994
0.22750399999999998,[-0.7584444],"[ 0.52807018  4.96666667  0.73859649  4.2        -0.45472491  0.53684211
  4.8         0.74912281  4.23333333 -1.57428241  0.54912281  4.9
  0.75789474  4.1        -0.64965773  0.55789474  4.83333333  0.76842105
  4.13333333 -1.75844443]",269.5276687145233
0.23006399999999996,[0.31523627],"[ 0.53684211  4.8         0.74912281  4.23333333 -1.57428241  0.54912281
  4.9         0.75789474  4.1        -0.64965773  0.55789474  4.83333333
  0.76842105  4.13333333 -1.75844443  0.56491228  4.86666667  0.77368421
  4.         -0.68476373]",269.6067805290222
0.24027199999999996,[-0.3401518],"[ 0.54912281  4.9         0.75789474  4.1        -0.64965773  0.55789474
  4.83333333  0.76842105  4.13333333 -1.75844443  0.56491228  4.86666667
  0.77368421  4.         -0.68476373  0.57368421  4.76666667  0.78070175
  3.93333333 -1.34015179]",269.6858458518982
0.24027600000000007,[0.87432194],"[ 0.55789474  4.83333333  0.76842105  4.13333333 -1.75844443  0.56491228
  4.86666667  0.77368421  4.         -0.68476373  0.57368421  4.76666667
  0.78070175  3.93333333 -1.34015179  0.58070175  4.76666667  0.7877193
  3.83333333 -0.12567806]",269.7689325809479
0.23775199999999996,[0.6282924],"[ 0.56491228  4.86666667  0.77368421  4.         -0.68476373  0.57368421
  4.76666667  0.78070175  3.93333333 -1.34015179  0.58070175  4.76666667
  0.7877193   3.83333333 -0.12567806  0.58947368  4.73333333  0.79824561
  3.83333333 -0.37170762]",269.8500154018402
0.24538000000000001,[-0.04780133],"[ 0.57368421  4.76666667  0.78070175  3.93333333 -1.34015179  0.58070175
  4.76666667  0.7877193   3.83333333 -0.12567806  0.58947368  4.73333333
  0.79824561  3.83333333 -0.37170762  0.6         5.          0.80350877
  3.86666667 -1.04780138]",269.95536375045776
0.24535999999999997,[0.22113876],"[ 0.58070175  4.76666667  0.7877193   3.83333333 -0.12567806  0.58947368
  4.73333333  0.79824561  3.83333333 -0.37170762  0.6         5.
  0.80350877  3.86666667 -1.04780138  0.60526316  5.1         0.80877193
  3.9        -0.77886122]",270.0128753185272
0.23517200000000008,[0.00299279],"[ 0.58947368  4.73333333  0.79824561  3.83333333 -0.37170762  0.6
  5.          0.80350877  3.86666667 -1.04780138  0.60526316  5.1
  0.80877193  3.9        -0.77886122  0.60701754  4.96666667  0.81403509
  4.03333333 -0.99700719]",270.0940275192261
0.23514400000000002,[0.93699604],"[ 0.6         5.          0.80350877  3.86666667 -1.04780138  0.60526316
  5.1         0.80877193  3.9        -0.77886122  0.60701754  4.96666667
  0.81403509  4.03333333 -0.99700719  0.6122807   5.          0.82105263
  4.1        -0.06300396]",270.16811656951904
0.23512799999999995,[-0.06895525],"[ 0.60526316  5.1         0.80877193  3.9        -0.77886122  0.60701754
  4.96666667  0.81403509  4.03333333 -0.99700719  0.6122807   5.
  0.82105263  4.1        -0.06300396  0.61929825  5.06666667  0.82807018
  4.16666667 -1.0689553 ]",270.2487497329712
0.23765999999999998,[0.85223913],"[ 0.60701754  4.96666667  0.81403509  4.03333333 -0.99700719  0.6122807
  5.          0.82105263  4.1        -0.06300396  0.61929825  5.06666667
  0.82807018  4.16666667 -1.0689553   0.62807018  5.23333333  0.83157895
  4.03333333 -0.14776087]",270.32890152931213
0.22235200000000002,[0.9390363],"[ 0.6122807   5.          0.82105263  4.1        -0.06300396  0.61929825
  5.06666667  0.82807018  4.16666667 -1.0689553   0.62807018  5.23333333
  0.83157895  4.03333333 -0.14776087  0.62807018  5.16666667  0.83333333
  4.03333333 -0.06096369]",270.4088065624237
0.219764,[-0.5531191],"[ 0.61929825  5.06666667  0.82807018  4.16666667 -1.0689553   0.62807018
  5.23333333  0.83157895  4.03333333 -0.14776087  0.62807018  5.16666667
  0.83333333  4.03333333 -0.06096369  0.63333333  5.26666667  0.83333333
  3.86666667 -1.55311918]",270.4887204170227
0.214616,[0.76215225],"[ 0.62807018  5.23333333  0.83157895  4.03333333 -0.14776087  0.62807018
  5.16666667  0.83333333  4.03333333 -0.06096369  0.63333333  5.26666667
  0.83333333  3.86666667 -1.55311918  0.63859649  5.43333333  0.83508772
  3.9        -0.23784775]",270.57631182670593
0.19931200000000004,[0.8325983],"[ 0.62807018  5.16666667  0.83333333  4.03333333 -0.06096369  0.63333333
  5.26666667  0.83333333  3.86666667 -1.55311918  0.63859649  5.43333333
  0.83508772  3.9        -0.23784775  0.63859649  5.4         0.84210526
  4.1        -0.16740167]",270.6499683856964
0.19929200000000002,[0.00784176],"[ 0.63333333  5.26666667  0.83333333  3.86666667 -1.55311918  0.63859649
  5.43333333  0.83508772  3.9        -0.23784775  0.63859649  5.4
  0.84210526  4.1        -0.16740167  0.64736842  5.6         0.84385965
  4.         -0.99215823]",270.73746395111084
0.194168,[0.76048404],"[ 0.63859649  5.43333333  0.83508772  3.9        -0.23784775  0.63859649
  5.4         0.84210526  4.1        -0.16740167  0.64736842  5.6
  0.84385965  4.         -0.99215823  0.65263158  5.7         0.84385965
  3.9        -0.23951596]",270.79989981651306
0.183944,[-0.62480664],"[ 0.63859649  5.4         0.84210526  4.1        -0.16740167  0.64736842
  5.6         0.84385965  4.         -0.99215823  0.65263158  5.7
  0.84385965  3.9        -0.23951596  0.65438596  5.7         0.85087719
  4.03333333 -1.62480664]",270.90655732154846
0.18391199999999996,[-0.01663028],"[ 0.64736842  5.6         0.84385965  4.         -0.99215823  0.65263158
  5.7         0.84385965  3.9        -0.23951596  0.65438596  5.7
  0.85087719  4.03333333 -1.62480664  0.66315789  5.8         0.85438596
  4.         -1.01663029]",270.99089193344116
0.17116399999999998,[-0.21413188],"[ 0.65263158  5.7         0.84385965  3.9        -0.23951596  0.65438596
  5.7         0.85087719  4.03333333 -1.62480664  0.66315789  5.8
  0.85438596  4.         -1.01663029  0.66666667  5.63333333  0.86315789
  4.1        -1.21413183]",271.0500273704529
0.1609600000000001,[-0.37313467],"[ 0.65438596  5.7         0.85087719  4.03333333 -1.62480664  0.66315789
  5.8         0.85438596  4.         -1.01663029  0.66666667  5.63333333
  0.86315789  4.1        -1.21413183  0.66842105  5.4         0.87192982
  4.2        -1.37313461]",271.1271092891693
0.160972,[-0.2670929],"[ 0.66315789  5.8         0.85438596  4.         -1.01663029  0.66666667
  5.63333333  0.86315789  4.1        -1.21413183  0.66842105  5.4
  0.87192982  4.2        -1.37313461  0.6754386   5.33333333  0.87894737
  4.06666667 -1.26709294]",271.19876623153687
0.153308,[0.4898806],"[ 0.66666667  5.63333333  0.86315789  4.1        -1.21413183  0.66842105
  5.4         0.87192982  4.2        -1.37313461  0.6754386   5.33333333
  0.87894737  4.06666667 -1.26709294  0.67894737  5.2         0.88421053
  4.06666667 -0.51011944]",271.27994108200073
0.150756,[0.51523596],"[ 0.66842105  5.4         0.87192982  4.2        -1.37313461  0.6754386
  5.33333333  0.87894737  4.06666667 -1.26709294  0.67894737  5.2
  0.88421053  4.06666667 -0.51011944  0.68421053  5.16666667  0.88947368
  3.96666667 -0.48476404]",271.3916583061218
0.14817200000000008,[0.3771614],"[ 0.6754386   5.33333333  0.87894737  4.06666667 -1.26709294  0.67894737
  5.2         0.88421053  4.06666667 -0.51011944  0.68421053  5.16666667
  0.88947368  3.96666667 -0.48476404  0.69122807  5.36666667  0.89122807
  3.86666667 -0.62283862]",271.46541595458984
0.1379720000000001,[0.4589915],"[ 0.67894737  5.2         0.88421053  4.06666667 -0.51011944  0.68421053
  5.16666667  0.88947368  3.96666667 -0.48476404  0.69122807  5.36666667
  0.89122807  3.86666667 -0.62283862  0.69473684  5.43333333  0.89298246
  3.9        -0.54100847]",271.52835035324097
0.1303160000000001,[0.31606588],"[ 0.68421053  5.16666667  0.88947368  3.96666667 -0.48476404  0.69122807
  5.36666667  0.89122807  3.86666667 -0.62283862  0.69473684  5.43333333
  0.89298246  3.9        -0.54100847  0.69473684  5.43333333  0.89298246
  3.93333333 -0.68393409]",271.60603642463684
0.13029200000000007,[-0.10591453],"[ 0.69122807  5.36666667  0.89122807  3.86666667 -0.62283862  0.69473684
  5.43333333  0.89298246  3.9        -0.54100847  0.69473684  5.43333333
  0.89298246  3.93333333 -0.68393409  0.69649123  5.5         0.89473684
  3.93333333 -1.10591459]",271.6896905899048
0.12263199999999996,[0.58187854],"[ 0.69473684  5.43333333  0.89298246  3.9        -0.54100847  0.69473684
  5.43333333  0.89298246  3.93333333 -0.68393409  0.69649123  5.5
  0.89473684  3.93333333 -1.10591459  0.69649123  5.46666667  0.89824561
  4.06666667 -0.41812146]",271.76973271369934
0.11496800000000007,[-0.926425],"[ 0.69473684  5.43333333  0.89298246  3.93333333 -0.68393409  0.69649123
  5.5         0.89473684  3.93333333 -1.10591459  0.69649123  5.46666667
  0.89824561  4.06666667 -0.41812146  0.69824561  5.5         0.9
  4.13333333 -1.92642498]",271.85995841026306
0.10986800000000008,[0.75407016],"[ 0.69649123  5.5         0.89473684  3.93333333 -1.10591459  0.69649123
  5.46666667  0.89824561  4.06666667 -0.41812146  0.69824561  5.5
  0.9         4.13333333 -1.92642498  0.70350877  5.56666667  0.9
  3.96666667 -0.24592984]",271.93002915382385
0.10476799999999997,[-0.74540454],"[ 0.69649123  5.46666667  0.89824561  4.06666667 -0.41812146  0.69824561
  5.5         0.9         4.13333333 -1.92642498  0.70350877  5.56666667
  0.9         3.96666667 -0.24592984  0.7         5.4         0.90350877
  4.1        -1.74540448]",272.00907850265503
0.099684,[0.20690559],"[ 0.69824561  5.5         0.9         4.13333333 -1.92642498  0.70350877
  5.56666667  0.9         3.96666667 -0.24592984  0.7         5.4
  0.90350877  4.1        -1.74540448  0.70175439  5.26666667  0.90701754
  4.13333333 -0.7930944 ]",272.0910813808441
0.09460800000000003,[-0.5448932],"[ 0.70350877  5.56666667  0.9         3.96666667 -0.24592984  0.7
  5.4         0.90350877  4.1        -1.74540448  0.70175439  5.26666667
  0.90701754  4.13333333 -0.7930944   0.70350877  5.13333333  0.9122807
  4.16666667 -1.54489326]",272.16843914985657
0.10482399999999992,[0.298264],"[ 0.7         5.4         0.90350877  4.1        -1.74540448  0.70175439
  5.26666667  0.90701754  4.13333333 -0.7930944   0.70350877  5.13333333
  0.9122807   4.16666667 -1.54489326  0.71052632  5.16666667  0.91578947
  4.1        -0.70173597]",272.2429735660553
0.09718799999999994,[-0.23221011],"[ 0.70175439  5.26666667  0.90701754  4.13333333 -0.7930944   0.70350877
  5.13333333  0.9122807   4.16666667 -1.54489326  0.71052632  5.16666667
  0.91578947  4.1        -0.70173597  0.71403509  5.1         0.92280702
  4.16666667 -1.23221016]",272.32371735572815
0.09718800000000005,[-0.9161321],"[ 0.70350877  5.13333333  0.9122807   4.16666667 -1.54489326  0.71052632
  5.16666667  0.91578947  4.1        -0.70173597  0.71403509  5.1
  0.92280702  4.16666667 -1.23221016  0.71929825  5.2         0.92631579
  4.06666667 -1.91613209]",272.407883644104
0.09720799999999996,[0.8086711],"[ 0.71052632  5.16666667  0.91578947  4.1        -0.70173597  0.71403509
  5.1         0.92280702  4.16666667 -1.23221016  0.71929825  5.2
  0.92631579  4.06666667 -1.91613209  0.72105263  5.03333333  0.92982456
  4.13333333 -0.19132888]",272.4841396808624
0.08701999999999999,[-0.03100339],"[ 0.71403509  5.1         0.92280702  4.16666667 -1.23221016  0.71929825
  5.2         0.92631579  4.06666667 -1.91613209  0.72105263  5.03333333
  0.92982456  4.13333333 -0.19132888  0.72280702  4.83333333  0.93508772
  4.33333333 -1.03100336]",272.5773878097534
0.09209599999999996,[-0.35121807],"[ 0.71929825  5.2         0.92631579  4.06666667 -1.91613209  0.72105263
  5.03333333  0.92982456  4.13333333 -0.19132888  0.72280702  4.83333333
  0.93508772  4.33333333 -1.03100336  0.72982456  4.96666667  0.94035088
  4.2        -1.3512181 ]",272.642539024353
0.09462000000000004,[0.08855219],"[ 0.72105263  5.03333333  0.92982456  4.13333333 -0.19132888  0.72280702
  4.83333333  0.93508772  4.33333333 -1.03100336  0.72982456  4.96666667
  0.94035088  4.2        -1.3512181   0.73333333  5.          0.94385965
  4.13333333 -0.91144782]",272.72048163414
0.08951200000000004,[0.05730896],"[ 0.72280702  4.83333333  0.93508772  4.33333333 -1.03100336  0.72982456
  4.96666667  0.94035088  4.2        -1.3512181   0.73333333  5.
  0.94385965  4.13333333 -0.91144782  0.73684211  4.9         0.94736842
  4.1        -0.94269103]",272.80409383773804
0.09460399999999991,[0.6237986],"[ 0.72982456  4.96666667  0.94035088  4.2        -1.3512181   0.73333333
  5.          0.94385965  4.13333333 -0.91144782  0.73684211  4.9
  0.94736842  4.1        -0.94269103  0.74385965  4.93333333  0.95263158
  3.96666667 -0.37620139]",272.8868727684021
