reward,action,obs,time
,,"[ 0.00000000e+00  0.00000000e+00  0.00000000e+00  0.00000000e+00
  0.00000000e+00  0.00000000e+00  0.00000000e+00  0.00000000e+00
  0.00000000e+00  0.00000000e+00  0.00000000e+00  0.00000000e+00
  0.00000000e+00  0.00000000e+00  0.00000000e+00 -1.75438596e-03
  3.30000000e+00 -1.75438596e-03  3.30000000e+00  0.00000000e+00]",7.826761960983276
0.0,[-0.70879495],"[ 0.00000000e+00  0.00000000e+00  0.00000000e+00  0.00000000e+00
  0.00000000e+00  0.00000000e+00  0.00000000e+00  0.00000000e+00
  0.00000000e+00  0.00000000e+00 -1.75438596e-03  3.30000000e+00
 -1.75438596e-03  3.30000000e+00  0.00000000e+00 -1.75438596e-03
  3.30000000e+00 -1.75438596e-03  3.30000000e+00 -1.70879495e+00]",8.40888786315918
0.0,[-0.37059188],"[ 0.00000000e+00  0.00000000e+00  0.00000000e+00  0.00000000e+00
  0.00000000e+00 -1.75438596e-03  3.30000000e+00 -1.75438596e-03
  3.30000000e+00  0.00000000e+00 -1.75438596e-03  3.30000000e+00
 -1.75438596e-03  3.30000000e+00 -1.70879495e+00 -1.75438596e-03
  3.30000000e+00 -1.75438596e-03  3.30000000e+00 -1.37059188e+00]",8.463621854782104
0.0,[0.49507698],"[-1.75438596e-03  3.30000000e+00 -1.75438596e-03  3.30000000e+00
  0.00000000e+00 -1.75438596e-03  3.30000000e+00 -1.75438596e-03
  3.30000000e+00 -1.70879495e+00 -1.75438596e-03  3.30000000e+00
 -1.75438596e-03  3.30000000e+00 -1.37059188e+00 -1.75438596e-03
  3.30000000e+00 -1.75438596e-03  3.30000000e+00 -5.04922986e-01]",8.510218143463135
0.0,[-0.41633797],"[-1.75438596e-03  3.30000000e+00 -1.75438596e-03  3.30000000e+00
 -1.70879495e+00 -1.75438596e-03  3.30000000e+00 -1.75438596e-03
  3.30000000e+00 -1.37059188e+00 -1.75438596e-03  3.30000000e+00
 -1.75438596e-03  3.30000000e+00 -5.04922986e-01 -1.75438596e-03
  3.30000000e+00 -1.75438596e-03  3.30000000e+00 -1.41633797e+00]",8.565381050109863
0.0,[-0.6339011],"[-1.75438596e-03  3.30000000e+00 -1.75438596e-03  3.30000000e+00
 -1.37059188e+00 -1.75438596e-03  3.30000000e+00 -1.75438596e-03
  3.30000000e+00 -5.04922986e-01 -1.75438596e-03  3.30000000e+00
 -1.75438596e-03  3.30000000e+00 -1.41633797e+00 -1.75438596e-03
  3.30000000e+00 -1.75438596e-03  3.30000000e+00 -1.63390112e+00]",8.616363048553467
0.0,[-0.47856292],"[-1.75438596e-03  3.30000000e+00 -1.75438596e-03  3.30000000e+00
 -5.04922986e-01 -1.75438596e-03  3.30000000e+00 -1.75438596e-03
  3.30000000e+00 -1.41633797e+00 -1.75438596e-03  3.30000000e+00
 -1.75438596e-03  3.30000000e+00 -1.63390112e+00 -1.75438596e-03
  3.30000000e+00 -1.75438596e-03  3.30000000e+00 -1.47856295e+00]",8.666826009750366
0.0,[-0.6660454],"[-1.75438596e-03  3.30000000e+00 -1.75438596e-03  3.30000000e+00
 -1.41633797e+00 -1.75438596e-03  3.30000000e+00 -1.75438596e-03
  3.30000000e+00 -1.63390112e+00 -1.75438596e-03  3.30000000e+00
 -1.75438596e-03  3.30000000e+00 -1.47856295e+00 -1.75438596e-03
  3.30000000e+00 -1.75438596e-03  3.30000000e+00 -1.66604543e+00]",8.71708631515503
0.0,[-0.44974816],"[-1.75438596e-03  3.30000000e+00 -1.75438596e-03  3.30000000e+00
 -1.63390112e+00 -1.75438596e-03  3.30000000e+00 -1.75438596e-03
  3.30000000e+00 -1.47856295e+00 -1.75438596e-03  3.30000000e+00
 -1.75438596e-03  3.30000000e+00 -1.66604543e+00 -1.75438596e-03
  3.30000000e+00 -1.75438596e-03  3.30000000e+00 -1.44974816e+00]",8.767168045043945
0.0,[-0.77100337],"[-1.75438596e-03  3.30000000e+00 -1.75438596e-03  3.30000000e+00
 -1.47856295e+00 -1.75438596e-03  3.30000000e+00 -1.75438596e-03
  3.30000000e+00 -1.66604543e+00 -1.75438596e-03  3.30000000e+00
 -1.75438596e-03  3.30000000e+00 -1.44974816e+00 -1.75438596e-03
  3.30000000e+00 -1.75438596e-03  3.30000000e+00 -1.77100337e+00]",8.817426204681396
0.0,[-0.24076012],"[-1.75438596e-03  3.30000000e+00 -1.75438596e-03  3.30000000e+00
 -1.66604543e+00 -1.75438596e-03  3.30000000e+00 -1.75438596e-03
  3.30000000e+00 -1.44974816e+00 -1.75438596e-03  3.30000000e+00
 -1.75438596e-03  3.30000000e+00 -1.77100337e+00 -1.75438596e-03
  3.30000000e+00 -1.75438596e-03  3.30000000e+00 -1.24076009e+00]",8.868006944656372
0.0,[-0.6513479],"[-1.75438596e-03  3.30000000e+00 -1.75438596e-03  3.30000000e+00
 -1.44974816e+00 -1.75438596e-03  3.30000000e+00 -1.75438596e-03
  3.30000000e+00 -1.77100337e+00 -1.75438596e-03  3.30000000e+00
 -1.75438596e-03  3.30000000e+00 -1.24076009e+00 -1.75438596e-03
  3.30000000e+00 -1.75438596e-03  3.30000000e+00 -1.65134788e+00]",8.918145656585693
0.0,[-0.4585741],"[-1.75438596e-03  3.30000000e+00 -1.75438596e-03  3.30000000e+00
 -1.77100337e+00 -1.75438596e-03  3.30000000e+00 -1.75438596e-03
  3.30000000e+00 -1.24076009e+00 -1.75438596e-03  3.30000000e+00
 -1.75438596e-03  3.30000000e+00 -1.65134788e+00 -1.75438596e-03
  3.30000000e+00 -1.75438596e-03  3.30000000e+00 -1.45857406e+00]",8.968129634857178
0.0,[-0.2263607],"[-1.75438596e-03  3.30000000e+00 -1.75438596e-03  3.30000000e+00
 -1.24076009e+00 -1.75438596e-03  3.30000000e+00 -1.75438596e-03
  3.30000000e+00 -1.65134788e+00 -1.75438596e-03  3.30000000e+00
 -1.75438596e-03  3.30000000e+00 -1.45857406e+00 -1.75438596e-03
  3.30000000e+00 -1.75438596e-03  3.30000000e+00 -1.22636068e+00]",9.047468185424805
0.0,[-0.69241005],"[-1.75438596e-03  3.30000000e+00 -1.75438596e-03  3.30000000e+00
 -1.65134788e+00 -1.75438596e-03  3.30000000e+00 -1.75438596e-03
  3.30000000e+00 -1.45857406e+00 -1.75438596e-03  3.30000000e+00
 -1.75438596e-03  3.30000000e+00 -1.22636068e+00 -1.75438596e-03
  3.30000000e+00 -1.75438596e-03  3.30000000e+00 -1.69240999e+00]",9.127616882324219
0.0,[-0.3661158],"[-1.75438596e-03  3.30000000e+00 -1.75438596e-03  3.30000000e+00
 -1.45857406e+00 -1.75438596e-03  3.30000000e+00 -1.75438596e-03
  3.30000000e+00 -1.22636068e+00 -1.75438596e-03  3.30000000e+00
 -1.75438596e-03  3.30000000e+00 -1.69240999e+00 -1.75438596e-03
  3.30000000e+00 -1.75438596e-03  3.30000000e+00 -1.36611581e+00]",9.207610845565796
0.0,[-0.66722023],"[-1.75438596e-03  3.30000000e+00 -1.75438596e-03  3.30000000e+00
 -1.22636068e+00 -1.75438596e-03  3.30000000e+00 -1.75438596e-03
  3.30000000e+00 -1.69240999e+00 -1.75438596e-03  3.30000000e+00
 -1.75438596e-03  3.30000000e+00 -1.36611581e+00 -1.75438596e-03
  3.30000000e+00 -1.75438596e-03  3.30000000e+00 -1.66722023e+00]",9.287640571594238
0.0,[-0.34234717],"[-1.75438596e-03  3.30000000e+00 -1.75438596e-03  3.30000000e+00
 -1.69240999e+00 -1.75438596e-03  3.30000000e+00 -1.75438596e-03
  3.30000000e+00 -1.36611581e+00 -1.75438596e-03  3.30000000e+00
 -1.75438596e-03  3.30000000e+00 -1.66722023e+00 -1.75438596e-03
  3.30000000e+00 -1.75438596e-03  3.30000000e+00 -1.34234715e+00]",9.367470502853394
0.0,[-0.27568552],"[-1.75438596e-03  3.30000000e+00 -1.75438596e-03  3.30000000e+00
 -1.36611581e+00 -1.75438596e-03  3.30000000e+00 -1.75438596e-03
  3.30000000e+00 -1.66722023e+00 -1.75438596e-03  3.30000000e+00
 -1.75438596e-03  3.30000000e+00 -1.34234715e+00 -1.75438596e-03
  3.30000000e+00 -1.75438596e-03  3.30000000e+00 -1.27568555e+00]",9.442724227905273
0.0,[-0.5407386],"[-1.75438596e-03  3.30000000e+00 -1.75438596e-03  3.30000000e+00
 -1.66722023e+00 -1.75438596e-03  3.30000000e+00 -1.75438596e-03
  3.30000000e+00 -1.34234715e+00 -1.75438596e-03  3.30000000e+00
 -1.75438596e-03  3.30000000e+00 -1.27568555e+00 -1.75438596e-03
  3.30000000e+00 -1.75438596e-03  3.30000000e+00 -1.54073858e+00]",9.519967555999756
0.0,[-0.24402086],"[-1.75438596e-03  3.30000000e+00 -1.75438596e-03  3.30000000e+00
 -1.34234715e+00 -1.75438596e-03  3.30000000e+00 -1.75438596e-03
  3.30000000e+00 -1.27568555e+00 -1.75438596e-03  3.30000000e+00
 -1.75438596e-03  3.30000000e+00 -1.54073858e+00 -1.75438596e-03
  3.30000000e+00 -1.75438596e-03  3.30000000e+00 -1.24402082e+00]",9.607603073120117
0.0,[-0.76274836],"[-1.75438596e-03  3.30000000e+00 -1.75438596e-03  3.30000000e+00
 -1.27568555e+00 -1.75438596e-03  3.30000000e+00 -1.75438596e-03
  3.30000000e+00 -1.54073858e+00 -1.75438596e-03  3.30000000e+00
 -1.75438596e-03  3.30000000e+00 -1.24402082e+00 -1.75438596e-03
  3.30000000e+00 -1.75438596e-03  3.30000000e+00 -1.76274836e+00]",9.68770956993103
0.0,[-0.2721489],"[-1.75438596e-03  3.30000000e+00 -1.75438596e-03  3.30000000e+00
 -1.54073858e+00 -1.75438596e-03  3.30000000e+00 -1.75438596e-03
  3.30000000e+00 -1.24402082e+00 -1.75438596e-03  3.30000000e+00
 -1.75438596e-03  3.30000000e+00 -1.76274836e+00 -1.75438596e-03
  3.30000000e+00 -1.75438596e-03  3.30000000e+00 -1.27214885e+00]",9.767583847045898
0.0,[-0.6913394],"[-1.75438596e-03  3.30000000e+00 -1.75438596e-03  3.30000000e+00
 -1.24402082e+00 -1.75438596e-03  3.30000000e+00 -1.75438596e-03
  3.30000000e+00 -1.76274836e+00 -1.75438596e-03  3.30000000e+00
 -1.75438596e-03  3.30000000e+00 -1.27214885e+00 -1.75438596e-03
  3.30000000e+00 -1.75438596e-03  3.30000000e+00 -1.69133937e+00]",9.847649574279785
0.0,[-0.6851177],"[-1.75438596e-03  3.30000000e+00 -1.75438596e-03  3.30000000e+00
 -1.76274836e+00 -1.75438596e-03  3.30000000e+00 -1.75438596e-03
  3.30000000e+00 -1.27214885e+00 -1.75438596e-03  3.30000000e+00
 -1.75438596e-03  3.30000000e+00 -1.69133937e+00 -1.75438596e-03
  3.30000000e+00 -1.75438596e-03  3.30000000e+00 -1.68511772e+00]",9.927713632583618
0.0,[-0.71063256],"[-1.75438596e-03  3.30000000e+00 -1.75438596e-03  3.30000000e+00
 -1.27214885e+00 -1.75438596e-03  3.30000000e+00 -1.75438596e-03
  3.30000000e+00 -1.69133937e+00 -1.75438596e-03  3.30000000e+00
 -1.75438596e-03  3.30000000e+00 -1.68511772e+00 -1.75438596e-03
  3.30000000e+00 -1.75438596e-03  3.30000000e+00 -1.71063256e+00]",10.007767915725708
0.0,[-0.08092167],"[-1.75438596e-03  3.30000000e+00 -1.75438596e-03  3.30000000e+00
 -1.69133937e+00 -1.75438596e-03  3.30000000e+00 -1.75438596e-03
  3.30000000e+00 -1.68511772e+00 -1.75438596e-03  3.30000000e+00
 -1.75438596e-03  3.30000000e+00 -1.71063256e+00 -1.75438596e-03
  3.30000000e+00 -1.75438596e-03  3.30000000e+00 -1.08092165e+00]",10.087845802307129
0.0,[-0.49509862],"[-1.75438596e-03  3.30000000e+00 -1.75438596e-03  3.30000000e+00
 -1.68511772e+00 -1.75438596e-03  3.30000000e+00 -1.75438596e-03
  3.30000000e+00 -1.71063256e+00 -1.75438596e-03  3.30000000e+00
 -1.75438596e-03  3.30000000e+00 -1.08092165e+00 -1.75438596e-03
  3.30000000e+00 -1.75438596e-03  3.30000000e+00 -1.49509859e+00]",10.167598485946655
0.0,[-0.34339944],"[-1.75438596e-03  3.30000000e+00 -1.75438596e-03  3.30000000e+00
 -1.71063256e+00 -1.75438596e-03  3.30000000e+00 -1.75438596e-03
  3.30000000e+00 -1.08092165e+00 -1.75438596e-03  3.30000000e+00
 -1.75438596e-03  3.30000000e+00 -1.49509859e+00 -1.75438596e-03
  3.30000000e+00 -1.75438596e-03  3.30000000e+00 -1.34339941e+00]",10.247470617294312
0.0,[-0.6051656],"[-1.75438596e-03  3.30000000e+00 -1.75438596e-03  3.30000000e+00
 -1.08092165e+00 -1.75438596e-03  3.30000000e+00 -1.75438596e-03
  3.30000000e+00 -1.49509859e+00 -1.75438596e-03  3.30000000e+00
 -1.75438596e-03  3.30000000e+00 -1.34339941e+00 -1.75438596e-03
  3.30000000e+00 -1.75438596e-03  3.30000000e+00 -1.60516560e+00]",10.327524662017822
0.0,[-0.06620211],"[-1.75438596e-03  3.30000000e+00 -1.75438596e-03  3.30000000e+00
 -1.49509859e+00 -1.75438596e-03  3.30000000e+00 -1.75438596e-03
  3.30000000e+00 -1.34339941e+00 -1.75438596e-03  3.30000000e+00
 -1.75438596e-03  3.30000000e+00 -1.60516560e+00 -1.75438596e-03
  3.30000000e+00 -1.75438596e-03  3.30000000e+00 -1.06620216e+00]",10.407736539840698
0.0,[-0.77006036],"[-1.75438596e-03  3.30000000e+00 -1.75438596e-03  3.30000000e+00
 -1.34339941e+00 -1.75438596e-03  3.30000000e+00 -1.75438596e-03
  3.30000000e+00 -1.60516560e+00 -1.75438596e-03  3.30000000e+00
 -1.75438596e-03  3.30000000e+00 -1.06620216e+00 -1.75438596e-03
  3.30000000e+00 -1.75438596e-03  3.30000000e+00 -1.77006030e+00]",10.487811803817749
0.0,[-0.67776597],"[-1.75438596e-03  3.30000000e+00 -1.75438596e-03  3.30000000e+00
 -1.60516560e+00 -1.75438596e-03  3.30000000e+00 -1.75438596e-03
  3.30000000e+00 -1.06620216e+00 -1.75438596e-03  3.30000000e+00
 -1.75438596e-03  3.30000000e+00 -1.77006030e+00 -1.75438596e-03
  3.30000000e+00 -1.75438596e-03  3.30000000e+00 -1.67776597e+00]",10.567462682723999
0.0,[-0.65677786],"[-1.75438596e-03  3.30000000e+00 -1.75438596e-03  3.30000000e+00
 -1.06620216e+00 -1.75438596e-03  3.30000000e+00 -1.75438596e-03
  3.30000000e+00 -1.77006030e+00 -1.75438596e-03  3.30000000e+00
 -1.75438596e-03  3.30000000e+00 -1.67776597e+00 -1.75438596e-03
  3.30000000e+00 -1.75438596e-03  3.30000000e+00 -1.65677786e+00]",10.647593975067139
0.0,[-0.54593086],"[-1.75438596e-03  3.30000000e+00 -1.75438596e-03  3.30000000e+00
 -1.77006030e+00 -1.75438596e-03  3.30000000e+00 -1.75438596e-03
  3.30000000e+00 -1.67776597e+00 -1.75438596e-03  3.30000000e+00
 -1.75438596e-03  3.30000000e+00 -1.65677786e+00 -1.75438596e-03
  3.30000000e+00 -1.75438596e-03  3.30000000e+00 -1.54593086e+00]",10.727651119232178
0.0,[-0.6880436],"[-1.75438596e-03  3.30000000e+00 -1.75438596e-03  3.30000000e+00
 -1.67776597e+00 -1.75438596e-03  3.30000000e+00 -1.75438596e-03
  3.30000000e+00 -1.65677786e+00 -1.75438596e-03  3.30000000e+00
 -1.75438596e-03  3.30000000e+00 -1.54593086e+00 -1.75438596e-03
  3.30000000e+00 -1.75438596e-03  3.30000000e+00 -1.68804359e+00]",10.807812213897705
0.0,[-0.5582768],"[-1.75438596e-03  3.30000000e+00 -1.75438596e-03  3.30000000e+00
 -1.65677786e+00 -1.75438596e-03  3.30000000e+00 -1.75438596e-03
  3.30000000e+00 -1.54593086e+00 -1.75438596e-03  3.30000000e+00
 -1.75438596e-03  3.30000000e+00 -1.68804359e+00 -1.75438596e-03
  3.30000000e+00 -1.75438596e-03  3.30000000e+00 -1.55827677e+00]",10.887510299682617
0.0,[-0.58760655],"[-1.75438596e-03  3.30000000e+00 -1.75438596e-03  3.30000000e+00
 -1.54593086e+00 -1.75438596e-03  3.30000000e+00 -1.75438596e-03
  3.30000000e+00 -1.68804359e+00 -1.75438596e-03  3.30000000e+00
 -1.75438596e-03  3.30000000e+00 -1.55827677e+00 -1.75438596e-03
  3.30000000e+00 -1.75438596e-03  3.30000000e+00 -1.58760655e+00]",10.967491865158081
0.0,[-0.51721036],"[-1.75438596e-03  3.30000000e+00 -1.75438596e-03  3.30000000e+00
 -1.68804359e+00 -1.75438596e-03  3.30000000e+00 -1.75438596e-03
  3.30000000e+00 -1.55827677e+00 -1.75438596e-03  3.30000000e+00
 -1.75438596e-03  3.30000000e+00 -1.58760655e+00 -1.75438596e-03
  3.30000000e+00 -1.75438596e-03  3.30000000e+00 -1.51721036e+00]",11.04751467704773
0.0,[-0.40201065],"[-1.75438596e-03  3.30000000e+00 -1.75438596e-03  3.30000000e+00
 -1.55827677e+00 -1.75438596e-03  3.30000000e+00 -1.75438596e-03
  3.30000000e+00 -1.58760655e+00 -1.75438596e-03  3.30000000e+00
 -1.75438596e-03  3.30000000e+00 -1.51721036e+00 -1.75438596e-03
  3.30000000e+00 -1.75438596e-03  3.30000000e+00 -1.40201068e+00]",11.12757158279419
0.0,[-0.06106512],"[-1.75438596e-03  3.30000000e+00 -1.75438596e-03  3.30000000e+00
 -1.58760655e+00 -1.75438596e-03  3.30000000e+00 -1.75438596e-03
  3.30000000e+00 -1.51721036e+00 -1.75438596e-03  3.30000000e+00
 -1.75438596e-03  3.30000000e+00 -1.40201068e+00 -1.75438596e-03
  3.30000000e+00 -1.75438596e-03  3.30000000e+00 -1.06106508e+00]",11.207486629486084
0.0,[-0.59430254],"[-1.75438596e-03  3.30000000e+00 -1.75438596e-03  3.30000000e+00
 -1.51721036e+00 -1.75438596e-03  3.30000000e+00 -1.75438596e-03
  3.30000000e+00 -1.40201068e+00 -1.75438596e-03  3.30000000e+00
 -1.75438596e-03  3.30000000e+00 -1.06106508e+00 -1.75438596e-03
  3.30000000e+00 -1.75438596e-03  3.30000000e+00 -1.59430254e+00]",11.287638902664185
0.0,[-0.5091784],"[-1.75438596e-03  3.30000000e+00 -1.75438596e-03  3.30000000e+00
 -1.40201068e+00 -1.75438596e-03  3.30000000e+00 -1.75438596e-03
  3.30000000e+00 -1.06106508e+00 -1.75438596e-03  3.30000000e+00
 -1.75438596e-03  3.30000000e+00 -1.59430254e+00 -1.75438596e-03
  3.30000000e+00 -1.75438596e-03  3.30000000e+00 -1.50917840e+00]",11.367833375930786
0.0,[-0.8268113],"[-1.75438596e-03  3.30000000e+00 -1.75438596e-03  3.30000000e+00
 -1.06106508e+00 -1.75438596e-03  3.30000000e+00 -1.75438596e-03
  3.30000000e+00 -1.59430254e+00 -1.75438596e-03  3.30000000e+00
 -1.75438596e-03  3.30000000e+00 -1.50917840e+00 -1.75438596e-03
  3.30000000e+00 -1.75438596e-03  3.30000000e+00 -1.82681131e+00]",11.44765591621399
0.0,[-0.46538162],"[-1.75438596e-03  3.30000000e+00 -1.75438596e-03  3.30000000e+00
 -1.59430254e+00 -1.75438596e-03  3.30000000e+00 -1.75438596e-03
  3.30000000e+00 -1.50917840e+00 -1.75438596e-03  3.30000000e+00
 -1.75438596e-03  3.30000000e+00 -1.82681131e+00 -1.75438596e-03
  3.30000000e+00 -1.75438596e-03  3.30000000e+00 -1.46538162e+00]",11.528096437454224
0.0,[-0.4375341],"[-1.75438596e-03  3.30000000e+00 -1.75438596e-03  3.30000000e+00
 -1.50917840e+00 -1.75438596e-03  3.30000000e+00 -1.75438596e-03
  3.30000000e+00 -1.82681131e+00 -1.75438596e-03  3.30000000e+00
 -1.75438596e-03  3.30000000e+00 -1.46538162e+00 -1.75438596e-03
  3.30000000e+00 -1.75438596e-03  3.30000000e+00 -1.43753409e+00]",11.607993602752686
0.0,[-0.32415533],"[-1.75438596e-03  3.30000000e+00 -1.75438596e-03  3.30000000e+00
 -1.82681131e+00 -1.75438596e-03  3.30000000e+00 -1.75438596e-03
  3.30000000e+00 -1.46538162e+00 -1.75438596e-03  3.30000000e+00
 -1.75438596e-03  3.30000000e+00 -1.43753409e+00 -1.75438596e-03
  3.30000000e+00 -1.75438596e-03  3.30000000e+00 -1.32415533e+00]",11.687601804733276
0.0,[-0.9034004],"[-1.75438596e-03  3.30000000e+00 -1.75438596e-03  3.30000000e+00
 -1.46538162e+00 -1.75438596e-03  3.30000000e+00 -1.75438596e-03
  3.30000000e+00 -1.43753409e+00 -1.75438596e-03  3.30000000e+00
 -1.75438596e-03  3.30000000e+00 -1.32415533e+00 -1.75438596e-03
  3.30000000e+00 -1.75438596e-03  3.30000000e+00 -1.90340042e+00]",11.767451524734497
0.0,[-0.6993041],"[-1.75438596e-03  3.30000000e+00 -1.75438596e-03  3.30000000e+00
 -1.43753409e+00 -1.75438596e-03  3.30000000e+00 -1.75438596e-03
  3.30000000e+00 -1.32415533e+00 -1.75438596e-03  3.30000000e+00
 -1.75438596e-03  3.30000000e+00 -1.90340042e+00 -1.75438596e-03
  3.30000000e+00 -1.75438596e-03  3.30000000e+00 -1.69930410e+00]",11.84027647972107
0.0,[-0.5189784],"[-1.75438596e-03  3.30000000e+00 -1.75438596e-03  3.30000000e+00
 -1.32415533e+00 -1.75438596e-03  3.30000000e+00 -1.75438596e-03
  3.30000000e+00 -1.90340042e+00 -1.75438596e-03  3.30000000e+00
 -1.75438596e-03  3.30000000e+00 -1.69930410e+00 -1.75438596e-03
  3.30000000e+00 -1.75438596e-03  3.30000000e+00 -1.51897836e+00]",11.920450687408447
0.0,[0.05517144],"[-1.75438596e-03  3.30000000e+00 -1.75438596e-03  3.30000000e+00
 -1.90340042e+00 -1.75438596e-03  3.30000000e+00 -1.75438596e-03
  3.30000000e+00 -1.69930410e+00 -1.75438596e-03  3.30000000e+00
 -1.75438596e-03  3.30000000e+00 -1.51897836e+00 -1.75438596e-03
  3.30000000e+00 -1.75438596e-03  3.30000000e+00 -9.44828570e-01]",12.000696182250977
0.0,[0.15664735],"[-1.75438596e-03  3.30000000e+00 -1.75438596e-03  3.30000000e+00
 -1.69930410e+00 -1.75438596e-03  3.30000000e+00 -1.75438596e-03
  3.30000000e+00 -1.51897836e+00 -1.75438596e-03  3.30000000e+00
 -1.75438596e-03  3.30000000e+00 -9.44828570e-01 -1.75438596e-03
  3.30000000e+00 -1.75438596e-03  3.30000000e+00 -8.43352675e-01]",12.080018281936646
0.0,[-0.8670827],"[-1.75438596e-03  3.30000000e+00 -1.75438596e-03  3.30000000e+00
 -1.51897836e+00 -1.75438596e-03  3.30000000e+00 -1.75438596e-03
  3.30000000e+00 -9.44828570e-01 -1.75438596e-03  3.30000000e+00
 -1.75438596e-03  3.30000000e+00 -8.43352675e-01 -1.75438596e-03
  3.30000000e+00 -1.75438596e-03  3.30000000e+00 -1.86708272e+00]",12.160051822662354
0.0,[-0.31283122],"[-1.75438596e-03  3.30000000e+00 -1.75438596e-03  3.30000000e+00
 -9.44828570e-01 -1.75438596e-03  3.30000000e+00 -1.75438596e-03
  3.30000000e+00 -8.43352675e-01 -1.75438596e-03  3.30000000e+00
 -1.75438596e-03  3.30000000e+00 -1.86708272e+00 -1.75438596e-03
  3.30000000e+00 -1.75438596e-03  3.30000000e+00 -1.31283116e+00]",12.240104675292969
0.0,[-0.5559026],"[-1.75438596e-03  3.30000000e+00 -1.75438596e-03  3.30000000e+00
 -8.43352675e-01 -1.75438596e-03  3.30000000e+00 -1.75438596e-03
  3.30000000e+00 -1.86708272e+00 -1.75438596e-03  3.30000000e+00
 -1.75438596e-03  3.30000000e+00 -1.31283116e+00 -1.75438596e-03
  3.30000000e+00 -1.75438596e-03  3.30000000e+00 -1.55590260e+00]",12.320289850234985
0.0,[-0.54358333],"[-1.75438596e-03  3.30000000e+00 -1.75438596e-03  3.30000000e+00
 -1.86708272e+00 -1.75438596e-03  3.30000000e+00 -1.75438596e-03
  3.30000000e+00 -1.31283116e+00 -1.75438596e-03  3.30000000e+00
 -1.75438596e-03  3.30000000e+00 -1.55590260e+00 -1.75438596e-03
  3.30000000e+00 -1.75438596e-03  3.30000000e+00 -1.54358339e+00]",12.399988651275635
0.0,[-0.7989722],"[-1.75438596e-03  3.30000000e+00 -1.75438596e-03  3.30000000e+00
 -1.31283116e+00 -1.75438596e-03  3.30000000e+00 -1.75438596e-03
  3.30000000e+00 -1.55590260e+00 -1.75438596e-03  3.30000000e+00
 -1.75438596e-03  3.30000000e+00 -1.54358339e+00 -1.75438596e-03
  3.30000000e+00 -1.75438596e-03  3.30000000e+00 -1.79897213e+00]",12.481880903244019
0.0,[-0.11909777],"[-1.75438596e-03  3.30000000e+00 -1.75438596e-03  3.30000000e+00
 -1.55590260e+00 -1.75438596e-03  3.30000000e+00 -1.75438596e-03
  3.30000000e+00 -1.54358339e+00 -1.75438596e-03  3.30000000e+00
 -1.75438596e-03  3.30000000e+00 -1.79897213e+00 -1.75438596e-03
  3.30000000e+00 -1.75438596e-03  3.30000000e+00 -1.11909771e+00]",12.559935808181763
0.0,[-0.7457367],"[-1.75438596e-03  3.30000000e+00 -1.75438596e-03  3.30000000e+00
 -1.54358339e+00 -1.75438596e-03  3.30000000e+00 -1.75438596e-03
  3.30000000e+00 -1.79897213e+00 -1.75438596e-03  3.30000000e+00
 -1.75438596e-03  3.30000000e+00 -1.11909771e+00 -1.75438596e-03
  3.30000000e+00 -1.75438596e-03  3.30000000e+00 -1.74573672e+00]",12.64762282371521
0.0,[-0.41562855],"[-1.75438596e-03  3.30000000e+00 -1.75438596e-03  3.30000000e+00
 -1.79897213e+00 -1.75438596e-03  3.30000000e+00 -1.75438596e-03
  3.30000000e+00 -1.11909771e+00 -1.75438596e-03  3.30000000e+00
 -1.75438596e-03  3.30000000e+00 -1.74573672e+00 -1.75438596e-03
  3.30000000e+00 -1.75438596e-03  3.30000000e+00 -1.41562855e+00]",12.721330404281616
0.0,[-0.53789175],"[-1.75438596e-03  3.30000000e+00 -1.75438596e-03  3.30000000e+00
 -1.11909771e+00 -1.75438596e-03  3.30000000e+00 -1.75438596e-03
  3.30000000e+00 -1.74573672e+00 -1.75438596e-03  3.30000000e+00
 -1.75438596e-03  3.30000000e+00 -1.41562855e+00 -1.75438596e-03
  3.30000000e+00 -1.75438596e-03  3.30000000e+00 -1.53789175e+00]",12.799982070922852
0.0,[-0.76908803],"[-1.75438596e-03  3.30000000e+00 -1.75438596e-03  3.30000000e+00
 -1.74573672e+00 -1.75438596e-03  3.30000000e+00 -1.75438596e-03
  3.30000000e+00 -1.41562855e+00 -1.75438596e-03  3.30000000e+00
 -1.75438596e-03  3.30000000e+00 -1.53789175e+00 -1.75438596e-03
  3.30000000e+00 -1.75438596e-03  3.30000000e+00 -1.76908803e+00]",12.884198665618896
0.0,[-0.89051056],"[-1.75438596e-03  3.30000000e+00 -1.75438596e-03  3.30000000e+00
 -1.41562855e+00 -1.75438596e-03  3.30000000e+00 -1.75438596e-03
  3.30000000e+00 -1.53789175e+00 -1.75438596e-03  3.30000000e+00
 -1.75438596e-03  3.30000000e+00 -1.76908803e+00 -1.75438596e-03
  3.30000000e+00 -1.75438596e-03  3.30000000e+00 -1.89051056e+00]",12.960108280181885
0.0,[-0.28394625],"[-1.75438596e-03  3.30000000e+00 -1.75438596e-03  3.30000000e+00
 -1.53789175e+00 -1.75438596e-03  3.30000000e+00 -1.75438596e-03
  3.30000000e+00 -1.76908803e+00 -1.75438596e-03  3.30000000e+00
 -1.75438596e-03  3.30000000e+00 -1.89051056e+00 -1.75438596e-03
  3.30000000e+00 -1.75438596e-03  3.30000000e+00 -1.28394628e+00]",13.040013790130615
0.0,[-0.9088227],"[-1.75438596e-03  3.30000000e+00 -1.75438596e-03  3.30000000e+00
 -1.76908803e+00 -1.75438596e-03  3.30000000e+00 -1.75438596e-03
  3.30000000e+00 -1.89051056e+00 -1.75438596e-03  3.30000000e+00
 -1.75438596e-03  3.30000000e+00 -1.28394628e+00 -1.75438596e-03
  3.30000000e+00 -1.75438596e-03  3.30000000e+00 -1.90882277e+00]",13.120093822479248
0.0,[-0.3052114],"[-1.75438596e-03  3.30000000e+00 -1.75438596e-03  3.30000000e+00
 -1.89051056e+00 -1.75438596e-03  3.30000000e+00 -1.75438596e-03
  3.30000000e+00 -1.28394628e+00 -1.75438596e-03  3.30000000e+00
 -1.75438596e-03  3.30000000e+00 -1.90882277e+00 -1.75438596e-03
  3.30000000e+00 -1.75438596e-03  3.30000000e+00 -1.30521142e+00]",13.200099229812622
0.0,[-0.47270426],"[-1.75438596e-03  3.30000000e+00 -1.75438596e-03  3.30000000e+00
 -1.28394628e+00 -1.75438596e-03  3.30000000e+00 -1.75438596e-03
  3.30000000e+00 -1.90882277e+00 -1.75438596e-03  3.30000000e+00
 -1.75438596e-03  3.30000000e+00 -1.30521142e+00 -1.75438596e-03
  3.30000000e+00 -1.75438596e-03  3.30000000e+00 -1.47270429e+00]",13.284231662750244
0.0,[-0.53959715],"[-1.75438596e-03  3.30000000e+00 -1.75438596e-03  3.30000000e+00
 -1.90882277e+00 -1.75438596e-03  3.30000000e+00 -1.75438596e-03
  3.30000000e+00 -1.30521142e+00 -1.75438596e-03  3.30000000e+00
 -1.75438596e-03  3.30000000e+00 -1.47270429e+00 -1.75438596e-03
  3.30000000e+00 -1.75438596e-03  3.30000000e+00 -1.53959715e+00]",13.367610931396484
0.0,[-0.4394548],"[-1.75438596e-03  3.30000000e+00 -1.75438596e-03  3.30000000e+00
 -1.30521142e+00 -1.75438596e-03  3.30000000e+00 -1.75438596e-03
  3.30000000e+00 -1.47270429e+00 -1.75438596e-03  3.30000000e+00
 -1.75438596e-03  3.30000000e+00 -1.53959715e+00 -1.75438596e-03
  3.30000000e+00 -1.75438596e-03  3.30000000e+00 -1.43945479e+00]",13.440033435821533
0.0,[-0.7512485],"[-1.75438596e-03  3.30000000e+00 -1.75438596e-03  3.30000000e+00
 -1.47270429e+00 -1.75438596e-03  3.30000000e+00 -1.75438596e-03
  3.30000000e+00 -1.53959715e+00 -1.75438596e-03  3.30000000e+00
 -1.75438596e-03  3.30000000e+00 -1.43945479e+00 -1.75438596e-03
  3.30000000e+00 -1.75438596e-03  3.30000000e+00 -1.75124848e+00]",13.528006553649902
0.0,[-0.25067145],"[-1.75438596e-03  3.30000000e+00 -1.75438596e-03  3.30000000e+00
 -1.53959715e+00 -1.75438596e-03  3.30000000e+00 -1.75438596e-03
  3.30000000e+00 -1.43945479e+00 -1.75438596e-03  3.30000000e+00
 -1.75438596e-03  3.30000000e+00 -1.75124848e+00 -1.75438596e-03
  3.30000000e+00 -1.75438596e-03  3.30000000e+00 -1.25067139e+00]",13.607784271240234
0.0,[-0.11767344],"[-1.75438596e-03  3.30000000e+00 -1.75438596e-03  3.30000000e+00
 -1.43945479e+00 -1.75438596e-03  3.30000000e+00 -1.75438596e-03
  3.30000000e+00 -1.75124848e+00 -1.75438596e-03  3.30000000e+00
 -1.75438596e-03  3.30000000e+00 -1.25067139e+00 -1.75438596e-03
  3.30000000e+00 -1.75438596e-03  3.30000000e+00 -1.11767340e+00]",13.687536716461182
0.0,[-0.55070937],"[-1.75438596e-03  3.30000000e+00 -1.75438596e-03  3.30000000e+00
 -1.75124848e+00 -1.75438596e-03  3.30000000e+00 -1.75438596e-03
  3.30000000e+00 -1.25067139e+00 -1.75438596e-03  3.30000000e+00
 -1.75438596e-03  3.30000000e+00 -1.11767340e+00 -1.75438596e-03
  3.30000000e+00 -1.75438596e-03  3.30000000e+00 -1.55070937e+00]",13.761646509170532
0.0,[-0.66040945],"[-1.75438596e-03  3.30000000e+00 -1.75438596e-03  3.30000000e+00
 -1.25067139e+00 -1.75438596e-03  3.30000000e+00 -1.75438596e-03
  3.30000000e+00 -1.11767340e+00 -1.75438596e-03  3.30000000e+00
 -1.75438596e-03  3.30000000e+00 -1.55070937e+00 -1.75438596e-03
  3.30000000e+00 -1.75438596e-03  3.30000000e+00 -1.66040945e+00]",13.847691535949707
0.0,[-0.7866782],"[-1.75438596e-03  3.30000000e+00 -1.75438596e-03  3.30000000e+00
 -1.11767340e+00 -1.75438596e-03  3.30000000e+00 -1.75438596e-03
  3.30000000e+00 -1.55070937e+00 -1.75438596e-03  3.30000000e+00
 -1.75438596e-03  3.30000000e+00 -1.66040945e+00 -1.75438596e-03
  3.30000000e+00 -1.75438596e-03  3.30000000e+00 -1.78667819e+00]",13.927797794342041
0.0,[-0.78516483],"[-1.75438596e-03  3.30000000e+00 -1.75438596e-03  3.30000000e+00
 -1.55070937e+00 -1.75438596e-03  3.30000000e+00 -1.75438596e-03
  3.30000000e+00 -1.66040945e+00 -1.75438596e-03  3.30000000e+00
 -1.75438596e-03  3.30000000e+00 -1.78667819e+00 -1.75438596e-03
  3.30000000e+00 -1.75438596e-03  3.30000000e+00 -1.78516483e+00]",14.00046992301941
0.0,[-0.11771329],"[-1.75438596e-03  3.30000000e+00 -1.75438596e-03  3.30000000e+00
 -1.66040945e+00 -1.75438596e-03  3.30000000e+00 -1.75438596e-03
  3.30000000e+00 -1.78667819e+00 -1.75438596e-03  3.30000000e+00
 -1.75438596e-03  3.30000000e+00 -1.78516483e+00 -1.75438596e-03
  3.30000000e+00 -1.75438596e-03  3.30000000e+00 -1.11771333e+00]",14.084241390228271
0.0,[-0.44758144],"[-1.75438596e-03  3.30000000e+00 -1.75438596e-03  3.30000000e+00
 -1.78667819e+00 -1.75438596e-03  3.30000000e+00 -1.75438596e-03
  3.30000000e+00 -1.78516483e+00 -1.75438596e-03  3.30000000e+00
 -1.75438596e-03  3.30000000e+00 -1.11771333e+00 -1.75438596e-03
  3.30000000e+00 -1.75438596e-03  3.30000000e+00 -1.44758141e+00]",14.167630910873413
0.0,[-0.3523086],"[-1.75438596e-03  3.30000000e+00 -1.75438596e-03  3.30000000e+00
 -1.78516483e+00 -1.75438596e-03  3.30000000e+00 -1.75438596e-03
  3.30000000e+00 -1.11771333e+00 -1.75438596e-03  3.30000000e+00
 -1.75438596e-03  3.30000000e+00 -1.44758141e+00 -1.75438596e-03
  3.30000000e+00 -1.75438596e-03  3.30000000e+00 -1.35230863e+00]",14.240813493728638
0.0,[-0.74037313],"[-1.75438596e-03  3.30000000e+00 -1.75438596e-03  3.30000000e+00
 -1.11771333e+00 -1.75438596e-03  3.30000000e+00 -1.75438596e-03
  3.30000000e+00 -1.44758141e+00 -1.75438596e-03  3.30000000e+00
 -1.75438596e-03  3.30000000e+00 -1.35230863e+00 -1.75438596e-03
  3.30000000e+00 -1.75438596e-03  3.30000000e+00 -1.74037313e+00]",14.325069665908813
0.0,[-0.8525688],"[-1.75438596e-03  3.30000000e+00 -1.75438596e-03  3.30000000e+00
 -1.44758141e+00 -1.75438596e-03  3.30000000e+00 -1.75438596e-03
  3.30000000e+00 -1.35230863e+00 -1.75438596e-03  3.30000000e+00
 -1.75438596e-03  3.30000000e+00 -1.74037313e+00 -1.75438596e-03
  3.30000000e+00 -1.75438596e-03  3.30000000e+00 -1.85256886e+00]",14.405107021331787
0.0,[-0.6209635],"[-1.75438596e-03  3.30000000e+00 -1.75438596e-03  3.30000000e+00
 -1.35230863e+00 -1.75438596e-03  3.30000000e+00 -1.75438596e-03
  3.30000000e+00 -1.74037313e+00 -1.75438596e-03  3.30000000e+00
 -1.75438596e-03  3.30000000e+00 -1.85256886e+00 -1.75438596e-03
  3.30000000e+00 -1.75438596e-03  3.30000000e+00 -1.62096357e+00]",14.484169244766235
0.0,[-0.51178646],"[-1.75438596e-03  3.30000000e+00 -1.75438596e-03  3.30000000e+00
 -1.74037313e+00 -1.75438596e-03  3.30000000e+00 -1.75438596e-03
  3.30000000e+00 -1.85256886e+00 -1.75438596e-03  3.30000000e+00
 -1.75438596e-03  3.30000000e+00 -1.62096357e+00 -1.75438596e-03
  3.30000000e+00 -1.75438596e-03  3.30000000e+00 -1.51178646e+00]",14.567570209503174
0.0,[-0.72662723],"[-1.75438596e-03  3.30000000e+00 -1.75438596e-03  3.30000000e+00
 -1.85256886e+00 -1.75438596e-03  3.30000000e+00 -1.75438596e-03
  3.30000000e+00 -1.62096357e+00 -1.75438596e-03  3.30000000e+00
 -1.75438596e-03  3.30000000e+00 -1.51178646e+00 -1.75438596e-03
  3.30000000e+00 -1.75438596e-03  3.30000000e+00 -1.72662723e+00]",14.64132022857666
0.0,[-0.7179321],"[-1.75438596e-03  3.30000000e+00 -1.75438596e-03  3.30000000e+00
 -1.62096357e+00 -1.75438596e-03  3.30000000e+00 -1.75438596e-03
  3.30000000e+00 -1.51178646e+00 -1.75438596e-03  3.30000000e+00
 -1.75438596e-03  3.30000000e+00 -1.72662723e+00 -1.75438596e-03
  3.30000000e+00 -1.75438596e-03  3.30000000e+00 -1.71793211e+00]",14.72007966041565
0.0,[-0.5822946],"[-1.75438596e-03  3.30000000e+00 -1.75438596e-03  3.30000000e+00
 -1.51178646e+00 -1.75438596e-03  3.30000000e+00 -1.75438596e-03
  3.30000000e+00 -1.72662723e+00 -1.75438596e-03  3.30000000e+00
 -1.75438596e-03  3.30000000e+00 -1.71793211e+00 -1.75438596e-03
  3.30000000e+00 -1.75438596e-03  3.30000000e+00 -1.58229458e+00]",14.807600021362305
0.0,[-0.20728138],"[-1.75438596e-03  3.30000000e+00 -1.75438596e-03  3.30000000e+00
 -1.72662723e+00 -1.75438596e-03  3.30000000e+00 -1.75438596e-03
  3.30000000e+00 -1.71793211e+00 -1.75438596e-03  3.30000000e+00
 -1.75438596e-03  3.30000000e+00 -1.58229458e+00 -1.75438596e-03
  3.30000000e+00 -1.75438596e-03  3.30000000e+00 -1.20728135e+00]",14.881664276123047
0.0,[-0.7450793],"[-1.75438596e-03  3.30000000e+00 -1.75438596e-03  3.30000000e+00
 -1.71793211e+00 -1.75438596e-03  3.30000000e+00 -1.75438596e-03
  3.30000000e+00 -1.58229458e+00 -1.75438596e-03  3.30000000e+00
 -1.75438596e-03  3.30000000e+00 -1.20728135e+00 -1.75438596e-03
  3.30000000e+00 -1.75438596e-03  3.30000000e+00 -1.74507928e+00]",14.96772289276123
0.0,[-0.3233606],"[-1.75438596e-03  3.30000000e+00 -1.75438596e-03  3.30000000e+00
 -1.58229458e+00 -1.75438596e-03  3.30000000e+00 -1.75438596e-03
  3.30000000e+00 -1.20728135e+00 -1.75438596e-03  3.30000000e+00
 -1.75438596e-03  3.30000000e+00 -1.74507928e+00 -1.75438596e-03
  3.30000000e+00 -1.75438596e-03  3.30000000e+00 -1.32336056e+00]",15.047553300857544
0.0,[-0.28551316],"[-1.75438596e-03  3.30000000e+00 -1.75438596e-03  3.30000000e+00
 -1.20728135e+00 -1.75438596e-03  3.30000000e+00 -1.75438596e-03
  3.30000000e+00 -1.74507928e+00 -1.75438596e-03  3.30000000e+00
 -1.75438596e-03  3.30000000e+00 -1.32336056e+00 -1.75438596e-03
  3.30000000e+00 -1.75438596e-03  3.30000000e+00 -1.28551316e+00]",15.120824575424194
0.0,[-0.4168574],"[-1.75438596e-03  3.30000000e+00 -1.75438596e-03  3.30000000e+00
 -1.74507928e+00 -1.75438596e-03  3.30000000e+00 -1.75438596e-03
  3.30000000e+00 -1.32336056e+00 -1.75438596e-03  3.30000000e+00
 -1.75438596e-03  3.30000000e+00 -1.28551316e+00 -1.75438596e-03
  3.30000000e+00 -1.75438596e-03  3.30000000e+00 -1.41685736e+00]",15.207775592803955
