reward,action,obs,time
,,"[ 0.00000000e+00  0.00000000e+00  0.00000000e+00  0.00000000e+00
  0.00000000e+00  0.00000000e+00  0.00000000e+00  0.00000000e+00
  0.00000000e+00  0.00000000e+00  0.00000000e+00  0.00000000e+00
  0.00000000e+00  0.00000000e+00  0.00000000e+00 -1.75438596e-03
  3.30000000e+00 -1.75438596e-03  3.30000000e+00  0.00000000e+00]",86.05791687965393
0.0,[-0.14069323],"[ 0.00000000e+00  0.00000000e+00  0.00000000e+00  0.00000000e+00
  0.00000000e+00  0.00000000e+00  0.00000000e+00  0.00000000e+00
  0.00000000e+00  0.00000000e+00 -1.75438596e-03  3.30000000e+00
 -1.75438596e-03  3.30000000e+00  0.00000000e+00 -1.75438596e-03
  3.30000000e+00 -1.75438596e-03  3.30000000e+00 -1.14069319e+00]",86.10191535949707
0.0,[-0.663332],"[ 0.00000000e+00  0.00000000e+00  0.00000000e+00  0.00000000e+00
  0.00000000e+00 -1.75438596e-03  3.30000000e+00 -1.75438596e-03
  3.30000000e+00  0.00000000e+00 -1.75438596e-03  3.30000000e+00
 -1.75438596e-03  3.30000000e+00 -1.14069319e+00 -1.75438596e-03
  3.30000000e+00 -1.75438596e-03  3.30000000e+00 -1.66333199e+00]",86.10749912261963
0.0,[-0.36555076],"[-1.75438596e-03  3.30000000e+00 -1.75438596e-03  3.30000000e+00
  0.00000000e+00 -1.75438596e-03  3.30000000e+00 -1.75438596e-03
  3.30000000e+00 -1.14069319e+00 -1.75438596e-03  3.30000000e+00
 -1.75438596e-03  3.30000000e+00 -1.66333199e+00 -1.75438596e-03
  3.30000000e+00 -1.75438596e-03  3.30000000e+00 -1.36555076e+00]",86.11324071884155
0.0,[-0.87307173],"[-1.75438596e-03  3.30000000e+00 -1.75438596e-03  3.30000000e+00
 -1.14069319e+00 -1.75438596e-03  3.30000000e+00 -1.75438596e-03
  3.30000000e+00 -1.66333199e+00 -1.75438596e-03  3.30000000e+00
 -1.75438596e-03  3.30000000e+00 -1.36555076e+00 -1.75438596e-03
  3.30000000e+00 -1.75438596e-03  3.30000000e+00 -1.87307167e+00]",86.11961364746094
0.0,[-0.6476996],"[-1.75438596e-03  3.30000000e+00 -1.75438596e-03  3.30000000e+00
 -1.66333199e+00 -1.75438596e-03  3.30000000e+00 -1.75438596e-03
  3.30000000e+00 -1.36555076e+00 -1.75438596e-03  3.30000000e+00
 -1.75438596e-03  3.30000000e+00 -1.87307167e+00 -1.75438596e-03
  3.30000000e+00 -1.75438596e-03  3.30000000e+00 -1.64769959e+00]",86.18831944465637
0.0,[0.94794226],"[-1.75438596e-03  3.30000000e+00 -1.75438596e-03  3.30000000e+00
 -1.36555076e+00 -1.75438596e-03  3.30000000e+00 -1.75438596e-03
  3.30000000e+00 -1.87307167e+00 -1.75438596e-03  3.30000000e+00
 -1.75438596e-03  3.30000000e+00 -1.64769959e+00 -1.75438596e-03
  3.30000000e+00 -1.75438596e-03  3.30000000e+00 -5.20577431e-02]",86.26833081245422
0.0,[0.6607037],"[-1.75438596e-03  3.30000000e+00 -1.75438596e-03  3.30000000e+00
 -1.87307167e+00 -1.75438596e-03  3.30000000e+00 -1.75438596e-03
  3.30000000e+00 -1.64769959e+00 -1.75438596e-03  3.30000000e+00
 -1.75438596e-03  3.30000000e+00 -5.20577431e-02 -1.75438596e-03
  3.30000000e+00 -1.75438596e-03  3.30000000e+00 -3.39296281e-01]",86.34835886955261
0.0,[-0.2793964],"[-1.75438596e-03  3.30000000e+00 -1.75438596e-03  3.30000000e+00
 -1.64769959e+00 -1.75438596e-03  3.30000000e+00 -1.75438596e-03
  3.30000000e+00 -5.20577431e-02 -1.75438596e-03  3.30000000e+00
 -1.75438596e-03  3.30000000e+00 -3.39296281e-01 -1.75438596e-03
  3.30000000e+00 -1.75438596e-03  3.30000000e+00 -1.27939641e+00]",86.42179322242737
0.0,[0.19864103],"[-1.75438596e-03  3.30000000e+00 -1.75438596e-03  3.30000000e+00
 -5.20577431e-02 -1.75438596e-03  3.30000000e+00 -1.75438596e-03
  3.30000000e+00 -3.39296281e-01 -1.75438596e-03  3.30000000e+00
 -1.75438596e-03  3.30000000e+00 -1.27939641e+00 -1.75438596e-03
  3.30000000e+00 -1.75438596e-03  3.30000000e+00 -8.01358938e-01]",86.50196719169617
0.0,[-0.34700602],"[-1.75438596e-03  3.30000000e+00 -1.75438596e-03  3.30000000e+00
 -3.39296281e-01 -1.75438596e-03  3.30000000e+00 -1.75438596e-03
  3.30000000e+00 -1.27939641e+00 -1.75438596e-03  3.30000000e+00
 -1.75438596e-03  3.30000000e+00 -8.01358938e-01 -1.75438596e-03
  3.30000000e+00 -1.75438596e-03  3.30000000e+00 -1.34700608e+00]",86.58691501617432
0.0,[-0.40206182],"[-1.75438596e-03  3.30000000e+00 -1.75438596e-03  3.30000000e+00
 -1.27939641e+00 -1.75438596e-03  3.30000000e+00 -1.75438596e-03
  3.30000000e+00 -8.01358938e-01 -1.75438596e-03  3.30000000e+00
 -1.75438596e-03  3.30000000e+00 -1.34700608e+00 -1.75438596e-03
  3.30000000e+00 -1.75438596e-03  3.30000000e+00 -1.40206182e+00]",86.66258358955383
0.0,[0.3213323],"[-1.75438596e-03  3.30000000e+00 -1.75438596e-03  3.30000000e+00
 -8.01358938e-01 -1.75438596e-03  3.30000000e+00 -1.75438596e-03
  3.30000000e+00 -1.34700608e+00 -1.75438596e-03  3.30000000e+00
 -1.75438596e-03  3.30000000e+00 -1.40206182e+00 -1.75438596e-03
  3.30000000e+00 -1.75438596e-03  3.30000000e+00 -6.78667665e-01]",86.74280214309692
0.0,[0.89039713],"[-1.75438596e-03  3.30000000e+00 -1.75438596e-03  3.30000000e+00
 -1.34700608e+00 -1.75438596e-03  3.30000000e+00 -1.75438596e-03
  3.30000000e+00 -1.40206182e+00 -1.75438596e-03  3.30000000e+00
 -1.75438596e-03  3.30000000e+00 -6.78667665e-01 -1.75438596e-03
  3.30000000e+00 -1.75438596e-03  3.30000000e+00 -1.09602869e-01]",86.82346987724304
0.0,[-0.9975607],"[-1.75438596e-03  3.30000000e+00 -1.75438596e-03  3.30000000e+00
 -1.40206182e+00 -1.75438596e-03  3.30000000e+00 -1.75438596e-03
  3.30000000e+00 -6.78667665e-01 -1.75438596e-03  3.30000000e+00
 -1.75438596e-03  3.30000000e+00 -1.09602869e-01 -1.75438596e-03
  3.30000000e+00 -1.75438596e-03  3.30000000e+00 -1.99756074e+00]",86.90178632736206
0.0,[-0.38952184],"[-1.75438596e-03  3.30000000e+00 -1.75438596e-03  3.30000000e+00
 -6.78667665e-01 -1.75438596e-03  3.30000000e+00 -1.75438596e-03
  3.30000000e+00 -1.09602869e-01 -1.75438596e-03  3.30000000e+00
 -1.75438596e-03  3.30000000e+00 -1.99756074e+00 -1.75438596e-03
  3.30000000e+00 -1.75438596e-03  3.30000000e+00 -1.38952184e+00]",86.98202657699585
0.0,[-0.8076877],"[-1.75438596e-03  3.30000000e+00 -1.75438596e-03  3.30000000e+00
 -1.09602869e-01 -1.75438596e-03  3.30000000e+00 -1.75438596e-03
  3.30000000e+00 -1.99756074e+00 -1.75438596e-03  3.30000000e+00
 -1.75438596e-03  3.30000000e+00 -1.38952184e+00 -1.75438596e-03
  3.30000000e+00 -1.75438596e-03  3.30000000e+00 -1.80768776e+00]",87.0660605430603
0.0,[0.51813483],"[-1.75438596e-03  3.30000000e+00 -1.75438596e-03  3.30000000e+00
 -1.99756074e+00 -1.75438596e-03  3.30000000e+00 -1.75438596e-03
  3.30000000e+00 -1.38952184e+00 -1.75438596e-03  3.30000000e+00
 -1.75438596e-03  3.30000000e+00 -1.80768776e+00 -1.75438596e-03
  3.30000000e+00 -1.75438596e-03  3.30000000e+00 -4.81865168e-01]",87.14227867126465
0.0,[0.65526795],"[-1.75438596e-03  3.30000000e+00 -1.75438596e-03  3.30000000e+00
 -1.38952184e+00 -1.75438596e-03  3.30000000e+00 -1.75438596e-03
  3.30000000e+00 -1.80768776e+00 -1.75438596e-03  3.30000000e+00
 -1.75438596e-03  3.30000000e+00 -4.81865168e-01 -1.75438596e-03
  3.30000000e+00 -1.75438596e-03  3.30000000e+00 -3.44732046e-01]",87.221928358078
0.0,[-0.951068],"[-1.75438596e-03  3.30000000e+00 -1.75438596e-03  3.30000000e+00
 -1.80768776e+00 -1.75438596e-03  3.30000000e+00 -1.75438596e-03
  3.30000000e+00 -4.81865168e-01 -1.75438596e-03  3.30000000e+00
 -1.75438596e-03  3.30000000e+00 -3.44732046e-01 -1.75438596e-03
  3.30000000e+00 -1.75438596e-03  3.30000000e+00 -1.95106792e+00]",87.30189561843872
0.0,[-0.85591215],"[-1.75438596e-03  3.30000000e+00 -1.75438596e-03  3.30000000e+00
 -4.81865168e-01 -1.75438596e-03  3.30000000e+00 -1.75438596e-03
  3.30000000e+00 -3.44732046e-01 -1.75438596e-03  3.30000000e+00
 -1.75438596e-03  3.30000000e+00 -1.95106792e+00 -1.75438596e-03
  3.30000000e+00 -1.75438596e-03  3.30000000e+00 -1.85591221e+00]",87.38607215881348
0.0,[-0.91341037],"[-1.75438596e-03  3.30000000e+00 -1.75438596e-03  3.30000000e+00
 -3.44732046e-01 -1.75438596e-03  3.30000000e+00 -1.75438596e-03
  3.30000000e+00 -1.95106792e+00 -1.75438596e-03  3.30000000e+00
 -1.75438596e-03  3.30000000e+00 -1.85591221e+00 -1.75438596e-03
  3.30000000e+00 -1.75438596e-03  3.30000000e+00 -1.91341043e+00]",87.46293520927429
0.0,[-0.32725868],"[-1.75438596e-03  3.30000000e+00 -1.75438596e-03  3.30000000e+00
 -1.95106792e+00 -1.75438596e-03  3.30000000e+00 -1.75438596e-03
  3.30000000e+00 -1.85591221e+00 -1.75438596e-03  3.30000000e+00
 -1.75438596e-03  3.30000000e+00 -1.91341043e+00 -1.75438596e-03
  3.30000000e+00 -1.75438596e-03  3.30000000e+00 -1.32725871e+00]",87.5421347618103
0.0,[-0.78638566],"[-1.75438596e-03  3.30000000e+00 -1.75438596e-03  3.30000000e+00
 -1.85591221e+00 -1.75438596e-03  3.30000000e+00 -1.75438596e-03
  3.30000000e+00 -1.91341043e+00 -1.75438596e-03  3.30000000e+00
 -1.75438596e-03  3.30000000e+00 -1.32725871e+00 -1.75438596e-03
  3.30000000e+00 -1.75438596e-03  3.30000000e+00 -1.78638566e+00]",87.622154712677
0.0,[-0.00221723],"[-1.75438596e-03  3.30000000e+00 -1.75438596e-03  3.30000000e+00
 -1.91341043e+00 -1.75438596e-03  3.30000000e+00 -1.75438596e-03
  3.30000000e+00 -1.32725871e+00 -1.75438596e-03  3.30000000e+00
 -1.75438596e-03  3.30000000e+00 -1.78638566e+00 -1.75438596e-03
  3.30000000e+00 -1.75438596e-03  3.30000000e+00 -1.00221729e+00]",87.70272612571716
0.0,[0.1179072],"[-1.75438596e-03  3.30000000e+00 -1.75438596e-03  3.30000000e+00
 -1.32725871e+00 -1.75438596e-03  3.30000000e+00 -1.75438596e-03
  3.30000000e+00 -1.78638566e+00 -1.75438596e-03  3.30000000e+00
 -1.75438596e-03  3.30000000e+00 -1.00221729e+00 -1.75438596e-03
  3.30000000e+00 -1.75438596e-03  3.30000000e+00 -8.82092774e-01]",87.78297829627991
0.0,[0.06687272],"[-1.75438596e-03  3.30000000e+00 -1.75438596e-03  3.30000000e+00
 -1.78638566e+00 -1.75438596e-03  3.30000000e+00 -1.75438596e-03
  3.30000000e+00 -1.00221729e+00 -1.75438596e-03  3.30000000e+00
 -1.75438596e-03  3.30000000e+00 -8.82092774e-01 -1.75438596e-03
  3.30000000e+00 -1.75438596e-03  3.30000000e+00 -9.33127284e-01]",87.86414742469788
0.0,[0.47576427],"[-1.75438596e-03  3.30000000e+00 -1.75438596e-03  3.30000000e+00
 -1.00221729e+00 -1.75438596e-03  3.30000000e+00 -1.75438596e-03
  3.30000000e+00 -8.82092774e-01 -1.75438596e-03  3.30000000e+00
 -1.75438596e-03  3.30000000e+00 -9.33127284e-01 -1.75438596e-03
  3.30000000e+00 -1.75438596e-03  3.30000000e+00 -5.24235725e-01]",87.94214797019958
0.0,[-0.8698544],"[-1.75438596e-03  3.30000000e+00 -1.75438596e-03  3.30000000e+00
 -8.82092774e-01 -1.75438596e-03  3.30000000e+00 -1.75438596e-03
  3.30000000e+00 -9.33127284e-01 -1.75438596e-03  3.30000000e+00
 -1.75438596e-03  3.30000000e+00 -5.24235725e-01 -1.75438596e-03
  3.30000000e+00 -1.75438596e-03  3.30000000e+00 -1.86985445e+00]",88.0261459350586
0.0,[0.25891513],"[-1.75438596e-03  3.30000000e+00 -1.75438596e-03  3.30000000e+00
 -9.33127284e-01 -1.75438596e-03  3.30000000e+00 -1.75438596e-03
  3.30000000e+00 -5.24235725e-01 -1.75438596e-03  3.30000000e+00
 -1.75438596e-03  3.30000000e+00 -1.86985445e+00 -1.75438596e-03
  3.30000000e+00 -1.75438596e-03  3.30000000e+00 -7.41084874e-01]",88.10853815078735
0.0,[0.8026363],"[-1.75438596e-03  3.30000000e+00 -1.75438596e-03  3.30000000e+00
 -5.24235725e-01 -1.75438596e-03  3.30000000e+00 -1.75438596e-03
  3.30000000e+00 -1.86985445e+00 -1.75438596e-03  3.30000000e+00
 -1.75438596e-03  3.30000000e+00 -7.41084874e-01 -1.75438596e-03
  3.30000000e+00 -1.75438596e-03  3.30000000e+00 -1.97363675e-01]",88.18258237838745
0.0,[-0.6166291],"[-1.75438596e-03  3.30000000e+00 -1.75438596e-03  3.30000000e+00
 -1.86985445e+00 -1.75438596e-03  3.30000000e+00 -1.75438596e-03
  3.30000000e+00 -7.41084874e-01 -1.75438596e-03  3.30000000e+00
 -1.75438596e-03  3.30000000e+00 -1.97363675e-01 -1.75438596e-03
  3.30000000e+00 -1.75438596e-03  3.30000000e+00 -1.61662912e+00]",88.26844215393066
0.0,[0.04918931],"[-1.75438596e-03  3.30000000e+00 -1.75438596e-03  3.30000000e+00
 -7.41084874e-01 -1.75438596e-03  3.30000000e+00 -1.75438596e-03
  3.30000000e+00 -1.97363675e-01 -1.75438596e-03  3.30000000e+00
 -1.75438596e-03  3.30000000e+00 -1.61662912e+00 -1.75438596e-03
  3.30000000e+00 -1.75438596e-03  3.30000000e+00 -9.50810671e-01]",88.34294939041138
0.0,[0.13409522],"[-1.75438596e-03  3.30000000e+00 -1.75438596e-03  3.30000000e+00
 -1.97363675e-01 -1.75438596e-03  3.30000000e+00 -1.75438596e-03
  3.30000000e+00 -1.61662912e+00 -1.75438596e-03  3.30000000e+00
 -1.75438596e-03  3.30000000e+00 -9.50810671e-01 -1.75438596e-03
  3.30000000e+00 -1.75438596e-03  3.30000000e+00 -8.65904808e-01]",88.42862176895142
0.0,[-0.21194063],"[-1.75438596e-03  3.30000000e+00 -1.75438596e-03  3.30000000e+00
 -1.61662912e+00 -1.75438596e-03  3.30000000e+00 -1.75438596e-03
  3.30000000e+00 -9.50810671e-01 -1.75438596e-03  3.30000000e+00
 -1.75438596e-03  3.30000000e+00 -8.65904808e-01 -1.75438596e-03
  3.30000000e+00 -1.75438596e-03  3.30000000e+00 -1.21194065e+00]",88.50377225875854
0.0,[0.32177094],"[-1.75438596e-03  3.30000000e+00 -1.75438596e-03  3.30000000e+00
 -9.50810671e-01 -1.75438596e-03  3.30000000e+00 -1.75438596e-03
  3.30000000e+00 -8.65904808e-01 -1.75438596e-03  3.30000000e+00
 -1.75438596e-03  3.30000000e+00 -1.21194065e+00 -1.75438596e-03
  3.30000000e+00 -1.75438596e-03  3.30000000e+00 -6.78229094e-01]",88.58224177360535
0.0,[0.10586992],"[-1.75438596e-03  3.30000000e+00 -1.75438596e-03  3.30000000e+00
 -8.65904808e-01 -1.75438596e-03  3.30000000e+00 -1.75438596e-03
  3.30000000e+00 -1.21194065e+00 -1.75438596e-03  3.30000000e+00
 -1.75438596e-03  3.30000000e+00 -6.78229094e-01 -1.75438596e-03
  3.30000000e+00 -1.75438596e-03  3.30000000e+00 -8.94130111e-01]",88.66690754890442
0.0,[0.5397433],"[-1.75438596e-03  3.30000000e+00 -1.75438596e-03  3.30000000e+00
 -1.21194065e+00 -1.75438596e-03  3.30000000e+00 -1.75438596e-03
  3.30000000e+00 -6.78229094e-01 -1.75438596e-03  3.30000000e+00
 -1.75438596e-03  3.30000000e+00 -8.94130111e-01 -1.75438596e-03
  3.30000000e+00 -1.75438596e-03  3.30000000e+00 -4.60256696e-01]",88.74419236183167
0.0,[0.9763904],"[-1.75438596e-03  3.30000000e+00 -1.75438596e-03  3.30000000e+00
 -6.78229094e-01 -1.75438596e-03  3.30000000e+00 -1.75438596e-03
  3.30000000e+00 -8.94130111e-01 -1.75438596e-03  3.30000000e+00
 -1.75438596e-03  3.30000000e+00 -4.60256696e-01 -1.75438596e-03
  3.30000000e+00 -1.75438596e-03  3.30000000e+00 -2.36095786e-02]",88.8282527923584
0.0,[0.6021214],"[-1.75438596e-03  3.30000000e+00 -1.75438596e-03  3.30000000e+00
 -8.94130111e-01 -1.75438596e-03  3.30000000e+00 -1.75438596e-03
  3.30000000e+00 -4.60256696e-01 -1.75438596e-03  3.30000000e+00
 -1.75438596e-03  3.30000000e+00 -2.36095786e-02 -1.75438596e-03
  3.30000000e+00 -1.75438596e-03  3.30000000e+00 -3.97878587e-01]",88.90823197364807
0.0,[-0.60790074],"[-1.75438596e-03  3.30000000e+00 -1.75438596e-03  3.30000000e+00
 -4.60256696e-01 -1.75438596e-03  3.30000000e+00 -1.75438596e-03
  3.30000000e+00 -2.36095786e-02 -1.75438596e-03  3.30000000e+00
 -1.75438596e-03  3.30000000e+00 -3.97878587e-01 -1.75438596e-03
  3.30000000e+00 -1.75438596e-03  3.30000000e+00 -1.60790074e+00]",88.98850059509277
0.0,[0.49536136],"[-1.75438596e-03  3.30000000e+00 -1.75438596e-03  3.30000000e+00
 -2.36095786e-02 -1.75438596e-03  3.30000000e+00 -1.75438596e-03
  3.30000000e+00 -3.97878587e-01 -1.75438596e-03  3.30000000e+00
 -1.75438596e-03  3.30000000e+00 -1.60790074e+00 -1.75438596e-03
  3.30000000e+00 -1.75438596e-03  3.30000000e+00 -5.04638672e-01]",89.06189727783203
0.0,[-0.29343113],"[-1.75438596e-03  3.30000000e+00 -1.75438596e-03  3.30000000e+00
 -3.97878587e-01 -1.75438596e-03  3.30000000e+00 -1.75438596e-03
  3.30000000e+00 -1.60790074e+00 -1.75438596e-03  3.30000000e+00
 -1.75438596e-03  3.30000000e+00 -5.04638672e-01 -1.75438596e-03
  3.30000000e+00 -1.75438596e-03  3.30000000e+00 -1.29343116e+00]",89.14824342727661
0.0,[0.29114157],"[-1.75438596e-03  3.30000000e+00 -1.75438596e-03  3.30000000e+00
 -1.60790074e+00 -1.75438596e-03  3.30000000e+00 -1.75438596e-03
  3.30000000e+00 -5.04638672e-01 -1.75438596e-03  3.30000000e+00
 -1.75438596e-03  3.30000000e+00 -1.29343116e+00 -1.75438596e-03
  3.30000000e+00 -1.75438596e-03  3.30000000e+00 -7.08858430e-01]",89.22279191017151
0.0,[0.62053907],"[-1.75438596e-03  3.30000000e+00 -1.75438596e-03  3.30000000e+00
 -5.04638672e-01 -1.75438596e-03  3.30000000e+00 -1.75438596e-03
  3.30000000e+00 -1.29343116e+00 -1.75438596e-03  3.30000000e+00
 -1.75438596e-03  3.30000000e+00 -7.08858430e-01 -1.75438596e-03
  3.30000000e+00 -1.75438596e-03  3.30000000e+00 -3.79460931e-01]",89.30191206932068
0.0,[0.78640175],"[-1.75438596e-03  3.30000000e+00 -1.75438596e-03  3.30000000e+00
 -1.29343116e+00 -1.75438596e-03  3.30000000e+00 -1.75438596e-03
  3.30000000e+00 -7.08858430e-01 -1.75438596e-03  3.30000000e+00
 -1.75438596e-03  3.30000000e+00 -3.79460931e-01 -1.75438596e-03
  3.30000000e+00 -1.75438596e-03  3.30000000e+00 -2.13598251e-01]",89.3860867023468
0.0,[-0.13462692],"[-1.75438596e-03  3.30000000e+00 -1.75438596e-03  3.30000000e+00
 -7.08858430e-01 -1.75438596e-03  3.30000000e+00 -1.75438596e-03
  3.30000000e+00 -3.79460931e-01 -1.75438596e-03  3.30000000e+00
 -1.75438596e-03  3.30000000e+00 -2.13598251e-01 -1.75438596e-03
  3.30000000e+00 -1.75438596e-03  3.30000000e+00 -1.13462687e+00]",89.46306467056274
0.0,[-0.44147545],"[-1.75438596e-03  3.30000000e+00 -1.75438596e-03  3.30000000e+00
 -3.79460931e-01 -1.75438596e-03  3.30000000e+00 -1.75438596e-03
  3.30000000e+00 -2.13598251e-01 -1.75438596e-03  3.30000000e+00
 -1.75438596e-03  3.30000000e+00 -1.13462687e+00 -1.75438596e-03
  3.30000000e+00 -1.75438596e-03  3.30000000e+00 -1.44147539e+00]",89.54865908622742
0.0,[-0.17699553],"[-1.75438596e-03  3.30000000e+00 -1.75438596e-03  3.30000000e+00
 -2.13598251e-01 -1.75438596e-03  3.30000000e+00 -1.75438596e-03
  3.30000000e+00 -1.13462687e+00 -1.75438596e-03  3.30000000e+00
 -1.75438596e-03  3.30000000e+00 -1.44147539e+00 -1.75438596e-03
  3.30000000e+00 -1.75438596e-03  3.30000000e+00 -1.17699552e+00]",89.62829422950745
0.0,[-0.6511556],"[-1.75438596e-03  3.30000000e+00 -1.75438596e-03  3.30000000e+00
 -1.13462687e+00 -1.75438596e-03  3.30000000e+00 -1.75438596e-03
  3.30000000e+00 -1.44147539e+00 -1.75438596e-03  3.30000000e+00
 -1.75438596e-03  3.30000000e+00 -1.17699552e+00 -1.75438596e-03
  3.30000000e+00 -1.75438596e-03  3.30000000e+00 -1.65115559e+00]",89.70244359970093
0.0,[-0.3594832],"[-1.75438596e-03  3.30000000e+00 -1.75438596e-03  3.30000000e+00
 -1.44147539e+00 -1.75438596e-03  3.30000000e+00 -1.75438596e-03
  3.30000000e+00 -1.17699552e+00 -1.75438596e-03  3.30000000e+00
 -1.75438596e-03  3.30000000e+00 -1.65115559e+00 -1.75438596e-03
  3.30000000e+00 -1.75438596e-03  3.30000000e+00 -1.35948324e+00]",89.78178715705872
0.0,[0.17169437],"[-1.75438596e-03  3.30000000e+00 -1.75438596e-03  3.30000000e+00
 -1.17699552e+00 -1.75438596e-03  3.30000000e+00 -1.75438596e-03
  3.30000000e+00 -1.65115559e+00 -1.75438596e-03  3.30000000e+00
 -1.75438596e-03  3.30000000e+00 -1.35948324e+00 -1.75438596e-03
  3.30000000e+00 -1.75438596e-03  3.30000000e+00 -8.28305602e-01]",89.86876440048218
0.0,[0.60615253],"[-1.75438596e-03  3.30000000e+00 -1.75438596e-03  3.30000000e+00
 -1.65115559e+00 -1.75438596e-03  3.30000000e+00 -1.75438596e-03
  3.30000000e+00 -1.35948324e+00 -1.75438596e-03  3.30000000e+00
 -1.75438596e-03  3.30000000e+00 -8.28305602e-01 -1.75438596e-03
  3.30000000e+00 -1.75438596e-03  3.30000000e+00 -3.93847466e-01]",89.94269156455994
0.0,[0.3226437],"[-1.75438596e-03  3.30000000e+00 -1.75438596e-03  3.30000000e+00
 -1.35948324e+00 -1.75438596e-03  3.30000000e+00 -1.75438596e-03
  3.30000000e+00 -8.28305602e-01 -1.75438596e-03  3.30000000e+00
 -1.75438596e-03  3.30000000e+00 -3.93847466e-01 -1.75438596e-03
  3.30000000e+00 -1.75438596e-03  3.30000000e+00 -6.77356303e-01]",90.0218915939331
0.0,[0.01413732],"[-1.75438596e-03  3.30000000e+00 -1.75438596e-03  3.30000000e+00
 -8.28305602e-01 -1.75438596e-03  3.30000000e+00 -1.75438596e-03
  3.30000000e+00 -3.93847466e-01 -1.75438596e-03  3.30000000e+00
 -1.75438596e-03  3.30000000e+00 -6.77356303e-01 -1.75438596e-03
  3.30000000e+00 -1.75438596e-03  3.30000000e+00 -9.85862672e-01]",90.10694098472595
0.0,[0.8487748],"[-1.75438596e-03  3.30000000e+00 -1.75438596e-03  3.30000000e+00
 -3.93847466e-01 -1.75438596e-03  3.30000000e+00 -1.75438596e-03
  3.30000000e+00 -6.77356303e-01 -1.75438596e-03  3.30000000e+00
 -1.75438596e-03  3.30000000e+00 -9.85862672e-01 -1.75438596e-03
  3.30000000e+00 -1.75438596e-03  3.30000000e+00 -1.51225209e-01]",90.18844223022461
0.0,[0.66438955],"[-1.75438596e-03  3.30000000e+00 -1.75438596e-03  3.30000000e+00
 -6.77356303e-01 -1.75438596e-03  3.30000000e+00 -1.75438596e-03
  3.30000000e+00 -9.85862672e-01 -1.75438596e-03  3.30000000e+00
 -1.75438596e-03  3.30000000e+00 -1.51225209e-01 -1.75438596e-03
  3.30000000e+00 -1.75438596e-03  3.30000000e+00 -3.35610449e-01]",90.26202845573425
0.0,[-0.59152895],"[-1.75438596e-03  3.30000000e+00 -1.75438596e-03  3.30000000e+00
 -9.85862672e-01 -1.75438596e-03  3.30000000e+00 -1.75438596e-03
  3.30000000e+00 -1.51225209e-01 -1.75438596e-03  3.30000000e+00
 -1.75438596e-03  3.30000000e+00 -3.35610449e-01 -1.75438596e-03
  3.30000000e+00 -1.75438596e-03  3.30000000e+00 -1.59152889e+00]",90.34824514389038
0.0,[-0.6978606],"[-1.75438596e-03  3.30000000e+00 -1.75438596e-03  3.30000000e+00
 -1.51225209e-01 -1.75438596e-03  3.30000000e+00 -1.75438596e-03
  3.30000000e+00 -3.35610449e-01 -1.75438596e-03  3.30000000e+00
 -1.75438596e-03  3.30000000e+00 -1.59152889e+00 -1.75438596e-03
  3.30000000e+00 -1.75438596e-03  3.30000000e+00 -1.69786060e+00]",90.42775511741638
0.0,[-0.61243236],"[-1.75438596e-03  3.30000000e+00 -1.75438596e-03  3.30000000e+00
 -3.35610449e-01 -1.75438596e-03  3.30000000e+00 -1.75438596e-03
  3.30000000e+00 -1.59152889e+00 -1.75438596e-03  3.30000000e+00
 -1.75438596e-03  3.30000000e+00 -1.69786060e+00 -1.75438596e-03
  3.30000000e+00 -1.75438596e-03  3.30000000e+00 -1.61243236e+00]",90.50830364227295
0.0,[0.04912057],"[-1.75438596e-03  3.30000000e+00 -1.75438596e-03  3.30000000e+00
 -1.59152889e+00 -1.75438596e-03  3.30000000e+00 -1.75438596e-03
  3.30000000e+00 -1.69786060e+00 -1.75438596e-03  3.30000000e+00
 -1.75438596e-03  3.30000000e+00 -1.61243236e+00 -1.75438596e-03
  3.30000000e+00 -1.75438596e-03  3.30000000e+00 -9.50879455e-01]",90.58838701248169
0.0,[0.33494827],"[-1.75438596e-03  3.30000000e+00 -1.75438596e-03  3.30000000e+00
 -1.69786060e+00 -1.75438596e-03  3.30000000e+00 -1.75438596e-03
  3.30000000e+00 -1.61243236e+00 -1.75438596e-03  3.30000000e+00
 -1.75438596e-03  3.30000000e+00 -9.50879455e-01 -1.75438596e-03
  3.30000000e+00 -1.75438596e-03  3.30000000e+00 -6.65051699e-01]",90.66823077201843
0.0,[0.21010461],"[-1.75438596e-03  3.30000000e+00 -1.75438596e-03  3.30000000e+00
 -1.61243236e+00 -1.75438596e-03  3.30000000e+00 -1.75438596e-03
  3.30000000e+00 -9.50879455e-01 -1.75438596e-03  3.30000000e+00
 -1.75438596e-03  3.30000000e+00 -6.65051699e-01 -1.75438596e-03
  3.30000000e+00 -1.75438596e-03  3.30000000e+00 -7.89895415e-01]",90.74843549728394
0.0,[-0.8707234],"[-1.75438596e-03  3.30000000e+00 -1.75438596e-03  3.30000000e+00
 -9.50879455e-01 -1.75438596e-03  3.30000000e+00 -1.75438596e-03
  3.30000000e+00 -6.65051699e-01 -1.75438596e-03  3.30000000e+00
 -1.75438596e-03  3.30000000e+00 -7.89895415e-01 -1.75438596e-03
  3.30000000e+00 -1.75438596e-03  3.30000000e+00 -1.87072349e+00]",90.8281638622284
0.0,[0.66583157],"[-1.75438596e-03  3.30000000e+00 -1.75438596e-03  3.30000000e+00
 -6.65051699e-01 -1.75438596e-03  3.30000000e+00 -1.75438596e-03
  3.30000000e+00 -7.89895415e-01 -1.75438596e-03  3.30000000e+00
 -1.75438596e-03  3.30000000e+00 -1.87072349e+00 -1.75438596e-03
  3.30000000e+00 -1.75438596e-03  3.30000000e+00 -3.34168434e-01]",90.90826654434204
0.0,[0.3747212],"[-1.75438596e-03  3.30000000e+00 -1.75438596e-03  3.30000000e+00
 -7.89895415e-01 -1.75438596e-03  3.30000000e+00 -1.75438596e-03
  3.30000000e+00 -1.87072349e+00 -1.75438596e-03  3.30000000e+00
 -1.75438596e-03  3.30000000e+00 -3.34168434e-01 -1.75438596e-03
  3.30000000e+00 -1.75438596e-03  3.30000000e+00 -6.25278831e-01]",90.98846244812012
0.0,[0.7465646],"[-1.75438596e-03  3.30000000e+00 -1.75438596e-03  3.30000000e+00
 -1.87072349e+00 -1.75438596e-03  3.30000000e+00 -1.75438596e-03
  3.30000000e+00 -3.34168434e-01 -1.75438596e-03  3.30000000e+00
 -1.75438596e-03  3.30000000e+00 -6.25278831e-01 -1.75438596e-03
  3.30000000e+00 -1.75438596e-03  3.30000000e+00 -2.53435373e-01]",91.06832885742188
0.0,[-0.29403874],"[-1.75438596e-03  3.30000000e+00 -1.75438596e-03  3.30000000e+00
 -3.34168434e-01 -1.75438596e-03  3.30000000e+00 -1.75438596e-03
  3.30000000e+00 -6.25278831e-01 -1.75438596e-03  3.30000000e+00
 -1.75438596e-03  3.30000000e+00 -2.53435373e-01 -1.75438596e-03
  3.30000000e+00 -1.75438596e-03  3.30000000e+00 -1.29403877e+00]",91.14826536178589
0.0,[0.59857684],"[-1.75438596e-03  3.30000000e+00 -1.75438596e-03  3.30000000e+00
 -6.25278831e-01 -1.75438596e-03  3.30000000e+00 -1.75438596e-03
  3.30000000e+00 -2.53435373e-01 -1.75438596e-03  3.30000000e+00
 -1.75438596e-03  3.30000000e+00 -1.29403877e+00 -1.75438596e-03
  3.30000000e+00 -1.75438596e-03  3.30000000e+00 -4.01423156e-01]",91.22848510742188
0.0,[-0.52636117],"[-1.75438596e-03  3.30000000e+00 -1.75438596e-03  3.30000000e+00
 -2.53435373e-01 -1.75438596e-03  3.30000000e+00 -1.75438596e-03
  3.30000000e+00 -1.29403877e+00 -1.75438596e-03  3.30000000e+00
 -1.75438596e-03  3.30000000e+00 -4.01423156e-01 -1.75438596e-03
  3.30000000e+00 -1.75438596e-03  3.30000000e+00 -1.52636123e+00]",91.30830693244934
0.0,[0.75414777],"[-1.75438596e-03  3.30000000e+00 -1.75438596e-03  3.30000000e+00
 -1.29403877e+00 -1.75438596e-03  3.30000000e+00 -1.75438596e-03
  3.30000000e+00 -4.01423156e-01 -1.75438596e-03  3.30000000e+00
 -1.75438596e-03  3.30000000e+00 -1.52636123e+00 -1.75438596e-03
  3.30000000e+00 -1.75438596e-03  3.30000000e+00 -2.45852232e-01]",91.38826656341553
0.0,[-0.805915],"[-1.75438596e-03  3.30000000e+00 -1.75438596e-03  3.30000000e+00
 -4.01423156e-01 -1.75438596e-03  3.30000000e+00 -1.75438596e-03
  3.30000000e+00 -1.52636123e+00 -1.75438596e-03  3.30000000e+00
 -1.75438596e-03  3.30000000e+00 -2.45852232e-01 -1.75438596e-03
  3.30000000e+00 -1.75438596e-03  3.30000000e+00 -1.80591500e+00]",91.46825623512268
0.0,[-0.42689493],"[-1.75438596e-03  3.30000000e+00 -1.75438596e-03  3.30000000e+00
 -1.52636123e+00 -1.75438596e-03  3.30000000e+00 -1.75438596e-03
  3.30000000e+00 -2.45852232e-01 -1.75438596e-03  3.30000000e+00
 -1.75438596e-03  3.30000000e+00 -1.80591500e+00 -1.75438596e-03
  3.30000000e+00 -1.75438596e-03  3.30000000e+00 -1.42689490e+00]",91.54822325706482
0.0,[0.17598511],"[-1.75438596e-03  3.30000000e+00 -1.75438596e-03  3.30000000e+00
 -2.45852232e-01 -1.75438596e-03  3.30000000e+00 -1.75438596e-03
  3.30000000e+00 -1.80591500e+00 -1.75438596e-03  3.30000000e+00
 -1.75438596e-03  3.30000000e+00 -1.42689490e+00 -1.75438596e-03
  3.30000000e+00 -1.75438596e-03  3.30000000e+00 -8.24014902e-01]",91.62847971916199
0.0,[0.65858716],"[-1.75438596e-03  3.30000000e+00 -1.75438596e-03  3.30000000e+00
 -1.80591500e+00 -1.75438596e-03  3.30000000e+00 -1.75438596e-03
  3.30000000e+00 -1.42689490e+00 -1.75438596e-03  3.30000000e+00
 -1.75438596e-03  3.30000000e+00 -8.24014902e-01 -1.75438596e-03
  3.30000000e+00 -1.75438596e-03  3.30000000e+00 -3.41412842e-01]",91.70827174186707
0.0,[-0.02430331],"[-1.75438596e-03  3.30000000e+00 -1.75438596e-03  3.30000000e+00
 -1.42689490e+00 -1.75438596e-03  3.30000000e+00 -1.75438596e-03
  3.30000000e+00 -8.24014902e-01 -1.75438596e-03  3.30000000e+00
 -1.75438596e-03  3.30000000e+00 -3.41412842e-01 -1.75438596e-03
  3.30000000e+00 -1.75438596e-03  3.30000000e+00 -1.02430332e+00]",91.78835248947144
0.0,[0.7374046],"[-1.75438596e-03  3.30000000e+00 -1.75438596e-03  3.30000000e+00
 -8.24014902e-01 -1.75438596e-03  3.30000000e+00 -1.75438596e-03
  3.30000000e+00 -3.41412842e-01 -1.75438596e-03  3.30000000e+00
 -1.75438596e-03  3.30000000e+00 -1.02430332e+00 -1.75438596e-03
  3.30000000e+00 -1.75438596e-03  3.30000000e+00 -2.62595415e-01]",91.86831617355347
0.0,[0.46962163],"[-1.75438596e-03  3.30000000e+00 -1.75438596e-03  3.30000000e+00
 -3.41412842e-01 -1.75438596e-03  3.30000000e+00 -1.75438596e-03
  3.30000000e+00 -1.02430332e+00 -1.75438596e-03  3.30000000e+00
 -1.75438596e-03  3.30000000e+00 -2.62595415e-01 -1.75438596e-03
  3.30000000e+00 -1.75438596e-03  3.30000000e+00 -5.30378342e-01]",91.9484338760376
0.0,[-0.09970617],"[-1.75438596e-03  3.30000000e+00 -1.75438596e-03  3.30000000e+00
 -1.02430332e+00 -1.75438596e-03  3.30000000e+00 -1.75438596e-03
  3.30000000e+00 -2.62595415e-01 -1.75438596e-03  3.30000000e+00
 -1.75438596e-03  3.30000000e+00 -5.30378342e-01 -1.75438596e-03
  3.30000000e+00 -1.75438596e-03  3.30000000e+00 -1.09970617e+00]",92.02850008010864
0.0,[0.5845872],"[-1.75438596e-03  3.30000000e+00 -1.75438596e-03  3.30000000e+00
 -2.62595415e-01 -1.75438596e-03  3.30000000e+00 -1.75438596e-03
  3.30000000e+00 -5.30378342e-01 -1.75438596e-03  3.30000000e+00
 -1.75438596e-03  3.30000000e+00 -1.09970617e+00 -1.75438596e-03
  3.30000000e+00 -1.75438596e-03  3.30000000e+00 -4.15412784e-01]",92.11222982406616
0.0,[-0.36381456],"[-1.75438596e-03  3.30000000e+00 -1.75438596e-03  3.30000000e+00
 -5.30378342e-01 -1.75438596e-03  3.30000000e+00 -1.75438596e-03
  3.30000000e+00 -1.09970617e+00 -1.75438596e-03  3.30000000e+00
 -1.75438596e-03  3.30000000e+00 -4.15412784e-01 -1.75438596e-03
  3.30000000e+00 -1.75438596e-03  3.30000000e+00 -1.36381459e+00]",92.19238233566284
0.0,[-0.81518114],"[-1.75438596e-03  3.30000000e+00 -1.75438596e-03  3.30000000e+00
 -1.09970617e+00 -1.75438596e-03  3.30000000e+00 -1.75438596e-03
  3.30000000e+00 -4.15412784e-01 -1.75438596e-03  3.30000000e+00
 -1.75438596e-03  3.30000000e+00 -1.36381459e+00 -1.75438596e-03
  3.30000000e+00 -1.75438596e-03  3.30000000e+00 -1.81518114e+00]",92.2660493850708
0.0,[-0.38644785],"[-1.75438596e-03  3.30000000e+00 -1.75438596e-03  3.30000000e+00
 -4.15412784e-01 -1.75438596e-03  3.30000000e+00 -1.75438596e-03
  3.30000000e+00 -1.36381459e+00 -1.75438596e-03  3.30000000e+00
 -1.75438596e-03  3.30000000e+00 -1.81518114e+00 -1.75438596e-03
  3.30000000e+00 -1.75438596e-03  3.30000000e+00 -1.38644791e+00]",92.3523998260498
0.0,[-0.6577619],"[-1.75438596e-03  3.30000000e+00 -1.75438596e-03  3.30000000e+00
 -1.36381459e+00 -1.75438596e-03  3.30000000e+00 -1.75438596e-03
  3.30000000e+00 -1.81518114e+00 -1.75438596e-03  3.30000000e+00
 -1.75438596e-03  3.30000000e+00 -1.38644791e+00 -1.75438596e-03
  3.30000000e+00 -1.75438596e-03  3.30000000e+00 -1.65776181e+00]",92.43221807479858
0.0,[-0.39965734],"[-1.75438596e-03  3.30000000e+00 -1.75438596e-03  3.30000000e+00
 -1.81518114e+00 -1.75438596e-03  3.30000000e+00 -1.75438596e-03
  3.30000000e+00 -1.38644791e+00 -1.75438596e-03  3.30000000e+00
 -1.75438596e-03  3.30000000e+00 -1.65776181e+00 -1.75438596e-03
  3.30000000e+00 -1.75438596e-03  3.30000000e+00 -1.39965737e+00]",92.51232886314392
0.0,[-0.38823888],"[-1.75438596e-03  3.30000000e+00 -1.75438596e-03  3.30000000e+00
 -1.38644791e+00 -1.75438596e-03  3.30000000e+00 -1.75438596e-03
  3.30000000e+00 -1.65776181e+00 -1.75438596e-03  3.30000000e+00
 -1.75438596e-03  3.30000000e+00 -1.39965737e+00 -1.75438596e-03
  3.30000000e+00 -1.75438596e-03  3.30000000e+00 -1.38823891e+00]",92.59224653244019
0.0,[-0.6871709],"[-1.75438596e-03  3.30000000e+00 -1.75438596e-03  3.30000000e+00
 -1.65776181e+00 -1.75438596e-03  3.30000000e+00 -1.75438596e-03
  3.30000000e+00 -1.39965737e+00 -1.75438596e-03  3.30000000e+00
 -1.75438596e-03  3.30000000e+00 -1.38823891e+00 -1.75438596e-03
  3.30000000e+00 -1.75438596e-03  3.30000000e+00 -1.68717098e+00]",92.67269563674927
0.0,[-0.92332876],"[-1.75438596e-03  3.30000000e+00 -1.75438596e-03  3.30000000e+00
 -1.39965737e+00 -1.75438596e-03  3.30000000e+00 -1.75438596e-03
  3.30000000e+00 -1.38823891e+00 -1.75438596e-03  3.30000000e+00
 -1.75438596e-03  3.30000000e+00 -1.68717098e+00 -1.75438596e-03
  3.30000000e+00 -1.75438596e-03  3.30000000e+00 -1.92332876e+00]",92.75244140625
0.0,[0.10860256],"[-1.75438596e-03  3.30000000e+00 -1.75438596e-03  3.30000000e+00
 -1.38823891e+00 -1.75438596e-03  3.30000000e+00 -1.75438596e-03
  3.30000000e+00 -1.68717098e+00 -1.75438596e-03  3.30000000e+00
 -1.75438596e-03  3.30000000e+00 -1.92332876e+00 -1.75438596e-03
  3.30000000e+00 -1.75438596e-03  3.30000000e+00 -8.91397417e-01]",92.8322479724884
0.0,[0.41011134],"[-1.75438596e-03  3.30000000e+00 -1.75438596e-03  3.30000000e+00
 -1.68717098e+00 -1.75438596e-03  3.30000000e+00 -1.75438596e-03
  3.30000000e+00 -1.92332876e+00 -1.75438596e-03  3.30000000e+00
 -1.75438596e-03  3.30000000e+00 -8.91397417e-01 -1.75438596e-03
  3.30000000e+00 -1.75438596e-03  3.30000000e+00 -5.89888692e-01]",92.91231369972229
0.0,[-0.7709435],"[-1.75438596e-03  3.30000000e+00 -1.75438596e-03  3.30000000e+00
 -1.92332876e+00 -1.75438596e-03  3.30000000e+00 -1.75438596e-03
  3.30000000e+00 -8.91397417e-01 -1.75438596e-03  3.30000000e+00
 -1.75438596e-03  3.30000000e+00 -5.89888692e-01 -1.75438596e-03
  3.30000000e+00 -1.75438596e-03  3.30000000e+00 -1.77094352e+00]",92.99225091934204
