reward,action,obs,time
,,"[ 0.00000000e+00  0.00000000e+00  0.00000000e+00  0.00000000e+00
  0.00000000e+00  0.00000000e+00  0.00000000e+00  0.00000000e+00
  0.00000000e+00  0.00000000e+00  0.00000000e+00  0.00000000e+00
  0.00000000e+00  0.00000000e+00  0.00000000e+00 -1.75438596e-03
  3.30000000e+00 -1.75438596e-03  3.30000000e+00  0.00000000e+00]",480.0949401855469
0.0,[-0.81266737],"[ 0.00000000e+00  0.00000000e+00  0.00000000e+00  0.00000000e+00
  0.00000000e+00  0.00000000e+00  0.00000000e+00  0.00000000e+00
  0.00000000e+00  0.00000000e+00 -1.75438596e-03  3.30000000e+00
 -1.75438596e-03  3.30000000e+00  0.00000000e+00 -1.75438596e-03
  3.30000000e+00 -1.75438596e-03  3.30000000e+00 -1.81266737e+00]",480.1025140285492
0.0,[-0.8327507],"[ 0.00000000e+00  0.00000000e+00  0.00000000e+00  0.00000000e+00
  0.00000000e+00 -1.75438596e-03  3.30000000e+00 -1.75438596e-03
  3.30000000e+00  0.00000000e+00 -1.75438596e-03  3.30000000e+00
 -1.75438596e-03  3.30000000e+00 -1.81266737e+00 -1.75438596e-03
  3.30000000e+00 -1.75438596e-03  3.30000000e+00 -1.83275068e+00]",480.10760021209717
0.0,[-0.9564433],"[-1.75438596e-03  3.30000000e+00 -1.75438596e-03  3.30000000e+00
  0.00000000e+00 -1.75438596e-03  3.30000000e+00 -1.75438596e-03
  3.30000000e+00 -1.81266737e+00 -1.75438596e-03  3.30000000e+00
 -1.75438596e-03  3.30000000e+00 -1.83275068e+00 -1.75438596e-03
  3.30000000e+00 -1.75438596e-03  3.30000000e+00 -1.95644331e+00]",480.1128263473511
0.0,[0.72314215],"[-1.75438596e-03  3.30000000e+00 -1.75438596e-03  3.30000000e+00
 -1.81266737e+00 -1.75438596e-03  3.30000000e+00 -1.75438596e-03
  3.30000000e+00 -1.83275068e+00 -1.75438596e-03  3.30000000e+00
 -1.75438596e-03  3.30000000e+00 -1.95644331e+00 -1.75438596e-03
  3.30000000e+00 -1.75438596e-03  3.30000000e+00 -2.76857853e-01]",480.1541476249695
0.0,[0.27635267],"[-1.75438596e-03  3.30000000e+00 -1.75438596e-03  3.30000000e+00
 -1.83275068e+00 -1.75438596e-03  3.30000000e+00 -1.75438596e-03
  3.30000000e+00 -1.95644331e+00 -1.75438596e-03  3.30000000e+00
 -1.75438596e-03  3.30000000e+00 -2.76857853e-01 -1.75438596e-03
  3.30000000e+00 -1.75438596e-03  3.30000000e+00 -7.23647356e-01]",480.240594625473
0.0,[-0.05553224],"[-1.75438596e-03  3.30000000e+00 -1.75438596e-03  3.30000000e+00
 -1.95644331e+00 -1.75438596e-03  3.30000000e+00 -1.75438596e-03
  3.30000000e+00 -2.76857853e-01 -1.75438596e-03  3.30000000e+00
 -1.75438596e-03  3.30000000e+00 -7.23647356e-01 -1.75438596e-03
  3.30000000e+00 -1.75438596e-03  3.30000000e+00 -1.05553222e+00]",480.32091522216797
0.0,[-0.7854322],"[-1.75438596e-03  3.30000000e+00 -1.75438596e-03  3.30000000e+00
 -2.76857853e-01 -1.75438596e-03  3.30000000e+00 -1.75438596e-03
  3.30000000e+00 -7.23647356e-01 -1.75438596e-03  3.30000000e+00
 -1.75438596e-03  3.30000000e+00 -1.05553222e+00 -1.75438596e-03
  3.30000000e+00 -1.75438596e-03  3.30000000e+00 -1.78543222e+00]",480.39386105537415
0.0,[0.5200472],"[-1.75438596e-03  3.30000000e+00 -1.75438596e-03  3.30000000e+00
 -7.23647356e-01 -1.75438596e-03  3.30000000e+00 -1.75438596e-03
  3.30000000e+00 -1.05553222e+00 -1.75438596e-03  3.30000000e+00
 -1.75438596e-03  3.30000000e+00 -1.78543222e+00 -1.75438596e-03
  3.30000000e+00 -1.75438596e-03  3.30000000e+00 -4.79952812e-01]",480.4797110557556
0.0,[0.61199415],"[-1.75438596e-03  3.30000000e+00 -1.75438596e-03  3.30000000e+00
 -1.05553222e+00 -1.75438596e-03  3.30000000e+00 -1.75438596e-03
  3.30000000e+00 -1.78543222e+00 -1.75438596e-03  3.30000000e+00
 -1.75438596e-03  3.30000000e+00 -4.79952812e-01 -1.75438596e-03
  3.30000000e+00 -1.75438596e-03  3.30000000e+00 -3.88005853e-01]",480.5605707168579
0.0,[-0.04341882],"[-1.75438596e-03  3.30000000e+00 -1.75438596e-03  3.30000000e+00
 -1.78543222e+00 -1.75438596e-03  3.30000000e+00 -1.75438596e-03
  3.30000000e+00 -4.79952812e-01 -1.75438596e-03  3.30000000e+00
 -1.75438596e-03  3.30000000e+00 -3.88005853e-01 -1.75438596e-03
  3.30000000e+00 -1.75438596e-03  3.30000000e+00 -1.04341877e+00]",480.6407539844513
0.0,[-0.43403858],"[-1.75438596e-03  3.30000000e+00 -1.75438596e-03  3.30000000e+00
 -4.79952812e-01 -1.75438596e-03  3.30000000e+00 -1.75438596e-03
  3.30000000e+00 -3.88005853e-01 -1.75438596e-03  3.30000000e+00
 -1.75438596e-03  3.30000000e+00 -1.04341877e+00 -1.75438596e-03
  3.30000000e+00 -1.75438596e-03  3.30000000e+00 -1.43403864e+00]",480.7203266620636
0.0,[-0.5663382],"[-1.75438596e-03  3.30000000e+00 -1.75438596e-03  3.30000000e+00
 -3.88005853e-01 -1.75438596e-03  3.30000000e+00 -1.75438596e-03
  3.30000000e+00 -1.04341877e+00 -1.75438596e-03  3.30000000e+00
 -1.75438596e-03  3.30000000e+00 -1.43403864e+00 -1.75438596e-03
  3.30000000e+00 -1.75438596e-03  3.30000000e+00 -1.56633818e+00]",480.80059933662415
0.0,[-0.8807228],"[-1.75438596e-03  3.30000000e+00 -1.75438596e-03  3.30000000e+00
 -1.04341877e+00 -1.75438596e-03  3.30000000e+00 -1.75438596e-03
  3.30000000e+00 -1.43403864e+00 -1.75438596e-03  3.30000000e+00
 -1.75438596e-03  3.30000000e+00 -1.56633818e+00 -1.75438596e-03
  3.30000000e+00 -1.75438596e-03  3.30000000e+00 -1.88072276e+00]",480.8805630207062
0.0,[-0.8125301],"[-1.75438596e-03  3.30000000e+00 -1.75438596e-03  3.30000000e+00
 -1.43403864e+00 -1.75438596e-03  3.30000000e+00 -1.75438596e-03
  3.30000000e+00 -1.56633818e+00 -1.75438596e-03  3.30000000e+00
 -1.75438596e-03  3.30000000e+00 -1.88072276e+00 -1.75438596e-03
  3.30000000e+00 -1.75438596e-03  3.30000000e+00 -1.81253004e+00]",480.9607002735138
0.0,[-0.16276433],"[-1.75438596e-03  3.30000000e+00 -1.75438596e-03  3.30000000e+00
 -1.56633818e+00 -1.75438596e-03  3.30000000e+00 -1.75438596e-03
  3.30000000e+00 -1.88072276e+00 -1.75438596e-03  3.30000000e+00
 -1.75438596e-03  3.30000000e+00 -1.81253004e+00 -1.75438596e-03
  3.30000000e+00 -1.75438596e-03  3.30000000e+00 -1.16276431e+00]",481.0405533313751
0.0,[-0.63722986],"[-1.75438596e-03  3.30000000e+00 -1.75438596e-03  3.30000000e+00
 -1.88072276e+00 -1.75438596e-03  3.30000000e+00 -1.75438596e-03
  3.30000000e+00 -1.81253004e+00 -1.75438596e-03  3.30000000e+00
 -1.75438596e-03  3.30000000e+00 -1.16276431e+00 -1.75438596e-03
  3.30000000e+00 -1.75438596e-03  3.30000000e+00 -1.63722992e+00]",481.12034130096436
0.0,[0.30964524],"[-1.75438596e-03  3.30000000e+00 -1.75438596e-03  3.30000000e+00
 -1.81253004e+00 -1.75438596e-03  3.30000000e+00 -1.75438596e-03
  3.30000000e+00 -1.16276431e+00 -1.75438596e-03  3.30000000e+00
 -1.75438596e-03  3.30000000e+00 -1.63722992e+00 -1.75438596e-03
  3.30000000e+00 -1.75438596e-03  3.30000000e+00 -6.90354764e-01]",481.20061016082764
0.0,[0.08148067],"[-1.75438596e-03  3.30000000e+00 -1.75438596e-03  3.30000000e+00
 -1.16276431e+00 -1.75438596e-03  3.30000000e+00 -1.75438596e-03
  3.30000000e+00 -1.63722992e+00 -1.75438596e-03  3.30000000e+00
 -1.75438596e-03  3.30000000e+00 -6.90354764e-01 -1.75438596e-03
  3.30000000e+00 -1.75438596e-03  3.30000000e+00 -9.18519318e-01]",481.2806758880615
0.0,[-0.21062018],"[-1.75438596e-03  3.30000000e+00 -1.75438596e-03  3.30000000e+00
 -1.63722992e+00 -1.75438596e-03  3.30000000e+00 -1.75438596e-03
  3.30000000e+00 -6.90354764e-01 -1.75438596e-03  3.30000000e+00
 -1.75438596e-03  3.30000000e+00 -9.18519318e-01 -1.75438596e-03
  3.30000000e+00 -1.75438596e-03  3.30000000e+00 -1.21062016e+00]",481.3606698513031
0.0,[0.9071889],"[-1.75438596e-03  3.30000000e+00 -1.75438596e-03  3.30000000e+00
 -6.90354764e-01 -1.75438596e-03  3.30000000e+00 -1.75438596e-03
  3.30000000e+00 -9.18519318e-01 -1.75438596e-03  3.30000000e+00
 -1.75438596e-03  3.30000000e+00 -1.21062016e+00 -1.75438596e-03
  3.30000000e+00 -1.75438596e-03  3.30000000e+00 -9.28111076e-02]",481.4410238265991
0.0,[0.1116451],"[-1.75438596e-03  3.30000000e+00 -1.75438596e-03  3.30000000e+00
 -9.18519318e-01 -1.75438596e-03  3.30000000e+00 -1.75438596e-03
  3.30000000e+00 -1.21062016e+00 -1.75438596e-03  3.30000000e+00
 -1.75438596e-03  3.30000000e+00 -9.28111076e-02 -1.75438596e-03
  3.30000000e+00 -1.75438596e-03  3.30000000e+00 -8.88354897e-01]",481.52080035209656
0.0,[0.19599825],"[-1.75438596e-03  3.30000000e+00 -1.75438596e-03  3.30000000e+00
 -1.21062016e+00 -1.75438596e-03  3.30000000e+00 -1.75438596e-03
  3.30000000e+00 -9.28111076e-02 -1.75438596e-03  3.30000000e+00
 -1.75438596e-03  3.30000000e+00 -8.88354897e-01 -1.75438596e-03
  3.30000000e+00 -1.75438596e-03  3.30000000e+00 -8.04001749e-01]",481.6003997325897
0.0,[0.14505678],"[-1.75438596e-03  3.30000000e+00 -1.75438596e-03  3.30000000e+00
 -9.28111076e-02 -1.75438596e-03  3.30000000e+00 -1.75438596e-03
  3.30000000e+00 -8.88354897e-01 -1.75438596e-03  3.30000000e+00
 -1.75438596e-03  3.30000000e+00 -8.04001749e-01 -1.75438596e-03
  3.30000000e+00 -1.75438596e-03  3.30000000e+00 -8.54943216e-01]",481.6808032989502
0.0,[-0.60187626],"[-1.75438596e-03  3.30000000e+00 -1.75438596e-03  3.30000000e+00
 -8.88354897e-01 -1.75438596e-03  3.30000000e+00 -1.75438596e-03
  3.30000000e+00 -8.04001749e-01 -1.75438596e-03  3.30000000e+00
 -1.75438596e-03  3.30000000e+00 -8.54943216e-01 -1.75438596e-03
  3.30000000e+00 -1.75438596e-03  3.30000000e+00 -1.60187626e+00]",481.76040744781494
0.0,[0.9730753],"[-1.75438596e-03  3.30000000e+00 -1.75438596e-03  3.30000000e+00
 -8.04001749e-01 -1.75438596e-03  3.30000000e+00 -1.75438596e-03
  3.30000000e+00 -8.54943216e-01 -1.75438596e-03  3.30000000e+00
 -1.75438596e-03  3.30000000e+00 -1.60187626e+00 -1.75438596e-03
  3.30000000e+00 -1.75438596e-03  3.30000000e+00 -2.69247293e-02]",481.84004378318787
0.0,[-0.96619797],"[-1.75438596e-03  3.30000000e+00 -1.75438596e-03  3.30000000e+00
 -8.54943216e-01 -1.75438596e-03  3.30000000e+00 -1.75438596e-03
  3.30000000e+00 -1.60187626e+00 -1.75438596e-03  3.30000000e+00
 -1.75438596e-03  3.30000000e+00 -2.69247293e-02 -1.75438596e-03
  3.30000000e+00 -1.75438596e-03  3.30000000e+00 -1.96619797e+00]",481.9206540584564
0.0,[-0.28892067],"[-1.75438596e-03  3.30000000e+00 -1.75438596e-03  3.30000000e+00
 -1.60187626e+00 -1.75438596e-03  3.30000000e+00 -1.75438596e-03
  3.30000000e+00 -2.69247293e-02 -1.75438596e-03  3.30000000e+00
 -1.75438596e-03  3.30000000e+00 -1.96619797e+00 -1.75438596e-03
  3.30000000e+00 -1.75438596e-03  3.30000000e+00 -1.28892064e+00]",482.00060391426086
0.0,[-0.5469876],"[-1.75438596e-03  3.30000000e+00 -1.75438596e-03  3.30000000e+00
 -2.69247293e-02 -1.75438596e-03  3.30000000e+00 -1.75438596e-03
  3.30000000e+00 -1.96619797e+00 -1.75438596e-03  3.30000000e+00
 -1.75438596e-03  3.30000000e+00 -1.28892064e+00 -1.75438596e-03
  3.30000000e+00 -1.75438596e-03  3.30000000e+00 -1.54698753e+00]",482.08074140548706
0.0,[0.86044824],"[-1.75438596e-03  3.30000000e+00 -1.75438596e-03  3.30000000e+00
 -1.96619797e+00 -1.75438596e-03  3.30000000e+00 -1.75438596e-03
  3.30000000e+00 -1.28892064e+00 -1.75438596e-03  3.30000000e+00
 -1.75438596e-03  3.30000000e+00 -1.54698753e+00 -1.75438596e-03
  3.30000000e+00 -1.75438596e-03  3.30000000e+00 -1.39551759e-01]",482.16048097610474
0.0,[-0.12570633],"[-1.75438596e-03  3.30000000e+00 -1.75438596e-03  3.30000000e+00
 -1.28892064e+00 -1.75438596e-03  3.30000000e+00 -1.75438596e-03
  3.30000000e+00 -1.54698753e+00 -1.75438596e-03  3.30000000e+00
 -1.75438596e-03  3.30000000e+00 -1.39551759e-01 -1.75438596e-03
  3.30000000e+00 -1.75438596e-03  3.30000000e+00 -1.12570632e+00]",482.2404942512512
0.0,[0.88956267],"[-1.75438596e-03  3.30000000e+00 -1.75438596e-03  3.30000000e+00
 -1.54698753e+00 -1.75438596e-03  3.30000000e+00 -1.75438596e-03
  3.30000000e+00 -1.39551759e-01 -1.75438596e-03  3.30000000e+00
 -1.75438596e-03  3.30000000e+00 -1.12570632e+00 -1.75438596e-03
  3.30000000e+00 -1.75438596e-03  3.30000000e+00 -1.10437334e-01]",482.3205740451813
0.0,[-0.3346037],"[-1.75438596e-03  3.30000000e+00 -1.75438596e-03  3.30000000e+00
 -1.39551759e-01 -1.75438596e-03  3.30000000e+00 -1.75438596e-03
  3.30000000e+00 -1.12570632e+00 -1.75438596e-03  3.30000000e+00
 -1.75438596e-03  3.30000000e+00 -1.10437334e-01 -1.75438596e-03
  3.30000000e+00 -1.75438596e-03  3.30000000e+00 -1.33460367e+00]",482.4004909992218
0.0,[-0.16271365],"[-1.75438596e-03  3.30000000e+00 -1.75438596e-03  3.30000000e+00
 -1.12570632e+00 -1.75438596e-03  3.30000000e+00 -1.75438596e-03
  3.30000000e+00 -1.10437334e-01 -1.75438596e-03  3.30000000e+00
 -1.75438596e-03  3.30000000e+00 -1.33460367e+00 -1.75438596e-03
  3.30000000e+00 -1.75438596e-03  3.30000000e+00 -1.16271365e+00]",482.480530500412
0.0,[0.05136697],"[-1.75438596e-03  3.30000000e+00 -1.75438596e-03  3.30000000e+00
 -1.10437334e-01 -1.75438596e-03  3.30000000e+00 -1.75438596e-03
  3.30000000e+00 -1.33460367e+00 -1.75438596e-03  3.30000000e+00
 -1.75438596e-03  3.30000000e+00 -1.16271365e+00 -1.75438596e-03
  3.30000000e+00 -1.75438596e-03  3.30000000e+00 -9.48633015e-01]",482.56041502952576
0.0,[-0.14964354],"[-1.75438596e-03  3.30000000e+00 -1.75438596e-03  3.30000000e+00
 -1.33460367e+00 -1.75438596e-03  3.30000000e+00 -1.75438596e-03
  3.30000000e+00 -1.16271365e+00 -1.75438596e-03  3.30000000e+00
 -1.75438596e-03  3.30000000e+00 -9.48633015e-01 -1.75438596e-03
  3.30000000e+00 -1.75438596e-03  3.30000000e+00 -1.14964354e+00]",482.6404130458832
0.0,[-0.70096016],"[-1.75438596e-03  3.30000000e+00 -1.75438596e-03  3.30000000e+00
 -1.16271365e+00 -1.75438596e-03  3.30000000e+00 -1.75438596e-03
  3.30000000e+00 -9.48633015e-01 -1.75438596e-03  3.30000000e+00
 -1.75438596e-03  3.30000000e+00 -1.14964354e+00 -1.75438596e-03
  3.30000000e+00 -1.75438596e-03  3.30000000e+00 -1.70096016e+00]",482.72065329551697
0.0,[0.34797436],"[-1.75438596e-03  3.30000000e+00 -1.75438596e-03  3.30000000e+00
 -9.48633015e-01 -1.75438596e-03  3.30000000e+00 -1.75438596e-03
  3.30000000e+00 -1.14964354e+00 -1.75438596e-03  3.30000000e+00
 -1.75438596e-03  3.30000000e+00 -1.70096016e+00 -1.75438596e-03
  3.30000000e+00 -1.75438596e-03  3.30000000e+00 -6.52025640e-01]",482.8005290031433
0.0,[-0.23497885],"[-1.75438596e-03  3.30000000e+00 -1.75438596e-03  3.30000000e+00
 -1.14964354e+00 -1.75438596e-03  3.30000000e+00 -1.75438596e-03
  3.30000000e+00 -1.70096016e+00 -1.75438596e-03  3.30000000e+00
 -1.75438596e-03  3.30000000e+00 -6.52025640e-01 -1.75438596e-03
  3.30000000e+00 -1.75438596e-03  3.30000000e+00 -1.23497891e+00]",482.8807632923126
0.0,[-0.3392142],"[-1.75438596e-03  3.30000000e+00 -1.75438596e-03  3.30000000e+00
 -1.70096016e+00 -1.75438596e-03  3.30000000e+00 -1.75438596e-03
  3.30000000e+00 -6.52025640e-01 -1.75438596e-03  3.30000000e+00
 -1.75438596e-03  3.30000000e+00 -1.23497891e+00 -1.75438596e-03
  3.30000000e+00 -1.75438596e-03  3.30000000e+00 -1.33921421e+00]",482.96064805984497
0.0,[0.63442826],"[-1.75438596e-03  3.30000000e+00 -1.75438596e-03  3.30000000e+00
 -6.52025640e-01 -1.75438596e-03  3.30000000e+00 -1.75438596e-03
  3.30000000e+00 -1.23497891e+00 -1.75438596e-03  3.30000000e+00
 -1.75438596e-03  3.30000000e+00 -1.33921421e+00 -1.75438596e-03
  3.30000000e+00 -1.75438596e-03  3.30000000e+00 -3.65571737e-01]",483.0404624938965
0.0,[0.79175866],"[-1.75438596e-03  3.30000000e+00 -1.75438596e-03  3.30000000e+00
 -1.23497891e+00 -1.75438596e-03  3.30000000e+00 -1.75438596e-03
  3.30000000e+00 -1.33921421e+00 -1.75438596e-03  3.30000000e+00
 -1.75438596e-03  3.30000000e+00 -3.65571737e-01 -1.75438596e-03
  3.30000000e+00 -1.75438596e-03  3.30000000e+00 -2.08241343e-01]",483.1207184791565
0.0,[0.86047304],"[-1.75438596e-03  3.30000000e+00 -1.75438596e-03  3.30000000e+00
 -1.33921421e+00 -1.75438596e-03  3.30000000e+00 -1.75438596e-03
  3.30000000e+00 -3.65571737e-01 -1.75438596e-03  3.30000000e+00
 -1.75438596e-03  3.30000000e+00 -2.08241343e-01 -1.75438596e-03
  3.30000000e+00 -1.75438596e-03  3.30000000e+00 -1.39526963e-01]",483.2006130218506
0.0,[-0.91942406],"[-1.75438596e-03  3.30000000e+00 -1.75438596e-03  3.30000000e+00
 -3.65571737e-01 -1.75438596e-03  3.30000000e+00 -1.75438596e-03
  3.30000000e+00 -2.08241343e-01 -1.75438596e-03  3.30000000e+00
 -1.75438596e-03  3.30000000e+00 -1.39526963e-01 -1.75438596e-03
  3.30000000e+00 -1.75438596e-03  3.30000000e+00 -1.91942406e+00]",483.28046703338623
0.0,[0.06710079],"[-1.75438596e-03  3.30000000e+00 -1.75438596e-03  3.30000000e+00
 -2.08241343e-01 -1.75438596e-03  3.30000000e+00 -1.75438596e-03
  3.30000000e+00 -1.39526963e-01 -1.75438596e-03  3.30000000e+00
 -1.75438596e-03  3.30000000e+00 -1.91942406e+00 -1.75438596e-03
  3.30000000e+00 -1.75438596e-03  3.30000000e+00 -9.32899237e-01]",483.36064052581787
0.0,[-0.45318198],"[-1.75438596e-03  3.30000000e+00 -1.75438596e-03  3.30000000e+00
 -1.39526963e-01 -1.75438596e-03  3.30000000e+00 -1.75438596e-03
  3.30000000e+00 -1.91942406e+00 -1.75438596e-03  3.30000000e+00
 -1.75438596e-03  3.30000000e+00 -9.32899237e-01 -1.75438596e-03
  3.30000000e+00 -1.75438596e-03  3.30000000e+00 -1.45318198e+00]",483.44046998023987
0.0,[-0.3462204],"[-1.75438596e-03  3.30000000e+00 -1.75438596e-03  3.30000000e+00
 -1.91942406e+00 -1.75438596e-03  3.30000000e+00 -1.75438596e-03
  3.30000000e+00 -9.32899237e-01 -1.75438596e-03  3.30000000e+00
 -1.75438596e-03  3.30000000e+00 -1.45318198e+00 -1.75438596e-03
  3.30000000e+00 -1.75438596e-03  3.30000000e+00 -1.34622037e+00]",483.52062821388245
0.0,[-0.08513715],"[-1.75438596e-03  3.30000000e+00 -1.75438596e-03  3.30000000e+00
 -9.32899237e-01 -1.75438596e-03  3.30000000e+00 -1.75438596e-03
  3.30000000e+00 -1.45318198e+00 -1.75438596e-03  3.30000000e+00
 -1.75438596e-03  3.30000000e+00 -1.34622037e+00 -1.75438596e-03
  3.30000000e+00 -1.75438596e-03  3.30000000e+00 -1.08513713e+00]",483.60066747665405
0.0,[-0.8306958],"[-1.75438596e-03  3.30000000e+00 -1.75438596e-03  3.30000000e+00
 -1.45318198e+00 -1.75438596e-03  3.30000000e+00 -1.75438596e-03
  3.30000000e+00 -1.34622037e+00 -1.75438596e-03  3.30000000e+00
 -1.75438596e-03  3.30000000e+00 -1.08513713e+00 -1.75438596e-03
  3.30000000e+00 -1.75438596e-03  3.30000000e+00 -1.83069587e+00]",483.6805064678192
0.0,[-0.15861799],"[-1.75438596e-03  3.30000000e+00 -1.75438596e-03  3.30000000e+00
 -1.34622037e+00 -1.75438596e-03  3.30000000e+00 -1.75438596e-03
  3.30000000e+00 -1.08513713e+00 -1.75438596e-03  3.30000000e+00
 -1.75438596e-03  3.30000000e+00 -1.83069587e+00 -1.75438596e-03
  3.30000000e+00 -1.75438596e-03  3.30000000e+00 -1.15861797e+00]",483.76042771339417
0.0,[0.54417497],"[-1.75438596e-03  3.30000000e+00 -1.75438596e-03  3.30000000e+00
 -1.08513713e+00 -1.75438596e-03  3.30000000e+00 -1.75438596e-03
  3.30000000e+00 -1.83069587e+00 -1.75438596e-03  3.30000000e+00
 -1.75438596e-03  3.30000000e+00 -1.15861797e+00 -1.75438596e-03
  3.30000000e+00 -1.75438596e-03  3.30000000e+00 -4.55825031e-01]",483.84397149086
0.0,[0.78533006],"[-1.75438596e-03  3.30000000e+00 -1.75438596e-03  3.30000000e+00
 -1.83069587e+00 -1.75438596e-03  3.30000000e+00 -1.75438596e-03
  3.30000000e+00 -1.15861797e+00 -1.75438596e-03  3.30000000e+00
 -1.75438596e-03  3.30000000e+00 -4.55825031e-01 -1.75438596e-03
  3.30000000e+00 -1.75438596e-03  3.30000000e+00 -2.14669943e-01]",483.92312359809875
0.0,[-0.50817585],"[-1.75438596e-03  3.30000000e+00 -1.75438596e-03  3.30000000e+00
 -1.15861797e+00 -1.75438596e-03  3.30000000e+00 -1.75438596e-03
  3.30000000e+00 -4.55825031e-01 -1.75438596e-03  3.30000000e+00
 -1.75438596e-03  3.30000000e+00 -2.14669943e-01 -1.75438596e-03
  3.30000000e+00 -1.75438596e-03  3.30000000e+00 -1.50817585e+00]",484.00446939468384
0.0,[0.28851953],"[-1.75438596e-03  3.30000000e+00 -1.75438596e-03  3.30000000e+00
 -4.55825031e-01 -1.75438596e-03  3.30000000e+00 -1.75438596e-03
  3.30000000e+00 -2.14669943e-01 -1.75438596e-03  3.30000000e+00
 -1.75438596e-03  3.30000000e+00 -1.50817585e+00 -1.75438596e-03
  3.30000000e+00 -1.75438596e-03  3.30000000e+00 -7.11480498e-01]",484.08436465263367
0.0,[-0.96543694],"[-1.75438596e-03  3.30000000e+00 -1.75438596e-03  3.30000000e+00
 -2.14669943e-01 -1.75438596e-03  3.30000000e+00 -1.75438596e-03
  3.30000000e+00 -1.50817585e+00 -1.75438596e-03  3.30000000e+00
 -1.75438596e-03  3.30000000e+00 -7.11480498e-01 -1.75438596e-03
  3.30000000e+00 -1.75438596e-03  3.30000000e+00 -1.96543694e+00]",484.1643273830414
0.0,[-0.83368814],"[-1.75438596e-03  3.30000000e+00 -1.75438596e-03  3.30000000e+00
 -1.50817585e+00 -1.75438596e-03  3.30000000e+00 -1.75438596e-03
  3.30000000e+00 -7.11480498e-01 -1.75438596e-03  3.30000000e+00
 -1.75438596e-03  3.30000000e+00 -1.96543694e+00 -1.75438596e-03
  3.30000000e+00 -1.75438596e-03  3.30000000e+00 -1.83368814e+00]",484.2447476387024
0.0,[0.97918665],"[-1.75438596e-03  3.30000000e+00 -1.75438596e-03  3.30000000e+00
 -7.11480498e-01 -1.75438596e-03  3.30000000e+00 -1.75438596e-03
  3.30000000e+00 -1.96543694e+00 -1.75438596e-03  3.30000000e+00
 -1.75438596e-03  3.30000000e+00 -1.83368814e+00 -1.75438596e-03
  3.30000000e+00 -1.75438596e-03  3.30000000e+00 -2.08133459e-02]",484.32461071014404
0.0,[-0.3663829],"[-1.75438596e-03  3.30000000e+00 -1.75438596e-03  3.30000000e+00
 -1.96543694e+00 -1.75438596e-03  3.30000000e+00 -1.75438596e-03
  3.30000000e+00 -1.83368814e+00 -1.75438596e-03  3.30000000e+00
 -1.75438596e-03  3.30000000e+00 -2.08133459e-02 -1.75438596e-03
  3.30000000e+00 -1.75438596e-03  3.30000000e+00 -1.36638284e+00]",484.40456318855286
0.0,[0.73082066],"[-1.75438596e-03  3.30000000e+00 -1.75438596e-03  3.30000000e+00
 -1.83368814e+00 -1.75438596e-03  3.30000000e+00 -1.75438596e-03
  3.30000000e+00 -2.08133459e-02 -1.75438596e-03  3.30000000e+00
 -1.75438596e-03  3.30000000e+00 -1.36638284e+00 -1.75438596e-03
  3.30000000e+00 -1.75438596e-03  3.30000000e+00 -2.69179344e-01]",484.4847137928009
0.0,[-0.5709666],"[-1.75438596e-03  3.30000000e+00 -1.75438596e-03  3.30000000e+00
 -2.08133459e-02 -1.75438596e-03  3.30000000e+00 -1.75438596e-03
  3.30000000e+00 -1.36638284e+00 -1.75438596e-03  3.30000000e+00
 -1.75438596e-03  3.30000000e+00 -2.69179344e-01 -1.75438596e-03
  3.30000000e+00 -1.75438596e-03  3.30000000e+00 -1.57096660e+00]",484.56446957588196
0.0,[-0.21395253],"[-1.75438596e-03  3.30000000e+00 -1.75438596e-03  3.30000000e+00
 -1.36638284e+00 -1.75438596e-03  3.30000000e+00 -1.75438596e-03
  3.30000000e+00 -2.69179344e-01 -1.75438596e-03  3.30000000e+00
 -1.75438596e-03  3.30000000e+00 -1.57096660e+00 -1.75438596e-03
  3.30000000e+00 -1.75438596e-03  3.30000000e+00 -1.21395254e+00]",484.644761800766
0.0,[-0.14517094],"[-1.75438596e-03  3.30000000e+00 -1.75438596e-03  3.30000000e+00
 -2.69179344e-01 -1.75438596e-03  3.30000000e+00 -1.75438596e-03
  3.30000000e+00 -1.57096660e+00 -1.75438596e-03  3.30000000e+00
 -1.75438596e-03  3.30000000e+00 -1.21395254e+00 -1.75438596e-03
  3.30000000e+00 -1.75438596e-03  3.30000000e+00 -1.14517093e+00]",484.7245759963989
0.0,[-0.71510017],"[-1.75438596e-03  3.30000000e+00 -1.75438596e-03  3.30000000e+00
 -1.57096660e+00 -1.75438596e-03  3.30000000e+00 -1.75438596e-03
  3.30000000e+00 -1.21395254e+00 -1.75438596e-03  3.30000000e+00
 -1.75438596e-03  3.30000000e+00 -1.14517093e+00 -1.75438596e-03
  3.30000000e+00 -1.75438596e-03  3.30000000e+00 -1.71510017e+00]",484.80451011657715
0.0,[-0.21192273],"[-1.75438596e-03  3.30000000e+00 -1.75438596e-03  3.30000000e+00
 -1.21395254e+00 -1.75438596e-03  3.30000000e+00 -1.75438596e-03
  3.30000000e+00 -1.14517093e+00 -1.75438596e-03  3.30000000e+00
 -1.75438596e-03  3.30000000e+00 -1.71510017e+00 -1.75438596e-03
  3.30000000e+00 -1.75438596e-03  3.30000000e+00 -1.21192276e+00]",484.88447093963623
0.0,[-0.10850356],"[-1.75438596e-03  3.30000000e+00 -1.75438596e-03  3.30000000e+00
 -1.14517093e+00 -1.75438596e-03  3.30000000e+00 -1.75438596e-03
  3.30000000e+00 -1.71510017e+00 -1.75438596e-03  3.30000000e+00
 -1.75438596e-03  3.30000000e+00 -1.21192276e+00 -1.75438596e-03
  3.30000000e+00 -1.75438596e-03  3.30000000e+00 -1.10850358e+00]",484.9643473625183
0.0,[-0.97024727],"[-1.75438596e-03  3.30000000e+00 -1.75438596e-03  3.30000000e+00
 -1.71510017e+00 -1.75438596e-03  3.30000000e+00 -1.75438596e-03
  3.30000000e+00 -1.21192276e+00 -1.75438596e-03  3.30000000e+00
 -1.75438596e-03  3.30000000e+00 -1.10850358e+00 -1.75438596e-03
  3.30000000e+00 -1.75438596e-03  3.30000000e+00 -1.97024727e+00]",485.0444917678833
0.0,[-0.55007946],"[-1.75438596e-03  3.30000000e+00 -1.75438596e-03  3.30000000e+00
 -1.21192276e+00 -1.75438596e-03  3.30000000e+00 -1.75438596e-03
  3.30000000e+00 -1.10850358e+00 -1.75438596e-03  3.30000000e+00
 -1.75438596e-03  3.30000000e+00 -1.97024727e+00 -1.75438596e-03
  3.30000000e+00 -1.75438596e-03  3.30000000e+00 -1.55007946e+00]",485.124764919281
0.0,[-0.7763436],"[-1.75438596e-03  3.30000000e+00 -1.75438596e-03  3.30000000e+00
 -1.10850358e+00 -1.75438596e-03  3.30000000e+00 -1.75438596e-03
  3.30000000e+00 -1.97024727e+00 -1.75438596e-03  3.30000000e+00
 -1.75438596e-03  3.30000000e+00 -1.55007946e+00 -1.75438596e-03
  3.30000000e+00 -1.75438596e-03  3.30000000e+00 -1.77634358e+00]",485.20450615882874
0.0,[-0.51907116],"[-1.75438596e-03  3.30000000e+00 -1.75438596e-03  3.30000000e+00
 -1.97024727e+00 -1.75438596e-03  3.30000000e+00 -1.75438596e-03
  3.30000000e+00 -1.55007946e+00 -1.75438596e-03  3.30000000e+00
 -1.75438596e-03  3.30000000e+00 -1.77634358e+00 -1.75438596e-03
  3.30000000e+00 -1.75438596e-03  3.30000000e+00 -1.51907110e+00]",485.2843289375305
0.0,[-0.4157652],"[-1.75438596e-03  3.30000000e+00 -1.75438596e-03  3.30000000e+00
 -1.55007946e+00 -1.75438596e-03  3.30000000e+00 -1.75438596e-03
  3.30000000e+00 -1.77634358e+00 -1.75438596e-03  3.30000000e+00
 -1.75438596e-03  3.30000000e+00 -1.51907110e+00 -1.75438596e-03
  3.30000000e+00 -1.75438596e-03  3.30000000e+00 -1.41576517e+00]",485.36455631256104
0.0,[0.94554776],"[-1.75438596e-03  3.30000000e+00 -1.75438596e-03  3.30000000e+00
 -1.77634358e+00 -1.75438596e-03  3.30000000e+00 -1.75438596e-03
  3.30000000e+00 -1.51907110e+00 -1.75438596e-03  3.30000000e+00
 -1.75438596e-03  3.30000000e+00 -1.41576517e+00 -1.75438596e-03
  3.30000000e+00 -1.75438596e-03  3.30000000e+00 -5.44522405e-02]",485.45967626571655
0.0,[-0.02985523],"[-1.75438596e-03  3.30000000e+00 -1.75438596e-03  3.30000000e+00
 -1.51907110e+00 -1.75438596e-03  3.30000000e+00 -1.75438596e-03
  3.30000000e+00 -1.41576517e+00 -1.75438596e-03  3.30000000e+00
 -1.75438596e-03  3.30000000e+00 -5.44522405e-02 -1.75438596e-03
  3.30000000e+00 -1.75438596e-03  3.30000000e+00 -1.02985525e+00]",485.52434730529785
0.0,[0.82192475],"[-1.75438596e-03  3.30000000e+00 -1.75438596e-03  3.30000000e+00
 -1.41576517e+00 -1.75438596e-03  3.30000000e+00 -1.75438596e-03
  3.30000000e+00 -5.44522405e-02 -1.75438596e-03  3.30000000e+00
 -1.75438596e-03  3.30000000e+00 -1.02985525e+00 -1.75438596e-03
  3.30000000e+00 -1.75438596e-03  3.30000000e+00 -1.78075254e-01]",485.6051561832428
0.0,[-0.39468634],"[-1.75438596e-03  3.30000000e+00 -1.75438596e-03  3.30000000e+00
 -5.44522405e-02 -1.75438596e-03  3.30000000e+00 -1.75438596e-03
  3.30000000e+00 -1.02985525e+00 -1.75438596e-03  3.30000000e+00
 -1.75438596e-03  3.30000000e+00 -1.78075254e-01 -1.75438596e-03
  3.30000000e+00 -1.75438596e-03  3.30000000e+00 -1.39468634e+00]",485.68439197540283
0.0,[-0.46346143],"[-1.75438596e-03  3.30000000e+00 -1.75438596e-03  3.30000000e+00
 -1.02985525e+00 -1.75438596e-03  3.30000000e+00 -1.75438596e-03
  3.30000000e+00 -1.78075254e-01 -1.75438596e-03  3.30000000e+00
 -1.75438596e-03  3.30000000e+00 -1.39468634e+00 -1.75438596e-03
  3.30000000e+00 -1.75438596e-03  3.30000000e+00 -1.46346140e+00]",485.7645592689514
0.0,[0.6692058],"[-1.75438596e-03  3.30000000e+00 -1.75438596e-03  3.30000000e+00
 -1.78075254e-01 -1.75438596e-03  3.30000000e+00 -1.75438596e-03
  3.30000000e+00 -1.39468634e+00 -1.75438596e-03  3.30000000e+00
 -1.75438596e-03  3.30000000e+00 -1.46346140e+00 -1.75438596e-03
  3.30000000e+00 -1.75438596e-03  3.30000000e+00 -3.30794215e-01]",485.86702847480774
0.0,[0.9567629],"[-1.75438596e-03  3.30000000e+00 -1.75438596e-03  3.30000000e+00
 -1.39468634e+00 -1.75438596e-03  3.30000000e+00 -1.75438596e-03
  3.30000000e+00 -1.46346140e+00 -1.75438596e-03  3.30000000e+00
 -1.75438596e-03  3.30000000e+00 -3.30794215e-01 -1.75438596e-03
  3.30000000e+00 -1.75438596e-03  3.30000000e+00 -4.32370901e-02]",485.9245114326477
0.0,[-0.4635285],"[-1.75438596e-03  3.30000000e+00 -1.75438596e-03  3.30000000e+00
 -1.46346140e+00 -1.75438596e-03  3.30000000e+00 -1.75438596e-03
  3.30000000e+00 -3.30794215e-01 -1.75438596e-03  3.30000000e+00
 -1.75438596e-03  3.30000000e+00 -4.32370901e-02 -1.75438596e-03
  3.30000000e+00 -1.75438596e-03  3.30000000e+00 -1.46352851e+00]",486.00479650497437
0.0,[0.7520171],"[-1.75438596e-03  3.30000000e+00 -1.75438596e-03  3.30000000e+00
 -3.30794215e-01 -1.75438596e-03  3.30000000e+00 -1.75438596e-03
  3.30000000e+00 -4.32370901e-02 -1.75438596e-03  3.30000000e+00
 -1.75438596e-03  3.30000000e+00 -1.46352851e+00 -1.75438596e-03
  3.30000000e+00 -1.75438596e-03  3.30000000e+00 -2.47982919e-01]",486.084454536438
0.0,[-0.827339],"[-1.75438596e-03  3.30000000e+00 -1.75438596e-03  3.30000000e+00
 -4.32370901e-02 -1.75438596e-03  3.30000000e+00 -1.75438596e-03
  3.30000000e+00 -1.46352851e+00 -1.75438596e-03  3.30000000e+00
 -1.75438596e-03  3.30000000e+00 -2.47982919e-01 -1.75438596e-03
  3.30000000e+00 -1.75438596e-03  3.30000000e+00 -1.82733893e+00]",486.16446137428284
0.0,[0.9372573],"[-1.75438596e-03  3.30000000e+00 -1.75438596e-03  3.30000000e+00
 -1.46352851e+00 -1.75438596e-03  3.30000000e+00 -1.75438596e-03
  3.30000000e+00 -2.47982919e-01 -1.75438596e-03  3.30000000e+00
 -1.75438596e-03  3.30000000e+00 -1.82733893e+00 -1.75438596e-03
  3.30000000e+00 -1.75438596e-03  3.30000000e+00 -6.27427101e-02]",486.2445938587189
0.0,[0.85471094],"[-1.75438596e-03  3.30000000e+00 -1.75438596e-03  3.30000000e+00
 -2.47982919e-01 -1.75438596e-03  3.30000000e+00 -1.75438596e-03
  3.30000000e+00 -1.82733893e+00 -1.75438596e-03  3.30000000e+00
 -1.75438596e-03  3.30000000e+00 -6.27427101e-02 -1.75438596e-03
  3.30000000e+00 -1.75438596e-03  3.30000000e+00 -1.45289063e-01]",486.32455611228943
0.0,[0.10515052],"[-1.75438596e-03  3.30000000e+00 -1.75438596e-03  3.30000000e+00
 -1.82733893e+00 -1.75438596e-03  3.30000000e+00 -1.75438596e-03
  3.30000000e+00 -6.27427101e-02 -1.75438596e-03  3.30000000e+00
 -1.75438596e-03  3.30000000e+00 -1.45289063e-01 -1.75438596e-03
  3.30000000e+00 -1.75438596e-03  3.30000000e+00 -8.94849479e-01]",486.40440130233765
0.0,[0.8088425],"[-1.75438596e-03  3.30000000e+00 -1.75438596e-03  3.30000000e+00
 -6.27427101e-02 -1.75438596e-03  3.30000000e+00 -1.75438596e-03
  3.30000000e+00 -1.45289063e-01 -1.75438596e-03  3.30000000e+00
 -1.75438596e-03  3.30000000e+00 -8.94849479e-01 -1.75438596e-03
  3.30000000e+00 -1.75438596e-03  3.30000000e+00 -1.91157520e-01]",486.4846570491791
0.0,[-0.09260024],"[-1.75438596e-03  3.30000000e+00 -1.75438596e-03  3.30000000e+00
 -1.45289063e-01 -1.75438596e-03  3.30000000e+00 -1.75438596e-03
  3.30000000e+00 -8.94849479e-01 -1.75438596e-03  3.30000000e+00
 -1.75438596e-03  3.30000000e+00 -1.91157520e-01 -1.75438596e-03
  3.30000000e+00 -1.75438596e-03  3.30000000e+00 -1.09260023e+00]",486.5644061565399
0.0,[-0.21359101],"[-1.75438596e-03  3.30000000e+00 -1.75438596e-03  3.30000000e+00
 -8.94849479e-01 -1.75438596e-03  3.30000000e+00 -1.75438596e-03
  3.30000000e+00 -1.91157520e-01 -1.75438596e-03  3.30000000e+00
 -1.75438596e-03  3.30000000e+00 -1.09260023e+00 -1.75438596e-03
  3.30000000e+00 -1.75438596e-03  3.30000000e+00 -1.21359098e+00]",486.64436197280884
0.0,[0.82806677],"[-1.75438596e-03  3.30000000e+00 -1.75438596e-03  3.30000000e+00
 -1.91157520e-01 -1.75438596e-03  3.30000000e+00 -1.75438596e-03
  3.30000000e+00 -1.09260023e+00 -1.75438596e-03  3.30000000e+00
 -1.75438596e-03  3.30000000e+00 -1.21359098e+00 -1.75438596e-03
  3.30000000e+00 -1.75438596e-03  3.30000000e+00 -1.71933234e-01]",486.7245569229126
0.0,[-0.54558694],"[-1.75438596e-03  3.30000000e+00 -1.75438596e-03  3.30000000e+00
 -1.09260023e+00 -1.75438596e-03  3.30000000e+00 -1.75438596e-03
  3.30000000e+00 -1.21359098e+00 -1.75438596e-03  3.30000000e+00
 -1.75438596e-03  3.30000000e+00 -1.71933234e-01 -1.75438596e-03
  3.30000000e+00 -1.75438596e-03  3.30000000e+00 -1.54558694e+00]",486.8045687675476
0.0,[-0.13180846],"[-1.75438596e-03  3.30000000e+00 -1.75438596e-03  3.30000000e+00
 -1.21359098e+00 -1.75438596e-03  3.30000000e+00 -1.75438596e-03
  3.30000000e+00 -1.71933234e-01 -1.75438596e-03  3.30000000e+00
 -1.75438596e-03  3.30000000e+00 -1.54558694e+00 -1.75438596e-03
  3.30000000e+00 -1.75438596e-03  3.30000000e+00 -1.13180852e+00]",486.88436627388
0.0,[0.7384076],"[-1.75438596e-03  3.30000000e+00 -1.75438596e-03  3.30000000e+00
 -1.71933234e-01 -1.75438596e-03  3.30000000e+00 -1.75438596e-03
  3.30000000e+00 -1.54558694e+00 -1.75438596e-03  3.30000000e+00
 -1.75438596e-03  3.30000000e+00 -1.13180852e+00 -1.75438596e-03
  3.30000000e+00 -1.75438596e-03  3.30000000e+00 -2.61592388e-01]",486.9629807472229
0.0,[-0.5806525],"[-1.75438596e-03  3.30000000e+00 -1.75438596e-03  3.30000000e+00
 -1.54558694e+00 -1.75438596e-03  3.30000000e+00 -1.75438596e-03
  3.30000000e+00 -1.13180852e+00 -1.75438596e-03  3.30000000e+00
 -1.75438596e-03  3.30000000e+00 -2.61592388e-01 -1.75438596e-03
  3.30000000e+00 -1.75438596e-03  3.30000000e+00 -1.58065248e+00]",487.0444061756134
