reward,action,obs,time
,,"[ 0.00000000e+00  0.00000000e+00  0.00000000e+00  0.00000000e+00
  0.00000000e+00  0.00000000e+00  0.00000000e+00  0.00000000e+00
  0.00000000e+00  0.00000000e+00  0.00000000e+00  0.00000000e+00
  0.00000000e+00  0.00000000e+00  0.00000000e+00 -1.75438596e-03
  3.30000000e+00 -1.75438596e-03  3.30000000e+00  0.00000000e+00]",529.2474944591522
0.0,[0.79760784],"[ 0.00000000e+00  0.00000000e+00  0.00000000e+00  0.00000000e+00
  0.00000000e+00  0.00000000e+00  0.00000000e+00  0.00000000e+00
  0.00000000e+00  0.00000000e+00 -1.75438596e-03  3.30000000e+00
 -1.75438596e-03  3.30000000e+00  0.00000000e+00 -1.75438596e-03
  3.30000000e+00 -1.75438596e-03  3.30000000e+00 -2.02392161e-01]",529.2896234989166
0.0,[-0.4569027],"[ 0.00000000e+00  0.00000000e+00  0.00000000e+00  0.00000000e+00
  0.00000000e+00 -1.75438596e-03  3.30000000e+00 -1.75438596e-03
  3.30000000e+00  0.00000000e+00 -1.75438596e-03  3.30000000e+00
 -1.75438596e-03  3.30000000e+00 -2.02392161e-01 -1.75438596e-03
  3.30000000e+00 -1.75438596e-03  3.30000000e+00 -1.45690274e+00]",529.2954363822937
0.0,[-0.9010802],"[-1.75438596e-03  3.30000000e+00 -1.75438596e-03  3.30000000e+00
  0.00000000e+00 -1.75438596e-03  3.30000000e+00 -1.75438596e-03
  3.30000000e+00 -2.02392161e-01 -1.75438596e-03  3.30000000e+00
 -1.75438596e-03  3.30000000e+00 -1.45690274e+00 -1.75438596e-03
  3.30000000e+00 -1.75438596e-03  3.30000000e+00 -1.90108013e+00]",529.3011248111725
0.0,[0.93421686],"[-1.75438596e-03  3.30000000e+00 -1.75438596e-03  3.30000000e+00
 -2.02392161e-01 -1.75438596e-03  3.30000000e+00 -1.75438596e-03
  3.30000000e+00 -1.45690274e+00 -1.75438596e-03  3.30000000e+00
 -1.75438596e-03  3.30000000e+00 -1.90108013e+00 -1.75438596e-03
  3.30000000e+00 -1.75438596e-03  3.30000000e+00 -6.57831430e-02]",529.306911945343
0.0,[0.7276552],"[-1.75438596e-03  3.30000000e+00 -1.75438596e-03  3.30000000e+00
 -1.45690274e+00 -1.75438596e-03  3.30000000e+00 -1.75438596e-03
  3.30000000e+00 -1.90108013e+00 -1.75438596e-03  3.30000000e+00
 -1.75438596e-03  3.30000000e+00 -6.57831430e-02 -1.75438596e-03
  3.30000000e+00 -1.75438596e-03  3.30000000e+00 -2.72344828e-01]",529.3751978874207
0.0,[-0.3100733],"[-1.75438596e-03  3.30000000e+00 -1.75438596e-03  3.30000000e+00
 -1.90108013e+00 -1.75438596e-03  3.30000000e+00 -1.75438596e-03
  3.30000000e+00 -6.57831430e-02 -1.75438596e-03  3.30000000e+00
 -1.75438596e-03  3.30000000e+00 -2.72344828e-01 -1.75438596e-03
  3.30000000e+00 -1.75438596e-03  3.30000000e+00 -1.31007326e+00]",529.4565253257751
0.0,[-0.7679026],"[-1.75438596e-03  3.30000000e+00 -1.75438596e-03  3.30000000e+00
 -6.57831430e-02 -1.75438596e-03  3.30000000e+00 -1.75438596e-03
  3.30000000e+00 -2.72344828e-01 -1.75438596e-03  3.30000000e+00
 -1.75438596e-03  3.30000000e+00 -1.31007326e+00 -1.75438596e-03
  3.30000000e+00 -1.75438596e-03  3.30000000e+00 -1.76790261e+00]",529.5364034175873
0.0,[0.07703462],"[-1.75438596e-03  3.30000000e+00 -1.75438596e-03  3.30000000e+00
 -2.72344828e-01 -1.75438596e-03  3.30000000e+00 -1.75438596e-03
  3.30000000e+00 -1.31007326e+00 -1.75438596e-03  3.30000000e+00
 -1.75438596e-03  3.30000000e+00 -1.76790261e+00 -1.75438596e-03
  3.30000000e+00 -1.75438596e-03  3.30000000e+00 -9.22965407e-01]",529.6164703369141
0.0,[0.55861676],"[-1.75438596e-03  3.30000000e+00 -1.75438596e-03  3.30000000e+00
 -1.31007326e+00 -1.75438596e-03  3.30000000e+00 -1.75438596e-03
  3.30000000e+00 -1.76790261e+00 -1.75438596e-03  3.30000000e+00
 -1.75438596e-03  3.30000000e+00 -9.22965407e-01 -1.75438596e-03
  3.30000000e+00 -1.75438596e-03  3.30000000e+00 -4.41383243e-01]",529.6966421604156
0.0,[0.38777876],"[-1.75438596e-03  3.30000000e+00 -1.75438596e-03  3.30000000e+00
 -1.76790261e+00 -1.75438596e-03  3.30000000e+00 -1.75438596e-03
  3.30000000e+00 -9.22965407e-01 -1.75438596e-03  3.30000000e+00
 -1.75438596e-03  3.30000000e+00 -4.41383243e-01 -1.75438596e-03
  3.30000000e+00 -1.75438596e-03  3.30000000e+00 -6.12221241e-01]",529.776465177536
0.0,[-0.2954374],"[-1.75438596e-03  3.30000000e+00 -1.75438596e-03  3.30000000e+00
 -9.22965407e-01 -1.75438596e-03  3.30000000e+00 -1.75438596e-03
  3.30000000e+00 -4.41383243e-01 -1.75438596e-03  3.30000000e+00
 -1.75438596e-03  3.30000000e+00 -6.12221241e-01 -1.75438596e-03
  3.30000000e+00 -1.75438596e-03  3.30000000e+00 -1.29543734e+00]",529.8564591407776
0.0,[-0.8635049],"[-1.75438596e-03  3.30000000e+00 -1.75438596e-03  3.30000000e+00
 -4.41383243e-01 -1.75438596e-03  3.30000000e+00 -1.75438596e-03
  3.30000000e+00 -6.12221241e-01 -1.75438596e-03  3.30000000e+00
 -1.75438596e-03  3.30000000e+00 -1.29543734e+00 -1.75438596e-03
  3.30000000e+00 -1.75438596e-03  3.30000000e+00 -1.86350489e+00]",529.9366300106049
0.0,[0.66822827],"[-1.75438596e-03  3.30000000e+00 -1.75438596e-03  3.30000000e+00
 -6.12221241e-01 -1.75438596e-03  3.30000000e+00 -1.75438596e-03
  3.30000000e+00 -1.29543734e+00 -1.75438596e-03  3.30000000e+00
 -1.75438596e-03  3.30000000e+00 -1.86350489e+00 -1.75438596e-03
  3.30000000e+00 -1.75438596e-03  3.30000000e+00 -3.31771731e-01]",530.0166234970093
0.0,[-0.7902475],"[-1.75438596e-03  3.30000000e+00 -1.75438596e-03  3.30000000e+00
 -1.29543734e+00 -1.75438596e-03  3.30000000e+00 -1.75438596e-03
  3.30000000e+00 -1.86350489e+00 -1.75438596e-03  3.30000000e+00
 -1.75438596e-03  3.30000000e+00 -3.31771731e-01 -1.75438596e-03
  3.30000000e+00 -1.75438596e-03  3.30000000e+00 -1.79024744e+00]",530.0965735912323
0.0,[0.29353762],"[-1.75438596e-03  3.30000000e+00 -1.75438596e-03  3.30000000e+00
 -1.86350489e+00 -1.75438596e-03  3.30000000e+00 -1.75438596e-03
  3.30000000e+00 -3.31771731e-01 -1.75438596e-03  3.30000000e+00
 -1.75438596e-03  3.30000000e+00 -1.79024744e+00 -1.75438596e-03
  3.30000000e+00 -1.75438596e-03  3.30000000e+00 -7.06462383e-01]",530.1771156787872
0.0,[-0.24297486],"[-1.75438596e-03  3.30000000e+00 -1.75438596e-03  3.30000000e+00
 -3.31771731e-01 -1.75438596e-03  3.30000000e+00 -1.75438596e-03
  3.30000000e+00 -1.79024744e+00 -1.75438596e-03  3.30000000e+00
 -1.75438596e-03  3.30000000e+00 -7.06462383e-01 -1.75438596e-03
  3.30000000e+00 -1.75438596e-03  3.30000000e+00 -1.24297488e+00]",530.2564537525177
0.0,[0.16378587],"[-1.75438596e-03  3.30000000e+00 -1.75438596e-03  3.30000000e+00
 -1.79024744e+00 -1.75438596e-03  3.30000000e+00 -1.75438596e-03
  3.30000000e+00 -7.06462383e-01 -1.75438596e-03  3.30000000e+00
 -1.75438596e-03  3.30000000e+00 -1.24297488e+00 -1.75438596e-03
  3.30000000e+00 -1.75438596e-03  3.30000000e+00 -8.36214125e-01]",530.3367459774017
0.0,[-0.132318],"[-1.75438596e-03  3.30000000e+00 -1.75438596e-03  3.30000000e+00
 -7.06462383e-01 -1.75438596e-03  3.30000000e+00 -1.75438596e-03
  3.30000000e+00 -1.24297488e+00 -1.75438596e-03  3.30000000e+00
 -1.75438596e-03  3.30000000e+00 -8.36214125e-01 -1.75438596e-03
  3.30000000e+00 -1.75438596e-03  3.30000000e+00 -1.13231802e+00]",530.416473865509
0.0,[0.4925097],"[-1.75438596e-03  3.30000000e+00 -1.75438596e-03  3.30000000e+00
 -1.24297488e+00 -1.75438596e-03  3.30000000e+00 -1.75438596e-03
  3.30000000e+00 -8.36214125e-01 -1.75438596e-03  3.30000000e+00
 -1.75438596e-03  3.30000000e+00 -1.13231802e+00 -1.75438596e-03
  3.30000000e+00 -1.75438596e-03  3.30000000e+00 -5.07490277e-01]",530.4965271949768
0.0,[0.22442767],"[-1.75438596e-03  3.30000000e+00 -1.75438596e-03  3.30000000e+00
 -8.36214125e-01 -1.75438596e-03  3.30000000e+00 -1.75438596e-03
  3.30000000e+00 -1.13231802e+00 -1.75438596e-03  3.30000000e+00
 -1.75438596e-03  3.30000000e+00 -5.07490277e-01 -1.75438596e-03
  3.30000000e+00 -1.75438596e-03  3.30000000e+00 -7.75572300e-01]",530.5769948959351
0.0,[0.40762255],"[-1.75438596e-03  3.30000000e+00 -1.75438596e-03  3.30000000e+00
 -1.13231802e+00 -1.75438596e-03  3.30000000e+00 -1.75438596e-03
  3.30000000e+00 -5.07490277e-01 -1.75438596e-03  3.30000000e+00
 -1.75438596e-03  3.30000000e+00 -7.75572300e-01 -1.75438596e-03
  3.30000000e+00 -1.75438596e-03  3.30000000e+00 -5.92377424e-01]",530.6566982269287
0.0,[0.79190224],"[-1.75438596e-03  3.30000000e+00 -1.75438596e-03  3.30000000e+00
 -5.07490277e-01 -1.75438596e-03  3.30000000e+00 -1.75438596e-03
  3.30000000e+00 -7.75572300e-01 -1.75438596e-03  3.30000000e+00
 -1.75438596e-03  3.30000000e+00 -5.92377424e-01 -1.75438596e-03
  3.30000000e+00 -1.75438596e-03  3.30000000e+00 -2.08097756e-01]",530.7364525794983
0.0,[0.6906322],"[-1.75438596e-03  3.30000000e+00 -1.75438596e-03  3.30000000e+00
 -7.75572300e-01 -1.75438596e-03  3.30000000e+00 -1.75438596e-03
  3.30000000e+00 -5.92377424e-01 -1.75438596e-03  3.30000000e+00
 -1.75438596e-03  3.30000000e+00 -2.08097756e-01 -1.75438596e-03
  3.30000000e+00 -1.75438596e-03  3.30000000e+00 -3.09367776e-01]",530.8164553642273
0.0,[-0.8063016],"[-1.75438596e-03  3.30000000e+00 -1.75438596e-03  3.30000000e+00
 -5.92377424e-01 -1.75438596e-03  3.30000000e+00 -1.75438596e-03
  3.30000000e+00 -2.08097756e-01 -1.75438596e-03  3.30000000e+00
 -1.75438596e-03  3.30000000e+00 -3.09367776e-01 -1.75438596e-03
  3.30000000e+00 -1.75438596e-03  3.30000000e+00 -1.80630159e+00]",530.8964319229126
0.0,[0.04754741],"[-1.75438596e-03  3.30000000e+00 -1.75438596e-03  3.30000000e+00
 -2.08097756e-01 -1.75438596e-03  3.30000000e+00 -1.75438596e-03
  3.30000000e+00 -3.09367776e-01 -1.75438596e-03  3.30000000e+00
 -1.75438596e-03  3.30000000e+00 -1.80630159e+00 -1.75438596e-03
  3.30000000e+00 -1.75438596e-03  3.30000000e+00 -9.52452600e-01]",530.9764664173126
0.0,[-0.88232386],"[-1.75438596e-03  3.30000000e+00 -1.75438596e-03  3.30000000e+00
 -3.09367776e-01 -1.75438596e-03  3.30000000e+00 -1.75438596e-03
  3.30000000e+00 -1.80630159e+00 -1.75438596e-03  3.30000000e+00
 -1.75438596e-03  3.30000000e+00 -9.52452600e-01 -1.75438596e-03
  3.30000000e+00 -1.75438596e-03  3.30000000e+00 -1.88232386e+00]",531.0566284656525
0.0,[-0.90981704],"[-1.75438596e-03  3.30000000e+00 -1.75438596e-03  3.30000000e+00
 -1.80630159e+00 -1.75438596e-03  3.30000000e+00 -1.75438596e-03
  3.30000000e+00 -9.52452600e-01 -1.75438596e-03  3.30000000e+00
 -1.75438596e-03  3.30000000e+00 -1.88232386e+00 -1.75438596e-03
  3.30000000e+00 -1.75438596e-03  3.30000000e+00 -1.90981698e+00]",531.1363809108734
0.0,[0.34094533],"[-1.75438596e-03  3.30000000e+00 -1.75438596e-03  3.30000000e+00
 -9.52452600e-01 -1.75438596e-03  3.30000000e+00 -1.75438596e-03
  3.30000000e+00 -1.88232386e+00 -1.75438596e-03  3.30000000e+00
 -1.75438596e-03  3.30000000e+00 -1.90981698e+00 -1.75438596e-03
  3.30000000e+00 -1.75438596e-03  3.30000000e+00 -6.59054637e-01]",531.2168600559235
0.0,[-0.6629372],"[-1.75438596e-03  3.30000000e+00 -1.75438596e-03  3.30000000e+00
 -1.88232386e+00 -1.75438596e-03  3.30000000e+00 -1.75438596e-03
  3.30000000e+00 -1.90981698e+00 -1.75438596e-03  3.30000000e+00
 -1.75438596e-03  3.30000000e+00 -6.59054637e-01 -1.75438596e-03
  3.30000000e+00 -1.75438596e-03  3.30000000e+00 -1.66293716e+00]",531.3005375862122
0.0,[0.86215913],"[-1.75438596e-03  3.30000000e+00 -1.75438596e-03  3.30000000e+00
 -1.90981698e+00 -1.75438596e-03  3.30000000e+00 -1.75438596e-03
  3.30000000e+00 -6.59054637e-01 -1.75438596e-03  3.30000000e+00
 -1.75438596e-03  3.30000000e+00 -1.66293716e+00 -1.75438596e-03
  3.30000000e+00 -1.75438596e-03  3.30000000e+00 -1.37840867e-01]",531.38036942482
0.0,[0.15100074],"[-1.75438596e-03  3.30000000e+00 -1.75438596e-03  3.30000000e+00
 -6.59054637e-01 -1.75438596e-03  3.30000000e+00 -1.75438596e-03
  3.30000000e+00 -1.66293716e+00 -1.75438596e-03  3.30000000e+00
 -1.75438596e-03  3.30000000e+00 -1.37840867e-01 -1.75438596e-03
  3.30000000e+00 -1.75438596e-03  3.30000000e+00 -8.48999262e-01]",531.4606740474701
0.0,[0.91207266],"[-1.75438596e-03  3.30000000e+00 -1.75438596e-03  3.30000000e+00
 -1.66293716e+00 -1.75438596e-03  3.30000000e+00 -1.75438596e-03
  3.30000000e+00 -1.37840867e-01 -1.75438596e-03  3.30000000e+00
 -1.75438596e-03  3.30000000e+00 -8.48999262e-01 -1.75438596e-03
  3.30000000e+00 -1.75438596e-03  3.30000000e+00 -8.79273415e-02]",531.5406696796417
0.0,[0.80737233],"[-1.75438596e-03  3.30000000e+00 -1.75438596e-03  3.30000000e+00
 -1.37840867e-01 -1.75438596e-03  3.30000000e+00 -1.75438596e-03
  3.30000000e+00 -8.48999262e-01 -1.75438596e-03  3.30000000e+00
 -1.75438596e-03  3.30000000e+00 -8.79273415e-02 -1.75438596e-03
  3.30000000e+00 -1.75438596e-03  3.30000000e+00 -1.92627668e-01]",531.6204767227173
0.0,[-0.37017372],"[-1.75438596e-03  3.30000000e+00 -1.75438596e-03  3.30000000e+00
 -8.48999262e-01 -1.75438596e-03  3.30000000e+00 -1.75438596e-03
  3.30000000e+00 -8.79273415e-02 -1.75438596e-03  3.30000000e+00
 -1.75438596e-03  3.30000000e+00 -1.92627668e-01 -1.75438596e-03
  3.30000000e+00 -1.75438596e-03  3.30000000e+00 -1.37017369e+00]",531.7005934715271
0.0,[-0.67975783],"[-1.75438596e-03  3.30000000e+00 -1.75438596e-03  3.30000000e+00
 -8.79273415e-02 -1.75438596e-03  3.30000000e+00 -1.75438596e-03
  3.30000000e+00 -1.92627668e-01 -1.75438596e-03  3.30000000e+00
 -1.75438596e-03  3.30000000e+00 -1.37017369e+00 -1.75438596e-03
  3.30000000e+00 -1.75438596e-03  3.30000000e+00 -1.67975783e+00]",531.7806551456451
0.0,[0.46560603],"[-1.75438596e-03  3.30000000e+00 -1.75438596e-03  3.30000000e+00
 -1.92627668e-01 -1.75438596e-03  3.30000000e+00 -1.75438596e-03
  3.30000000e+00 -1.37017369e+00 -1.75438596e-03  3.30000000e+00
 -1.75438596e-03  3.30000000e+00 -1.67975783e+00 -1.75438596e-03
  3.30000000e+00 -1.75438596e-03  3.30000000e+00 -5.34393966e-01]",531.8604500293732
0.0,[-0.27466884],"[-1.75438596e-03  3.30000000e+00 -1.75438596e-03  3.30000000e+00
 -1.37017369e+00 -1.75438596e-03  3.30000000e+00 -1.75438596e-03
  3.30000000e+00 -1.67975783e+00 -1.75438596e-03  3.30000000e+00
 -1.75438596e-03  3.30000000e+00 -5.34393966e-01 -1.75438596e-03
  3.30000000e+00 -1.75438596e-03  3.30000000e+00 -1.27466881e+00]",531.940441608429
0.0,[-0.7331693],"[-1.75438596e-03  3.30000000e+00 -1.75438596e-03  3.30000000e+00
 -1.67975783e+00 -1.75438596e-03  3.30000000e+00 -1.75438596e-03
  3.30000000e+00 -5.34393966e-01 -1.75438596e-03  3.30000000e+00
 -1.75438596e-03  3.30000000e+00 -1.27466881e+00 -1.75438596e-03
  3.30000000e+00 -1.75438596e-03  3.30000000e+00 -1.73316932e+00]",532.0204329490662
0.0,[0.05291191],"[-1.75438596e-03  3.30000000e+00 -1.75438596e-03  3.30000000e+00
 -5.34393966e-01 -1.75438596e-03  3.30000000e+00 -1.75438596e-03
  3.30000000e+00 -1.27466881e+00 -1.75438596e-03  3.30000000e+00
 -1.75438596e-03  3.30000000e+00 -1.73316932e+00 -1.75438596e-03
  3.30000000e+00 -1.75438596e-03  3.30000000e+00 -9.47088063e-01]",532.1005771160126
0.0,[0.77106464],"[-1.75438596e-03  3.30000000e+00 -1.75438596e-03  3.30000000e+00
 -1.27466881e+00 -1.75438596e-03  3.30000000e+00 -1.75438596e-03
  3.30000000e+00 -1.73316932e+00 -1.75438596e-03  3.30000000e+00
 -1.75438596e-03  3.30000000e+00 -9.47088063e-01 -1.75438596e-03
  3.30000000e+00 -1.75438596e-03  3.30000000e+00 -2.28935361e-01]",532.1806626319885
0.0,[0.9917268],"[-1.75438596e-03  3.30000000e+00 -1.75438596e-03  3.30000000e+00
 -1.73316932e+00 -1.75438596e-03  3.30000000e+00 -1.75438596e-03
  3.30000000e+00 -9.47088063e-01 -1.75438596e-03  3.30000000e+00
 -1.75438596e-03  3.30000000e+00 -2.28935361e-01 -1.75438596e-03
  3.30000000e+00 -1.75438596e-03  3.30000000e+00 -8.27318430e-03]",532.259996175766
0.0,[0.26008838],"[-1.75438596e-03  3.30000000e+00 -1.75438596e-03  3.30000000e+00
 -9.47088063e-01 -1.75438596e-03  3.30000000e+00 -1.75438596e-03
  3.30000000e+00 -2.28935361e-01 -1.75438596e-03  3.30000000e+00
 -1.75438596e-03  3.30000000e+00 -8.27318430e-03 -1.75438596e-03
  3.30000000e+00 -1.75438596e-03  3.30000000e+00 -7.39911616e-01]",532.3405921459198
0.0,[0.5430024],"[-1.75438596e-03  3.30000000e+00 -1.75438596e-03  3.30000000e+00
 -2.28935361e-01 -1.75438596e-03  3.30000000e+00 -1.75438596e-03
  3.30000000e+00 -8.27318430e-03 -1.75438596e-03  3.30000000e+00
 -1.75438596e-03  3.30000000e+00 -7.39911616e-01 -1.75438596e-03
  3.30000000e+00 -1.75438596e-03  3.30000000e+00 -4.56997573e-01]",532.4205148220062
0.0,[-0.7923915],"[-1.75438596e-03  3.30000000e+00 -1.75438596e-03  3.30000000e+00
 -8.27318430e-03 -1.75438596e-03  3.30000000e+00 -1.75438596e-03
  3.30000000e+00 -7.39911616e-01 -1.75438596e-03  3.30000000e+00
 -1.75438596e-03  3.30000000e+00 -4.56997573e-01 -1.75438596e-03
  3.30000000e+00 -1.75438596e-03  3.30000000e+00 -1.79239154e+00]",532.500568151474
0.0,[0.00346014],"[-1.75438596e-03  3.30000000e+00 -1.75438596e-03  3.30000000e+00
 -7.39911616e-01 -1.75438596e-03  3.30000000e+00 -1.75438596e-03
  3.30000000e+00 -4.56997573e-01 -1.75438596e-03  3.30000000e+00
 -1.75438596e-03  3.30000000e+00 -1.79239154e+00 -1.75438596e-03
  3.30000000e+00 -1.75438596e-03  3.30000000e+00 -9.96539831e-01]",532.5806078910828
0.0,[-0.60999167],"[-1.75438596e-03  3.30000000e+00 -1.75438596e-03  3.30000000e+00
 -4.56997573e-01 -1.75438596e-03  3.30000000e+00 -1.75438596e-03
  3.30000000e+00 -1.79239154e+00 -1.75438596e-03  3.30000000e+00
 -1.75438596e-03  3.30000000e+00 -9.96539831e-01 -1.75438596e-03
  3.30000000e+00 -1.75438596e-03  3.30000000e+00 -1.60999167e+00]",532.6611783504486
0.0,[0.4480984],"[-1.75438596e-03  3.30000000e+00 -1.75438596e-03  3.30000000e+00
 -1.79239154e+00 -1.75438596e-03  3.30000000e+00 -1.75438596e-03
  3.30000000e+00 -9.96539831e-01 -1.75438596e-03  3.30000000e+00
 -1.75438596e-03  3.30000000e+00 -1.60999167e+00 -1.75438596e-03
  3.30000000e+00 -1.75438596e-03  3.30000000e+00 -5.51901579e-01]",532.740558385849
0.0,[-0.11244607],"[-1.75438596e-03  3.30000000e+00 -1.75438596e-03  3.30000000e+00
 -9.96539831e-01 -1.75438596e-03  3.30000000e+00 -1.75438596e-03
  3.30000000e+00 -1.60999167e+00 -1.75438596e-03  3.30000000e+00
 -1.75438596e-03  3.30000000e+00 -5.51901579e-01 -1.75438596e-03
  3.30000000e+00 -1.75438596e-03  3.30000000e+00 -1.11244607e+00]",532.8204252719879
0.0,[0.3682623],"[-1.75438596e-03  3.30000000e+00 -1.75438596e-03  3.30000000e+00
 -1.60999167e+00 -1.75438596e-03  3.30000000e+00 -1.75438596e-03
  3.30000000e+00 -5.51901579e-01 -1.75438596e-03  3.30000000e+00
 -1.75438596e-03  3.30000000e+00 -1.11244607e+00 -1.75438596e-03
  3.30000000e+00 -1.75438596e-03  3.30000000e+00 -6.31737709e-01]",532.900411605835
0.0,[0.8836536],"[-1.75438596e-03  3.30000000e+00 -1.75438596e-03  3.30000000e+00
 -5.51901579e-01 -1.75438596e-03  3.30000000e+00 -1.75438596e-03
  3.30000000e+00 -1.11244607e+00 -1.75438596e-03  3.30000000e+00
 -1.75438596e-03  3.30000000e+00 -6.31737709e-01 -1.75438596e-03
  3.30000000e+00 -1.75438596e-03  3.30000000e+00 -1.16346419e-01]",532.9784681797028
0.0,[-0.34486634],"[-1.75438596e-03  3.30000000e+00 -1.75438596e-03  3.30000000e+00
 -1.11244607e+00 -1.75438596e-03  3.30000000e+00 -1.75438596e-03
  3.30000000e+00 -6.31737709e-01 -1.75438596e-03  3.30000000e+00
 -1.75438596e-03  3.30000000e+00 -1.16346419e-01 -1.75438596e-03
  3.30000000e+00 -1.75438596e-03  3.30000000e+00 -1.34486628e+00]",533.0603895187378
0.0,[0.38105837],"[-1.75438596e-03  3.30000000e+00 -1.75438596e-03  3.30000000e+00
 -6.31737709e-01 -1.75438596e-03  3.30000000e+00 -1.75438596e-03
  3.30000000e+00 -1.16346419e-01 -1.75438596e-03  3.30000000e+00
 -1.75438596e-03  3.30000000e+00 -1.34486628e+00 -1.75438596e-03
  3.30000000e+00 -1.75438596e-03  3.30000000e+00 -6.18941665e-01]",533.1409013271332
0.0,[-0.75173557],"[-1.75438596e-03  3.30000000e+00 -1.75438596e-03  3.30000000e+00
 -1.16346419e-01 -1.75438596e-03  3.30000000e+00 -1.75438596e-03
  3.30000000e+00 -1.34486628e+00 -1.75438596e-03  3.30000000e+00
 -1.75438596e-03  3.30000000e+00 -6.18941665e-01 -1.75438596e-03
  3.30000000e+00 -1.75438596e-03  3.30000000e+00 -1.75173557e+00]",533.2204177379608
0.0,[0.7649285],"[-1.75438596e-03  3.30000000e+00 -1.75438596e-03  3.30000000e+00
 -1.34486628e+00 -1.75438596e-03  3.30000000e+00 -1.75438596e-03
  3.30000000e+00 -6.18941665e-01 -1.75438596e-03  3.30000000e+00
 -1.75438596e-03  3.30000000e+00 -1.75173557e+00 -1.75438596e-03
  3.30000000e+00 -1.75438596e-03  3.30000000e+00 -2.35071480e-01]",533.300624370575
0.0,[-0.5019225],"[-1.75438596e-03  3.30000000e+00 -1.75438596e-03  3.30000000e+00
 -6.18941665e-01 -1.75438596e-03  3.30000000e+00 -1.75438596e-03
  3.30000000e+00 -1.75173557e+00 -1.75438596e-03  3.30000000e+00
 -1.75438596e-03  3.30000000e+00 -2.35071480e-01 -1.75438596e-03
  3.30000000e+00 -1.75438596e-03  3.30000000e+00 -1.50192249e+00]",533.3804204463959
0.0,[0.551927],"[-1.75438596e-03  3.30000000e+00 -1.75438596e-03  3.30000000e+00
 -1.75173557e+00 -1.75438596e-03  3.30000000e+00 -1.75438596e-03
  3.30000000e+00 -2.35071480e-01 -1.75438596e-03  3.30000000e+00
 -1.75438596e-03  3.30000000e+00 -1.50192249e+00 -1.75438596e-03
  3.30000000e+00 -1.75438596e-03  3.30000000e+00 -4.48073030e-01]",533.4604334831238
0.0,[-0.7936292],"[-1.75438596e-03  3.30000000e+00 -1.75438596e-03  3.30000000e+00
 -2.35071480e-01 -1.75438596e-03  3.30000000e+00 -1.75438596e-03
  3.30000000e+00 -1.50192249e+00 -1.75438596e-03  3.30000000e+00
 -1.75438596e-03  3.30000000e+00 -4.48073030e-01 -1.75438596e-03
  3.30000000e+00 -1.75438596e-03  3.30000000e+00 -1.79362917e+00]",533.5404210090637
0.0,[-0.04411167],"[-1.75438596e-03  3.30000000e+00 -1.75438596e-03  3.30000000e+00
 -1.50192249e+00 -1.75438596e-03  3.30000000e+00 -1.75438596e-03
  3.30000000e+00 -4.48073030e-01 -1.75438596e-03  3.30000000e+00
 -1.75438596e-03  3.30000000e+00 -1.79362917e+00 -1.75438596e-03
  3.30000000e+00 -1.75438596e-03  3.30000000e+00 -1.04411161e+00]",533.6203706264496
0.0,[-0.29491955],"[-1.75438596e-03  3.30000000e+00 -1.75438596e-03  3.30000000e+00
 -4.48073030e-01 -1.75438596e-03  3.30000000e+00 -1.75438596e-03
  3.30000000e+00 -1.79362917e+00 -1.75438596e-03  3.30000000e+00
 -1.75438596e-03  3.30000000e+00 -1.04411161e+00 -1.75438596e-03
  3.30000000e+00 -1.75438596e-03  3.30000000e+00 -1.29491949e+00]",533.7006134986877
0.0,[-0.85234684],"[-1.75438596e-03  3.30000000e+00 -1.75438596e-03  3.30000000e+00
 -1.79362917e+00 -1.75438596e-03  3.30000000e+00 -1.75438596e-03
  3.30000000e+00 -1.04411161e+00 -1.75438596e-03  3.30000000e+00
 -1.75438596e-03  3.30000000e+00 -1.29491949e+00 -1.75438596e-03
  3.30000000e+00 -1.75438596e-03  3.30000000e+00 -1.85234690e+00]",533.7805931568146
0.0,[-0.75908905],"[-1.75438596e-03  3.30000000e+00 -1.75438596e-03  3.30000000e+00
 -1.04411161e+00 -1.75438596e-03  3.30000000e+00 -1.75438596e-03
  3.30000000e+00 -1.29491949e+00 -1.75438596e-03  3.30000000e+00
 -1.75438596e-03  3.30000000e+00 -1.85234690e+00 -1.75438596e-03
  3.30000000e+00 -1.75438596e-03  3.30000000e+00 -1.75908899e+00]",533.8606221675873
0.0,[0.7503804],"[-1.75438596e-03  3.30000000e+00 -1.75438596e-03  3.30000000e+00
 -1.29491949e+00 -1.75438596e-03  3.30000000e+00 -1.75438596e-03
  3.30000000e+00 -1.85234690e+00 -1.75438596e-03  3.30000000e+00
 -1.75438596e-03  3.30000000e+00 -1.75908899e+00 -1.75438596e-03
  3.30000000e+00 -1.75438596e-03  3.30000000e+00 -2.49619603e-01]",533.9404468536377
0.0,[0.96453017],"[-1.75438596e-03  3.30000000e+00 -1.75438596e-03  3.30000000e+00
 -1.85234690e+00 -1.75438596e-03  3.30000000e+00 -1.75438596e-03
  3.30000000e+00 -1.75908899e+00 -1.75438596e-03  3.30000000e+00
 -1.75438596e-03  3.30000000e+00 -2.49619603e-01 -1.75438596e-03
  3.30000000e+00 -1.75438596e-03  3.30000000e+00 -3.54698300e-02]",534.0206520557404
0.0,[0.8793937],"[-1.75438596e-03  3.30000000e+00 -1.75438596e-03  3.30000000e+00
 -1.75908899e+00 -1.75438596e-03  3.30000000e+00 -1.75438596e-03
  3.30000000e+00 -2.49619603e-01 -1.75438596e-03  3.30000000e+00
 -1.75438596e-03  3.30000000e+00 -3.54698300e-02 -1.75438596e-03
  3.30000000e+00 -1.75438596e-03  3.30000000e+00 -1.20606303e-01]",534.1010043621063
0.0,[-0.03101587],"[-1.75438596e-03  3.30000000e+00 -1.75438596e-03  3.30000000e+00
 -2.49619603e-01 -1.75438596e-03  3.30000000e+00 -1.75438596e-03
  3.30000000e+00 -3.54698300e-02 -1.75438596e-03  3.30000000e+00
 -1.75438596e-03  3.30000000e+00 -1.20606303e-01 -1.75438596e-03
  3.30000000e+00 -1.75438596e-03  3.30000000e+00 -1.03101587e+00]",534.1808137893677
0.0,[0.70956576],"[-1.75438596e-03  3.30000000e+00 -1.75438596e-03  3.30000000e+00
 -3.54698300e-02 -1.75438596e-03  3.30000000e+00 -1.75438596e-03
  3.30000000e+00 -1.20606303e-01 -1.75438596e-03  3.30000000e+00
 -1.75438596e-03  3.30000000e+00 -1.03101587e+00 -1.75438596e-03
  3.30000000e+00 -1.75438596e-03  3.30000000e+00 -2.90434241e-01]",534.2607917785645
0.0,[-0.762121],"[-1.75438596e-03  3.30000000e+00 -1.75438596e-03  3.30000000e+00
 -1.20606303e-01 -1.75438596e-03  3.30000000e+00 -1.75438596e-03
  3.30000000e+00 -1.03101587e+00 -1.75438596e-03  3.30000000e+00
 -1.75438596e-03  3.30000000e+00 -2.90434241e-01 -1.75438596e-03
  3.30000000e+00 -1.75438596e-03  3.30000000e+00 -1.76212096e+00]",534.340490102768
0.0,[0.6566735],"[-1.75438596e-03  3.30000000e+00 -1.75438596e-03  3.30000000e+00
 -1.03101587e+00 -1.75438596e-03  3.30000000e+00 -1.75438596e-03
  3.30000000e+00 -2.90434241e-01 -1.75438596e-03  3.30000000e+00
 -1.75438596e-03  3.30000000e+00 -1.76212096e+00 -1.75438596e-03
  3.30000000e+00 -1.75438596e-03  3.30000000e+00 -3.43326509e-01]",534.4206910133362
0.0,[-0.62280405],"[-1.75438596e-03  3.30000000e+00 -1.75438596e-03  3.30000000e+00
 -2.90434241e-01 -1.75438596e-03  3.30000000e+00 -1.75438596e-03
  3.30000000e+00 -1.76212096e+00 -1.75438596e-03  3.30000000e+00
 -1.75438596e-03  3.30000000e+00 -3.43326509e-01 -1.75438596e-03
  3.30000000e+00 -1.75438596e-03  3.30000000e+00 -1.62280405e+00]",534.5012724399567
0.0,[0.47400054],"[-1.75438596e-03  3.30000000e+00 -1.75438596e-03  3.30000000e+00
 -1.76212096e+00 -1.75438596e-03  3.30000000e+00 -1.75438596e-03
  3.30000000e+00 -3.43326509e-01 -1.75438596e-03  3.30000000e+00
 -1.75438596e-03  3.30000000e+00 -1.62280405e+00 -1.75438596e-03
  3.30000000e+00 -1.75438596e-03  3.30000000e+00 -5.25999427e-01]",534.5803959369659
0.0,[0.86920595],"[-1.75438596e-03  3.30000000e+00 -1.75438596e-03  3.30000000e+00
 -3.43326509e-01 -1.75438596e-03  3.30000000e+00 -1.75438596e-03
  3.30000000e+00 -1.62280405e+00 -1.75438596e-03  3.30000000e+00
 -1.75438596e-03  3.30000000e+00 -5.25999427e-01 -1.75438596e-03
  3.30000000e+00 -1.75438596e-03  3.30000000e+00 -1.30794048e-01]",534.6604747772217
0.0,[0.1941222],"[-1.75438596e-03  3.30000000e+00 -1.75438596e-03  3.30000000e+00
 -1.62280405e+00 -1.75438596e-03  3.30000000e+00 -1.75438596e-03
  3.30000000e+00 -5.25999427e-01 -1.75438596e-03  3.30000000e+00
 -1.75438596e-03  3.30000000e+00 -1.30794048e-01 -1.75438596e-03
  3.30000000e+00 -1.75438596e-03  3.30000000e+00 -8.05877805e-01]",534.7404208183289
0.0,[-0.6589625],"[-1.75438596e-03  3.30000000e+00 -1.75438596e-03  3.30000000e+00
 -5.25999427e-01 -1.75438596e-03  3.30000000e+00 -1.75438596e-03
  3.30000000e+00 -1.30794048e-01 -1.75438596e-03  3.30000000e+00
 -1.75438596e-03  3.30000000e+00 -8.05877805e-01 -1.75438596e-03
  3.30000000e+00 -1.75438596e-03  3.30000000e+00 -1.65896249e+00]",534.8206100463867
0.0,[0.67823166],"[-1.75438596e-03  3.30000000e+00 -1.75438596e-03  3.30000000e+00
 -1.30794048e-01 -1.75438596e-03  3.30000000e+00 -1.75438596e-03
  3.30000000e+00 -8.05877805e-01 -1.75438596e-03  3.30000000e+00
 -1.75438596e-03  3.30000000e+00 -1.65896249e+00 -1.75438596e-03
  3.30000000e+00 -1.75438596e-03  3.30000000e+00 -3.21768343e-01]",534.9006128311157
0.0,[-0.7826778],"[-1.75438596e-03  3.30000000e+00 -1.75438596e-03  3.30000000e+00
 -8.05877805e-01 -1.75438596e-03  3.30000000e+00 -1.75438596e-03
  3.30000000e+00 -1.65896249e+00 -1.75438596e-03  3.30000000e+00
 -1.75438596e-03  3.30000000e+00 -3.21768343e-01 -1.75438596e-03
  3.30000000e+00 -1.75438596e-03  3.30000000e+00 -1.78267789e+00]",534.9804377555847
0.0,[-0.38956115],"[-1.75438596e-03  3.30000000e+00 -1.75438596e-03  3.30000000e+00
 -1.65896249e+00 -1.75438596e-03  3.30000000e+00 -1.75438596e-03
  3.30000000e+00 -3.21768343e-01 -1.75438596e-03  3.30000000e+00
 -1.75438596e-03  3.30000000e+00 -1.78267789e+00 -1.75438596e-03
  3.30000000e+00 -1.75438596e-03  3.30000000e+00 -1.38956118e+00]",535.0608224868774
0.0,[0.67010427],"[-1.75438596e-03  3.30000000e+00 -1.75438596e-03  3.30000000e+00
 -3.21768343e-01 -1.75438596e-03  3.30000000e+00 -1.75438596e-03
  3.30000000e+00 -1.78267789e+00 -1.75438596e-03  3.30000000e+00
 -1.75438596e-03  3.30000000e+00 -1.38956118e+00 -1.75438596e-03
  3.30000000e+00 -1.75438596e-03  3.30000000e+00 -3.29895735e-01]",535.1404237747192
0.0,[0.28735417],"[-1.75438596e-03  3.30000000e+00 -1.75438596e-03  3.30000000e+00
 -1.78267789e+00 -1.75438596e-03  3.30000000e+00 -1.75438596e-03
  3.30000000e+00 -1.38956118e+00 -1.75438596e-03  3.30000000e+00
 -1.75438596e-03  3.30000000e+00 -3.29895735e-01 -1.75438596e-03
  3.30000000e+00 -1.75438596e-03  3.30000000e+00 -7.12645829e-01]",535.2204608917236
0.0,[-0.44539323],"[-1.75438596e-03  3.30000000e+00 -1.75438596e-03  3.30000000e+00
 -1.38956118e+00 -1.75438596e-03  3.30000000e+00 -1.75438596e-03
  3.30000000e+00 -3.29895735e-01 -1.75438596e-03  3.30000000e+00
 -1.75438596e-03  3.30000000e+00 -7.12645829e-01 -1.75438596e-03
  3.30000000e+00 -1.75438596e-03  3.30000000e+00 -1.44539320e+00]",535.3005838394165
0.0,[0.54702735],"[-1.75438596e-03  3.30000000e+00 -1.75438596e-03  3.30000000e+00
 -3.29895735e-01 -1.75438596e-03  3.30000000e+00 -1.75438596e-03
  3.30000000e+00 -7.12645829e-01 -1.75438596e-03  3.30000000e+00
 -1.75438596e-03  3.30000000e+00 -1.44539320e+00 -1.75438596e-03
  3.30000000e+00 -1.75438596e-03  3.30000000e+00 -4.52972651e-01]",535.3804395198822
0.0,[0.7142474],"[-1.75438596e-03  3.30000000e+00 -1.75438596e-03  3.30000000e+00
 -7.12645829e-01 -1.75438596e-03  3.30000000e+00 -1.75438596e-03
  3.30000000e+00 -1.44539320e+00 -1.75438596e-03  3.30000000e+00
 -1.75438596e-03  3.30000000e+00 -4.52972651e-01 -1.75438596e-03
  3.30000000e+00 -1.75438596e-03  3.30000000e+00 -2.85752594e-01]",535.4607813358307
0.0,[-0.07420788],"[-1.75438596e-03  3.30000000e+00 -1.75438596e-03  3.30000000e+00
 -1.44539320e+00 -1.75438596e-03  3.30000000e+00 -1.75438596e-03
  3.30000000e+00 -4.52972651e-01 -1.75438596e-03  3.30000000e+00
 -1.75438596e-03  3.30000000e+00 -2.85752594e-01 -1.75438596e-03
  3.30000000e+00 -1.75438596e-03  3.30000000e+00 -1.07420790e+00]",535.540412902832
0.0,[-0.3297943],"[-1.75438596e-03  3.30000000e+00 -1.75438596e-03  3.30000000e+00
 -4.52972651e-01 -1.75438596e-03  3.30000000e+00 -1.75438596e-03
  3.30000000e+00 -2.85752594e-01 -1.75438596e-03  3.30000000e+00
 -1.75438596e-03  3.30000000e+00 -1.07420790e+00 -1.75438596e-03
  3.30000000e+00 -1.75438596e-03  3.30000000e+00 -1.32979429e+00]",535.6204295158386
0.0,[0.18519951],"[-1.75438596e-03  3.30000000e+00 -1.75438596e-03  3.30000000e+00
 -2.85752594e-01 -1.75438596e-03  3.30000000e+00 -1.75438596e-03
  3.30000000e+00 -1.07420790e+00 -1.75438596e-03  3.30000000e+00
 -1.75438596e-03  3.30000000e+00 -1.32979429e+00 -1.75438596e-03
  3.30000000e+00 -1.75438596e-03  3.30000000e+00 -8.14800501e-01]",535.7004299163818
0.0,[-0.8068252],"[-1.75438596e-03  3.30000000e+00 -1.75438596e-03  3.30000000e+00
 -1.07420790e+00 -1.75438596e-03  3.30000000e+00 -1.75438596e-03
  3.30000000e+00 -1.32979429e+00 -1.75438596e-03  3.30000000e+00
 -1.75438596e-03  3.30000000e+00 -8.14800501e-01 -1.75438596e-03
  3.30000000e+00 -1.75438596e-03  3.30000000e+00 -1.80682516e+00]",535.7805955410004
0.0,[-0.6180819],"[-1.75438596e-03  3.30000000e+00 -1.75438596e-03  3.30000000e+00
 -1.32979429e+00 -1.75438596e-03  3.30000000e+00 -1.75438596e-03
  3.30000000e+00 -8.14800501e-01 -1.75438596e-03  3.30000000e+00
 -1.75438596e-03  3.30000000e+00 -1.80682516e+00 -1.75438596e-03
  3.30000000e+00 -1.75438596e-03  3.30000000e+00 -1.61808193e+00]",535.8607723712921
0.0,[-0.4742811],"[-1.75438596e-03  3.30000000e+00 -1.75438596e-03  3.30000000e+00
 -8.14800501e-01 -1.75438596e-03  3.30000000e+00 -1.75438596e-03
  3.30000000e+00 -1.80682516e+00 -1.75438596e-03  3.30000000e+00
 -1.75438596e-03  3.30000000e+00 -1.61808193e+00 -1.75438596e-03
  3.30000000e+00 -1.75438596e-03  3.30000000e+00 -1.47428107e+00]",535.9404349327087
0.0,[0.7103965],"[-1.75438596e-03  3.30000000e+00 -1.75438596e-03  3.30000000e+00
 -1.80682516e+00 -1.75438596e-03  3.30000000e+00 -1.75438596e-03
  3.30000000e+00 -1.61808193e+00 -1.75438596e-03  3.30000000e+00
 -1.75438596e-03  3.30000000e+00 -1.47428107e+00 -1.75438596e-03
  3.30000000e+00 -1.75438596e-03  3.30000000e+00 -2.89603472e-01]",536.0207099914551
0.0,[0.7410068],"[-1.75438596e-03  3.30000000e+00 -1.75438596e-03  3.30000000e+00
 -1.61808193e+00 -1.75438596e-03  3.30000000e+00 -1.75438596e-03
  3.30000000e+00 -1.47428107e+00 -1.75438596e-03  3.30000000e+00
 -1.75438596e-03  3.30000000e+00 -2.89603472e-01 -1.75438596e-03
  3.30000000e+00 -1.75438596e-03  3.30000000e+00 -2.58993208e-01]",536.1005988121033
0.0,[0.11963412],"[-1.75438596e-03  3.30000000e+00 -1.75438596e-03  3.30000000e+00
 -1.47428107e+00 -1.75438596e-03  3.30000000e+00 -1.75438596e-03
  3.30000000e+00 -2.89603472e-01 -1.75438596e-03  3.30000000e+00
 -1.75438596e-03  3.30000000e+00 -2.58993208e-01 -1.75438596e-03
  3.30000000e+00 -1.75438596e-03  3.30000000e+00 -8.80365849e-01]",536.1805963516235
