reward,action,obs,time
,,"[0.         0.         0.         0.         0.         0.
 0.         0.         0.         0.         0.         0.
 0.         0.         0.         0.03157895 5.73333333 0.24561404
 5.36666667 0.        ]",2292.7688796520233
-0.0024160000000000015,[-0.04331273],"[ 0.          0.          0.          0.          0.          0.
  0.          0.          0.          0.          0.03157895  5.73333333
  0.24561404  5.36666667  0.          0.02982456  5.5         0.24561404
  5.46666667 -1.04331279]",2292.9350168704987
0.0,[-0.29038483],"[ 0.          0.          0.          0.          0.          0.03157895
  5.73333333  0.24561404  5.36666667  0.          0.02982456  5.5
  0.24561404  5.46666667 -1.04331279  0.03157895  5.73333333  0.24561404
  5.36666667 -1.29038477]",2292.98118519783
-0.002456,[-0.93952507],"[ 0.03157895  5.73333333  0.24561404  5.36666667  0.          0.02982456
  5.5         0.24561404  5.46666667 -1.04331279  0.03157895  5.73333333
  0.24561404  5.36666667 -1.29038477  0.02982456  5.56666667  0.24561404
  5.46666667 -1.93952513]",2293.03266620636
-0.002456,[-0.60658824],"[ 0.02982456  5.5         0.24561404  5.46666667 -1.04331279  0.03157895
  5.73333333  0.24561404  5.36666667 -1.29038477  0.02982456  5.56666667
  0.24561404  5.46666667 -1.93952513  0.02982456  5.56666667  0.24561404
  5.43333333 -1.60658824]",2293.0873589515686
9.999999999999593e-05,[-0.2517757],"[ 0.03157895  5.73333333  0.24561404  5.36666667 -1.29038477  0.02982456
  5.56666667  0.24561404  5.46666667 -1.93952513  0.02982456  5.56666667
  0.24561404  5.43333333 -1.60658824  0.03157895  5.56666667  0.24385965
  5.46666667 -1.25177574]",2293.1375617980957
-0.0024160000000000015,[0.33300772],"[ 0.02982456  5.56666667  0.24561404  5.46666667 -1.93952513  0.02982456
  5.56666667  0.24561404  5.43333333 -1.60658824  0.03157895  5.56666667
  0.24385965  5.46666667 -1.25177574  0.02982456  5.5         0.24561404
  5.53333333 -0.66699231]",2293.187663793564
0.00023999999999999716,[0.06412991],"[ 0.02982456  5.56666667  0.24561404  5.43333333 -1.60658824  0.03157895
  5.56666667  0.24385965  5.46666667 -1.25177574  0.02982456  5.5
  0.24561404  5.53333333 -0.66699231  0.03157895  5.33333333  0.24736842
  5.63333333 -0.93587011]",2293.24121594429
0.002715999999999996,[-0.39295566],"[ 0.03157895  5.56666667  0.24385965  5.46666667 -1.25177574  0.02982456
  5.5         0.24561404  5.53333333 -0.66699231  0.03157895  5.33333333
  0.24736842  5.63333333 -0.93587011  0.03333333  5.46666667  0.24912281
  5.53333333 -1.39295566]",2293.28226852417
0.005191999999999995,[0.6483239],"[ 0.02982456  5.5         0.24561404  5.53333333 -0.66699231  0.03157895
  5.33333333  0.24736842  5.63333333 -0.93587011  0.03333333  5.46666667
  0.24912281  5.53333333 -1.39295566  0.03508772  5.6         0.24912281
  5.36666667 -0.35167611]",2293.3548090457916
0.007787999999999996,[-0.42259303],"[ 0.03157895  5.33333333  0.24736842  5.63333333 -0.93587011  0.03333333
  5.46666667  0.24912281  5.53333333 -1.39295566  0.03508772  5.6
  0.24912281  5.36666667 -0.35167611  0.03684211  5.53333333  0.24912281
  5.4        -1.422593  ]",2293.4290585517883
0.010324,[-0.8419491],"[ 0.03333333  5.46666667  0.24912281  5.53333333 -1.39295566  0.03508772
  5.6         0.24912281  5.36666667 -0.35167611  0.03684211  5.53333333
  0.24912281  5.4        -1.422593    0.03859649  5.56666667  0.25263158
  5.33333333 -1.84194911]",2293.5169475078583
0.018052,[0.9142538],"[ 0.03508772  5.6         0.24912281  5.36666667 -0.35167611  0.03684211
  5.53333333  0.24912281  5.4        -1.422593    0.03859649  5.56666667
  0.25263158  5.33333333 -1.84194911  0.04385965  5.46666667  0.25789474
  5.46666667 -0.08574623]",2293.598368167877
0.023203999999999995,[0.24530616],"[ 0.03684211  5.53333333  0.24912281  5.4        -1.422593    0.03859649
  5.56666667  0.25263158  5.33333333 -1.84194911  0.04385965  5.46666667
  0.25789474  5.46666667 -0.08574623  0.04736842  5.4         0.26140351
  5.53333333 -0.75469387]",2293.669374704361
0.033268,[-0.12171251],"[ 0.03859649  5.56666667  0.25263158  5.33333333 -1.84194911  0.04385965
  5.46666667  0.25789474  5.46666667 -0.08574623  0.04736842  5.4
  0.26140351  5.53333333 -0.75469387  0.05438596  5.66666667  0.26666667
  5.3        -1.12171257]",2293.7488527297974
0.040915999999999994,[-0.57233894],"[ 0.04385965  5.46666667  0.25789474  5.46666667 -0.08574623  0.04736842
  5.4         0.26140351  5.53333333 -0.75469387  0.05438596  5.66666667
  0.26666667  5.3        -1.12171257  0.05964912  5.7         0.27192982
  5.23333333 -1.57233894]",2293.834916114807
0.04612799999999999,[-0.6522143],"[ 0.04736842  5.4         0.26140351  5.53333333 -0.75469387  0.05438596
  5.66666667  0.26666667  5.3        -1.12171257  0.05964912  5.7
  0.27192982  5.23333333 -1.57233894  0.06315789  5.53333333  0.2754386
  5.33333333 -1.65221429]",2293.9088065624237
0.053855999999999994,[0.6777384],"[ 0.05438596  5.66666667  0.26666667  5.3        -1.12171257  0.05964912
  5.7         0.27192982  5.23333333 -1.57233894  0.06315789  5.53333333
  0.2754386   5.33333333 -1.65221429  0.06842105  5.43333333  0.28070175
  5.36666667 -0.32226157]",2293.999594449997
0.06150399999999999,[-0.12865694],"[ 0.05964912  5.7         0.27192982  5.23333333 -1.57233894  0.06315789
  5.53333333  0.2754386   5.33333333 -1.65221429  0.06842105  5.43333333
  0.28070175  5.36666667 -0.32226157  0.07368421  5.46666667  0.2877193
  5.26666667 -1.12865698]",2294.070282459259
0.071628,[-0.9429484],"[ 0.06315789  5.53333333  0.2754386   5.33333333 -1.65221429  0.06842105
  5.43333333  0.28070175  5.36666667 -0.32226157  0.07368421  5.46666667
  0.2877193   5.26666667 -1.12865698  0.08070175  5.63333333  0.29298246
  5.03333333 -1.94294834]",2294.154876232147
0.07680000000000001,[-0.7114158],"[ 0.06842105  5.43333333  0.28070175  5.36666667 -0.32226157  0.07368421
  5.46666667  0.2877193   5.26666667 -1.12865698  0.08070175  5.63333333
  0.29298246  5.03333333 -1.94294834  0.08421053  5.53333333  0.29649123
  5.1        -1.71141577]",2294.2353670597076
0.08189199999999999,[-0.6329093],"[ 0.07368421  5.46666667  0.2877193   5.26666667 -1.12865698  0.08070175
  5.63333333  0.29298246  5.03333333 -1.94294834  0.08421053  5.53333333
  0.29649123  5.1        -1.71141577  0.08596491  5.33333333  0.3
  5.3        -1.6329093 ]",2294.315586090088
0.08976000000000002,[0.36338776],"[ 0.08070175  5.63333333  0.29298246  5.03333333 -1.94294834  0.08421053
  5.53333333  0.29649123  5.1        -1.71141577  0.08596491  5.33333333
  0.3         5.3        -1.6329093   0.09298246  5.23333333  0.30526316
  5.33333333 -0.63661224]",2294.389123916626
0.10244,[-0.30868736],"[ 0.08421053  5.53333333  0.29649123  5.1        -1.71141577  0.08596491
  5.33333333  0.3         5.3        -1.6329093   0.09298246  5.23333333
  0.30526316  5.33333333 -0.63661224  0.1         5.23333333  0.31403509
  5.26666667 -1.30868733]",2294.4758038520813
0.11258399999999998,[-0.9332752],"[ 0.08596491  5.33333333  0.3         5.3        -1.6329093   0.09298246
  5.23333333  0.30526316  5.33333333 -0.63661224  0.1         5.23333333
  0.31403509  5.26666667 -1.30868733  0.10701754  5.36666667  0.3245614
  5.16666667 -1.93327522]",2294.549972295761
0.11264400000000001,[0.22562416],"[ 0.09298246  5.23333333  0.30526316  5.33333333 -0.63661224  0.1
  5.23333333  0.31403509  5.26666667 -1.30868733  0.10701754  5.36666667
  0.3245614   5.16666667 -1.93327522  0.10877193  5.26666667  0.33157895
  5.33333333 -0.77437586]",2294.6288661956787
0.12296799999999997,[0.8905109],"[ 0.1         5.23333333  0.31403509  5.26666667 -1.30868733  0.10701754
  5.36666667  0.3245614   5.16666667 -1.93327522  0.10877193  5.26666667
  0.33157895  5.33333333 -0.77437586  0.11403509  5.03333333  0.33508772
  5.43333333 -0.10948908]",2294.712886571884
0.12286799999999998,[-0.62651294],"[ 0.10701754  5.36666667  0.3245614   5.16666667 -1.93327522  0.10877193
  5.26666667  0.33157895  5.33333333 -0.77437586  0.11403509  5.03333333
  0.33508772  5.43333333 -0.10948908  0.11578947  5.03333333  0.34210526
  5.23333333 -1.626513  ]",2294.7891747951508
0.160968,[-0.94580454],"[ 0.10877193  5.26666667  0.33157895  5.33333333 -0.77437586  0.11403509
  5.03333333  0.33508772  5.43333333 -0.10948908  0.11578947  5.03333333
  0.34210526  5.23333333 -1.626513    0.14385965  5.56666667  0.34736842
  4.93333333 -1.9458046 ]",2294.8688549995422
0.161148,[-0.94073164],"[ 0.11403509  5.03333333  0.33508772  5.43333333 -0.10948908  0.11578947
  5.03333333  0.34210526  5.23333333 -1.626513    0.14385965  5.56666667
  0.34736842  4.93333333 -1.9458046   0.14561404  5.4         0.35087719
  5.03333333 -1.94073164]",2294.9529190063477
0.161208,[0.02818986],"[ 0.11578947  5.03333333  0.34210526  5.23333333 -1.626513    0.14385965
  5.56666667  0.34736842  4.93333333 -1.9458046   0.14561404  5.4
  0.35087719  5.03333333 -1.94073164  0.14736842  5.23333333  0.35614035
  5.33333333 -0.97181016]",2295.0293757915497
0.17149199999999998,[-0.4191658],"[ 0.14385965  5.56666667  0.34736842  4.93333333 -1.9458046   0.14561404
  5.4         0.35087719  5.03333333 -1.94073164  0.14736842  5.23333333
  0.35614035  5.33333333 -0.97181016  0.15614035  5.16666667  0.36491228
  5.36666667 -1.41916585]",2295.108822584152
0.17907999999999996,[-0.77770394],"[ 0.14561404  5.4         0.35087719  5.03333333 -1.94073164  0.14736842
  5.23333333  0.35614035  5.33333333 -0.97181016  0.15614035  5.16666667
  0.36491228  5.36666667 -1.41916585  0.16666667  5.2         0.37894737
  5.26666667 -1.777704  ]",2295.197038412094
0.189324,[0.7659376],"[ 0.14736842  5.23333333  0.35614035  5.33333333 -0.97181016  0.15614035
  5.16666667  0.36491228  5.36666667 -1.41916585  0.16666667  5.2
  0.37894737  5.26666667 -1.777704    0.17719298  5.1         0.39298246
  5.36666667 -0.23406237]",2295.2690880298615
0.194596,[-0.61605847],"[ 0.15614035  5.16666667  0.36491228  5.36666667 -1.41916585  0.16666667
  5.2         0.37894737  5.26666667 -1.777704    0.17719298  5.1
  0.39298246  5.36666667 -0.23406237  0.1877193   5.1         0.40350877
  5.46666667 -1.61605847]",2295.3565793037415
0.197092,[-0.96906376],"[ 0.16666667  5.2         0.37894737  5.26666667 -1.777704    0.17719298
  5.1         0.39298246  5.36666667 -0.23406237  0.1877193   5.1
  0.40350877  5.46666667 -1.61605847  0.19473684  5.23333333  0.4122807
  5.36666667 -1.96906376]",2295.434679031372
0.199608,[-0.9781498],"[ 0.17719298  5.1         0.39298246  5.36666667 -0.23406237  0.1877193
  5.1         0.40350877  5.46666667 -1.61605847  0.19473684  5.23333333
  0.4122807   5.36666667 -1.96906376  0.2         5.13333333  0.41578947
  5.43333333 -1.97814977]",2295.516624689102
0.202204,[-0.21235453],"[ 0.1877193   5.1         0.40350877  5.46666667 -1.61605847  0.19473684
  5.23333333  0.4122807   5.36666667 -1.96906376  0.2         5.13333333
  0.41578947  5.43333333 -1.97814977  0.20701754  4.96666667  0.41929825
  5.6        -1.21235454]",2295.5989139080048
0.20220399999999997,[-0.09220397],"[ 0.19473684  5.23333333  0.4122807   5.36666667 -1.96906376  0.2
  5.13333333  0.41578947  5.43333333 -1.97814977  0.20701754  4.96666667
  0.41929825  5.6        -1.21235454  0.2122807   5.          0.4245614
  5.66666667 -1.09220397]",2295.674999475479
0.20476,[-0.7298502],"[ 0.2         5.13333333  0.41578947  5.43333333 -1.97814977  0.20701754
  4.96666667  0.41929825  5.6        -1.21235454  0.2122807   5.
  0.4245614   5.66666667 -1.09220397  0.22105263  5.16666667  0.43333333
  5.63333333 -1.72985017]",2295.7549057006836
0.212408,[0.11164699],"[ 0.20701754  4.96666667  0.41929825  5.6        -1.21235454  0.2122807
  5.          0.4245614   5.66666667 -1.09220397  0.22105263  5.16666667
  0.43333333  5.63333333 -1.72985017  0.22982456  5.1         0.44210526
  5.73333333 -0.88835299]",2295.8355140686035
0.222532,[0.07123578],"[ 0.2122807   5.          0.4245614   5.66666667 -1.09220397  0.22105263
  5.16666667  0.43333333  5.63333333 -1.72985017  0.22982456  5.1
  0.44210526  5.73333333 -0.88835299  0.23859649  5.06666667  0.45087719
  5.83333333 -0.92876422]",2295.914694547653
0.22492800000000002,[-0.05698223],"[ 0.22105263  5.16666667  0.43333333  5.63333333 -1.72985017  0.22982456
  5.1         0.44210526  5.73333333 -0.88835299  0.23859649  5.06666667
  0.45087719  5.83333333 -0.92876422  0.24736842  5.23333333  0.46140351
  5.7        -1.05698228]",2295.9946587085724
0.22488799999999998,[-0.29459974],"[ 0.22982456  5.1         0.44210526  5.73333333 -0.88835299  0.23859649
  5.06666667  0.45087719  5.83333333 -0.92876422  0.24736842  5.23333333
  0.46140351  5.7        -1.05698228  0.25438596  5.3         0.46842105
  5.73333333 -1.29459977]",2296.0710685253143
0.22243200000000005,[0.6262294],"[ 0.23859649  5.06666667  0.45087719  5.83333333 -0.92876422  0.24736842
  5.23333333  0.46140351  5.7        -1.05698228  0.25438596  5.3
  0.46842105  5.73333333 -1.29459977  0.25964912  5.26666667  0.47368421
  5.8        -0.37377059]",2296.1488120555878
0.22486799999999998,[0.32311824],"[ 0.24736842  5.23333333  0.46140351  5.7        -1.05698228  0.25438596
  5.3         0.46842105  5.73333333 -1.29459977  0.25964912  5.26666667
  0.47368421  5.8        -0.37377059  0.26315789  5.36666667  0.47719298
  5.8        -0.67688179]",2296.2347190380096
0.22207200000000005,[-0.2773514],"[ 0.25438596  5.3         0.46842105  5.73333333 -1.29459977  0.25964912
  5.26666667  0.47368421  5.8        -0.37377059  0.26315789  5.36666667
  0.47719298  5.8        -0.67688179  0.26666667  5.53333333  0.48070175
  5.7        -1.27735138]",2296.3145558834076
0.224628,[0.9893899],"[ 0.25964912  5.26666667  0.47368421  5.8        -0.37377059  0.26315789
  5.36666667  0.47719298  5.8        -0.67688179  0.26666667  5.53333333
  0.48070175  5.7        -1.27735138  0.27017544  5.53333333  0.48421053
  5.7        -0.0106101 ]",2296.3925681114197
0.19174000000000005,[0.65307283],"[ 0.26315789  5.36666667  0.47719298  5.8        -0.67688179  0.26666667
  5.53333333  0.48070175  5.7        -1.27735138  0.27017544  5.53333333
  0.48421053  5.7        -0.0106101   0.2754386   5.5         0.48947368
  5.73333333 -0.34692717]",2296.4776935577393
0.19659200000000002,[0.6369159],"[ 0.26666667  5.53333333  0.48070175  5.7        -1.27735138  0.27017544
  5.53333333  0.48421053  5.7        -0.0106101   0.2754386   5.5
  0.48947368  5.73333333 -0.34692717  0.28070175  5.76666667  0.49473684
  5.53333333 -0.36308408]",2296.555124759674
0.20409999999999995,[0.19201085],"[ 0.27017544  5.53333333  0.48421053  5.7        -0.0106101   0.2754386
  5.5         0.48947368  5.73333333 -0.34692717  0.28070175  5.76666667
  0.49473684  5.53333333 -0.36308408  0.2877193   5.86666667  0.50175439
  5.43333333 -0.80798912]",2296.6385066509247
0.19894799999999996,[0.85189486],"[ 0.2754386   5.5         0.48947368  5.73333333 -0.34692717  0.28070175
  5.76666667  0.49473684  5.53333333 -0.36308408  0.2877193   5.86666667
  0.50175439  5.43333333 -0.80798912  0.29298246  5.86666667  0.50701754
  5.4        -0.14810514]",2296.7187371253967
0.19127999999999998,[0.25103322],"[ 0.28070175  5.76666667  0.49473684  5.53333333 -0.36308408  0.2877193
  5.86666667  0.50175439  5.43333333 -0.80798912  0.29298246  5.86666667
  0.50701754  5.4        -0.14810514  0.29824561  5.9         0.5122807
  5.36666667 -0.74896681]",2296.7952115535736
0.186048,[0.26694435],"[ 0.2877193   5.86666667  0.50175439  5.43333333 -0.80798912  0.29298246
  5.86666667  0.50701754  5.4        -0.14810514  0.29824561  5.9
  0.5122807   5.36666667 -0.74896681  0.30526316  6.          0.51578947
  5.2        -0.73305565]",2296.8748722076416
0.17330800000000002,[-0.82817245],"[ 0.29298246  5.86666667  0.50701754  5.4        -0.14810514  0.29824561
  5.9         0.5122807   5.36666667 -0.74896681  0.30526316  6.
  0.51578947  5.2        -0.73305565  0.30701754  5.93333333  0.51754386
  5.13333333 -1.82817245]",2296.954937696457
0.16574,[-0.1663055],"[ 0.29824561  5.9         0.5122807   5.36666667 -0.74896681  0.30526316
  6.          0.51578947  5.2        -0.73305565  0.30701754  5.93333333
  0.51754386  5.13333333 -1.82817245  0.30877193  5.9         0.51929825
  5.16666667 -1.16630554]",2297.034821033478
0.16064800000000004,[0.11437178],"[ 0.30526316  6.          0.51578947  5.2        -0.73305565  0.30701754
  5.93333333  0.51754386  5.13333333 -1.82817245  0.30877193  5.9
  0.51929825  5.16666667 -1.16630554  0.31052632  5.76666667  0.52280702
  5.26666667 -0.88562822]",2297.1151344776154
0.15797200000000003,[0.95240015],"[ 0.30701754  5.93333333  0.51754386  5.13333333 -1.82817245  0.30877193
  5.9         0.51929825  5.16666667 -1.16630554  0.31052632  5.76666667
  0.52280702  5.26666667 -0.88562822  0.31578947  5.8         0.52631579
  5.16666667 -0.04759985]",2297.194719314575
0.16048800000000002,[-0.7191769],"[ 0.30877193  5.9         0.51929825  5.16666667 -1.16630554  0.31052632
  5.76666667  0.52280702  5.26666667 -0.88562822  0.31578947  5.8
  0.52631579  5.16666667 -0.04759985  0.32280702  5.9         0.52982456
  4.93333333 -1.71917689]",2297.2748234272003
0.15799199999999997,[-0.01902166],"[ 0.31052632  5.76666667  0.52280702  5.26666667 -0.88562822  0.31578947
  5.8         0.52631579  5.16666667 -0.04759985  0.32280702  5.9
  0.52982456  4.93333333 -1.71917689  0.32982456  5.96666667  0.53157895
  4.73333333 -1.01902163]",2297.354981660843
0.145252,[-0.7234754],"[ 0.31578947  5.8         0.52631579  5.16666667 -0.04759985  0.32280702
  5.9         0.52982456  4.93333333 -1.71917689  0.32982456  5.96666667
  0.53157895  4.73333333 -1.01902163  0.32982456  5.83333333  0.53684211
  4.76666667 -1.72347546]",2297.435107946396
0.135108,[-0.31548253],"[ 0.32280702  5.9         0.52982456  4.93333333 -1.71917689  0.32982456
  5.96666667  0.53157895  4.73333333 -1.01902163  0.32982456  5.83333333
  0.53684211  4.76666667 -1.72347546  0.33157895  5.66666667  0.54035088
  4.8        -1.3154825 ]",2297.515103816986
0.130156,[0.24569467],"[ 0.32982456  5.96666667  0.53157895  4.73333333 -1.01902163  0.32982456
  5.83333333  0.53684211  4.76666667 -1.72347546  0.33157895  5.66666667
  0.54035088  4.8        -1.3154825   0.33684211  5.56666667  0.54736842
  4.8        -0.75430536]",2297.5964810848236
0.130156,[0.39599147],"[ 0.32982456  5.83333333  0.53684211  4.76666667 -1.72347546  0.33157895
  5.66666667  0.54035088  4.8        -1.3154825   0.33684211  5.56666667
  0.54736842  4.8        -0.75430536  0.34385965  5.63333333  0.55087719
  4.66666667 -0.60400856]",2297.674899339676
0.132632,[-0.8365485],"[ 0.33157895  5.66666667  0.54035088  4.8        -1.3154825   0.33684211
  5.56666667  0.54736842  4.8        -0.75430536  0.34385965  5.63333333
  0.55087719  4.66666667 -0.60400856  0.35087719  5.73333333  0.55438596
  4.5        -1.83654857]",2297.7555356025696
0.13021599999999994,[-0.90050906],"[ 0.33684211  5.56666667  0.54736842  4.8        -0.75430536  0.34385965
  5.63333333  0.55087719  4.66666667 -0.60400856  0.35087719  5.73333333
  0.55438596  4.5        -1.83654857  0.35263158  5.6         0.55789474
  4.46666667 -1.90050912]",2297.835589647293
0.12282800000000005,[-0.67864996],"[ 0.34385965  5.63333333  0.55087719  4.66666667 -0.60400856  0.35087719
  5.73333333  0.55438596  4.5        -1.83654857  0.35263158  5.6
  0.55789474  4.46666667 -1.90050912  0.35087719  5.3         0.56140351
  4.6        -1.6786499 ]",2297.9157598018646
0.12035200000000001,[-0.8126929],"[ 0.35087719  5.73333333  0.55438596  4.5        -1.83654857  0.35263158
  5.6         0.55789474  4.46666667 -1.90050912  0.35087719  5.3
  0.56140351  4.6        -1.6786499   0.35263158  5.16666667  0.56491228
  4.56666667 -1.81269288]",2297.9949069023132
0.11779600000000001,[0.12029618],"[ 0.35263158  5.6         0.55789474  4.46666667 -1.90050912  0.35087719
  5.3         0.56140351  4.6        -1.6786499   0.35263158  5.16666667
  0.56491228  4.56666667 -1.81269288  0.35614035  5.13333333  0.56842105
  4.6        -0.87970382]",2298.0750184059143
0.11795599999999999,[0.62663233],"[ 0.35087719  5.3         0.56140351  4.6        -1.6786499   0.35263158
  5.16666667  0.56491228  4.56666667 -1.81269288  0.35614035  5.13333333
  0.56842105  4.6        -0.87970382  0.36140351  5.13333333  0.57368421
  4.63333333 -0.37336767]",2298.1546761989594
0.117936,[0.3283476],"[ 0.35263158  5.16666667  0.56491228  4.56666667 -1.81269288  0.35614035
  5.13333333  0.56842105  4.6        -0.87970382  0.36140351  5.13333333
  0.57368421  4.63333333 -0.37336767  0.36842105  5.26666667  0.57719298
  4.36666667 -0.67165244]",2298.2378013134003
0.11795600000000002,[-0.08647788],"[ 0.35614035  5.13333333  0.56842105  4.6        -0.87970382  0.36140351
  5.13333333  0.57368421  4.63333333 -0.37336767  0.36842105  5.26666667
  0.57719298  4.36666667 -0.67165244  0.37368421  5.23333333  0.57894737
  4.13333333 -1.08647788]",2298.314706802368
0.11294399999999997,[-0.96612847],"[ 0.36140351  5.13333333  0.57368421  4.63333333 -0.37336767  0.36842105
  5.26666667  0.57719298  4.36666667 -0.67165244  0.37368421  5.23333333
  0.57894737  4.13333333 -1.08647788  0.3754386   5.1         0.58245614
  4.03333333 -1.96612847]",2298.395399093628
0.10795200000000005,[-0.8860245],"[ 0.36842105  5.26666667  0.57719298  4.36666667 -0.67165244  0.37368421
  5.23333333  0.57894737  4.13333333 -1.08647788  0.3754386   5.1
  0.58245614  4.03333333 -1.96612847  0.37894737  5.          0.5877193
  4.1        -1.88602448]",2298.474764585495
0.11054799999999998,[-0.8595612],"[ 0.37368421  5.23333333  0.57894737  4.13333333 -1.08647788  0.3754386
  5.1         0.58245614  4.03333333 -1.96612847  0.37894737  5.
  0.5877193   4.1        -1.88602448  0.38245614  4.86666667  0.59298246
  4.23333333 -1.8595612 ]",2298.5578768253326
0.113164,[0.9328513],"[ 0.3754386   5.1         0.58245614  4.03333333 -1.96612847  0.37894737
  5.          0.5877193   4.1        -1.88602448  0.38245614  4.86666667
  0.59298246  4.23333333 -1.8595612   0.38596491  4.73333333  0.59824561
  4.26666667 -0.06714869]",2298.635048866272
0.11563999999999997,[0.2525882],"[ 0.37894737  5.          0.5877193   4.1        -1.88602448  0.38245614
  4.86666667  0.59298246  4.23333333 -1.8595612   0.38596491  4.73333333
  0.59824561  4.26666667 -0.06714869  0.38947368  4.73333333  0.60175439
  4.2        -0.74741179]",2298.7147159576416
0.11560000000000004,[-0.44271562],"[ 0.38245614  4.86666667  0.59298246  4.23333333 -1.8595612   0.38596491
  4.73333333  0.59824561  4.26666667 -0.06714869  0.38947368  4.73333333
  0.60175439  4.2        -0.74741179  0.39473684  4.83333333  0.60350877
  3.93333333 -1.44271564]",2298.795058488846
0.11056799999999996,[0.26103017],"[ 0.38596491  4.73333333  0.59824561  4.26666667 -0.06714869  0.38947368
  4.73333333  0.60175439  4.2        -0.74741179  0.39473684  4.83333333
  0.60350877  3.93333333 -1.44271564  0.39824561  4.8         0.60701754
  3.8        -0.7389698 ]",2298.8786845207214
0.10557600000000007,[-0.87401056],"[ 0.38947368  4.73333333  0.60175439  4.2        -0.74741179  0.39473684
  4.83333333  0.60350877  3.93333333 -1.44271564  0.39824561  4.8
  0.60701754  3.8        -0.7389698   0.40175439  4.66666667  0.61052632
  3.76666667 -1.87401056]",2298.954916238785
0.113124,[-0.90018725],"[ 0.39473684  4.83333333  0.60350877  3.93333333 -1.44271564  0.39824561
  4.8         0.60701754  3.8        -0.7389698   0.40175439  4.66666667
  0.61052632  3.76666667 -1.87401056  0.40701754  4.73333333  0.61578947
  3.76666667 -1.90018725]",2299.0358712673187
0.11310399999999998,[-0.04594728],"[ 0.39824561  4.8         0.60701754  3.8        -0.7389698   0.40175439
  4.66666667  0.61052632  3.76666667 -1.87401056  0.40701754  4.73333333
  0.61578947  3.76666667 -1.90018725  0.40877193  4.6         0.62105263
  3.96666667 -1.04594731]",2299.1089284420013
0.10803199999999998,[-0.33135724],"[ 0.40175439  4.66666667  0.61052632  3.76666667 -1.87401056  0.40701754
  4.73333333  0.61578947  3.76666667 -1.90018725  0.40877193  4.6
  0.62105263  3.96666667 -1.04594731  0.41052632  4.43333333  0.6245614
  4.06666667 -1.33135724]",2299.195036649704
0.10803200000000009,[-0.42672592],"[ 0.40701754  4.73333333  0.61578947  3.76666667 -1.90018725  0.40877193
  4.6         0.62105263  3.96666667 -1.04594731  0.41052632  4.43333333
  0.6245614   4.06666667 -1.33135724  0.41754386  4.5         0.62807018
  4.         -1.42672586]",2299.2796301841736
0.10553599999999996,[0.9665899],"[ 0.40877193  4.6         0.62105263  3.96666667 -1.04594731  0.41052632
  4.43333333  0.6245614   4.06666667 -1.33135724  0.41754386  4.5
  0.62807018  4.         -1.42672586  0.42280702  4.5         0.63333333
  4.03333333 -0.03341007]",2299.358950138092
0.10805200000000004,[-0.6227865],"[ 0.41052632  4.43333333  0.6245614   4.06666667 -1.33135724  0.41754386
  4.5         0.62807018  4.         -1.42672586  0.42280702  4.5
  0.63333333  4.03333333 -0.03341007  0.42631579  4.43333333  0.63859649
  4.03333333 -1.62278652]",2299.4390983581543
0.11801600000000001,[0.9539104],"[ 0.41754386  4.5         0.62807018  4.         -1.42672586  0.42280702
  4.5         0.63333333  4.03333333 -0.03341007  0.42631579  4.43333333
  0.63859649  4.03333333 -1.62278652  0.43157895  4.56666667  0.64210526
  3.83333333 -0.04608959]",2299.5190436840057
0.12051199999999995,[-0.30374032],"[ 0.42280702  4.5         0.63333333  4.03333333 -0.03341007  0.42631579
  4.43333333  0.63859649  4.03333333 -1.62278652  0.43157895  4.56666667
  0.64210526  3.83333333 -0.04608959  0.43508772  4.53333333  0.64561404
  3.83333333 -1.30374026]",2299.5985918045044
0.11795599999999995,[-0.14064343],"[ 0.42631579  4.43333333  0.63859649  4.03333333 -1.62278652  0.43157895
  4.56666667  0.64210526  3.83333333 -0.04608959  0.43508772  4.53333333
  0.64561404  3.83333333 -1.30374026  0.43684211  4.5         0.64736842
  3.86666667 -1.14064348]",2299.675360918045
0.112904,[0.20254037],"[ 0.43157895  4.56666667  0.64210526  3.83333333 -0.04608959  0.43508772
  4.53333333  0.64561404  3.83333333 -1.30374026  0.43684211  4.5
  0.64736842  3.86666667 -1.14064348  0.43859649  4.4         0.65087719
  3.86666667 -0.7974596 ]",2299.7536821365356
0.11040800000000006,[-0.16567706],"[ 0.43508772  4.53333333  0.64561404  3.83333333 -1.30374026  0.43684211
  4.5         0.64736842  3.86666667 -1.14064348  0.43859649  4.4
  0.65087719  3.86666667 -0.7974596   0.44385965  4.43333333  0.65614035
  3.8        -1.16567707]",2299.833600759506
