reward,action,obs,time
,,"[0.         0.         0.         0.         0.         0.
 0.         0.         0.         0.         0.         0.
 0.         0.         0.         0.02982456 5.46666667 0.24561404
 5.5        0.        ]",1590.104928970337
0.002456,[-0.6753281],"[ 0.          0.          0.          0.          0.          0.
  0.          0.          0.          0.          0.02982456  5.46666667
  0.24561404  5.5         0.          0.03157895  5.63333333  0.24385965
  5.4        -1.67532802]",1590.2656133174896
1.9999999999999185e-05,[0.9336849],"[ 0.          0.          0.          0.          0.          0.02982456
  5.46666667  0.24561404  5.5         0.          0.03157895  5.63333333
  0.24385965  5.4        -1.67532802  0.02982456  5.43333333  0.24561404
  5.5        -0.06631511]",1590.3169205188751
0.0024959999999999982,[-0.77349144],"[ 0.02982456  5.46666667  0.24561404  5.5         0.          0.03157895
  5.63333333  0.24385965  5.4        -1.67532802  0.02982456  5.43333333
  0.24561404  5.5        -0.06631511  0.03157895  5.56666667  0.24385965
  5.46666667 -1.77349138]",1590.3670496940613
-5.9999999999997555e-05,[-0.64610195],"[ 0.03157895  5.63333333  0.24385965  5.4        -1.67532802  0.02982456
  5.43333333  0.24561404  5.5        -0.06631511  0.03157895  5.56666667
  0.24385965  5.46666667 -1.77349138  0.02982456  5.56666667  0.24561404
  5.46666667 -1.64610195]",1590.4175281524658
-5.9999999999997555e-05,[0.04687213],"[ 0.02982456  5.43333333  0.24561404  5.5        -0.06631511  0.03157895
  5.56666667  0.24385965  5.46666667 -1.77349138  0.02982456  5.56666667
  0.24561404  5.46666667 -1.64610195  0.02982456  5.56666667  0.24561404
  5.46666667 -0.95312786]",1590.461523771286
0.0024959999999999982,[-0.74173033],"[ 0.03157895  5.56666667  0.24385965  5.46666667 -1.77349138  0.02982456
  5.56666667  0.24561404  5.46666667 -1.64610195  0.02982456  5.56666667
  0.24561404  5.46666667 -0.95312786  0.03157895  5.56666667  0.24561404
  5.43333333 -1.74173033]",1590.5179204940796
0.0024160000000000015,[-0.7019503],"[ 0.02982456  5.56666667  0.24561404  5.46666667 -1.64610195  0.02982456
  5.56666667  0.24561404  5.46666667 -0.95312786  0.03157895  5.56666667
  0.24561404  5.43333333 -1.74173033  0.03157895  5.7         0.24561404
  5.33333333 -1.70195031]",1590.5709347724915
0.002475999999999999,[0.6011517],"[ 0.02982456  5.56666667  0.24561404  5.46666667 -0.95312786  0.03157895
  5.56666667  0.24561404  5.43333333 -1.74173033  0.03157895  5.7
  0.24561404  5.33333333 -1.70195031  0.03157895  5.6         0.24561404
  5.43333333 -0.3988483 ]",1590.617870092392
0.0051119999999999985,[-0.5051863],"[ 0.03157895  5.56666667  0.24561404  5.43333333 -1.74173033  0.03157895
  5.7         0.24561404  5.33333333 -1.70195031  0.03157895  5.6
  0.24561404  5.43333333 -0.3988483   0.03333333  5.46666667  0.24736842
  5.6        -1.50518632]",1590.6689472198486
0.010284000000000001,[-0.5456233],"[ 0.03157895  5.7         0.24561404  5.33333333 -1.70195031  0.03157895
  5.6         0.24561404  5.43333333 -0.3988483   0.03333333  5.46666667
  0.24736842  5.6        -1.50518632  0.03684211  5.36666667  0.25087719
  5.66666667 -1.5456233 ]",1590.7191197872162
0.015376,[0.67273223],"[ 0.03157895  5.6         0.24561404  5.43333333 -0.3988483   0.03333333
  5.46666667  0.24736842  5.6        -1.50518632  0.03684211  5.36666667
  0.25087719  5.66666667 -1.5456233   0.04035088  5.4         0.25438596
  5.63333333 -0.32726777]",1590.803171634674
0.020488,[0.43347025],"[ 0.03333333  5.46666667  0.24736842  5.6        -1.50518632  0.03684211
  5.36666667  0.25087719  5.66666667 -1.5456233   0.04035088  5.4
  0.25438596  5.63333333 -0.32726777  0.04385965  5.4         0.25964912
  5.63333333 -0.56652975]",1590.8743195533752
0.028016000000000003,[0.6324799],"[ 0.03684211  5.36666667  0.25087719  5.66666667 -1.5456233   0.04035088
  5.4         0.25438596  5.63333333 -0.32726777  0.04385965  5.4
  0.25964912  5.63333333 -0.56652975  0.04912281  5.63333333  0.26315789
  5.46666667 -0.36752009]",1590.9533574581146
0.033108000000000005,[-0.0992429],"[ 0.04035088  5.4         0.25438596  5.63333333 -0.32726777  0.04385965
  5.4         0.25964912  5.63333333 -0.56652975  0.04912281  5.63333333
  0.26315789  5.46666667 -0.36752009  0.05263158  5.66666667  0.26666667
  5.36666667 -1.09924293]",1591.03271651268
0.035684000000000014,[-0.09642795],"[ 0.04385965  5.4         0.25964912  5.63333333 -0.56652975  0.04912281
  5.63333333  0.26315789  5.46666667 -0.36752009  0.05263158  5.66666667
  0.26666667  5.36666667 -1.09924293  0.05438596  5.63333333  0.26842105
  5.33333333 -1.09642792]",1591.1189632415771
0.038279999999999995,[-0.5223314],"[ 0.04912281  5.63333333  0.26315789  5.46666667 -0.36752009  0.05263158
  5.66666667  0.26666667  5.36666667 -1.09924293  0.05438596  5.63333333
  0.26842105  5.33333333 -1.09642792  0.05614035  5.56666667  0.26842105
  5.4        -1.52233148]",1591.1990530490875
0.040836,[-0.6945651],"[ 0.05263158  5.66666667  0.26666667  5.36666667 -1.09924293  0.05438596
  5.63333333  0.26842105  5.33333333 -1.09642792  0.05614035  5.56666667
  0.26842105  5.4        -1.52233148  0.05789474  5.56666667  0.27192982
  5.5        -1.69456506]",1591.2726628780365
0.045987999999999994,[-0.7961073],"[ 0.05438596  5.63333333  0.26842105  5.33333333 -1.09642792  0.05614035
  5.56666667  0.26842105  5.4        -1.52233148  0.05789474  5.56666667
  0.27192982  5.5        -1.69456506  0.06140351  5.5         0.2754386
  5.63333333 -1.79610729]",1591.3524882793427
0.051119999999999985,[-0.13292],"[ 0.05614035  5.56666667  0.26842105  5.4        -1.52233148  0.05789474
  5.56666667  0.27192982  5.5        -1.69456506  0.06140351  5.5
  0.2754386   5.63333333 -1.79610729  0.06491228  5.46666667  0.28070175
  5.66666667 -1.13292003]",1591.4324271678925
0.05878799999999999,[-0.07687092],"[ 0.05789474  5.56666667  0.27192982  5.5        -1.69456506  0.06140351
  5.5         0.2754386   5.63333333 -1.79610729  0.06491228  5.46666667
  0.28070175  5.66666667 -1.13292003  0.07017544  5.46666667  0.28596491
  5.66666667 -1.07687092]",1591.5169582366943
0.06140399999999999,[0.6110246],"[ 0.06140351  5.5         0.2754386   5.63333333 -1.79610729  0.06491228
  5.46666667  0.28070175  5.66666667 -1.13292003  0.07017544  5.46666667
  0.28596491  5.66666667 -1.07687092  0.07368421  5.53333333  0.28947368
  5.53333333 -0.38897538]",1591.5999476909637
0.06637599999999998,[-0.8036723],"[ 0.06491228  5.46666667  0.28070175  5.66666667 -1.13292003  0.07017544
  5.46666667  0.28596491  5.66666667 -1.07687092  0.07368421  5.53333333
  0.28947368  5.53333333 -0.38897538  0.0754386   5.56666667  0.28947368
  5.43333333 -1.80367231]",1591.6799268722534
0.06386,[0.7451783],"[ 0.07017544  5.46666667  0.28596491  5.66666667 -1.07687092  0.07368421
  5.53333333  0.28947368  5.53333333 -0.38897538  0.0754386   5.56666667
  0.28947368  5.43333333 -1.80367231  0.0754386   5.63333333  0.28947368
  5.36666667 -0.25482172]",1591.7604146003723
0.06394000000000001,[-0.30019316],"[ 0.07368421  5.53333333  0.28947368  5.53333333 -0.38897538  0.0754386
  5.56666667  0.28947368  5.43333333 -1.80367231  0.0754386   5.63333333
  0.28947368  5.36666667 -0.25482172  0.07368421  5.5         0.28947368
  5.46666667 -1.30019319]",1591.8364260196686
0.06903200000000001,[-0.5787374],"[ 0.0754386   5.56666667  0.28947368  5.43333333 -1.80367231  0.0754386
  5.63333333  0.28947368  5.36666667 -0.25482172  0.07368421  5.5
  0.28947368  5.46666667 -1.30019319  0.07719298  5.53333333  0.29122807
  5.43333333 -1.57873738]",1591.913411617279
0.07416400000000001,[-0.39932683],"[ 0.0754386   5.63333333  0.28947368  5.36666667 -0.25482172  0.07368421
  5.5         0.28947368  5.46666667 -1.30019319  0.07719298  5.53333333
  0.29122807  5.43333333 -1.57873738  0.08245614  5.5         0.29473684
  5.46666667 -1.3993268 ]",1591.9993360042572
0.081952,[-0.6043962],"[ 0.07368421  5.5         0.28947368  5.46666667 -1.30019319  0.07719298
  5.53333333  0.29122807  5.43333333 -1.57873738  0.08245614  5.5
  0.29473684  5.46666667 -1.3993268   0.0877193   5.43333333  0.30175439
  5.56666667 -1.60439622]",1592.0785586833954
0.08956,[0.04290277],"[ 0.07719298  5.53333333  0.29122807  5.43333333 -1.57873738  0.08245614
  5.5         0.29473684  5.46666667 -1.3993268   0.0877193   5.43333333
  0.30175439  5.56666667 -1.60439622  0.09298246  5.43333333  0.30701754
  5.6        -0.95709723]",1592.1584978103638
0.09457200000000002,[-0.45003003],"[ 0.08245614  5.5         0.29473684  5.46666667 -1.3993268   0.0877193
  5.43333333  0.30175439  5.56666667 -1.60439622  0.09298246  5.43333333
  0.30701754  5.6        -0.95709723  0.09824561  5.46666667  0.31403509
  5.63333333 -1.45003009]",1592.2389452457428
0.091896,[-0.5192083],"[ 0.0877193   5.43333333  0.30175439  5.56666667 -1.60439622  0.09298246
  5.43333333  0.30701754  5.6        -0.95709723  0.09824561  5.46666667
  0.31403509  5.63333333 -1.45003009  0.1         5.56666667  0.31754386
  5.56666667 -1.51920831]",1592.3127572536469
0.086884,[-0.3107938],"[ 0.09298246  5.43333333  0.30701754  5.6        -0.95709723  0.09824561
  5.46666667  0.31403509  5.63333333 -1.45003009  0.1         5.56666667
  0.31754386  5.56666667 -1.51920831  0.1         5.43333333  0.31754386
  5.63333333 -1.31079376]",1592.3976957798004
0.084348,[-0.28016147],"[ 0.09824561  5.46666667  0.31403509  5.63333333 -1.45003009  0.1
  5.56666667  0.31754386  5.56666667 -1.51920831  0.1         5.43333333
  0.31754386  5.63333333 -1.31079376  0.10175439  5.4         0.31754386
  5.66666667 -1.2801615 ]",1592.4779598712921
0.079376,[0.89079344],"[ 0.1         5.56666667  0.31754386  5.56666667 -1.51920831  0.1
  5.43333333  0.31754386  5.63333333 -1.31079376  0.10175439  5.4
  0.31754386  5.66666667 -1.2801615   0.10350877  5.4         0.31754386
  5.63333333 -0.10920656]",1592.5585191249847
0.07679999999999998,[0.7362446],"[ 0.1         5.43333333  0.31754386  5.63333333 -1.31079376  0.10175439
  5.4         0.31754386  5.66666667 -1.2801615   0.10350877  5.4
  0.31754386  5.63333333 -0.10920656  0.10526316  5.46666667  0.32105263
  5.6        -0.26375538]",1592.6387205123901
0.07919599999999997,[-0.39497283],"[ 0.10175439  5.4         0.31754386  5.66666667 -1.2801615   0.10350877
  5.4         0.31754386  5.63333333 -0.10920656  0.10526316  5.46666667
  0.32105263  5.6        -0.26375538  0.10877193  5.7         0.3245614
  5.36666667 -1.3949728 ]",1592.7184796333313
0.07913600000000001,[0.90159583],"[ 0.10350877  5.4         0.31754386  5.63333333 -0.10920656  0.10526316
  5.46666667  0.32105263  5.6        -0.26375538  0.10877193  5.7
  0.3245614   5.36666667 -1.3949728   0.11052632  5.73333333  0.32631579
  5.3        -0.09840417]",1592.7983195781708
0.07668,[-0.93380064],"[ 0.10526316  5.46666667  0.32105263  5.6        -0.26375538  0.10877193
  5.7         0.3245614   5.36666667 -1.3949728   0.11052632  5.73333333
  0.32631579  5.3        -0.09840417  0.11052632  5.56666667  0.32807018
  5.36666667 -1.9338007 ]",1592.8736476898193
0.074004,[-0.9846782],"[ 0.10877193  5.7         0.3245614   5.36666667 -1.3949728   0.11052632
  5.73333333  0.32631579  5.3        -0.09840417  0.11052632  5.56666667
  0.32807018  5.36666667 -1.9338007   0.1122807   5.7         0.33157895
  5.26666667 -1.98467827]",1592.95871591568
0.07148800000000001,[0.47409558],"[ 0.11052632  5.73333333  0.32631579  5.3        -0.09840417  0.11052632
  5.56666667  0.32807018  5.36666667 -1.9338007   0.1122807   5.7
  0.33157895  5.26666667 -1.98467827  0.11403509  5.6         0.33684211
  5.36666667 -0.52590442]",1593.038852930069
0.06377999999999999,[-0.00962982],"[ 0.11052632  5.56666667  0.32807018  5.36666667 -1.9338007   0.1122807
  5.7         0.33157895  5.26666667 -1.98467827  0.11403509  5.6
  0.33684211  5.36666667 -0.52590442  0.11403509  5.66666667  0.34210526
  5.56666667 -1.00962985]",1593.1186203956604
0.10477600000000001,[0.58126426],"[ 0.1122807   5.7         0.33157895  5.26666667 -1.98467827  0.11403509
  5.6         0.33684211  5.36666667 -0.52590442  0.11403509  5.66666667
  0.34210526  5.56666667 -1.00962985  0.14561404  5.56666667  0.34912281
  5.46666667 -0.41873574]",1593.1990253925323
0.10731199999999999,[-0.6615497],"[ 0.11403509  5.6         0.33684211  5.36666667 -0.52590442  0.11403509
  5.66666667  0.34210526  5.56666667 -1.00962985  0.14561404  5.56666667
  0.34912281  5.46666667 -0.41873574  0.14912281  5.63333333  0.35789474
  5.33333333 -1.66154969]",1593.2788531780243
0.11244399999999999,[0.15659882],"[ 0.11403509  5.66666667  0.34210526  5.56666667 -1.00962985  0.14561404
  5.56666667  0.34912281  5.46666667 -0.41873574  0.14912281  5.63333333
  0.35789474  5.33333333 -1.66154969  0.15263158  5.66666667  0.36315789
  5.23333333 -0.84340119]",1593.3587565422058
0.12011199999999997,[-0.91941625],"[ 0.14561404  5.56666667  0.34912281  5.46666667 -0.41873574  0.14912281
  5.63333333  0.35789474  5.33333333 -1.66154969  0.15263158  5.66666667
  0.36315789  5.23333333 -0.84340119  0.15614035  5.53333333  0.36842105
  5.26666667 -1.91941619]",1593.4396514892578
0.12268799999999999,[-0.6107528],"[ 0.14912281  5.63333333  0.35789474  5.33333333 -1.66154969  0.15263158
  5.66666667  0.36315789  5.23333333 -0.84340119  0.15614035  5.53333333
  0.36842105  5.26666667 -1.91941619  0.16140351  5.53333333  0.37368421
  5.26666667 -1.61075282]",1593.519198179245
0.12274799999999997,[-0.22459042],"[ 0.15263158  5.66666667  0.36315789  5.23333333 -0.84340119  0.15614035
  5.53333333  0.36842105  5.26666667 -1.91941619  0.16140351  5.53333333
  0.37368421  5.26666667 -1.61075282  0.16666667  5.4         0.38070175
  5.36666667 -1.22459042]",1593.5987782478333
0.122708,[0.88817376],"[ 0.15614035  5.53333333  0.36842105  5.26666667 -1.91941619  0.16140351
  5.53333333  0.37368421  5.26666667 -1.61075282  0.16666667  5.4
  0.38070175  5.36666667 -1.22459042  0.17192982  5.4         0.3877193
  5.36666667 -0.11182624]",1593.680261850357
0.12774000000000002,[-0.65620136],"[ 0.16140351  5.53333333  0.37368421  5.26666667 -1.61075282  0.16666667
  5.4         0.38070175  5.36666667 -1.22459042  0.17192982  5.4
  0.3877193   5.36666667 -0.11182624  0.18070175  5.53333333  0.39473684
  5.26666667 -1.65620136]",1593.7591307163239
0.12767999999999996,[0.8862208],"[ 0.16666667  5.4         0.38070175  5.36666667 -1.22459042  0.17192982
  5.4         0.3877193   5.36666667 -0.11182624  0.18070175  5.53333333
  0.39473684  5.26666667 -1.65620136  0.18596491  5.66666667  0.39824561
  5.06666667 -0.11377919]",1593.83864402771
0.132912,[0.6759574],"[ 0.17192982  5.4         0.3877193   5.36666667 -0.11182624  0.18070175
  5.53333333  0.39473684  5.26666667 -1.65620136  0.18596491  5.66666667
  0.39824561  5.06666667 -0.11377919  0.19122807  5.56666667  0.40175439
  5.03333333 -0.32404262]",1593.9192180633545
0.14044000000000004,[-0.6024095],"[ 0.18070175  5.53333333  0.39473684  5.26666667 -1.65620136  0.18596491
  5.66666667  0.39824561  5.06666667 -0.11377919  0.19122807  5.56666667
  0.40175439  5.03333333 -0.32404262  0.19649123  5.66666667  0.40526316
  4.9        -1.60240948]",1593.9986727237701
0.14551200000000003,[-0.7258768],"[ 0.18596491  5.66666667  0.39824561  5.06666667 -0.11377919  0.19122807
  5.56666667  0.40175439  5.03333333 -0.32404262  0.19649123  5.66666667
  0.40526316  4.9        -1.60240948  0.20175439  5.7         0.40877193
  4.8        -1.72587681]",1594.0826406478882
0.14820799999999998,[-0.3910006],"[ 0.19122807  5.56666667  0.40175439  5.03333333 -0.32404262  0.19649123
  5.66666667  0.40526316  4.9        -1.60240948  0.20175439  5.7
  0.40877193  4.8        -1.72587681  0.20526316  5.46666667  0.41754386
  4.96666667 -1.39100063]",1594.1603074073792
0.15593600000000002,[0.33865196],"[ 0.19649123  5.66666667  0.40526316  4.9        -1.60240948  0.20175439
  5.7         0.40877193  4.8        -1.72587681  0.20526316  5.46666667
  0.41754386  4.96666667 -1.39100063  0.2122807   5.43333333  0.4245614
  5.1        -0.66134804]",1594.239629983902
0.16372400000000004,[-0.7212968],"[ 0.20175439  5.7         0.40877193  4.8        -1.72587681  0.20526316
  5.46666667  0.41754386  4.96666667 -1.39100063  0.2122807   5.43333333
  0.4245614   5.1        -0.66134804  0.22105263  5.46666667  0.43333333
  4.96666667 -1.72129679]",1594.312661409378
0.17396799999999998,[-0.42301315],"[ 0.20526316  5.46666667  0.41754386  4.96666667 -1.39100063  0.2122807
  5.43333333  0.4245614   5.1        -0.66134804  0.22105263  5.46666667
  0.43333333  4.96666667 -1.72129679  0.22982456  5.46666667  0.44210526
  4.83333333 -1.42301321]",1594.3925642967224
0.18165599999999998,[-0.43683913],"[ 0.2122807   5.43333333  0.4245614   5.1        -0.66134804  0.22105263
  5.46666667  0.43333333  4.96666667 -1.72129679  0.22982456  5.46666667
  0.44210526  4.83333333 -1.42301321  0.23508772  5.26666667  0.45087719
  4.96666667 -1.4368391 ]",1594.4724287986755
0.189444,[-0.63106406],"[ 0.22105263  5.46666667  0.43333333  4.96666667 -1.72129679  0.22982456
  5.46666667  0.44210526  4.83333333 -1.42301321  0.23508772  5.26666667
  0.45087719  4.96666667 -1.4368391   0.24210526  5.2         0.45789474
  5.         -1.63106406]",1594.5534052848816
0.19709200000000004,[-0.1878972],"[ 0.22982456  5.46666667  0.44210526  4.83333333 -1.42301321  0.23508772
  5.26666667  0.45087719  4.96666667 -1.4368391   0.24210526  5.2
  0.45789474  5.         -1.63106406  0.24912281  5.13333333  0.46315789
  5.03333333 -1.18789721]",1594.6328749656677
0.2048,[-0.5494902],"[ 0.23508772  5.26666667  0.45087719  4.96666667 -1.4368391   0.24210526
  5.2         0.45789474  5.         -1.63106406  0.24912281  5.13333333
  0.46315789  5.03333333 -1.18789721  0.25438596  5.13333333  0.47017544
  5.03333333 -1.54949021]",1594.7167296409607
0.16895600000000002,[0.95064914],"[ 0.24210526  5.2         0.45789474  5.         -1.63106406  0.24912281
  5.13333333  0.46315789  5.03333333 -1.18789721  0.25438596  5.13333333
  0.47017544  5.03333333 -1.54949021  0.26140351  5.13333333  0.4754386
  5.03333333 -0.04935086]",1594.8021686077118
0.16901600000000003,[0.9027948],"[ 0.24912281  5.13333333  0.46315789  5.03333333 -1.18789721  0.25438596
  5.13333333  0.47017544  5.03333333 -1.54949021  0.26140351  5.13333333
  0.4754386   5.03333333 -0.04935086  0.26491228  5.1         0.48070175
  5.06666667 -0.09720522]",1594.8727312088013
0.17402800000000002,[-0.02677066],"[ 0.25438596  5.13333333  0.47017544  5.03333333 -1.54949021  0.26140351
  5.13333333  0.4754386   5.03333333 -0.04935086  0.26491228  5.1
  0.48070175  5.06666667 -0.09720522  0.27192982  5.3         0.48421053
  4.8        -1.02677071]",1594.958657026291
0.17646399999999998,[0.0349663],"[ 0.26140351  5.13333333  0.4754386   5.03333333 -0.04935086  0.26491228
  5.1         0.48070175  5.06666667 -0.09720522  0.27192982  5.3
  0.48421053  4.8        -1.02677071  0.27719298  5.36666667  0.4877193
  4.63333333 -0.96503371]",1595.0386896133423
0.17141199999999998,[-0.16234523],"[ 0.26491228  5.1         0.48070175  5.06666667 -0.09720522  0.27192982
  5.3         0.48421053  4.8        -1.02677071  0.27719298  5.36666667
  0.4877193   4.63333333 -0.96503371  0.27894737  5.26666667  0.49122807
  4.66666667 -1.16234517]",1595.1205470561981
0.17388800000000004,[-0.7585491],"[ 0.27192982  5.3         0.48421053  4.8        -1.02677071  0.27719298
  5.36666667  0.4877193   4.63333333 -0.96503371  0.27894737  5.26666667
  0.49122807  4.66666667 -1.16234517  0.28596491  5.26666667  0.49649123
  4.66666667 -1.75854909]",1595.200362443924
0.173948,[0.20942375],"[ 0.27719298  5.36666667  0.4877193   4.63333333 -0.96503371  0.27894737
  5.26666667  0.49122807  4.66666667 -1.16234517  0.28596491  5.26666667
  0.49649123  4.66666667 -1.75854909  0.29122807  5.16666667  0.50526316
  4.73333333 -0.79057622]",1595.2783405780792
0.17406799999999997,[0.22378011],"[ 0.27894737  5.26666667  0.49122807  4.66666667 -1.16234517  0.28596491
  5.26666667  0.49649123  4.66666667 -1.75854909  0.29122807  5.16666667
  0.50526316  4.73333333 -0.79057622  0.3         5.1         0.51403509
  4.76666667 -0.7762199 ]",1595.3584532737732
0.17917999999999998,[0.71932966],"[ 0.28596491  5.26666667  0.49649123  4.66666667 -1.75854909  0.29122807
  5.16666667  0.50526316  4.73333333 -0.79057622  0.3         5.1
  0.51403509  4.76666667 -0.7762199   0.30877193  5.23333333  0.52105263
  4.6        -0.28067034]",1595.4364144802094
0.18163599999999996,[-0.49598885],"[ 0.29122807  5.16666667  0.50526316  4.73333333 -0.79057622  0.3
  5.1         0.51403509  4.76666667 -0.7762199   0.30877193  5.23333333
  0.52105263  4.6        -0.28067034  0.31578947  5.3         0.5245614
  4.4        -1.49598885]",1595.5135474205017
0.17912,[0.22950743],"[ 0.3         5.1         0.51403509  4.76666667 -0.7762199   0.30877193
  5.23333333  0.52105263  4.6        -0.28067034  0.31578947  5.3
  0.5245614   4.4        -1.49598885  0.31929825  5.33333333  0.52631579
  4.26666667 -0.77049255]",1595.6055727005005
0.17410799999999998,[-0.9789398],"[ 0.30877193  5.23333333  0.52105263  4.6        -0.28067034  0.31578947
  5.3         0.5245614   4.4        -1.49598885  0.31929825  5.33333333
  0.52631579  4.26666667 -0.77049255  0.32105263  5.2         0.52982456
  4.3        -1.97893977]",1595.6816384792328
0.17398800000000003,[0.5446522],"[ 0.31578947  5.3         0.5245614   4.4        -1.49598885  0.31929825
  5.33333333  0.52631579  4.26666667 -0.77049255  0.32105263  5.2
  0.52982456  4.3        -1.97893977  0.3245614   5.16666667  0.53157895
  4.2        -0.45534778]",1595.7578608989716
0.168916,[0.8366762],"[ 0.31929825  5.33333333  0.52631579  4.26666667 -0.77049255  0.32105263
  5.2         0.52982456  4.3        -1.97893977  0.3245614   5.16666667
  0.53157895  4.2        -0.45534778  0.32807018  5.06666667  0.53684211
  4.23333333 -0.16332382]",1595.8389360904694
0.17141199999999998,[-0.43125784],"[ 0.32105263  5.2         0.52982456  4.3        -1.97893977  0.3245614
  5.16666667  0.53157895  4.2        -0.45534778  0.32807018  5.06666667
  0.53684211  4.23333333 -0.16332382  0.33859649  5.2         0.54210526
  4.06666667 -1.43125784]",1595.918753862381
0.171352,[-0.9548576],"[ 0.3245614   5.16666667  0.53157895  4.2        -0.45534778  0.32807018
  5.06666667  0.53684211  4.23333333 -0.16332382  0.33859649  5.2
  0.54210526  4.06666667 -1.43125784  0.34736842  5.3         0.54561404
  3.8        -1.95485759]",1595.9995489120483
0.163744,[0.72521424],"[ 0.32807018  5.06666667  0.53684211  4.23333333 -0.16332382  0.33859649
  5.2         0.54210526  4.06666667 -1.43125784  0.34736842  5.3
  0.54561404  3.8        -1.95485759  0.34736842  5.          0.55263158
  3.86666667 -0.27478576]",1596.0785932540894
0.15875200000000006,[-0.09679612],"[ 0.33859649  5.2         0.54210526  4.06666667 -1.43125784  0.34736842
  5.3         0.54561404  3.8        -1.95485759  0.34736842  5.
  0.55263158  3.86666667 -0.27478576  0.35087719  4.73333333  0.56140351
  3.93333333 -1.09679615]",1596.1584722995758
0.16376399999999997,[0.81300414],"[ 0.34736842  5.3         0.54561404  3.8        -1.95485759  0.34736842
  5.          0.55263158  3.86666667 -0.27478576  0.35087719  4.73333333
  0.56140351  3.93333333 -1.09679615  0.36140351  4.83333333  0.56666667
  3.73333333 -0.18699586]",1596.2394428253174
0.16626000000000007,[0.9218757],"[ 0.34736842  5.          0.55263158  3.86666667 -0.27478576  0.35087719
  4.73333333  0.56140351  3.93333333 -1.09679615  0.36140351  4.83333333
  0.56666667  3.73333333 -0.18699586  0.36842105  4.93333333  0.57192982
  3.7        -0.07812428]",1596.3127415180206
0.16618,[-0.8096177],"[ 0.35087719  4.73333333  0.56140351  3.93333333 -1.09679615  0.36140351
  4.83333333  0.56666667  3.73333333 -0.18699586  0.36842105  4.93333333
  0.57192982  3.7        -0.07812428  0.3754386   5.06666667  0.57719298
  3.73333333 -1.80961776]",1596.3991854190826
0.163624,[-0.9722864],"[ 0.36140351  4.83333333  0.56666667  3.73333333 -0.18699586  0.36842105
  4.93333333  0.57192982  3.7        -0.07812428  0.3754386   5.06666667
  0.57719298  3.73333333 -1.80961776  0.37719298  5.03333333  0.57894737
  3.73333333 -1.97228646]",1596.4785025119781
0.15366000000000002,[-0.6999586],"[ 0.36842105  4.93333333  0.57192982  3.7        -0.07812428  0.3754386
  5.06666667  0.57719298  3.73333333 -1.80961776  0.37719298  5.03333333
  0.57894737  3.73333333 -1.97228646  0.37719298  4.8         0.58596491
  4.         -1.69995856]",1596.5587239265442
0.15124400000000005,[-0.62145233],"[ 0.3754386   5.06666667  0.57719298  3.73333333 -1.80961776  0.37719298
  5.03333333  0.57894737  3.73333333 -1.97228646  0.37719298  4.8
  0.58596491  4.         -1.69995856  0.38070175  4.63333333  0.59473684
  4.33333333 -1.62145233]",1596.6394715309143
0.15372000000000002,[0.78318256],"[ 0.37719298  5.03333333  0.57894737  3.73333333 -1.97228646  0.37719298
  4.8         0.58596491  4.         -1.69995856  0.38070175  4.63333333
  0.59473684  4.33333333 -1.62145233  0.38421053  4.66666667  0.6
  4.53333333 -0.21681744]",1596.7512788772583
0.15118400000000004,[-0.712441],"[ 0.37719298  4.8         0.58596491  4.         -1.69995856  0.38070175
  4.63333333  0.59473684  4.33333333 -1.62145233  0.38421053  4.66666667
  0.6         4.53333333 -0.21681744  0.38947368  4.63333333  0.60526316
  4.66666667 -1.71244097]",1596.796886920929
0.15118399999999999,[-0.80641484],"[ 0.38070175  4.63333333  0.59473684  4.33333333 -1.62145233  0.38421053
  4.66666667  0.6         4.53333333 -0.21681744  0.38947368  4.63333333
  0.60526316  4.66666667 -1.71244097  0.39473684  4.53333333  0.60877193
  4.73333333 -1.80641484]",1596.882175207138
0.14607200000000004,[-0.5313111],"[ 0.38421053  4.66666667  0.6         4.53333333 -0.21681744  0.38947368
  4.63333333  0.60526316  4.66666667 -1.71244097  0.39473684  4.53333333
  0.60877193  4.73333333 -1.80641484  0.4         4.46666667  0.6122807
  4.8        -1.53131104]",1596.9587216377258
0.13848400000000005,[0.17298077],"[ 0.38947368  4.63333333  0.60526316  4.66666667 -1.71244097  0.39473684
  4.53333333  0.60877193  4.73333333 -1.80641484  0.4         4.46666667
  0.6122807   4.8        -1.53131104  0.40350877  4.46666667  0.61578947
  4.96666667 -0.82701921]",1597.0385854244232
0.13079600000000002,[-0.02091209],"[ 0.39473684  4.53333333  0.60877193  4.73333333 -1.80641484  0.4
  4.46666667  0.6122807   4.8        -1.53131104  0.40350877  4.46666667
  0.61578947  4.96666667 -0.82701921  0.40526316  4.56666667  0.61754386
  5.06666667 -1.02091205]",1597.1433477401733
