reward,action,obs,time
,,"[0.         0.         0.         0.         0.         0.
 0.         0.         0.         0.         0.         0.
 0.         0.         0.         0.02982456 5.43333333 0.24561404
 5.5        0.        ]",2943.2177228927612
0.0024360000000000007,[0.67535555],"[ 0.          0.          0.          0.          0.          0.
  0.          0.          0.          0.          0.02982456  5.43333333
  0.24561404  5.5         0.          0.03157895  5.63333333  0.24561404
  5.4        -0.32464445]",2943.380180120468
-3.999999999999837e-05,[0.91901094],"[ 0.          0.          0.          0.          0.          0.02982456
  5.43333333  0.24561404  5.5         0.          0.03157895  5.63333333
  0.24561404  5.4        -0.32464445  0.02982456  5.5         0.24561404
  5.5        -0.08098906]",2943.4343898296356
0.0024360000000000007,[-0.81613916],"[ 0.02982456  5.43333333  0.24561404  5.5         0.          0.03157895
  5.63333333  0.24561404  5.4        -0.32464445  0.02982456  5.5
  0.24561404  5.5        -0.08098906  0.03157895  5.63333333  0.24561404
  5.43333333 -1.81613922]",2943.482047557831
0.0024360000000000007,[-0.9476373],"[ 0.03157895  5.63333333  0.24561404  5.4        -0.32464445  0.02982456
  5.5         0.24561404  5.5        -0.08098906  0.03157895  5.63333333
  0.24561404  5.43333333 -1.81613922  0.03157895  5.63333333  0.24561404
  5.43333333 -1.94763732]",2943.53209733963
-0.00011999999999999511,[0.93916094],"[ 0.02982456  5.5         0.24561404  5.5        -0.08098906  0.03157895
  5.63333333  0.24561404  5.43333333 -1.81613922  0.03157895  5.63333333
  0.24561404  5.43333333 -1.94763732  0.02982456  5.63333333  0.24385965
  5.43333333 -0.06083906]",2943.5822756290436
0.0024360000000000007,[0.11575877],"[ 0.03157895  5.63333333  0.24561404  5.43333333 -1.81613922  0.03157895
  5.63333333  0.24561404  5.43333333 -1.94763732  0.02982456  5.63333333
  0.24385965  5.43333333 -0.06083906  0.03157895  5.63333333  0.24561404
  5.4        -0.88424122]",2943.63663649559
0.004912,[-0.0360287],"[ 0.03157895  5.63333333  0.24561404  5.43333333 -1.94763732  0.02982456
  5.63333333  0.24385965  5.43333333 -0.06083906  0.03157895  5.63333333
  0.24561404  5.4        -0.88424122  0.03333333  5.76666667  0.24561404
  5.3        -1.03602874]",2943.683050632477
0.004951999999999998,[-0.7666044],"[ 0.02982456  5.63333333  0.24385965  5.43333333 -0.06083906  0.03157895
  5.63333333  0.24561404  5.4        -0.88424122  0.03333333  5.76666667
  0.24561404  5.3        -1.03602874  0.03333333  5.7         0.24561404
  5.36666667 -1.76660442]",2943.7343049049377
0.004992000000000003,[-0.6237292],"[ 0.03157895  5.63333333  0.24561404  5.4        -0.88424122  0.03333333
  5.76666667  0.24561404  5.3        -1.03602874  0.03333333  5.7
  0.24561404  5.36666667 -1.76660442  0.03333333  5.63333333  0.24561404
  5.43333333 -1.62372923]",2943.78249335289
0.007547999999999999,[-0.24665383],"[ 0.03333333  5.76666667  0.24561404  5.3        -1.03602874  0.03333333
  5.7         0.24561404  5.36666667 -1.76660442  0.03333333  5.63333333
  0.24561404  5.43333333 -1.62372923  0.03508772  5.63333333  0.24736842
  5.4        -1.2466538 ]",2943.84214925766
0.010183999999999999,[-0.9227267],"[ 0.03333333  5.7         0.24561404  5.36666667 -1.76660442  0.03333333
  5.63333333  0.24561404  5.43333333 -1.62372923  0.03508772  5.63333333
  0.24736842  5.4        -1.2466538   0.03684211  5.5         0.25087719
  5.56666667 -1.92272663]",2943.8924372196198
0.017872,[0.45277935],"[ 0.03333333  5.63333333  0.24561404  5.43333333 -1.62372923  0.03508772
  5.63333333  0.24736842  5.4        -1.2466538   0.03684211  5.5
  0.25087719  5.56666667 -1.92272663  0.04210526  5.46666667  0.25614035
  5.63333333 -0.54722065]",2943.9763190746307
0.025520000000000008,[-0.85981613],"[ 0.03508772  5.63333333  0.24736842  5.4        -1.2466538   0.03684211
  5.5         0.25087719  5.56666667 -1.92272663  0.04210526  5.46666667
  0.25614035  5.63333333 -0.54722065  0.04736842  5.5         0.26140351
  5.63333333 -1.85981607]",2944.055412054062
0.030552000000000003,[0.879032],"[ 0.03684211  5.5         0.25087719  5.56666667 -1.92272663  0.04210526
  5.46666667  0.25614035  5.63333333 -0.54722065  0.04736842  5.5
  0.26140351  5.63333333 -1.85981607  0.05087719  5.63333333  0.26666667
  5.5        -0.12096798]",2944.1355590820312
0.035724,[0.48714215],"[ 0.04210526  5.46666667  0.25614035  5.63333333 -0.54722065  0.04736842
  5.5         0.26140351  5.63333333 -1.85981607  0.05087719  5.63333333
  0.26666667  5.5        -0.12096798  0.05438596  5.53333333  0.27017544
  5.53333333 -0.51285785]",2944.219076871872
0.03822,[-0.676512],"[ 0.04736842  5.5         0.26140351  5.63333333 -1.85981607  0.05087719
  5.63333333  0.26666667  5.5        -0.12096798  0.05438596  5.53333333
  0.27017544  5.53333333 -0.51285785  0.05614035  5.63333333  0.27017544
  5.46666667 -1.676512  ]",2944.2954230308533
0.04329200000000001,[0.567196],"[ 0.05087719  5.63333333  0.26666667  5.5        -0.12096798  0.05438596
  5.53333333  0.27017544  5.53333333 -0.51285785  0.05614035  5.63333333
  0.27017544  5.46666667 -1.676512    0.05964912  5.7         0.27368421
  5.36666667 -0.43280399]",2944.3691205978394
0.04848400000000001,[-0.17133565],"[ 0.05438596  5.53333333  0.27017544  5.53333333 -0.51285785  0.05614035
  5.63333333  0.27017544  5.46666667 -1.676512    0.05964912  5.7
  0.27368421  5.36666667 -0.43280399  0.06315789  5.56666667  0.27719298
  5.46666667 -1.1713357 ]",2944.455153465271
0.056111999999999995,[-0.5731321],"[ 0.05614035  5.63333333  0.27017544  5.46666667 -1.676512    0.05964912
  5.7         0.27368421  5.36666667 -0.43280399  0.06315789  5.56666667
  0.27719298  5.46666667 -1.1713357   0.06842105  5.63333333  0.28070175
  5.46666667 -1.57313204]",2944.535411119461
0.06380000000000001,[0.22195941],"[ 0.05964912  5.7         0.27368421  5.36666667 -0.43280399  0.06315789
  5.56666667  0.27719298  5.46666667 -1.1713357   0.06842105  5.63333333
  0.28070175  5.46666667 -1.57313204  0.07368421  5.6         0.2877193
  5.46666667 -0.77804059]",2944.615599632263
0.071628,[-0.09658588],"[ 0.06315789  5.56666667  0.27719298  5.46666667 -1.1713357   0.06842105
  5.63333333  0.28070175  5.46666667 -1.57313204  0.07368421  5.6
  0.2877193   5.46666667 -0.77804059  0.08070175  5.53333333  0.29473684
  5.53333333 -1.09658587]",2944.6951410770416
0.081692,[-0.95876485],"[ 0.06842105  5.63333333  0.28070175  5.46666667 -1.57313204  0.07368421
  5.6         0.2877193   5.46666667 -0.77804059  0.08070175  5.53333333
  0.29473684  5.53333333 -1.09658587  0.08596491  5.66666667  0.3
  5.4        -1.95876479]",2944.775595188141
0.084348,[0.28399554],"[ 0.07368421  5.6         0.2877193   5.46666667 -0.77804059  0.08070175
  5.53333333  0.29473684  5.53333333 -1.09658587  0.08596491  5.66666667
  0.3         5.4        -1.95876479  0.08947368  5.63333333  0.30526316
  5.43333333 -0.71600449]",2944.8550028800964
0.08956,[-0.25605094],"[ 0.08070175  5.53333333  0.29473684  5.53333333 -1.09658587  0.08596491
  5.66666667  0.3         5.4        -1.95876479  0.08947368  5.63333333
  0.30526316  5.43333333 -0.71600449  0.09298246  5.46666667  0.30701754
  5.6        -1.25605094]",2944.935482263565
0.097168,[0.51241755],"[ 0.08596491  5.66666667  0.3         5.4        -1.95876479  0.08947368
  5.63333333  0.30526316  5.43333333 -0.71600449  0.09298246  5.46666667
  0.30701754  5.6        -1.25605094  0.09649123  5.56666667  0.31052632
  5.5        -0.48758245]",2945.0150742530823
0.099684,[-0.6671033],"[ 0.08947368  5.63333333  0.30526316  5.43333333 -0.71600449  0.09298246
  5.46666667  0.30701754  5.6        -1.25605094  0.09649123  5.56666667
  0.31052632  5.5        -0.48758245  0.1         5.63333333  0.31403509
  5.4        -1.66710329]",2945.0951895713806
0.10479600000000003,[-0.9659041],"[ 0.09298246  5.46666667  0.30701754  5.6        -1.25605094  0.09649123
  5.56666667  0.31052632  5.5        -0.48758245  0.1         5.63333333
  0.31403509  5.4        -1.66710329  0.10526316  5.76666667  0.31929825
  5.3        -1.96590412]",2945.1754088401794
0.10741200000000002,[0.9890877],"[ 0.09649123  5.56666667  0.31052632  5.5        -0.48758245  0.1
  5.63333333  0.31403509  5.4        -1.66710329  0.10526316  5.76666667
  0.31929825  5.3        -1.96590412  0.10701754  5.6         0.3245614
  5.46666667 -0.0109123 ]",2945.255576610565
0.11262400000000002,[-0.7147091],"[ 0.1         5.63333333  0.31403509  5.4        -1.66710329  0.10526316
  5.76666667  0.31929825  5.3        -1.96590412  0.10701754  5.6
  0.3245614   5.46666667 -0.0109123   0.11052632  5.36666667  0.32982456
  5.63333333 -1.71470904]",2945.3387563228607
0.117476,[-0.3649167],"[ 0.10526316  5.76666667  0.31929825  5.3        -1.96590412  0.10701754
  5.6         0.3245614   5.46666667 -0.0109123   0.11052632  5.36666667
  0.32982456  5.63333333 -1.71470904  0.11578947  5.8         0.33859649
  5.5        -1.36491668]",2945.4161252975464
0.15084400000000003,[0.8984743],"[ 0.10701754  5.6         0.3245614   5.46666667 -0.0109123   0.11052632
  5.36666667  0.32982456  5.63333333 -1.71470904  0.11578947  5.8
  0.33859649  5.5        -1.36491668  0.14035088  5.43333333  0.34561404
  5.5        -0.10152572]",2945.4949712753296
0.15334,[0.00826522],"[ 0.11052632  5.36666667  0.32982456  5.63333333 -1.71470904  0.11578947
  5.8         0.33859649  5.5        -1.36491668  0.14035088  5.43333333
  0.34561404  5.5        -0.10152572  0.14736842  5.5         0.35438596
  5.56666667 -0.9917348 ]",2945.5753111839294
0.15324,[0.79259884],"[ 0.11578947  5.8         0.33859649  5.5        -1.36491668  0.14035088
  5.43333333  0.34561404  5.5        -0.10152572  0.14736842  5.5
  0.35438596  5.56666667 -0.9917348   0.15263158  5.7         0.36140351
  5.4        -0.20740116]",2945.6550579071045
0.15331999999999998,[0.20459361],"[ 0.14035088  5.43333333  0.34561404  5.5        -0.10152572  0.14736842
  5.5         0.35438596  5.56666667 -0.9917348   0.15263158  5.7
  0.36140351  5.4        -0.20740116  0.15614035  5.7         0.36666667
  5.3        -0.7954064 ]",2945.7352130413055
0.155796,[0.8865708],"[ 0.14736842  5.5         0.35438596  5.56666667 -0.9917348   0.15263158
  5.7         0.36140351  5.4        -0.20740116  0.15614035  5.7
  0.36666667  5.3        -0.7954064   0.16140351  5.73333333  0.37192982
  5.16666667 -0.11342919]",2945.814931869507
0.15837199999999999,[-0.6634935],"[ 0.15263158  5.7         0.36140351  5.4        -0.20740116  0.15614035
  5.7         0.36666667  5.3        -0.7954064   0.16140351  5.73333333
  0.37192982  5.16666667 -0.11342919  0.16491228  5.8         0.3754386
  5.1        -1.66349351]",2945.8896248340607
0.160928,[-0.8463282],"[ 0.15614035  5.7         0.36666667  5.3        -0.7954064   0.16140351
  5.73333333  0.37192982  5.16666667 -0.11342919  0.16491228  5.8
  0.3754386   5.1        -1.66349351  0.17017544  5.86666667  0.37894737
  5.         -1.84632826]",2945.9782819747925
0.16092799999999996,[-0.6126904],"[ 0.16140351  5.73333333  0.37192982  5.16666667 -0.11342919  0.16491228
  5.8         0.3754386   5.1        -1.66349351  0.17017544  5.86666667
  0.37894737  5.         -1.84632826  0.17368421  5.73333333  0.38421053
  5.06666667 -1.61269045]",2946.0491247177124
0.161088,[-0.4461469],"[ 0.16491228  5.8         0.3754386   5.1        -1.66349351  0.17017544
  5.86666667  0.37894737  5.         -1.84632826  0.17368421  5.73333333
  0.38421053  5.06666667 -1.61269045  0.17894737  5.53333333  0.39122807
  5.26666667 -1.44614697]",2946.1290831565857
0.163624,[-0.80937296],"[ 0.17017544  5.86666667  0.37894737  5.         -1.84632826  0.17368421
  5.73333333  0.38421053  5.06666667 -1.61269045  0.17894737  5.53333333
  0.39122807  5.26666667 -1.44614697  0.18596491  5.53333333  0.39824561
  5.26666667 -1.8093729 ]",2946.215178012848
0.16618,[-0.65139055],"[ 0.17368421  5.73333333  0.38421053  5.06666667 -1.61269045  0.17894737
  5.53333333  0.39122807  5.26666667 -1.44614697  0.18596491  5.53333333
  0.39824561  5.26666667 -1.8093729   0.19473684  5.46666667  0.40701754
  5.3        -1.65139055]",2946.292820215225
0.16630000000000003,[-0.94490916],"[ 0.17894737  5.53333333  0.39122807  5.26666667 -1.44614697  0.18596491
  5.53333333  0.39824561  5.26666667 -1.8093729   0.19473684  5.46666667
  0.40701754  5.3        -1.65139055  0.2         5.4         0.41578947
  5.36666667 -1.9449091 ]",2946.374971151352
0.17143200000000003,[-0.80278873],"[ 0.18596491  5.53333333  0.39824561  5.26666667 -1.8093729   0.19473684
  5.46666667  0.40701754  5.3        -1.65139055  0.2         5.4
  0.41578947  5.36666667 -1.9449091   0.20701754  5.33333333  0.42280702
  5.43333333 -1.80278873]",2946.4555220603943
0.17139200000000004,[-0.6720165],"[ 0.19473684  5.46666667  0.40701754  5.3        -1.65139055  0.2
  5.4         0.41578947  5.36666667 -1.9449091   0.20701754  5.33333333
  0.42280702  5.43333333 -1.80278873  0.21052632  5.23333333  0.42631579
  5.46666667 -1.6720165 ]",2946.5351259708405
0.17147199999999999,[0.65690494],"[ 0.2         5.4         0.41578947  5.36666667 -1.9449091   0.20701754
  5.33333333  0.42280702  5.43333333 -1.80278873  0.21052632  5.23333333
  0.42631579  5.46666667 -1.6720165   0.21403509  5.2         0.42807018
  5.43333333 -0.34309506]",2946.615144968033
0.16893600000000003,[0.24367107],"[ 0.20701754  5.33333333  0.42280702  5.43333333 -1.80278873  0.21052632
  5.23333333  0.42631579  5.46666667 -1.6720165   0.21403509  5.2
  0.42807018  5.43333333 -0.34309506  0.21578947  5.23333333  0.42982456
  5.43333333 -0.75632894]",2946.6951797008514
0.16382399999999997,[0.64608157],"[ 0.21052632  5.23333333  0.42631579  5.46666667 -1.6720165   0.21403509
  5.2         0.42807018  5.43333333 -0.34309506  0.21578947  5.23333333
  0.42982456  5.43333333 -0.75632894  0.21754386  5.36666667  0.43333333
  5.26666667 -0.35391843]",2946.77517080307
0.16621999999999998,[-0.31833413],"[ 0.21403509  5.2         0.42807018  5.43333333 -0.34309506  0.21578947
  5.23333333  0.42982456  5.43333333 -0.75632894  0.21754386  5.36666667
  0.43333333  5.26666667 -0.35391843  0.22105263  5.46666667  0.43508772
  5.16666667 -1.3183341 ]",2946.854604244232
0.16608,[-0.92071116],"[ 0.21578947  5.23333333  0.42982456  5.43333333 -0.75632894  0.21754386
  5.36666667  0.43333333  5.26666667 -0.35391843  0.22105263  5.46666667
  0.43508772  5.16666667 -1.3183341   0.2245614   5.46666667  0.43684211
  5.1        -1.92071116]",2946.9352617263794
0.161328,[0.82380694],"[ 0.21754386  5.36666667  0.43333333  5.26666667 -0.35391843  0.22105263
  5.46666667  0.43508772  5.16666667 -1.3183341   0.2245614   5.46666667
  0.43684211  5.1        -1.92071116  0.22631579  5.3         0.44035088
  5.26666667 -0.17619306]",2947.0149800777435
0.13307199999999997,[-0.58480006],"[ 0.22105263  5.46666667  0.43508772  5.16666667 -1.3183341   0.2245614
  5.46666667  0.43684211  5.1        -1.92071116  0.22631579  5.3
  0.44035088  5.26666667 -0.17619306  0.23157895  5.16666667  0.44561404
  5.43333333 -1.5848    ]",2947.0952525138855
0.13045599999999996,[-0.8670414],"[ 0.2245614   5.46666667  0.43684211  5.1        -1.92071116  0.22631579
  5.3         0.44035088  5.26666667 -0.17619306  0.23157895  5.16666667
  0.44561404  5.43333333 -1.5848      0.23684211  5.33333333  0.45087719
  5.33333333 -1.86704135]",2947.1761877536774
0.13059600000000002,[0.9186045],"[ 0.22631579  5.3         0.44035088  5.26666667 -0.17619306  0.23157895
  5.16666667  0.44561404  5.43333333 -1.5848      0.23684211  5.33333333
  0.45087719  5.33333333 -1.86704135  0.24210526  5.3         0.45789474
  5.4        -0.08139551]",2947.255184650421
0.13576799999999997,[0.39408025],"[ 0.23157895  5.16666667  0.44561404  5.43333333 -1.5848      0.23684211
  5.33333333  0.45087719  5.33333333 -1.86704135  0.24210526  5.3
  0.45789474  5.4        -0.08139551  0.24912281  5.2         0.46315789
  5.5        -0.60591972]",2947.335309743881
0.13826400000000003,[-0.960806],"[ 0.23684211  5.33333333  0.45087719  5.33333333 -1.86704135  0.24210526
  5.3         0.45789474  5.4        -0.08139551  0.24912281  5.2
  0.46315789  5.5        -0.60591972  0.25614035  5.33333333  0.47017544
  5.36666667 -1.96080601]",2947.410178899765
0.143376,[0.4949935],"[ 0.24210526  5.3         0.45789474  5.4        -0.08139551  0.24912281
  5.2         0.46315789  5.5        -0.60591972  0.25614035  5.33333333
  0.47017544  5.36666667 -1.96080601  0.26315789  5.4         0.47719298
  5.2        -0.50500649]",2947.495692253113
0.14601199999999998,[0.1578374],"[ 0.24912281  5.2         0.46315789  5.5        -0.60591972  0.25614035
  5.33333333  0.47017544  5.36666667 -1.96080601  0.26315789  5.4
  0.47719298  5.2        -0.50500649  0.27017544  5.33333333  0.48421053
  5.23333333 -0.84216261]",2947.5753445625305
0.150984,[0.6723551],"[ 0.25614035  5.33333333  0.47017544  5.36666667 -1.96080601  0.26315789
  5.4         0.47719298  5.2        -0.50500649  0.27017544  5.33333333
  0.48421053  5.23333333 -0.84216261  0.27719298  5.43333333  0.48947368
  5.13333333 -0.32764488]",2947.6554946899414
0.150824,[-0.71085924],"[ 0.26315789  5.4         0.47719298  5.2        -0.50500649  0.27017544
  5.33333333  0.48421053  5.23333333 -0.84216261  0.27719298  5.43333333
  0.48947368  5.13333333 -0.32764488  0.28245614  5.5         0.49649123
  5.03333333 -1.7108593 ]",2947.7351307868958
0.150804,[-0.9688372],"[ 0.27017544  5.33333333  0.48421053  5.23333333 -0.84216261  0.27719298
  5.43333333  0.48947368  5.13333333 -0.32764488  0.28245614  5.5
  0.49649123  5.03333333 -1.7108593   0.28947368  5.53333333  0.50175439
  4.93333333 -1.96883726]",2947.8146090507507
0.145752,[-0.9217801],"[ 0.27719298  5.43333333  0.48947368  5.13333333 -0.32764488  0.28245614
  5.5         0.49649123  5.03333333 -1.7108593   0.28947368  5.53333333
  0.50175439  4.93333333 -1.96883726  0.29473684  5.36666667  0.51052632
  5.06666667 -1.92178011]",2947.895450592041
0.145812,[0.37136847],"[ 0.28245614  5.5         0.49649123  5.03333333 -1.7108593   0.28947368
  5.53333333  0.50175439  4.93333333 -1.96883726  0.29473684  5.36666667
  0.51052632  5.06666667 -1.92178011  0.3         5.2         0.51403509
  5.26666667 -0.62863153]",2947.9752204418182
0.143216,[-0.09085549],"[ 0.28947368  5.53333333  0.50175439  4.93333333 -1.96883726  0.29473684
  5.36666667  0.51052632  5.06666667 -1.92178011  0.3         5.2
  0.51403509  5.26666667 -0.62863153  0.30526316  5.2         0.52105263
  5.33333333 -1.09085548]",2948.0552546977997
0.148188,[-0.79344755],"[ 0.29473684  5.36666667  0.51052632  5.06666667 -1.92178011  0.3
  5.2         0.51403509  5.26666667 -0.62863153  0.30526316  5.2
  0.52105263  5.33333333 -1.09085548  0.3122807   5.33333333  0.52807018
  5.23333333 -1.79344749]",2948.134850502014
0.15583600000000003,[0.40861487],"[ 0.3         5.2         0.51403509  5.26666667 -0.62863153  0.30526316
  5.2         0.52105263  5.33333333 -1.09085548  0.3122807   5.33333333
  0.52807018  5.23333333 -1.79344749  0.32105263  5.33333333  0.53508772
  5.2        -0.59138513]",2948.2154524326324
0.16108799999999995,[0.73935246],"[ 0.30526316  5.2         0.52105263  5.33333333 -1.09085548  0.3122807
  5.33333333  0.52807018  5.23333333 -1.79344749  0.32105263  5.33333333
  0.53508772  5.2        -0.59138513  0.32631579  5.13333333  0.54210526
  5.33333333 -0.26064754]",2948.2948546409607
0.17133199999999998,[0.6495292],"[ 0.3122807   5.33333333  0.52807018  5.23333333 -1.79344749  0.32105263
  5.33333333  0.53508772  5.2        -0.59138513  0.32631579  5.13333333
  0.54210526  5.33333333 -0.26064754  0.33508772  5.23333333  0.54912281
  5.16666667 -0.35047078]",2948.3691613674164
0.18151599999999996,[0.48495114],"[ 0.32105263  5.33333333  0.53508772  5.2        -0.59138513  0.32631579
  5.13333333  0.54210526  5.33333333 -0.26064754  0.33508772  5.23333333
  0.54912281  5.16666667 -0.35047078  0.34561404  5.4         0.55789474
  4.9        -0.51504886]",2948.455537557602
0.18662799999999996,[-0.33620477],"[ 0.32631579  5.13333333  0.54210526  5.33333333 -0.26064754  0.33508772
  5.23333333  0.54912281  5.16666667 -0.35047078  0.34561404  5.4
  0.55789474  4.9        -0.51504886  0.35263158  5.4         0.56315789
  4.8        -1.33620477]",2948.534873485565
0.18906399999999995,[-0.15703224],"[ 0.33508772  5.23333333  0.54912281  5.16666667 -0.35047078  0.34561404
  5.4         0.55789474  4.9        -0.51504886  0.35263158  5.4
  0.56315789  4.8        -1.33620477  0.35614035  5.43333333  0.56842105
  4.8        -1.15703225]",2948.615386724472
0.18906400000000007,[0.06154438],"[ 0.34561404  5.4         0.55789474  4.9        -0.51504886  0.35263158
  5.4         0.56315789  4.8        -1.33620477  0.35614035  5.43333333
  0.56842105  4.8        -1.15703225  0.36140351  5.3         0.57368421
  4.86666667 -0.93845564]",2948.6949183940887
0.19172000000000006,[-0.38132536],"[ 0.35263158  5.4         0.56315789  4.8        -1.33620477  0.35614035
  5.43333333  0.56842105  4.8        -1.15703225  0.36140351  5.3
  0.57368421  4.86666667 -0.93845564  0.36842105  5.3         0.58070175
  4.8        -1.38132536]",2948.772851228714
0.19679200000000002,[-0.97532785],"[ 0.35614035  5.43333333  0.56842105  4.8        -1.15703225  0.36140351
  5.3         0.57368421  4.86666667 -0.93845564  0.36842105  5.3
  0.58070175  4.8        -1.38132536  0.37719298  5.33333333  0.5877193
  4.7        -1.97532785]",2948.8577625751495
0.19427600000000006,[-0.15437023],"[ 0.36140351  5.3         0.57368421  4.86666667 -0.93845564  0.36842105
  5.3         0.58070175  4.8        -1.38132536  0.37719298  5.33333333
  0.5877193   4.7        -1.97532785  0.38245614  5.16666667  0.59473684
  4.86666667 -1.15437019]",2948.936755180359
0.18928399999999995,[-0.30541697],"[ 0.36842105  5.3         0.58070175  4.8        -1.38132536  0.37719298
  5.33333333  0.5877193   4.7        -1.97532785  0.38245614  5.16666667
  0.59473684  4.86666667 -1.15437019  0.38596491  5.1         0.60175439
  5.         -1.30541694]",2949.0153834819794
0.18672799999999995,[-0.06574729],"[ 0.37719298  5.33333333  0.5877193   4.7        -1.97532785  0.38245614
  5.16666667  0.59473684  4.86666667 -1.15437019  0.38596491  5.1
  0.60175439  5.         -1.30541694  0.39122807  5.16666667  0.60526316
  4.86666667 -1.06574726]",2949.0950198173523
0.184172,[-0.5983217],"[ 0.38245614  5.16666667  0.59473684  4.86666667 -1.15437019  0.38596491
  5.1         0.60175439  5.         -1.30541694  0.39122807  5.16666667
  0.60526316  4.86666667 -1.06574726  0.39649123  5.1         0.60877193
  4.73333333 -1.59832168]",2949.1751279830933
0.181676,[0.1714367],"[ 0.38596491  5.1         0.60175439  5.         -1.30541694  0.39122807
  5.16666667  0.60526316  4.86666667 -1.06574726  0.39649123  5.1
  0.60877193  4.73333333 -1.59832168  0.40175439  5.1         0.61578947
  4.73333333 -0.82856333]",2949.255229949951
0.181736,[0.5276719],"[ 0.39122807  5.16666667  0.60526316  4.86666667 -1.06574726  0.39649123
  5.1         0.60877193  4.73333333 -1.59832168  0.40175439  5.1
  0.61578947  4.73333333 -0.82856333  0.40701754  5.06666667  0.61929825
  4.76666667 -0.47232813]",2949.3357701301575
0.18167599999999995,[0.41570365],"[ 0.39649123  5.1         0.60877193  4.73333333 -1.59832168  0.40175439
  5.1         0.61578947  4.73333333 -0.82856333  0.40701754  5.06666667
  0.61929825  4.76666667 -0.47232813  0.41403509  5.2         0.6245614
  4.6        -0.58429635]",2949.415036916733
0.18409200000000003,[-0.90315264],"[ 0.40175439  5.1         0.61578947  4.73333333 -0.82856333  0.40701754
  5.06666667  0.61929825  4.76666667 -0.47232813  0.41403509  5.2
  0.6245614   4.6        -0.58429635  0.42105263  5.26666667  0.62982456
  4.36666667 -1.9031527 ]",2949.4963924884796
0.18147599999999997,[-0.9758805],"[ 0.40701754  5.06666667  0.61929825  4.76666667 -0.47232813  0.41403509
  5.2         0.6245614   4.6        -0.58429635  0.42105263  5.26666667
  0.62982456  4.36666667 -1.9031527   0.4245614   5.2         0.63333333
  4.33333333 -1.9758805 ]",2949.575159072876
0.17392799999999997,[0.00416267],"[ 0.41403509  5.2         0.6245614   4.6        -0.58429635  0.42105263
  5.26666667  0.62982456  4.36666667 -1.9031527   0.4245614   5.2
  0.63333333  4.33333333 -1.9758805   0.4245614   5.          0.63684211
  4.5        -0.99583733]",2949.657172203064
0.17151199999999994,[-0.5683298],"[ 0.42105263  5.26666667  0.62982456  4.36666667 -1.9031527   0.4245614
  5.2         0.63333333  4.33333333 -1.9758805   0.4245614   5.
  0.63684211  4.5        -0.99583733  0.42982456  4.9         0.64210526
  4.56666667 -1.56832981]",2949.7299089431763
0.16634,[-0.93725467],"[ 0.4245614   5.2         0.63333333  4.33333333 -1.9758805   0.4245614
  5.          0.63684211  4.5        -0.99583733  0.42982456  4.9
  0.64210526  4.56666667 -1.56832981  0.43508772  5.          0.64736842
  4.46666667 -1.93725467]",2949.8106305599213
0.1663,[-0.52298325],"[ 0.4245614   5.          0.63684211  4.5        -0.99583733  0.42982456
  4.9         0.64210526  4.56666667 -1.56832981  0.43508772  5.
  0.64736842  4.46666667 -1.93725467  0.44035088  4.86666667  0.65438596
  4.53333333 -1.52298331]",2949.895304918289
0.16132799999999997,[-0.37590113],"[ 0.42982456  4.9         0.64210526  4.56666667 -1.56832981  0.43508772
  5.          0.64736842  4.46666667 -1.93725467  0.44035088  4.86666667
  0.65438596  4.53333333 -1.52298331  0.44561404  4.73333333  0.66140351
  4.6        -1.3759011 ]",2949.9790732860565
0.158872,[-0.9125027],"[ 0.43508772  5.          0.64736842  4.46666667 -1.93725467  0.44035088
  4.86666667  0.65438596  4.53333333 -1.52298331  0.44561404  4.73333333
  0.66140351  4.6        -1.3759011   0.45438596  4.73333333  0.66666667
  4.5        -1.91250277]",2950.0567750930786
0.15891200000000005,[0.8830204],"[ 0.44035088  4.86666667  0.65438596  4.53333333 -1.52298331  0.44561404
  4.73333333  0.66140351  4.6        -1.3759011   0.45438596  4.73333333
  0.66666667  4.5        -1.91250277  0.46140351  4.66666667  0.6754386
  4.46666667 -0.1169796 ]",2950.135214805603
0.16154800000000002,[-0.2726662],"[ 0.44561404  4.73333333  0.66140351  4.6        -1.3759011   0.45438596
  4.73333333  0.66666667  4.5        -1.91250277  0.46140351  4.66666667
  0.6754386   4.46666667 -0.1169796   0.46666667  4.56666667  0.68245614
  4.56666667 -1.27266622]",2950.217138528824
