reward,action,obs,time
,,"[0.         0.         0.         0.         0.         0.
 0.         0.         0.         0.         0.         0.
 0.         0.         0.         0.03157895 5.7        0.24561404
 5.4        0.        ]",562.6148269176483
-0.0024360000000000007,[0.07601365],"[ 0.          0.          0.          0.          0.          0.
  0.          0.          0.          0.          0.03157895  5.7
  0.24561404  5.4         0.          0.02982456  5.5         0.24561404
  5.5        -0.92398632]",562.7858095169067
-1.9999999999999185e-05,[-0.10816532],"[ 0.          0.          0.          0.          0.          0.03157895
  5.7         0.24561404  5.4         0.          0.02982456  5.5
  0.24561404  5.5        -0.92398632  0.03157895  5.73333333  0.24385965
  5.36666667 -1.10816526]",562.8359117507935
-0.0024959999999999982,[-0.79461277],"[ 0.03157895  5.7         0.24561404  5.4         0.          0.02982456
  5.5         0.24561404  5.5        -0.92398632  0.03157895  5.73333333
  0.24385965  5.36666667 -1.10816526  0.02982456  5.6         0.24561404
  5.43333333 -1.79461277]",562.8859763145447
-0.0024959999999999982,[-0.855078],"[ 0.02982456  5.5         0.24561404  5.5        -0.92398632  0.03157895
  5.73333333  0.24385965  5.36666667 -1.10816526  0.02982456  5.6
  0.24561404  5.43333333 -1.79461277  0.02982456  5.6         0.24561404
  5.43333333 -1.85507798]",562.9364070892334
-0.0024959999999999982,[0.17500997],"[ 0.03157895  5.73333333  0.24385965  5.36666667 -1.10816526  0.02982456
  5.6         0.24561404  5.43333333 -1.79461277  0.02982456  5.6
  0.24561404  5.43333333 -1.85507798  0.02982456  5.6         0.24561404
  5.43333333 -0.82499003]",562.9866824150085
5.9999999999997555e-05,[0.72792625],"[ 0.02982456  5.6         0.24561404  5.43333333 -1.79461277  0.02982456
  5.6         0.24561404  5.43333333 -1.85507798  0.02982456  5.6
  0.24561404  5.43333333 -0.82499003  0.03157895  5.6         0.24561404
  5.43333333 -0.27207375]",563.0369639396667
0.00012000000000000205,[0.23229703],"[ 0.02982456  5.6         0.24561404  5.43333333 -1.85507798  0.02982456
  5.6         0.24561404  5.43333333 -0.82499003  0.03157895  5.6
  0.24561404  5.43333333 -0.27207375  0.03157895  5.5         0.24561404
  5.53333333 -0.76770294]",563.087753534317
0.0001799999999999996,[-0.9338523],"[ 0.02982456  5.6         0.24561404  5.43333333 -0.82499003  0.03157895
  5.6         0.24561404  5.43333333 -0.27207375  0.03157895  5.5
  0.24561404  5.53333333 -0.76770294  0.03157895  5.4         0.24736842
  5.63333333 -1.93385231]",563.1368689537048
0.005151999999999997,[0.15644835],"[ 0.03157895  5.6         0.24561404  5.43333333 -0.27207375  0.03157895
  5.5         0.24561404  5.53333333 -0.76770294  0.03157895  5.4
  0.24736842  5.63333333 -1.93385231  0.03508772  5.63333333  0.24912281
  5.43333333 -0.84355164]",563.1846108436584
0.0051119999999999985,[-0.71914536],"[ 0.03157895  5.5         0.24561404  5.53333333 -0.76770294  0.03157895
  5.4         0.24736842  5.63333333 -1.93385231  0.03508772  5.63333333
  0.24912281  5.43333333 -0.84355164  0.03508772  5.7         0.24736842
  5.3        -1.7191453 ]",563.2449235916138
0.007767999999999997,[0.9389782],"[ 0.03157895  5.4         0.24736842  5.63333333 -1.93385231  0.03508772
  5.63333333  0.24912281  5.43333333 -0.84355164  0.03508772  5.7
  0.24736842  5.3        -1.7191453   0.03684211  5.53333333  0.24912281
  5.4        -0.0610218 ]",563.3302009105682
0.015455999999999998,[0.2481411],"[ 0.03508772  5.63333333  0.24912281  5.43333333 -0.84355164  0.03508772
  5.7         0.24736842  5.3        -1.7191453   0.03684211  5.53333333
  0.24912281  5.4        -0.0610218   0.04210526  5.5         0.25438596
  5.43333333 -0.75185889]",563.410941362381
0.028096,[0.5818175],"[ 0.03508772  5.7         0.24736842  5.3        -1.7191453   0.03684211
  5.53333333  0.24912281  5.4        -0.0610218   0.04210526  5.5
  0.25438596  5.43333333 -0.75185889  0.05087719  5.73333333  0.26140351
  5.2        -0.41818249]",563.4910085201263
0.038279999999999995,[-0.8672753],"[ 0.03684211  5.53333333  0.24912281  5.4        -0.0610218   0.04210526
  5.5         0.25438596  5.43333333 -0.75185889  0.05087719  5.73333333
  0.26140351  5.2        -0.41818249  0.05789474  5.8         0.26842105
  5.06666667 -1.86727524]",563.5710589885712
0.045967999999999995,[0.44951174],"[ 0.04210526  5.5         0.25438596  5.43333333 -0.75185889  0.05087719
  5.73333333  0.26140351  5.2        -0.41818249  0.05789474  5.8
  0.26842105  5.06666667 -1.86727524  0.06315789  5.76666667  0.27368421
  5.03333333 -0.55048823]",563.6467509269714
0.048603999999999994,[0.48156828],"[ 0.05087719  5.73333333  0.26140351  5.2        -0.41818249  0.05789474
  5.8         0.26842105  5.06666667 -1.86727524  0.06315789  5.76666667
  0.27368421  5.03333333 -0.55048823  0.06491228  5.63333333  0.27719298
  5.16666667 -0.51843172]",563.7277975082397
0.056212,[0.6553937],"[ 0.05789474  5.8         0.26842105  5.06666667 -1.86727524  0.06315789
  5.76666667  0.27368421  5.03333333 -0.55048823  0.06491228  5.63333333
  0.27719298  5.16666667 -0.51843172  0.07017544  5.73333333  0.28070175
  4.96666667 -0.34460628]",563.8043444156647
0.066376,[-0.69423974],"[ 0.06315789  5.76666667  0.27368421  5.03333333 -0.55048823  0.06491228
  5.63333333  0.27719298  5.16666667 -0.51843172  0.07017544  5.73333333
  0.28070175  4.96666667 -0.34460628  0.07719298  5.83333333  0.28245614
  4.73333333 -1.69423974]",563.8932616710663
0.07150799999999999,[-0.63059974],"[ 0.06491228  5.63333333  0.27719298  5.16666667 -0.51843172  0.07017544
  5.73333333  0.28070175  4.96666667 -0.34460628  0.07719298  5.83333333
  0.28245614  4.73333333 -1.69423974  0.08070175  5.8         0.28421053
  4.66666667 -1.63059974]",563.9748072624207
0.071628,[0.87748307],"[ 0.07017544  5.73333333  0.28070175  4.96666667 -0.34460628  0.07719298
  5.83333333  0.28245614  4.73333333 -1.69423974  0.08070175  5.8
  0.28421053  4.66666667 -1.63059974  0.08070175  5.6         0.28947368
  4.83333333 -0.12251693]",564.0551853179932
0.081792,[0.23533832],"[ 0.07719298  5.83333333  0.28245614  4.73333333 -1.69423974  0.08070175
  5.8         0.28421053  4.66666667 -1.63059974  0.08070175  5.6
  0.28947368  4.83333333 -0.12251693  0.08596491  5.5         0.29473684
  4.83333333 -0.76466167]",564.1354260444641
0.09461199999999999,[0.20101008],"[ 0.08070175  5.8         0.28421053  4.66666667 -1.63059974  0.08070175
  5.6         0.28947368  4.83333333 -0.12251693  0.08596491  5.5
  0.29473684  4.83333333 -0.76466167  0.09649123  5.66666667  0.3
  4.53333333 -0.79898989]",564.215044260025
0.107312,[0.97706866],"[ 0.08070175  5.6         0.28947368  4.83333333 -0.12251693  0.08596491
  5.5         0.29473684  4.83333333 -0.76466167  0.09649123  5.66666667
  0.3         4.53333333 -0.79898989  0.10350877  5.66666667  0.30701754
  4.36666667 -0.02293134]",564.29509973526
0.11244400000000002,[-0.7408557],"[ 0.08596491  5.5         0.29473684  4.83333333 -0.76466167  0.09649123
  5.66666667  0.3         4.53333333 -0.79898989  0.10350877  5.66666667
  0.30701754  4.36666667 -0.02293134  0.10701754  5.63333333  0.3122807
  4.3        -1.74085569]",564.3751811981201
0.120052,[0.5388646],"[ 0.09649123  5.66666667  0.3         4.53333333 -0.79898989  0.10350877
  5.66666667  0.30701754  4.36666667 -0.02293134  0.10701754  5.63333333
  0.3122807   4.3        -1.74085569  0.1122807   5.73333333  0.31403509
  4.06666667 -0.46113539]",564.4551200866699
0.11761600000000003,[-0.88871884],"[ 0.10350877  5.66666667  0.30701754  4.36666667 -0.02293134  0.10701754
  5.63333333  0.3122807   4.3        -1.74085569  0.1122807   5.73333333
  0.31403509  4.06666667 -0.46113539  0.1122807   5.53333333  0.31578947
  3.96666667 -1.88871884]",564.5290551185608
0.12013200000000002,[-0.91028917],"[ 0.10701754  5.63333333  0.3122807   4.3        -1.74085569  0.1122807
  5.73333333  0.31403509  4.06666667 -0.46113539  0.1122807   5.53333333
  0.31578947  3.96666667 -1.88871884  0.11403509  5.5         0.31754386
  3.83333333 -1.91028917]",564.6153063774109
0.12033200000000002,[-0.49571502],"[ 0.1122807   5.73333333  0.31403509  4.06666667 -0.46113539  0.1122807
  5.53333333  0.31578947  3.96666667 -1.88871884  0.11403509  5.5
  0.31754386  3.83333333 -1.91028917  0.11403509  5.06666667  0.32280702
  3.9        -1.49571502]",564.6948962211609
0.12057199999999998,[-0.1088238],"[ 0.1122807   5.53333333  0.31578947  3.96666667 -1.88871884  0.11403509
  5.5         0.31754386  3.83333333 -1.91028917  0.11403509  5.06666667
  0.32280702  3.9        -1.49571502  0.11754386  4.9         0.33157895
  3.96666667 -1.10882378]",564.7751443386078
0.158752,[-0.7873064],"[ 0.11403509  5.5         0.31754386  3.83333333 -1.91028917  0.11403509
  5.06666667  0.32280702  3.9        -1.49571502  0.11754386  4.9
  0.33157895  3.96666667 -1.10882378  0.14385965  5.23333333  0.33684211
  3.83333333 -1.78730643]",564.8551478385925
0.16638000000000003,[0.10872742],"[ 0.11403509  5.06666667  0.32280702  3.9        -1.49571502  0.11754386
  4.9         0.33157895  3.96666667 -1.10882378  0.14385965  5.23333333
  0.33684211  3.83333333 -1.78730643  0.15087719  5.13333333  0.34385965
  3.7        -0.8912726 ]",564.9355030059814
0.163904,[0.7452613],"[ 0.11754386  4.9         0.33157895  3.96666667 -1.10882378  0.14385965
  5.23333333  0.33684211  3.83333333 -1.78730643  0.15087719  5.13333333
  0.34385965  3.7        -0.8912726   0.15438596  4.96666667  0.35263158
  3.7        -0.25473869]",565.0149862766266
0.156356,[-0.25030157],"[ 0.14385965  5.23333333  0.33684211  3.83333333 -1.78730643  0.15087719
  5.13333333  0.34385965  3.7        -0.8912726   0.15438596  4.96666667
  0.35263158  3.7        -0.25473869  0.15789474  5.          0.35789474
  3.63333333 -1.2503016 ]",565.0949175357819
0.1538,[0.38080373],"[ 0.15087719  5.13333333  0.34385965  3.7        -0.8912726   0.15438596
  4.96666667  0.35263158  3.7        -0.25473869  0.15789474  5.
  0.35789474  3.63333333 -1.2503016   0.16315789  5.06666667  0.35964912
  3.63333333 -0.6191963 ]",565.1749486923218
0.14617199999999997,[-0.8418693],"[ 0.15438596  4.96666667  0.35263158  3.7        -0.25473869  0.15789474
  5.          0.35789474  3.63333333 -1.2503016   0.16315789  5.06666667
  0.35964912  3.63333333 -0.6191963   0.16315789  4.96666667  0.36315789
  3.73333333 -1.84186935]",565.2550446987152
0.14611199999999996,[0.15617143],"[ 0.15789474  5.          0.35789474  3.63333333 -1.2503016   0.16315789
  5.06666667  0.35964912  3.63333333 -0.6191963   0.16315789  4.96666667
  0.36315789  3.73333333 -1.84186935  0.16491228  4.93333333  0.36666667
  3.76666667 -0.84382856]",565.3350460529327
0.143676,[-0.04693035],"[ 0.16315789  5.06666667  0.35964912  3.63333333 -0.6191963   0.16315789
  4.96666667  0.36315789  3.73333333 -1.84186935  0.16491228  4.93333333
  0.36666667  3.76666667 -0.84382856  0.16842105  4.83333333  0.37368421
  3.96666667 -1.04693031]",565.4151725769043
0.14116,[-0.24861975],"[ 0.16315789  4.96666667  0.36315789  3.73333333 -1.84186935  0.16491228
  4.93333333  0.36666667  3.76666667 -0.84382856  0.16842105  4.83333333
  0.37368421  3.96666667 -1.04693031  0.17368421  4.86666667  0.38070175
  4.03333333 -1.24861979]",565.4949638843536
0.143696,[-0.24580105],"[ 0.16491228  4.93333333  0.36666667  3.76666667 -0.84382856  0.16842105
  4.83333333  0.37368421  3.96666667 -1.04693031  0.17368421  4.86666667
  0.38070175  4.03333333 -1.24861979  0.17894737  4.86666667  0.3877193
  4.03333333 -1.24580109]",565.5752024650574
0.14874799999999996,[-0.3644655],"[ 0.16842105  4.83333333  0.37368421  3.96666667 -1.04693031  0.17368421
  4.86666667  0.38070175  4.03333333 -1.24861979  0.17894737  4.86666667
  0.3877193   4.03333333 -1.24580109  0.18245614  4.76666667  0.39473684
  4.1        -1.36446548]",565.6551446914673
0.146152,[0.6400101],"[ 0.17368421  4.86666667  0.38070175  4.03333333 -1.24861979  0.17894737
  4.86666667  0.3877193   4.03333333 -1.24580109  0.18245614  4.76666667
  0.39473684  4.1        -1.36446548  0.18596491  4.73333333  0.39824561
  4.13333333 -0.35998988]",565.7350623607635
0.136028,[0.43377423],"[ 0.17894737  4.86666667  0.3877193   4.03333333 -1.24580109  0.18245614
  4.76666667  0.39473684  4.1        -1.36446548  0.18596491  4.73333333
  0.39824561  4.13333333 -0.35998988  0.18947368  4.73333333  0.40175439
  4.16666667 -0.56622577]",565.8151280879974
0.130796,[-0.07346354],"[ 0.18245614  4.76666667  0.39473684  4.1        -1.36446548  0.18596491
  4.73333333  0.39824561  4.13333333 -0.35998988  0.18947368  4.73333333
  0.40175439  4.16666667 -0.56622577  0.19298246  4.93333333  0.40175439
  4.         -1.07346356]",565.894917011261
0.125624,[-0.62463367],"[ 0.18596491  4.73333333  0.39824561  4.13333333 -0.35998988  0.18947368
  4.73333333  0.40175439  4.16666667 -0.56622577  0.19298246  4.93333333
  0.40175439  4.         -1.07346356  0.19298246  5.          0.4
  4.         -1.62463367]",565.9750061035156
0.11805599999999998,[-0.5827267],"[ 0.18947368  4.73333333  0.40175439  4.16666667 -0.56622577  0.19298246
  4.93333333  0.40175439  4.         -1.07346356  0.19298246  5.
  0.4         4.         -1.62463367  0.19298246  4.93333333  0.40175439
  4.13333333 -1.58272672]",566.0549871921539
0.12053200000000004,[-0.7776449],"[ 0.19298246  4.93333333  0.40175439  4.         -1.07346356  0.19298246
  5.          0.4         4.         -1.62463367  0.19298246  4.93333333
  0.40175439  4.13333333 -1.58272672  0.19473684  4.86666667  0.40701754
  4.3        -1.77764487]",566.1351525783539
0.12820000000000004,[0.49875018],"[ 0.19298246  5.          0.4         4.         -1.62463367  0.19298246
  4.93333333  0.40175439  4.13333333 -1.58272672  0.19473684  4.86666667
  0.40701754  4.3        -1.77764487  0.20175439  4.83333333  0.41403509
  4.36666667 -0.50124979]",566.2150523662567
0.13305200000000006,[-0.50088304],"[ 0.19298246  4.93333333  0.40175439  4.13333333 -1.58272672  0.19473684
  4.86666667  0.40701754  4.3        -1.77764487  0.20175439  4.83333333
  0.41403509  4.36666667 -0.50124979  0.20526316  4.83333333  0.41929825
  4.43333333 -1.5008831 ]",566.2951545715332
0.13544799999999996,[-0.96595603],"[ 0.19473684  4.86666667  0.40701754  4.3        -1.77764487  0.20175439
  4.83333333  0.41403509  4.36666667 -0.50124979  0.20526316  4.83333333
  0.41929825  4.43333333 -1.5008831   0.21052632  4.93333333  0.42280702
  4.3        -1.96595597]",566.3748378753662
0.09740800000000002,[0.62111264],"[ 0.20175439  4.83333333  0.41403509  4.36666667 -0.50124979  0.20526316
  4.83333333  0.41929825  4.43333333 -1.5008831   0.21052632  4.93333333
  0.42280702  4.3        -1.96595597  0.21052632  4.76666667  0.4245614
  4.26666667 -0.37888736]",566.4495329856873
0.09235599999999997,[0.14771838],"[ 0.20526316  4.83333333  0.41929825  4.43333333 -1.5008831   0.21052632
  4.93333333  0.42280702  4.3        -1.96595597  0.21052632  4.76666667
  0.4245614   4.26666667 -0.37888736  0.21403509  4.56666667  0.42807018
  4.43333333 -0.85228163]",566.5284624099731
0.09217600000000001,[-0.7139878],"[ 0.21052632  4.93333333  0.42280702  4.3        -1.96595597  0.21052632
  4.76666667  0.4245614   4.26666667 -0.37888736  0.21403509  4.56666667
  0.42807018  4.43333333 -0.85228163  0.21754386  4.7         0.43157895
  4.36666667 -1.71398783]",566.6085765361786
0.09471199999999999,[-0.37818623],"[ 0.21052632  4.76666667  0.4245614   4.26666667 -0.37888736  0.21403509
  4.56666667  0.42807018  4.43333333 -0.85228163  0.21754386  4.7
  0.43157895  4.36666667 -1.71398783  0.22280702  4.76666667  0.43508772
  4.33333333 -1.37818623]",566.6886472702026
0.09229599999999999,[-0.47846118],"[ 0.21403509  4.56666667  0.42807018  4.43333333 -0.85228163  0.21754386
  4.7         0.43157895  4.36666667 -1.71398783  0.22280702  4.76666667
  0.43508772  4.33333333 -1.37818623  0.22631579  4.6         0.44035088
  4.46666667 -1.47846115]",566.768895149231
0.09994400000000003,[-0.5658132],"[ 0.21754386  4.7         0.43157895  4.36666667 -1.71398783  0.22280702
  4.76666667  0.43508772  4.33333333 -1.37818623  0.22631579  4.6
  0.44035088  4.46666667 -1.47846115  0.23157895  4.53333333  0.44736842
  4.43333333 -1.56581318]",566.8483011722565
0.110168,[0.08553287],"[ 0.22280702  4.76666667  0.43508772  4.33333333 -1.37818623  0.22631579
  4.6         0.44035088  4.46666667 -1.47846115  0.23157895  4.53333333
  0.44736842  4.43333333 -1.56581318  0.24035088  4.5         0.45614035
  4.46666667 -0.91446716]",566.932489156723
0.11516000000000001,[0.02388009],"[ 0.22631579  4.6         0.44035088  4.46666667 -1.47846115  0.23157895
  4.53333333  0.44736842  4.43333333 -1.56581318  0.24035088  4.5
  0.45614035  4.46666667 -0.91446716  0.24736842  4.6         0.46315789
  4.46666667 -0.97611988]",567.0083541870117
0.11512000000000003,[-0.35419682],"[ 0.23157895  4.53333333  0.44736842  4.43333333 -1.56581318  0.24035088
  4.5         0.45614035  4.46666667 -0.91446716  0.24736842  4.6
  0.46315789  4.46666667 -0.97611988  0.25263158  4.7         0.46842105
  4.4        -1.35419679]",567.0942327976227
0.10749199999999996,[-0.1733859],"[ 0.24035088  4.5         0.45614035  4.46666667 -0.91446716  0.24736842
  4.6         0.46315789  4.46666667 -0.97611988  0.25263158  4.7
  0.46842105  4.4        -1.35419679  0.25263158  4.63333333  0.46842105
  4.43333333 -1.17338586]",567.1750538349152
0.10491600000000001,[0.73116386],"[ 0.24736842  4.6         0.46315789  4.46666667 -0.97611988  0.25263158
  4.7         0.46842105  4.4        -1.35419679  0.25263158  4.63333333
  0.46842105  4.43333333 -1.17338586  0.25438596  4.56666667  0.46842105
  4.43333333 -0.26883614]",567.2542159557343
0.10230000000000002,[-0.10872255],"[ 0.25263158  4.7         0.46842105  4.4        -1.35419679  0.25263158
  4.63333333  0.46842105  4.43333333 -1.17338586  0.25438596  4.56666667
  0.46842105  4.43333333 -0.26883614  0.25614035  4.63333333  0.47017544
  4.33333333 -1.10872257]",567.3302402496338
0.10477599999999998,[-0.5821424],"[ 0.25263158  4.63333333  0.46842105  4.43333333 -1.17338586  0.25438596
  4.56666667  0.46842105  4.43333333 -0.26883614  0.25614035  4.63333333
  0.47017544  4.33333333 -1.10872257  0.26140351  4.76666667  0.47368421
  4.2        -1.58214235]",567.409818649292
0.09988399999999997,[-0.8403537],"[ 0.25438596  4.56666667  0.46842105  4.43333333 -0.26883614  0.25614035
  4.63333333  0.47017544  4.33333333 -1.10872257  0.26140351  4.76666667
  0.47368421  4.2        -1.58214235  0.26140351  4.6         0.4754386
  4.3        -1.84035373]",567.4883699417114
0.10259999999999998,[-0.4166215],"[ 0.25614035  4.63333333  0.47017544  4.33333333 -1.10872257  0.26140351
  4.76666667  0.47368421  4.2        -1.58214235  0.26140351  4.6
  0.4754386   4.3        -1.84035373  0.26315789  4.4         0.47894737
  4.46666667 -1.41662145]",567.5725548267365
0.11280400000000002,[0.5236913],"[ 0.26140351  4.76666667  0.47368421  4.2        -1.58214235  0.26140351
  4.6         0.4754386   4.3        -1.84035373  0.26315789  4.4
  0.47894737  4.46666667 -1.41662145  0.27017544  4.36666667  0.48421053
  4.5        -0.4763087 ]",567.6494615077972
0.12035200000000001,[-0.90708923],"[ 0.26140351  4.6         0.4754386   4.3        -1.84035373  0.26315789
  4.4         0.47894737  4.46666667 -1.41662145  0.27017544  4.36666667
  0.48421053  4.5        -0.4763087   0.27719298  4.5         0.49298246
  4.46666667 -1.90708923]",567.7309606075287
0.11769599999999998,[-0.18145561],"[ 0.26315789  4.4         0.47894737  4.46666667 -1.41662145  0.27017544
  4.36666667  0.48421053  4.5        -0.4763087   0.27719298  4.5
  0.49298246  4.46666667 -1.90708923  0.28245614  4.63333333  0.49649123
  4.43333333 -1.18145561]",567.8124973773956
0.11523999999999997,[0.5948504],"[ 0.27017544  4.36666667  0.48421053  4.5        -0.4763087   0.27719298
  4.5         0.49298246  4.46666667 -1.90708923  0.28245614  4.63333333
  0.49649123  4.43333333 -1.18145561  0.28421053  4.46666667  0.5
  4.53333333 -0.40514958]",567.8946478366852
0.11272400000000005,[0.6574345],"[ 0.27719298  4.5         0.49298246  4.46666667 -1.90708923  0.28245614
  4.63333333  0.49649123  4.43333333 -1.18145561  0.28421053  4.46666667
  0.5         4.53333333 -0.40514958  0.2877193   4.5         0.50350877
  4.43333333 -0.34256548]",567.9748504161835
0.12272800000000002,[-0.8426421],"[ 0.28245614  4.63333333  0.49649123  4.43333333 -1.18145561  0.28421053
  4.46666667  0.5         4.53333333 -0.40514958  0.2877193   4.5
  0.50350877  4.43333333 -0.34256548  0.29473684  4.7         0.50877193
  4.26666667 -1.84264207]",568.0494277477264
0.12258800000000006,[0.06664483],"[ 0.28421053  4.46666667  0.5         4.53333333 -0.40514958  0.2877193
  4.5         0.50350877  4.43333333 -0.34256548  0.29473684  4.7
  0.50877193  4.26666667 -1.84264207  0.29824561  4.73333333  0.5122807
  4.3        -0.93335515]",568.1285665035248
0.11759599999999999,[0.3965075],"[ 0.2877193   4.5         0.50350877  4.43333333 -0.34256548  0.29473684
  4.7         0.50877193  4.26666667 -1.84264207  0.29824561  4.73333333
  0.5122807   4.3        -0.93335515  0.29824561  4.66666667  0.51403509
  4.43333333 -0.6034925 ]",568.213301897049
0.11506000000000001,[-0.6986441],"[ 0.29473684  4.7         0.50877193  4.26666667 -1.84264207  0.29824561
  4.73333333  0.5122807   4.3        -0.93335515  0.29824561  4.66666667
  0.51403509  4.43333333 -0.6034925   0.30175439  4.7         0.51578947
  4.3        -1.69864416]",568.288489818573
0.12007200000000003,[-0.8903471],"[ 0.29824561  4.73333333  0.5122807   4.3        -0.93335515  0.29824561
  4.66666667  0.51403509  4.43333333 -0.6034925   0.30175439  4.7
  0.51578947  4.3        -1.69864416  0.30877193  4.7         0.52280702
  4.23333333 -1.89034712]",568.3724904060364
0.12272799999999995,[0.070993],"[ 0.29824561  4.66666667  0.51403509  4.43333333 -0.6034925   0.30175439
  4.7         0.51578947  4.3        -1.69864416  0.30877193  4.7
  0.52280702  4.23333333 -1.89034712  0.31578947  4.46666667  0.53157895
  4.46666667 -0.92900699]",568.4489362239838
0.11761600000000001,[-0.6102563],"[ 0.30175439  4.7         0.51578947  4.3        -1.69864416  0.30877193
  4.7         0.52280702  4.23333333 -1.89034712  0.31578947  4.46666667
  0.53157895  4.46666667 -0.92900699  0.32105263  4.43333333  0.53684211
  4.63333333 -1.61025631]",568.5479362010956
0.11502000000000001,[-0.6576673],"[ 0.30877193  4.7         0.52280702  4.23333333 -1.89034712  0.31578947
  4.46666667  0.53157895  4.46666667 -0.92900699  0.32105263  4.43333333
  0.53684211  4.63333333 -1.61025631  0.32631579  4.6         0.54210526
  4.5        -1.65766728]",568.6123871803284
0.11507999999999999,[0.48667657],"[ 0.31578947  4.46666667  0.53157895  4.46666667 -0.92900699  0.32105263
  4.43333333  0.53684211  4.63333333 -1.61025631  0.32631579  4.6
  0.54210526  4.5        -1.65766728  0.33157895  4.6         0.54561404
  4.43333333 -0.51332343]",568.6890757083893
0.12280800000000003,[0.48784703],"[ 0.32105263  4.43333333  0.53684211  4.63333333 -1.61025631  0.32631579
  4.6         0.54210526  4.5        -1.65766728  0.33157895  4.6
  0.54561404  4.43333333 -0.51332343  0.33684211  4.43333333  0.55263158
  4.6        -0.51215297]",568.7683346271515
0.130356,[0.58281565],"[ 0.32631579  4.6         0.54210526  4.5        -1.65766728  0.33157895
  4.6         0.54561404  4.43333333 -0.51332343  0.33684211  4.43333333
  0.55263158  4.6        -0.51215297  0.34385965  4.56666667  0.55964912
  4.56666667 -0.41718435]",568.8524203300476
0.137944,[0.9660246],"[ 0.33157895  4.6         0.54561404  4.43333333 -0.51332343  0.33684211
  4.43333333  0.55263158  4.6        -0.51215297  0.34385965  4.56666667
  0.55964912  4.56666667 -0.41718435  0.35087719  4.76666667  0.56666667
  4.36666667 -0.03397542]",568.9493796825409
0.143096,[-0.02740903],"[ 0.33684211  4.43333333  0.55263158  4.6        -0.51215297  0.34385965
  4.56666667  0.55964912  4.56666667 -0.41718435  0.35087719  4.76666667
  0.56666667  4.36666667 -0.03397542  0.35964912  4.83333333  0.57017544
  4.26666667 -1.02740908]",569.0111954212189
0.14810800000000002,[0.2205798],"[ 0.34385965  4.56666667  0.55964912  4.56666667 -0.41718435  0.35087719
  4.76666667  0.56666667  4.36666667 -0.03397542  0.35964912  4.83333333
  0.57017544  4.26666667 -1.02740908  0.36315789  4.83333333  0.57368421
  4.16666667 -0.7794202 ]",569.094710111618
0.15058400000000005,[0.4306585],"[ 0.35087719  4.76666667  0.56666667  4.36666667 -0.03397542  0.35964912
  4.83333333  0.57017544  4.26666667 -1.02740908  0.36315789  4.83333333
  0.57368421  4.16666667 -0.7794202   0.36666667  4.76666667  0.57719298
  4.13333333 -0.56934154]",569.1747562885284
0.147968,[0.5648874],"[ 0.35964912  4.83333333  0.57017544  4.26666667 -1.02740908  0.36315789
  4.83333333  0.57368421  4.16666667 -0.7794202   0.36666667  4.76666667
  0.57719298  4.13333333 -0.56934154  0.37192982  4.83333333  0.58245614
  4.1        -0.4351126 ]",569.2547523975372
0.14798799999999995,[0.6526029],"[ 0.36315789  4.83333333  0.57368421  4.16666667 -0.7794202   0.36666667
  4.76666667  0.57719298  4.13333333 -0.56934154  0.37192982  4.83333333
  0.58245614  4.1        -0.4351126   0.37894737  4.93333333  0.58596491
  4.         -0.34739709]",569.3348829746246
0.14551199999999997,[-0.64057934],"[ 0.36666667  4.76666667  0.57719298  4.13333333 -0.56934154  0.37192982
  4.83333333  0.58245614  4.1        -0.4351126   0.37894737  4.93333333
  0.58596491  4.         -0.34739709  0.38245614  4.93333333  0.58947368
  3.9        -1.64057934]",569.4147918224335
0.14800800000000003,[0.1297895],"[ 0.37192982  4.83333333  0.58245614  4.1        -0.4351126   0.37894737
  4.93333333  0.58596491  4.         -0.34739709  0.38245614  4.93333333
  0.58947368  3.9        -1.64057934  0.38596491  4.86666667  0.59298246
  3.8        -0.87021053]",569.4939637184143
0.14555199999999996,[0.80274475],"[ 0.37894737  4.93333333  0.58596491  4.         -0.34739709  0.38245614
  4.93333333  0.58947368  3.9        -1.64057934  0.38596491  4.86666667
  0.59298246  3.8        -0.87021053  0.3877193   4.73333333  0.59649123
  3.86666667 -0.19725525]",569.5684607028961
0.1405,[-0.8747894],"[ 0.38245614  4.93333333  0.58947368  3.9        -1.64057934  0.38596491
  4.86666667  0.59298246  3.8        -0.87021053  0.3877193   4.73333333
  0.59649123  3.86666667 -0.19725525  0.39122807  4.83333333  0.59824561
  3.8        -1.87478948]",569.6482141017914
