reward,action,obs,time
,,"[0.         0.         0.         0.         0.         0.
 0.         0.         0.         0.         0.         0.
 0.         0.         0.         0.03333333 5.9        0.24385965
 5.26666667 0.        ]",2445.5581378936768
-0.0024160000000000015,[0.53406864],"[ 0.          0.          0.          0.          0.          0.
  0.          0.          0.          0.          0.03333333  5.9
  0.24385965  5.26666667  0.          0.03157895  5.66666667  0.24561404
  5.4        -0.46593136]",2445.7118644714355
-0.0025160000000000043,[-0.77908033],"[ 0.          0.          0.          0.          0.          0.03333333
  5.9         0.24385965  5.26666667  0.          0.03157895  5.66666667
  0.24561404  5.4        -0.46593136  0.03157895  5.83333333  0.24385965
  5.33333333 -1.77908039]",2445.7654983997345
-0.0023960000000000023,[-0.5219073],"[ 0.03333333  5.9         0.24385965  5.26666667  0.          0.03157895
  5.66666667  0.24561404  5.4        -0.46593136  0.03157895  5.83333333
  0.24385965  5.33333333 -1.77908039  0.03157895  5.63333333  0.24561404
  5.4        -1.52190733]",2445.81281375885
-0.0023960000000000023,[-0.5968746],"[ 0.03157895  5.66666667  0.24561404  5.4        -0.46593136  0.03157895
  5.83333333  0.24385965  5.33333333 -1.77908039  0.03157895  5.63333333
  0.24561404  5.4        -1.52190733  0.03157895  5.63333333  0.24385965
  5.43333333 -1.59687459]",2445.867612838745
-0.002376000000000003,[-0.20665123],"[ 0.03157895  5.83333333  0.24385965  5.33333333 -1.77908039  0.03157895
  5.63333333  0.24561404  5.4        -1.52190733  0.03157895  5.63333333
  0.24385965  5.43333333 -1.59687459  0.03157895  5.6         0.24561404
  5.43333333 -1.20665121]",2445.917585849762
-0.004872000000000001,[-0.8521414],"[ 0.03157895  5.63333333  0.24561404  5.4        -1.52190733  0.03157895
  5.63333333  0.24385965  5.43333333 -1.59687459  0.03157895  5.6
  0.24561404  5.43333333 -1.20665121  0.02982456  5.5         0.24561404
  5.5        -1.85214138]",2445.9679317474365
-0.002256000000000001,[0.900874],"[ 0.03157895  5.63333333  0.24385965  5.43333333 -1.59687459  0.03157895
  5.6         0.24561404  5.43333333 -1.20665121  0.02982456  5.5
  0.24561404  5.5        -1.85214138  0.03157895  5.4         0.24736842
  5.6        -0.09912598]",2446.0178956985474
0.00027999999999999553,[-0.71600914],"[ 0.03157895  5.6         0.24561404  5.43333333 -1.20665121  0.02982456
  5.5         0.24561404  5.5        -1.85214138  0.03157895  5.4
  0.24736842  5.6        -0.09912598  0.03333333  5.43333333  0.24736842
  5.56666667 -1.71600914]",2446.0684192180634
0.00027999999999999553,[0.4095755],"[ 0.02982456  5.5         0.24561404  5.5        -1.85214138  0.03157895
  5.4         0.24736842  5.6        -0.09912598  0.03333333  5.43333333
  0.24736842  5.56666667 -1.71600914  0.03333333  5.43333333  0.24736842
  5.56666667 -0.59042454]",2446.1269104480743
0.002796,[-0.14019223],"[ 0.03157895  5.4         0.24736842  5.6        -0.09912598  0.03333333
  5.43333333  0.24736842  5.56666667 -1.71600914  0.03333333  5.43333333
  0.24736842  5.56666667 -0.59042454  0.03508772  5.5         0.24912281
  5.53333333 -1.14019227]",2446.20742726326
0.0053319999999999965,[-0.96841854],"[ 0.03333333  5.43333333  0.24736842  5.56666667 -1.71600914  0.03333333
  5.43333333  0.24736842  5.56666667 -0.59042454  0.03508772  5.5
  0.24912281  5.53333333 -1.14019227  0.03684211  5.53333333  0.24912281
  5.46666667 -1.9684186 ]",2446.287611246109
0.005392000000000001,[0.43046632],"[ 0.03333333  5.43333333  0.24736842  5.56666667 -0.59042454  0.03508772
  5.5         0.24912281  5.53333333 -1.14019227  0.03684211  5.53333333
  0.24912281  5.46666667 -1.9684186   0.03684211  5.43333333  0.25087719
  5.56666667 -0.56953371]",2446.3674557209015
0.008028,[0.06140909],"[ 0.03508772  5.5         0.24912281  5.53333333 -1.14019227  0.03684211
  5.53333333  0.24912281  5.46666667 -1.9684186   0.03684211  5.43333333
  0.25087719  5.56666667 -0.56953371  0.03859649  5.3         0.25263158
  5.73333333 -0.93859088]",2446.449104309082
0.010464000000000001,[-0.21372227],"[ 0.03684211  5.53333333  0.24912281  5.46666667 -1.9684186   0.03684211
  5.43333333  0.25087719  5.56666667 -0.56953371  0.03859649  5.3
  0.25263158  5.73333333 -0.93859088  0.04035088  5.5         0.25614035
  5.63333333 -1.21372223]",2446.527274608612
0.018092000000000004,[0.32206807],"[ 0.03684211  5.43333333  0.25087719  5.56666667 -0.56953371  0.03859649
  5.3         0.25263158  5.73333333 -0.93859088  0.04035088  5.5
  0.25614035  5.63333333 -1.21372223  0.04561404  5.56666667  0.25964912
  5.56666667 -0.6779319 ]",2446.6073780059814
0.023224,[0.09616988],"[ 0.03859649  5.3         0.25263158  5.73333333 -0.93859088  0.04035088
  5.5         0.25614035  5.63333333 -1.21372223  0.04561404  5.56666667
  0.25964912  5.56666667 -0.6779319   0.04912281  5.53333333  0.26315789
  5.53333333 -0.90383011]",2446.681232690811
0.030851999999999997,[0.33151883],"[ 0.04035088  5.5         0.25614035  5.63333333 -1.21372223  0.04561404
  5.56666667  0.25964912  5.56666667 -0.6779319   0.04912281  5.53333333
  0.26315789  5.53333333 -0.90383011  0.05438596  5.6         0.26842105
  5.43333333 -0.66848117]",2446.7680411338806
0.035964,[0.99057347],"[ 0.04561404  5.56666667  0.25964912  5.56666667 -0.6779319   0.04912281
  5.53333333  0.26315789  5.53333333 -0.90383011  0.05438596  5.6
  0.26842105  5.43333333 -0.66848117  0.05789474  5.6         0.27192982
  5.4        -0.00942653]",2446.847203731537
0.041016000000000004,[-0.46008933],"[ 0.04912281  5.53333333  0.26315789  5.53333333 -0.90383011  0.05438596
  5.6         0.26842105  5.43333333 -0.66848117  0.05789474  5.6
  0.27192982  5.4        -0.00942653  0.06140351  5.7         0.27368421
  5.26666667 -1.46008933]",2446.9272832870483
0.043512,[-0.25899312],"[ 0.05438596  5.6         0.26842105  5.43333333 -0.66848117  0.05789474
  5.6         0.27192982  5.4        -0.00942653  0.06140351  5.7
  0.27368421  5.26666667 -1.46008933  0.06315789  5.8         0.27368421
  5.16666667 -1.25899315]",2447.008265733719
0.043432000000000005,[-0.09618543],"[ 0.05789474  5.6         0.27192982  5.4        -0.00942653  0.06140351
  5.7         0.27368421  5.26666667 -1.46008933  0.06315789  5.8
  0.27368421  5.16666667 -1.25899315  0.06140351  5.7         0.27368421
  5.3        -1.09618545]",2447.0870039463043
0.046148,[-0.34498733],"[ 0.06140351  5.7         0.27368421  5.26666667 -1.46008933  0.06315789
  5.8         0.27368421  5.16666667 -1.25899315  0.06140351  5.7
  0.27368421  5.3        -1.09618545  0.06315789  5.6         0.2754386
  5.4        -1.34498739]",2447.1608374118805
0.05369600000000001,[-0.9648256],"[ 0.06315789  5.8         0.27368421  5.16666667 -1.25899315  0.06140351
  5.7         0.27368421  5.3        -1.09618545  0.06315789  5.6
  0.2754386   5.4        -1.34498739  0.06842105  5.6         0.28070175
  5.36666667 -1.96482563]",2447.247475385666
0.06142400000000001,[0.08183326],"[ 0.06140351  5.7         0.27368421  5.3        -1.09618545  0.06315789
  5.6         0.2754386   5.4        -1.34498739  0.06842105  5.6
  0.28070175  5.36666667 -1.96482563  0.07368421  5.5         0.2877193
  5.5        -0.91816676]",2447.3281021118164
0.069112,[0.95463246],"[ 0.06315789  5.6         0.2754386   5.4        -1.34498739  0.06842105
  5.6         0.28070175  5.36666667 -1.96482563  0.07368421  5.5
  0.2877193   5.5        -0.91816676  0.07894737  5.43333333  0.29473684
  5.6        -0.04536754]",2447.4078645706177
0.07911599999999999,[0.03595262],"[ 0.06842105  5.6         0.28070175  5.36666667 -1.96482563  0.07368421
  5.5         0.2877193   5.5        -0.91816676  0.07894737  5.43333333
  0.29473684  5.6        -0.04536754  0.08421053  5.7         0.29824561
  5.4        -0.96404737]",2447.4871895313263
0.084068,[0.11738485],"[ 0.07368421  5.5         0.2877193   5.5        -0.91816676  0.07894737
  5.43333333  0.29473684  5.6        -0.04536754  0.08421053  5.7
  0.29824561  5.4        -0.96404737  0.08947368  5.86666667  0.3
  5.1        -0.88261515]",2447.5668625831604
0.084128,[-0.4340177],"[ 0.07894737  5.43333333  0.29473684  5.6        -0.04536754  0.08421053
  5.7         0.29824561  5.4        -0.96404737  0.08947368  5.86666667
  0.3         5.1        -0.88261515  0.09122807  5.8         0.3
  5.06666667 -1.43401766]",2447.6506111621857
0.08928000000000003,[-0.5383639],"[ 0.08421053  5.7         0.29824561  5.4        -0.96404737  0.08947368
  5.86666667  0.3         5.1        -0.88261515  0.09122807  5.8
  0.3         5.06666667 -1.43401766  0.09473684  5.73333333  0.30350877
  5.06666667 -1.53836393]",2447.723381280899
0.091956,[-0.05430655],"[ 0.08947368  5.86666667  0.3         5.1        -0.88261515  0.09122807
  5.8         0.3         5.06666667 -1.43401766  0.09473684  5.73333333
  0.30350877  5.06666667 -1.53836393  0.09824561  5.6         0.30877193
  5.13333333 -1.05430651]",2447.8069484233856
0.097068,[0.02422955],"[ 0.09122807  5.8         0.3         5.06666667 -1.43401766  0.09473684
  5.73333333  0.30350877  5.06666667 -1.53836393  0.09824561  5.6
  0.30877193  5.13333333 -1.05430651  0.10350877  5.63333333  0.31754386
  5.1        -0.97577047]",2447.881655693054
0.107172,[-0.6042924],"[ 0.09473684  5.73333333  0.30350877  5.06666667 -1.53836393  0.09824561
  5.6         0.30877193  5.13333333 -1.05430651  0.10350877  5.63333333
  0.31754386  5.1        -0.97577047  0.11052632  5.73333333  0.3245614
  5.         -1.60429239]",2447.9611251354218
0.104596,[0.07256083],"[ 0.09824561  5.6         0.30877193  5.13333333 -1.05430651  0.10350877
  5.63333333  0.31754386  5.1        -0.97577047  0.11052632  5.73333333
  0.3245614   5.         -1.60429239  0.11052632  5.63333333  0.33157895
  5.         -0.92743915]",2448.047029733658
0.10479599999999997,[-0.85443866],"[ 0.10350877  5.63333333  0.31754386  5.1        -0.97577047  0.11052632
  5.73333333  0.3245614   5.         -1.60429239  0.11052632  5.63333333
  0.33157895  5.         -0.92743915  0.1122807   5.5         0.33684211
  5.03333333 -1.85443866]",2448.1269907951355
0.104656,[-0.36330923],"[ 0.11052632  5.73333333  0.3245614   5.         -1.60429239  0.11052632
  5.63333333  0.33157895  5.         -0.92743915  0.1122807   5.5
  0.33684211  5.03333333 -1.85443866  0.11754386  5.8         0.33859649
  4.9        -1.36330926]",2448.2015340328217
0.12784,[0.69573104],"[ 0.11052632  5.63333333  0.33157895  5.         -0.92743915  0.1122807
  5.5         0.33684211  5.03333333 -1.85443866  0.11754386  5.8
  0.33859649  4.9        -1.36330926  0.13684211  5.46666667  0.34035088
  4.93333333 -0.30426896]",2448.287028312683
0.12776000000000004,[-0.32385433],"[ 0.1122807   5.5         0.33684211  5.03333333 -1.85443866  0.11754386
  5.8         0.33859649  4.9        -1.36330926  0.13684211  5.46666667
  0.34035088  4.93333333 -0.30426896  0.14210526  5.66666667  0.34210526
  4.9        -1.32385433]",2448.3673326969147
0.12774000000000002,[-0.3148981],"[ 0.11754386  5.8         0.33859649  4.9        -1.36330926  0.13684211
  5.46666667  0.34035088  4.93333333 -0.30426896  0.14210526  5.66666667
  0.34210526  4.9        -1.32385433  0.14561404  5.7         0.34210526
  4.7        -1.31489813]",2448.447343111038
0.122808,[-0.48486823],"[ 0.13684211  5.46666667  0.34035088  4.93333333 -0.30426896  0.14210526
  5.66666667  0.34210526  4.9        -1.32385433  0.14561404  5.7
  0.34210526  4.7        -1.31489813  0.14561404  5.5         0.34736842
  4.7        -1.48486829]",2448.5309314727783
0.12294799999999999,[-0.10112562],"[ 0.14210526  5.66666667  0.34210526  4.9        -1.32385433  0.14561404
  5.7         0.34210526  4.7        -1.31489813  0.14561404  5.5
  0.34736842  4.7        -1.48486829  0.14736842  5.36666667  0.35438596
  4.7        -1.1011256 ]",2448.6072545051575
0.13568799999999998,[-0.10914383],"[ 0.14561404  5.7         0.34210526  4.7        -1.31489813  0.14561404
  5.5         0.34736842  4.7        -1.48486829  0.14736842  5.36666667
  0.35438596  4.7        -1.1011256   0.15438596  5.33333333  0.36140351
  4.63333333 -1.10914385]",2448.6818237304688
0.14076000000000002,[0.7948849],"[ 0.14561404  5.5         0.34736842  4.7        -1.48486829  0.14736842
  5.36666667  0.35438596  4.7        -1.1011256   0.15438596  5.33333333
  0.36140351  4.63333333 -1.10914385  0.15964912  5.3         0.37017544
  4.56666667 -0.20511508]",2448.7669253349304
0.14076,[-0.79663354],"[ 0.14736842  5.36666667  0.35438596  4.7        -1.1011256   0.15438596
  5.33333333  0.36140351  4.63333333 -1.10914385  0.15964912  5.3
  0.37017544  4.56666667 -0.20511508  0.16491228  5.3         0.3754386
  4.53333333 -1.79663348]",2448.8469812870026
0.138104,[-0.02850231],"[ 0.15438596  5.33333333  0.36140351  4.63333333 -1.10914385  0.15964912
  5.3         0.37017544  4.56666667 -0.20511508  0.16491228  5.3
  0.3754386   4.53333333 -1.79663348  0.16842105  5.36666667  0.37719298
  4.33333333 -1.02850235]",2448.9278066158295
0.13047599999999998,[-0.6022941],"[ 0.15964912  5.3         0.37017544  4.56666667 -0.20511508  0.16491228
  5.3         0.3754386   4.53333333 -1.79663348  0.16842105  5.36666667
  0.37719298  4.33333333 -1.02850235  0.16842105  5.23333333  0.37719298
  4.33333333 -1.60229409]",2449.0069231987
0.12558399999999997,[-0.09649282],"[ 0.16491228  5.3         0.3754386   4.53333333 -1.79663348  0.16842105
  5.36666667  0.37719298  4.33333333 -1.02850235  0.16842105  5.23333333
  0.37719298  4.33333333 -1.60229409  0.17017544  5.13333333  0.37894737
  4.36666667 -1.09649277]",2449.088480234146
0.12316799999999999,[0.14828318],"[ 0.16842105  5.36666667  0.37719298  4.33333333 -1.02850235  0.16842105
  5.23333333  0.37719298  4.33333333 -1.60229409  0.17017544  5.13333333
  0.37894737  4.36666667 -1.09649277  0.17368421  5.06666667  0.38245614
  4.4        -0.85171682]",2449.16086268425
0.12820000000000004,[-0.5845855],"[ 0.16842105  5.23333333  0.37719298  4.33333333 -1.60229409  0.17017544
  5.13333333  0.37894737  4.36666667 -1.09649277  0.17368421  5.06666667
  0.38245614  4.4        -0.85171682  0.17894737  5.13333333  0.3877193
  4.26666667 -1.58458543]",2449.2469985485077
0.130756,[-0.3094755],"[ 0.17017544  5.13333333  0.37894737  4.36666667 -1.09649277  0.17368421
  5.06666667  0.38245614  4.4        -0.85171682  0.17894737  5.13333333
  0.3877193   4.26666667 -1.58458543  0.18421053  5.06666667  0.39298246
  4.23333333 -1.30947554]",2449.3269267082214
0.130776,[-0.622991],"[ 0.17368421  5.06666667  0.38245614  4.4        -0.85171682  0.17894737
  5.13333333  0.3877193   4.26666667 -1.58458543  0.18421053  5.06666667
  0.39298246  4.23333333 -1.30947554  0.1877193   4.9         0.4
  4.3        -1.62299109]",2449.40829372406
0.13085600000000003,[-0.09375866],"[ 0.17894737  5.13333333  0.3877193   4.26666667 -1.58458543  0.18421053
  5.06666667  0.39298246  4.23333333 -1.30947554  0.1877193   4.9
  0.4         4.3        -1.62299109  0.19298246  4.8         0.40526316
  4.23333333 -1.0937587 ]",2449.491013288498
0.12840000000000001,[-0.95266277],"[ 0.18421053  5.06666667  0.39298246  4.23333333 -1.30947554  0.1877193
  4.9         0.4         4.3        -1.62299109  0.19298246  4.8
  0.40526316  4.23333333 -1.0937587   0.19824561  4.73333333  0.41052632
  4.2        -1.95266271]",2449.5670602321625
0.130856,[-0.8490338],"[ 0.1877193   4.9         0.4         4.3        -1.62299109  0.19298246
  4.8         0.40526316  4.23333333 -1.0937587   0.19824561  4.73333333
  0.41052632  4.2        -1.95266271  0.2         4.8         0.41403509
  4.16666667 -1.84903383]",2449.651091814041
0.12833999999999995,[0.11621236],"[ 0.19298246  4.8         0.40526316  4.23333333 -1.0937587   0.19824561
  4.73333333  0.41052632  4.2        -1.95266271  0.2         4.8
  0.41403509  4.16666667 -1.84903383  0.2         4.6         0.41403509
  4.3        -0.88378763]",2449.7320482730865
0.12344799999999996,[-0.7704184],"[ 0.19824561  4.73333333  0.41052632  4.2        -1.95266271  0.2
  4.8         0.41403509  4.16666667 -1.84903383  0.2         4.6
  0.41403509  4.3        -0.88378763  0.20175439  4.53333333  0.41578947
  4.26666667 -1.77041841]",2449.809461593628
0.09764799999999998,[-0.50548923],"[ 0.2         4.8         0.41403509  4.16666667 -1.84903383  0.2
  4.6         0.41403509  4.3        -0.88378763  0.20175439  4.53333333
  0.41578947  4.26666667 -1.77041841  0.20350877  4.6         0.41578947
  4.1        -1.50548923]",2449.887706041336
0.09525199999999998,[0.30035222],"[ 0.2         4.6         0.41403509  4.3        -0.88378763  0.20175439
  4.53333333  0.41578947  4.26666667 -1.77041841  0.20350877  4.6
  0.41578947  4.1        -1.50548923  0.20701754  4.53333333  0.41929825
  4.23333333 -0.69964778]",2449.9672379493713
0.097828,[0.34977907],"[ 0.20175439  4.53333333  0.41578947  4.26666667 -1.77041841  0.20350877
  4.6         0.41578947  4.1        -1.50548923  0.20701754  4.53333333
  0.41929825  4.23333333 -0.69964778  0.2122807   4.53333333  0.42631579
  4.23333333 -0.65022093]",2450.047182559967
0.10789200000000002,[0.37365595],"[ 0.20350877  4.6         0.41578947  4.1        -1.50548923  0.20701754
  4.53333333  0.41929825  4.23333333 -0.69964778  0.2122807   4.53333333
  0.42631579  4.23333333 -0.65022093  0.21929825  4.6         0.43157895
  4.         -0.62634408]",2450.127254962921
0.11549999999999998,[-0.08131389],"[ 0.20701754  4.53333333  0.41929825  4.23333333 -0.69964778  0.2122807
  4.53333333  0.42631579  4.23333333 -0.65022093  0.21929825  4.6
  0.43157895  4.         -0.62634408  0.22631579  4.56666667  0.43859649
  3.86666667 -1.08131385]",2450.2068059444427
0.11294400000000002,[-0.9723215],"[ 0.2122807   4.53333333  0.42631579  4.23333333 -0.65022093  0.21929825
  4.6         0.43157895  4.         -0.62634408  0.22631579  4.56666667
  0.43859649  3.86666667 -1.08131385  0.23157895  4.53333333  0.44210526
  3.86666667 -1.97232151]",2450.286963224411
0.10531599999999997,[0.74585485],"[ 0.21929825  4.6         0.43157895  4.         -0.62634408  0.22631579
  4.56666667  0.43859649  3.86666667 -1.08131385  0.23157895  4.53333333
  0.44210526  3.86666667 -1.97232151  0.23157895  4.43333333  0.44736842
  3.96666667 -0.25414515]",2450.3669629096985
0.10030400000000003,[-0.7461042],"[ 0.22631579  4.56666667  0.43859649  3.86666667 -1.08131385  0.23157895
  4.53333333  0.44210526  3.86666667 -1.97232151  0.23157895  4.43333333
  0.44736842  3.96666667 -0.25414515  0.23333333  4.26666667  0.44912281
  4.06666667 -1.74610424]",2450.447249889374
0.10028400000000001,[0.6343348],"[ 0.23157895  4.53333333  0.44210526  3.86666667 -1.97232151  0.23157895
  4.43333333  0.44736842  3.96666667 -0.25414515  0.23333333  4.26666667
  0.44912281  4.06666667 -1.74610424  0.23684211  4.36666667  0.44912281
  3.93333333 -0.3656652 ]",2450.5304675102234
0.10277999999999995,[-0.42273277],"[ 0.23157895  4.43333333  0.44736842  3.96666667 -0.25414515  0.23333333
  4.26666667  0.44912281  4.06666667 -1.74610424  0.23684211  4.36666667
  0.44912281  3.93333333 -0.3656652   0.23859649  4.33333333  0.45263158
  3.93333333 -1.42273283]",2450.606712579727
0.10781199999999999,[-0.16629834],"[ 0.23333333  4.26666667  0.44912281  4.06666667 -1.74610424  0.23684211
  4.36666667  0.44912281  3.93333333 -0.3656652   0.23859649  4.33333333
  0.45263158  3.93333333 -1.42273283  0.24385965  4.36666667  0.45438596
  3.83333333 -1.16629839]",2450.6810035705566
0.10781200000000002,[-0.8609357],"[ 0.23684211  4.36666667  0.44912281  3.93333333 -0.3656652   0.23859649
  4.33333333  0.45263158  3.93333333 -1.42273283  0.24385965  4.36666667
  0.45438596  3.83333333 -1.16629839  0.24736842  4.3         0.45964912
  3.8        -1.86093569]",2450.766760110855
0.11046799999999997,[0.7125156],"[ 0.23859649  4.33333333  0.45263158  3.93333333 -1.42273283  0.24385965
  4.36666667  0.45438596  3.83333333 -1.16629839  0.24736842  4.3
  0.45964912  3.8        -1.86093569  0.25438596  4.2         0.46842105
  3.83333333 -0.28748441]",2450.846994161606
0.11302399999999997,[-0.8238716],"[ 0.24385965  4.36666667  0.45438596  3.83333333 -1.16629839  0.24736842
  4.3         0.45964912  3.8        -1.86093569  0.25438596  4.2
  0.46842105  3.83333333 -0.28748441  0.26140351  4.13333333  0.47719298
  3.93333333 -1.82387161]",2450.9272603988647
0.11542,[-0.5713769],"[ 0.24736842  4.3         0.45964912  3.8        -1.86093569  0.25438596
  4.2         0.46842105  3.83333333 -0.28748441  0.26140351  4.13333333
  0.47719298  3.93333333 -1.82387161  0.26666667  4.23333333  0.48070175
  3.73333333 -1.57137692]",2451.0075771808624
0.11030799999999993,[0.3118011],"[ 0.25438596  4.2         0.46842105  3.83333333 -0.28748441  0.26140351
  4.13333333  0.47719298  3.93333333 -1.82387161  0.26666667  4.23333333
  0.48070175  3.73333333 -1.57137692  0.26842105  4.13333333  0.48245614
  3.73333333 -0.68819892]",2451.0883917808533
0.10519599999999998,[-0.8941712],"[ 0.26140351  4.13333333  0.47719298  3.93333333 -1.82387161  0.26666667
  4.23333333  0.48070175  3.73333333 -1.57137692  0.26842105  4.13333333
  0.48245614  3.73333333 -0.68819892  0.27017544  4.06666667  0.48421053
  3.73333333 -1.89417124]",2451.160843849182
0.11028800000000002,[-0.7204872],"[ 0.26666667  4.23333333  0.48070175  3.73333333 -1.57137692  0.26842105
  4.13333333  0.48245614  3.73333333 -0.68819892  0.27017544  4.06666667
  0.48421053  3.73333333 -1.89417124  0.2754386   4.16666667  0.4877193
  3.7        -1.72048712]",2451.2473924160004
0.11536000000000005,[-0.25427043],"[ 0.26842105  4.13333333  0.48245614  3.73333333 -0.68819892  0.27017544
  4.06666667  0.48421053  3.73333333 -1.89417124  0.2754386   4.16666667
  0.4877193   3.7        -1.72048712  0.27894737  4.03333333  0.49298246
  3.93333333 -1.25427043]",2451.3309338092804
0.12047200000000005,[0.8885906],"[ 0.27017544  4.06666667  0.48421053  3.73333333 -1.89417124  0.2754386
  4.16666667  0.4877193   3.7        -1.72048712  0.27894737  4.03333333
  0.49298246  3.93333333 -1.25427043  0.28421053  3.96666667  0.49824561
  4.03333333 -0.11140943]",2451.406676530838
0.12810000000000002,[0.28242972],"[ 0.2754386   4.16666667  0.4877193   3.7        -1.72048712  0.27894737
  4.03333333  0.49298246  3.93333333 -1.25427043  0.28421053  3.96666667
  0.49824561  4.03333333 -0.11140943  0.29122807  4.1         0.50526316
  3.96666667 -0.7175703 ]",2451.4843599796295
0.13053599999999999,[0.04888524],"[ 0.27894737  4.03333333  0.49298246  3.93333333 -1.25427043  0.28421053
  3.96666667  0.49824561  4.03333333 -0.11140943  0.29122807  4.1
  0.50526316  3.96666667 -0.7175703   0.29649123  4.23333333  0.51052632
  3.86666667 -0.95111477]",2451.5645825862885
0.128,[0.3389486],"[ 0.28421053  3.96666667  0.49824561  4.03333333 -0.11140943  0.29122807
  4.1         0.50526316  3.96666667 -0.7175703   0.29649123  4.23333333
  0.51052632  3.86666667 -0.95111477  0.3         4.2         0.51403509
  3.86666667 -0.66105139]",2451.6504921913147
0.12294800000000002,[-0.86482304],"[ 0.29122807  4.1         0.50526316  3.96666667 -0.7175703   0.29649123
  4.23333333  0.51052632  3.86666667 -0.95111477  0.3         4.2
  0.51403509  3.86666667 -0.66105139  0.30350877  4.16666667  0.51929825
  3.86666667 -1.8648231 ]",2451.722380876541
0.120332,[-0.05919806],"[ 0.29649123  4.23333333  0.51052632  3.86666667 -0.95111477  0.3
  4.2         0.51403509  3.86666667 -0.66105139  0.30350877  4.16666667
  0.51929825  3.86666667 -1.8648231   0.30877193  4.23333333  0.5245614
  3.9        -1.05919802]",2451.8077676296234
0.11783600000000001,[-0.93919563],"[ 0.3         4.2         0.51403509  3.86666667 -0.66105139  0.30350877
  4.16666667  0.51929825  3.86666667 -1.8648231   0.30877193  4.23333333
  0.5245614   3.9        -1.05919802  0.3122807   4.1         0.52807018
  4.1        -1.93919563]",2451.8876321315765
0.12290800000000002,[0.00972096],"[ 0.30350877  4.16666667  0.51929825  3.86666667 -1.8648231   0.30877193
  4.23333333  0.5245614   3.9        -1.05919802  0.3122807   4.1
  0.52807018  4.1        -1.93919563  0.31578947  4.06666667  0.53157895
  4.13333333 -0.99027902]",2451.967653989792
0.125384,[-0.6460271],"[ 0.30877193  4.23333333  0.5245614   3.9        -1.05919802  0.3122807
  4.1         0.52807018  4.1        -1.93919563  0.31578947  4.06666667
  0.53157895  4.13333333 -0.99027902  0.31929825  4.03333333  0.53508772
  4.23333333 -1.64602709]",2452.047040462494
0.130496,[-0.6562097],"[ 0.3122807   4.1         0.52807018  4.1        -1.93919563  0.31578947
  4.06666667  0.53157895  4.13333333 -0.99027902  0.31929825  4.03333333
  0.53508772  4.23333333 -1.64602709  0.32631579  4.13333333  0.54210526
  4.23333333 -1.65620971]",2452.1273787021637
0.135588,[-0.1682006],"[ 0.31578947  4.06666667  0.53157895  4.13333333 -0.99027902  0.31929825
  4.03333333  0.53508772  4.23333333 -1.64602709  0.32631579  4.13333333
  0.54210526  4.23333333 -1.65620971  0.33157895  4.13333333  0.54736842
  4.36666667 -1.16820061]",2452.207413673401
0.135608,[-0.45817754],"[ 0.31929825  4.03333333  0.53508772  4.23333333 -1.64602709  0.32631579
  4.13333333  0.54210526  4.23333333 -1.65620971  0.33157895  4.13333333
  0.54736842  4.36666667 -1.16820061  0.33684211  4.13333333  0.55263158
  4.43333333 -1.45817757]",2452.287099838257
0.138124,[-0.22414553],"[ 0.32631579  4.13333333  0.54210526  4.23333333 -1.65620971  0.33157895
  4.13333333  0.54736842  4.36666667 -1.16820061  0.33684211  4.13333333
  0.55263158  4.43333333 -1.45817757  0.34210526  4.13333333  0.55614035
  4.4        -1.22414553]",2452.366952419281
0.13293200000000005,[-0.3451293],"[ 0.33157895  4.13333333  0.54736842  4.36666667 -1.16820061  0.33684211
  4.13333333  0.55263158  4.43333333 -1.45817757  0.34210526  4.13333333
  0.55614035  4.4        -1.22414553  0.34561404  4.16666667  0.55964912
  4.46666667 -1.34512925]",2452.447181224823
0.12520400000000004,[0.74161494],"[ 0.33684211  4.13333333  0.55263158  4.43333333 -1.45817757  0.34210526
  4.13333333  0.55614035  4.4        -1.22414553  0.34561404  4.16666667
  0.55964912  4.46666667 -1.34512925  0.34736842  4.2         0.56315789
  4.53333333 -0.25838506]",2452.5268790721893
0.12268800000000005,[0.7570777],"[ 0.34210526  4.13333333  0.55614035  4.4        -1.22414553  0.34561404
  4.16666667  0.55964912  4.46666667 -1.34512925  0.34736842  4.2
  0.56315789  4.53333333 -0.25838506  0.35087719  4.23333333  0.56491228
  4.53333333 -0.24292231]",2452.6083097457886
