reward,action,obs,time
,,"[0.         0.         0.         0.         0.         0.
 0.         0.         0.         0.         0.         0.
 0.         0.         0.         0.03333333 5.8        0.24561404
 5.3        0.        ]",1246.0340793132782
-0.004971999999999997,[-0.87436116],"[ 0.          0.          0.          0.          0.          0.
  0.          0.          0.          0.          0.03333333  5.8
  0.24561404  5.3         0.          0.02982456  5.56666667  0.24561404
  5.43333333 -1.87436116]",1246.1974217891693
-0.0025559999999999958,[-0.618525],"[ 0.          0.          0.          0.          0.          0.03333333
  5.8         0.24561404  5.3         0.          0.02982456  5.56666667
  0.24561404  5.43333333 -1.87436116  0.03157895  5.8         0.24561404
  5.33333333 -1.61852503]",1246.2516467571259
-0.002475999999999999,[-0.11416022],"[ 0.03333333  5.8         0.24561404  5.3         0.          0.02982456
  5.56666667  0.24561404  5.43333333 -1.87436116  0.03157895  5.8
  0.24561404  5.33333333 -1.61852503  0.03157895  5.66666667  0.24561404
  5.4        -1.11416018]",1246.2990119457245
-0.002475999999999999,[0.39278054],"[ 0.02982456  5.56666667  0.24561404  5.43333333 -1.87436116  0.03157895
  5.8         0.24561404  5.33333333 -1.61852503  0.03157895  5.66666667
  0.24561404  5.4        -1.11416018  0.03157895  5.66666667  0.24561404
  5.4        -0.60721946]",1246.354166507721
-0.002475999999999999,[-0.58281004],"[ 0.03157895  5.8         0.24561404  5.33333333 -1.61852503  0.03157895
  5.66666667  0.24561404  5.4        -1.11416018  0.03157895  5.66666667
  0.24561404  5.4        -0.60721946  0.03157895  5.66666667  0.24561404
  5.4        -1.58281004]",1246.3978798389435
-0.004971999999999997,[0.69469917],"[ 0.03157895  5.66666667  0.24561404  5.4        -1.11416018  0.03157895
  5.66666667  0.24561404  5.4        -0.60721946  0.03157895  5.66666667
  0.24561404  5.4        -1.58281004  0.02982456  5.56666667  0.24561404
  5.5        -0.30530083]",1246.448800086975
-0.0024160000000000015,[0.6786947],"[ 0.03157895  5.66666667  0.24561404  5.4        -0.60721946  0.03157895
  5.66666667  0.24561404  5.4        -1.58281004  0.02982456  5.56666667
  0.24561404  5.5        -0.30530083  0.03157895  5.56666667  0.24736842
  5.46666667 -0.32130527]",1246.4998841285706
5.9999999999997555e-05,[-0.865827],"[ 0.03157895  5.66666667  0.24561404  5.4        -1.58281004  0.02982456
  5.56666667  0.24561404  5.5        -0.30530083  0.03157895  5.56666667
  0.24736842  5.46666667 -0.32130527  0.03333333  5.7         0.24561404
  5.3        -1.86582708]",1246.5482006072998
0.002576000000000002,[-0.7286749],"[ 0.02982456  5.56666667  0.24561404  5.5        -0.30530083  0.03157895
  5.56666667  0.24736842  5.46666667 -0.32130527  0.03333333  5.7
  0.24561404  5.3        -1.86582708  0.03508772  5.76666667  0.24736842
  5.23333333 -1.72867489]",1246.5983386039734
0.005131999999999998,[0.40243784],"[ 0.03157895  5.56666667  0.24736842  5.46666667 -0.32130527  0.03333333
  5.7         0.24561404  5.3        -1.86582708  0.03508772  5.76666667
  0.24736842  5.23333333 -1.72867489  0.03684211  5.76666667  0.24736842
  5.23333333 -0.59756219]",1246.6864416599274
0.007768000000000004,[-0.40406778],"[ 0.03333333  5.7         0.24561404  5.3        -1.86582708  0.03508772
  5.76666667  0.24736842  5.23333333 -1.72867489  0.03684211  5.76666667
  0.24736842  5.23333333 -0.59756219  0.03859649  5.63333333  0.25087719
  5.4        -1.40406775]",1246.762624502182
0.012840000000000004,[-0.80965793],"[ 0.03508772  5.76666667  0.24736842  5.23333333 -1.72867489  0.03684211
  5.76666667  0.24736842  5.23333333 -0.59756219  0.03859649  5.63333333
  0.25087719  5.4        -1.40406775  0.04210526  5.7         0.25263158
  5.3        -1.80965793]",1246.8424603939056
0.017991999999999994,[0.8694079],"[ 0.03684211  5.76666667  0.24736842  5.23333333 -0.59756219  0.03859649
  5.63333333  0.25087719  5.4        -1.40406775  0.04210526  5.7
  0.25263158  5.3        -1.80965793  0.04561404  5.63333333  0.25964912
  5.4        -0.13059211]",1246.9224400520325
0.02572000000000001,[-0.3279324],"[ 0.03859649  5.63333333  0.25087719  5.4        -1.40406775  0.04210526
  5.7         0.25263158  5.3        -1.80965793  0.04561404  5.63333333
  0.25964912  5.4        -0.13059211  0.05087719  5.53333333  0.26491228
  5.5        -1.32793236]",1247.002342224121
0.035844,[-0.78574806],"[ 0.04210526  5.7         0.25263158  5.3        -1.80965793  0.04561404
  5.63333333  0.25964912  5.4        -0.13059211  0.05087719  5.53333333
  0.26491228  5.5        -1.32793236  0.05789474  5.7         0.27017544
  5.33333333 -1.785748  ]",1247.0845680236816
0.041036,[0.29462704],"[ 0.04561404  5.63333333  0.25964912  5.4        -0.13059211  0.05087719
  5.53333333  0.26491228  5.5        -1.32793236  0.05789474  5.7
  0.27017544  5.33333333 -1.785748    0.06140351  5.56666667  0.2754386
  5.36666667 -0.70537293]",1247.1625051498413
0.046228000000000005,[0.04675287],"[ 0.05087719  5.53333333  0.26491228  5.5        -1.32793236  0.05789474
  5.7         0.27017544  5.33333333 -1.785748    0.06140351  5.56666667
  0.2754386   5.36666667 -0.70537293  0.06491228  5.43333333  0.27894737
  5.43333333 -0.95324713]",1247.2370300292969
0.056352,[-0.48585212],"[ 0.05789474  5.7         0.27017544  5.33333333 -1.785748    0.06140351
  5.56666667  0.2754386   5.36666667 -0.70537293  0.06491228  5.43333333
  0.27894737  5.43333333 -0.95324713  0.07192982  5.6         0.28421053
  5.26666667 -1.48585212]",1247.3235948085785
0.06402000000000001,[0.20927452],"[ 0.06140351  5.56666667  0.2754386   5.36666667 -0.70537293  0.06491228
  5.43333333  0.27894737  5.43333333 -0.95324713  0.07192982  5.6
  0.28421053  5.26666667 -1.48585212  0.07719298  5.6         0.28947368
  5.26666667 -0.79072547]",1247.403532743454
0.071748,[-0.8702012],"[ 0.06491228  5.43333333  0.27894737  5.43333333 -0.95324713  0.07192982
  5.6         0.28421053  5.26666667 -1.48585212  0.07719298  5.6
  0.28947368  5.26666667 -0.79072547  0.08245614  5.5         0.29473684
  5.33333333 -1.87020111]",1247.4852871894836
0.08944,[-0.89893806],"[ 0.07192982  5.6         0.28421053  5.26666667 -1.48585212  0.07719298
  5.6         0.28947368  5.26666667 -0.79072547  0.08245614  5.5
  0.29473684  5.33333333 -1.87020111  0.09122807  5.6         0.30350877
  5.23333333 -1.89893806]",1247.56605386734
0.09479200000000002,[0.7302438],"[ 0.07719298  5.6         0.28947368  5.26666667 -0.79072547  0.08245614
  5.5         0.29473684  5.33333333 -1.87020111  0.09122807  5.6
  0.30350877  5.23333333 -1.89893806  0.09649123  5.43333333  0.31052632
  5.4        -0.2697562 ]",1247.6439065933228
0.104976,[-0.956814],"[ 0.08245614  5.5         0.29473684  5.33333333 -1.87020111  0.09122807
  5.6         0.30350877  5.23333333 -1.89893806  0.09649123  5.43333333
  0.31052632  5.4        -0.2697562   0.10350877  5.36666667  0.31754386
  5.43333333 -1.95681405]",1247.7166368961334
0.109968,[-0.7475531],"[ 0.09122807  5.6         0.30350877  5.23333333 -1.89893806  0.09649123
  5.43333333  0.31052632  5.4        -0.2697562   0.10350877  5.36666667
  0.31754386  5.43333333 -1.95681405  0.10701754  5.56666667  0.3245614
  5.3        -1.74755311]",1247.802438735962
0.112604,[0.7991283],"[ 0.09649123  5.43333333  0.31052632  5.4        -0.2697562   0.10350877
  5.36666667  0.31754386  5.43333333 -1.95681405  0.10701754  5.56666667
  0.3245614   5.3        -1.74755311  0.10877193  5.43333333  0.32982456
  5.4        -0.20087171]",1247.8825540542603
0.12027200000000002,[-0.6399429],"[ 0.10350877  5.36666667  0.31754386  5.43333333 -1.95681405  0.10701754
  5.56666667  0.3245614   5.3        -1.74755311  0.10877193  5.43333333
  0.32982456  5.4        -0.20087171  0.1122807   5.33333333  0.33508772
  5.46666667 -1.63994288]",1247.96262717247
0.163504,[-0.94433975],"[ 0.10701754  5.56666667  0.3245614   5.3        -1.74755311  0.10877193
  5.43333333  0.32982456  5.4        -0.20087171  0.1122807   5.33333333
  0.33508772  5.46666667 -1.63994288  0.14385965  5.7         0.34210526
  5.3        -1.94433975]",1248.042626619339
0.16376400000000002,[-0.07730296],"[ 0.10877193  5.43333333  0.32982456  5.4        -0.20087171  0.1122807
  5.33333333  0.33508772  5.46666667 -1.63994288  0.14385965  5.7
  0.34210526  5.3        -1.94433975  0.14561404  5.4         0.35263158
  5.36666667 -1.07730293]",1248.1235914230347
0.171572,[-0.17549185],"[ 0.1122807   5.33333333  0.33508772  5.46666667 -1.63994288  0.14385965
  5.7         0.34210526  5.3        -1.94433975  0.14561404  5.4
  0.35263158  5.36666667 -1.07730293  0.15263158  5.23333333  0.36315789
  5.46666667 -1.17549181]",1248.2022700309753
0.17917999999999998,[0.27124208],"[ 0.14385965  5.7         0.34210526  5.3        -1.94433975  0.14561404
  5.4         0.35263158  5.36666667 -1.07730293  0.15263158  5.23333333
  0.36315789  5.46666667 -1.17549181  0.15964912  5.33333333  0.37192982
  5.4        -0.72875792]",1248.2840576171875
0.18928399999999998,[-0.7898302],"[ 0.14561404  5.4         0.35263158  5.36666667 -1.07730293  0.15263158
  5.23333333  0.36315789  5.46666667 -1.17549181  0.15964912  5.33333333
  0.37192982  5.4        -0.72875792  0.16842105  5.4         0.38245614
  5.36666667 -1.78983021]",1248.3622872829437
0.19443599999999997,[0.8555009],"[ 0.15263158  5.23333333  0.36315789  5.46666667 -1.17549181  0.15964912
  5.33333333  0.37192982  5.4        -0.72875792  0.16842105  5.4
  0.38245614  5.36666667 -1.78983021  0.1754386   5.4         0.39122807
  5.33333333 -0.14449912]",1248.4426126480103
0.19958800000000002,[-0.00859487],"[ 0.15964912  5.33333333  0.37192982  5.4        -0.72875792  0.16842105
  5.4         0.38245614  5.36666667 -1.78983021  0.1754386   5.4
  0.39122807  5.33333333 -0.14449912  0.18245614  5.26666667  0.39649123
  5.46666667 -1.00859487]",1248.522527217865
0.202004,[-0.46317738],"[ 0.16842105  5.4         0.38245614  5.36666667 -1.78983021  0.1754386
  5.4         0.39122807  5.33333333 -0.14449912  0.18245614  5.26666667
  0.39649123  5.46666667 -1.00859487  0.18947368  5.4         0.40526316
  5.36666667 -1.46317744]",1248.6023206710815
0.20466,[0.7422674],"[ 0.1754386   5.4         0.39122807  5.33333333 -0.14449912  0.18245614
  5.26666667  0.39649123  5.46666667 -1.00859487  0.18947368  5.4
  0.40526316  5.36666667 -1.46317744  0.19824561  5.4         0.4122807
  5.33333333 -0.25773263]",1248.682340145111
0.20969200000000005,[-0.8830796],"[ 0.18245614  5.26666667  0.39649123  5.46666667 -1.00859487  0.18947368
  5.4         0.40526316  5.36666667 -1.46317744  0.19824561  5.4
  0.4122807   5.33333333 -0.25773263  0.20526316  5.4         0.41929825
  5.4        -1.88307953]",1248.7623164653778
0.21719999999999998,[-0.6819435],"[ 0.18947368  5.4         0.40526316  5.36666667 -1.46317744  0.19824561
  5.4         0.4122807   5.33333333 -0.25773263  0.20526316  5.4
  0.41929825  5.4        -1.88307953  0.21403509  5.53333333  0.42631579
  5.23333333 -1.68194342]",1248.8425424098969
0.214804,[-0.9069966],"[ 0.19824561  5.4         0.4122807   5.33333333 -0.25773263  0.20526316
  5.4         0.41929825  5.4        -1.88307953  0.21403509  5.53333333
  0.42631579  5.23333333 -1.68194342  0.21929825  5.43333333  0.43333333
  5.33333333 -1.90699661]",1248.9224317073822
0.22003599999999995,[-0.9277344],"[ 0.20526316  5.4         0.41929825  5.4        -1.88307953  0.21403509
  5.53333333  0.42631579  5.23333333 -1.68194342  0.21929825  5.43333333
  0.43333333  5.33333333 -1.90699661  0.22807018  5.23333333  0.44210526
  5.5        -1.92773438]",1249.0031867027283
0.22512799999999994,[-0.8404223],"[ 0.21403509  5.53333333  0.42631579  5.23333333 -1.68194342  0.21929825
  5.43333333  0.43333333  5.33333333 -1.90699661  0.22807018  5.23333333
  0.44210526  5.5        -1.92773438  0.23684211  5.16666667  0.45087719
  5.56666667 -1.84042227]",1249.0837728977203
0.225188,[0.0461714],"[ 0.21929825  5.43333333  0.43333333  5.33333333 -1.90699661  0.22807018
  5.23333333  0.44210526  5.5        -1.92773438  0.23684211  5.16666667
  0.45087719  5.56666667 -1.84042227  0.24561404  5.16666667  0.45964912
  5.66666667 -0.95382857]",1249.162752866745
0.22762399999999997,[-0.8675127],"[ 0.22807018  5.23333333  0.44210526  5.5        -1.92773438  0.23684211
  5.16666667  0.45087719  5.56666667 -1.84042227  0.24561404  5.16666667
  0.45964912  5.66666667 -0.95382857  0.25263158  5.2         0.46666667
  5.7        -1.8675127 ]",1249.236998796463
0.22754400000000005,[-0.50158554],"[ 0.23684211  5.16666667  0.45087719  5.56666667 -1.84042227  0.24561404
  5.16666667  0.45964912  5.66666667 -0.95382857  0.25263158  5.2
  0.46666667  5.7        -1.8675127   0.25964912  5.26666667  0.47368421
  5.66666667 -1.50158548]",1249.3226144313812
0.22776400000000002,[0.18797706],"[ 0.24561404  5.16666667  0.45964912  5.66666667 -0.95382857  0.25263158
  5.2         0.46666667  5.7        -1.8675127   0.25964912  5.26666667
  0.47368421  5.66666667 -1.50158548  0.26315789  5.1         0.47719298
  5.8        -0.81202292]",1249.4040615558624
0.23275599999999996,[-0.19599745],"[ 0.25263158  5.2         0.46666667  5.7        -1.8675127   0.25964912
  5.26666667  0.47368421  5.66666667 -1.50158548  0.26315789  5.1
  0.47719298  5.8        -0.81202292  0.26842105  5.16666667  0.48070175
  5.76666667 -1.19599748]",1249.483436346054
0.237728,[-0.50069594],"[ 0.25964912  5.26666667  0.47368421  5.66666667 -1.50158548  0.26315789
  5.1         0.47719298  5.8        -0.81202292  0.26842105  5.16666667
  0.48070175  5.76666667 -1.19599748  0.2754386   5.3         0.4877193
  5.7        -1.50069594]",1249.5627162456512
0.199648,[-0.6073196],"[ 0.26315789  5.1         0.47719298  5.8        -0.81202292  0.26842105
  5.16666667  0.48070175  5.76666667 -1.19599748  0.2754386   5.3
  0.4877193   5.7        -1.50069594  0.28070175  5.23333333  0.49473684
  5.83333333 -1.60731959]",1249.6448185443878
0.20715599999999995,[0.79207265],"[ 0.26842105  5.16666667  0.48070175  5.76666667 -1.19599748  0.2754386
  5.3         0.4877193   5.7        -1.50069594  0.28070175  5.23333333
  0.49473684  5.83333333 -1.60731959  0.2877193   5.2         0.5
  6.         -0.20792735]",1249.7165203094482
0.20701599999999995,[-0.36975026],"[ 0.2754386   5.3         0.4877193   5.7        -1.50069594  0.28070175
  5.23333333  0.49473684  5.83333333 -1.60731959  0.2877193   5.2
  0.5         6.         -0.20792735  0.29473684  5.26666667  0.50701754
  6.03333333 -1.36975026]",1249.802888393402
0.20440000000000005,[-0.08198757],"[ 0.28070175  5.23333333  0.49473684  5.83333333 -1.60731959  0.2877193
  5.2         0.5         6.         -0.20792735  0.29473684  5.26666667
  0.50701754  6.03333333 -1.36975026  0.3         5.46666667  0.51403509
  5.9        -1.08198762]",1249.8830785751343
0.199348,[-0.14506172],"[ 0.2877193   5.2         0.5         6.         -0.20792735  0.29473684
  5.26666667  0.50701754  6.03333333 -1.36975026  0.3         5.46666667
  0.51403509  5.9        -1.08198762  0.30526316  5.43333333  0.51929825
  5.96666667 -1.14506173]",1249.9624526500702
0.196772,[0.5904511],"[ 0.29473684  5.26666667  0.50701754  6.03333333 -1.36975026  0.3
  5.46666667  0.51403509  5.9        -1.08198762  0.30526316  5.43333333
  0.51929825  5.96666667 -1.14506173  0.31052632  5.46666667  0.52280702
  6.03333333 -0.40954888]",1250.0373361110687
0.19151999999999997,[-0.45277008],"[ 0.3         5.46666667  0.51403509  5.9        -1.08198762  0.30526316
  5.43333333  0.51929825  5.96666667 -1.14506173  0.31052632  5.46666667
  0.52280702  6.03333333 -0.40954888  0.31403509  5.56666667  0.52807018
  6.         -1.45277011]",1250.117173910141
0.18898399999999999,[0.7061218],"[ 0.30526316  5.43333333  0.51929825  5.96666667 -1.14506173  0.31052632
  5.46666667  0.52280702  6.03333333 -0.40954888  0.31403509  5.56666667
  0.52807018  6.         -1.45277011  0.31929825  5.66666667  0.53508772
  5.96666667 -0.2938782 ]",1250.1964876651764
0.183912,[-0.75825936],"[ 0.31052632  5.46666667  0.52280702  6.03333333 -0.40954888  0.31403509
  5.56666667  0.52807018  6.         -1.45277011  0.31929825  5.66666667
  0.53508772  5.96666667 -0.2938782   0.3245614   5.6         0.53859649
  6.03333333 -1.7582593 ]",1250.282175064087
0.18129599999999998,[0.641489],"[ 0.31403509  5.56666667  0.52807018  6.         -1.45277011  0.31929825
  5.66666667  0.53508772  5.96666667 -0.2938782   0.3245614   5.6
  0.53859649  6.03333333 -1.7582593   0.32982456  5.7         0.54385965
  6.         -0.35851097]",1250.3629491329193
0.17882000000000003,[0.30231744],"[ 0.31929825  5.66666667  0.53508772  5.96666667 -0.2938782   0.3245614
  5.6         0.53859649  6.03333333 -1.7582593   0.32982456  5.7
  0.54385965  6.         -0.35851097  0.33684211  5.7         0.54912281
  6.06666667 -0.69768256]",1250.4425811767578
0.176124,[-0.659726],"[ 0.3245614   5.6         0.53859649  6.03333333 -1.7582593   0.32982456
  5.7         0.54385965  6.         -0.35851097  0.33684211  5.7
  0.54912281  6.06666667 -0.69768256  0.34035088  5.83333333  0.55614035
  6.         -1.65972602]",1250.5236320495605
0.17340800000000003,[-0.5670027],"[ 0.32982456  5.7         0.54385965  6.         -0.35851097  0.33684211
  5.7         0.54912281  6.06666667 -0.69768256  0.34035088  5.83333333
  0.55614035  6.         -1.65972602  0.34736842  5.9         0.56140351
  6.         -1.56700277]",1250.60240483284
0.16833599999999999,[0.92940414],"[ 0.33684211  5.7         0.54912281  6.06666667 -0.69768256  0.34035088
  5.83333333  0.55614035  6.         -1.65972602  0.34736842  5.9
  0.56140351  6.         -1.56700277  0.35263158  5.76666667  0.56666667
  6.23333333 -0.07059586]",1250.6823735237122
0.16320399999999996,[0.8413966],"[ 0.34035088  5.83333333  0.55614035  6.         -1.65972602  0.34736842
  5.9         0.56140351  6.         -1.56700277  0.35263158  5.76666667
  0.56666667  6.23333333 -0.07059586  0.35789474  5.8         0.57192982
  6.26666667 -0.15860343]",1250.7565948963165
0.16306400000000004,[-0.23938696],"[ 0.34736842  5.9         0.56140351  6.         -1.56700277  0.35263158
  5.76666667  0.56666667  6.23333333 -0.07059586  0.35789474  5.8
  0.57192982  6.26666667 -0.15860343  0.36491228  6.06666667  0.57719298
  6.03333333 -1.23938692]",1250.8375763893127
0.16048799999999996,[-0.26022014],"[ 0.35263158  5.76666667  0.56666667  6.23333333 -0.07059586  0.35789474
  5.8         0.57192982  6.26666667 -0.15860343  0.36491228  6.06666667
  0.57719298  6.03333333 -1.23938692  0.37017544  6.16666667  0.58245614
  5.9        -1.26022017]",1250.9242296218872
0.16302399999999995,[-0.22921698],"[ 0.35789474  5.8         0.57192982  6.26666667 -0.15860343  0.36491228
  6.06666667  0.57719298  6.03333333 -1.23938692  0.37017544  6.16666667
  0.58245614  5.9        -1.26022017  0.3754386   6.03333333  0.5877193
  6.         -1.22921693]",1251.003740310669
0.16562,[0.38064286],"[ 0.36491228  6.06666667  0.57719298  6.03333333 -1.23938692  0.37017544
  6.16666667  0.58245614  5.9        -1.26022017  0.3754386   6.03333333
  0.5877193   6.         -1.22921693  0.38245614  6.03333333  0.59473684
  6.03333333 -0.61935711]",1251.0824937820435
0.16567999999999994,[0.01189001],"[ 0.37017544  6.16666667  0.58245614  5.9        -1.26022017  0.3754386
  6.03333333  0.5877193   6.         -1.22921693  0.38245614  6.03333333
  0.59473684  6.03333333 -0.61935711  0.38947368  6.06666667  0.60350877
  5.96666667 -0.98811001]",1251.1626226902008
0.17071200000000003,[0.18870491],"[ 0.3754386   6.03333333  0.5877193   6.         -1.22921693  0.38245614
  6.03333333  0.59473684  6.03333333 -0.61935711  0.38947368  6.06666667
  0.60350877  5.96666667 -0.98811001  0.39824561  6.13333333  0.6122807
  5.86666667 -0.81129509]",1251.2431621551514
0.17326799999999998,[-0.69526696],"[ 0.38245614  6.03333333  0.59473684  6.03333333 -0.61935711  0.38947368
  6.06666667  0.60350877  5.96666667 -0.98811001  0.39824561  6.13333333
  0.6122807   5.86666667 -0.81129509  0.40701754  6.1         0.61929825
  5.9        -1.69526696]",1251.3236951828003
0.17075199999999996,[0.6236491],"[ 0.38947368  6.06666667  0.60350877  5.96666667 -0.98811001  0.39824561
  6.13333333  0.6122807   5.86666667 -0.81129509  0.40701754  6.1
  0.61929825  5.9        -1.69526696  0.4122807   6.1         0.62631579
  5.96666667 -0.37635088]",1251.4022331237793
0.16582000000000002,[-0.00065856],"[ 0.39824561  6.13333333  0.6122807   5.86666667 -0.81129509  0.40701754
  6.1         0.61929825  5.9        -1.69526696  0.4122807   6.1
  0.62631579  5.96666667 -0.37635088  0.41403509  6.          0.62807018
  6.03333333 -1.00065851]",1251.4826266765594
0.163184,[0.8042812],"[ 0.40701754  6.1         0.61929825  5.9        -1.69526696  0.4122807
  6.1         0.62631579  5.96666667 -0.37635088  0.41403509  6.
  0.62807018  6.03333333 -1.00065851  0.41754386  6.1         0.62982456
  5.86666667 -0.19571882]",1251.5678384304047
0.16314400000000007,[0.27109024],"[ 0.4122807   6.1         0.62631579  5.96666667 -0.37635088  0.41403509
  6.          0.62807018  6.03333333 -1.00065851  0.41754386  6.1
  0.62982456  5.86666667 -0.19571882  0.42280702  6.2         0.63333333
  5.73333333 -0.72890973]",1251.6425559520721
0.16570000000000001,[0.28030497],"[ 0.41403509  6.          0.62807018  6.03333333 -1.00065851  0.41754386
  6.1         0.62982456  5.86666667 -0.19571882  0.42280702  6.2
  0.63333333  5.73333333 -0.72890973  0.42807018  6.3         0.63684211
  5.63333333 -0.71969503]",1251.716736793518
0.16578000000000004,[-0.83354425],"[ 0.41754386  6.1         0.62982456  5.86666667 -0.19571882  0.42280702
  6.2         0.63333333  5.73333333 -0.72890973  0.42807018  6.3
  0.63684211  5.63333333 -0.71969503  0.43333333  6.26666667  0.64210526
  5.6        -1.83354425]",1251.8027131557465
0.16322399999999998,[-0.5233025],"[ 0.42280702  6.2         0.63333333  5.73333333 -0.72890973  0.42807018
  6.3         0.63684211  5.63333333 -0.71969503  0.43333333  6.26666667
  0.64210526  5.6        -1.83354425  0.43684211  6.2         0.64736842
  5.6        -1.52330256]",1251.8823602199554
0.16082799999999997,[-0.07396373],"[ 0.42807018  6.3         0.63684211  5.63333333 -0.71969503  0.43333333
  6.26666667  0.64210526  5.6        -1.83354425  0.43684211  6.2
  0.64736842  5.6        -1.52330256  0.44035088  6.03333333  0.65438596
  5.7        -1.07396376]",1251.963167667389
0.16080800000000006,[-0.17403546],"[ 0.43333333  6.26666667  0.64210526  5.6        -1.83354425  0.43684211
  6.2         0.64736842  5.6        -1.52330256  0.44035088  6.03333333
  0.65438596  5.7        -1.07396376  0.44736842  6.06666667  0.65789474
  5.66666667 -1.17403543]",1252.046451807022
0.16593999999999998,[-0.36631143],"[ 0.43684211  6.2         0.64736842  5.6        -1.52330256  0.44035088
  6.03333333  0.65438596  5.7        -1.07396376  0.44736842  6.06666667
  0.65789474  5.66666667 -1.17403543  0.45438596  6.16666667  0.66315789
  5.6        -1.36631143]",1252.1223483085632
0.16090800000000005,[-0.7744632],"[ 0.44035088  6.03333333  0.65438596  5.7        -1.07396376  0.44736842
  6.06666667  0.65789474  5.66666667 -1.17403543  0.45438596  6.16666667
  0.66315789  5.6        -1.36631143  0.45789474  6.1         0.66842105
  5.6        -1.77446318]",1252.1963968276978
0.15833200000000003,[-0.9058897],"[ 0.44736842  6.06666667  0.65789474  5.66666667 -1.17403543  0.45438596
  6.16666667  0.66315789  5.6        -1.36631143  0.45789474  6.1
  0.66842105  5.6        -1.77446318  0.46140351  6.          0.67192982
  5.63333333 -1.90588975]",1252.2826385498047
0.15332,[0.6204728],"[ 0.45438596  6.16666667  0.66315789  5.6        -1.36631143  0.45789474
  6.1         0.66842105  5.6        -1.77446318  0.46140351  6.
  0.67192982  5.63333333 -1.90588975  0.46315789  5.86666667  0.6754386
  5.66666667 -0.37952721]",1252.363280057907
0.14832800000000002,[0.40965232],"[ 0.45789474  6.1         0.66842105  5.6        -1.77446318  0.46140351
  6.          0.67192982  5.63333333 -1.90588975  0.46315789  5.86666667
  0.6754386   5.66666667 -0.37952721  0.46666667  5.93333333  0.67894737
  5.6        -0.59034765]",1252.4424815177917
0.14571200000000006,[-0.5844536],"[ 0.46140351  6.          0.67192982  5.63333333 -1.90588975  0.46315789
  5.86666667  0.6754386   5.66666667 -0.37952721  0.46666667  5.93333333
  0.67894737  5.6        -0.59034765  0.47017544  6.13333333  0.67894737
  5.33333333 -1.58445358]",1252.5248851776123
0.1430760000000001,[-0.5420983],"[ 0.46315789  5.86666667  0.6754386   5.66666667 -0.37952721  0.46666667
  5.93333333  0.67894737  5.6        -0.59034765  0.47017544  6.13333333
  0.67894737  5.33333333 -1.58445358  0.47368421  6.13333333  0.68070175
  5.26666667 -1.54209828]",1252.6012732982635
0.13552799999999998,[0.7289865],"[ 0.46666667  5.93333333  0.67894737  5.6        -0.59034765  0.47017544
  6.13333333  0.67894737  5.33333333 -1.58445358  0.47368421  6.13333333
  0.68070175  5.26666667 -1.54209828  0.4754386   5.93333333  0.68596491
  5.36666667 -0.2710135 ]",1252.6829657554626
0.13301200000000002,[0.08982933],"[ 0.47017544  6.13333333  0.67894737  5.33333333 -1.58445358  0.47368421
  6.13333333  0.68070175  5.26666667 -1.54209828  0.4754386   5.93333333
  0.68596491  5.36666667 -0.2710135   0.48070175  5.9         0.69122807
  5.3        -0.91017067]",1252.7629232406616
0.13297199999999998,[0.30161616],"[ 0.47368421  6.13333333  0.68070175  5.26666667 -1.54209828  0.4754386
  5.93333333  0.68596491  5.36666667 -0.2710135   0.48070175  5.9
  0.69122807  5.3        -0.91017067  0.48947368  6.03333333  0.69473684
  5.03333333 -0.69838381]",1252.843586921692
0.13039600000000007,[0.8870514],"[ 0.4754386   5.93333333  0.68596491  5.36666667 -0.2710135   0.48070175
  5.9         0.69122807  5.3        -0.91017067  0.48947368  6.03333333
  0.69473684  5.03333333 -0.69838381  0.49649123  6.03333333  0.70175439
  4.93333333 -0.1129486 ]",1252.9238941669464
0.13291200000000003,[0.7992153],"[ 0.48070175  5.9         0.69122807  5.3        -0.91017067  0.48947368
  6.03333333  0.69473684  5.03333333 -0.69838381  0.49649123  6.03333333
  0.70175439  4.93333333 -0.1129486   0.50350877  6.1         0.70526316
  4.8        -0.20078468]",1253.0073170661926
0.14047999999999994,[-0.64788324],"[ 0.48947368  6.03333333  0.69473684  5.03333333 -0.69838381  0.49649123
  6.03333333  0.70175439  4.93333333 -0.1129486   0.50350877  6.1
  0.70526316  4.8        -0.20078468  0.51052632  6.16666667  0.70701754
  4.63333333 -1.64788318]",1253.0870625972748
