reward,action,obs,time
,,"[0.         0.         0.         0.         0.         0.
 0.         0.         0.         0.         0.         0.
 0.         0.         0.         0.03157895 5.66666667 0.24561404
 5.4        0.        ]",675.8725738525391
-0.00010000000000000286,[-0.31802517],"[ 0.          0.          0.          0.          0.          0.
  0.          0.          0.          0.          0.03157895  5.66666667
  0.24561404  5.4         0.          0.03157895  5.83333333  0.24385965
  5.33333333 -1.31802511]",676.0412380695343
5.9999999999997555e-05,[-0.61170983],"[ 0.          0.          0.          0.          0.          0.03157895
  5.66666667  0.24561404  5.4         0.          0.03157895  5.83333333
  0.24385965  5.33333333 -1.31802511  0.03157895  5.56666667  0.24385965
  5.46666667 -1.61170983]",676.0910632610321
-0.0025560000000000027,[0.63619703],"[ 0.03157895  5.66666667  0.24561404  5.4         0.          0.03157895
  5.83333333  0.24385965  5.33333333 -1.31802511  0.03157895  5.56666667
  0.24385965  5.46666667 -1.61170983  0.02982456  5.66666667  0.24385965
  5.4        -0.36380297]",676.1412215232849
-0.0025359999999999966,[0.5594398],"[ 0.03157895  5.83333333  0.24385965  5.33333333 -1.31802511  0.03157895
  5.56666667  0.24385965  5.46666667 -1.61170983  0.02982456  5.66666667
  0.24385965  5.4        -0.36380297  0.02982456  5.63333333  0.24385965
  5.43333333 -0.44056022]",676.1913888454437
-0.0025359999999999966,[0.45730236],"[ 0.03157895  5.56666667  0.24385965  5.46666667 -1.61170983  0.02982456
  5.66666667  0.24385965  5.4        -0.36380297  0.02982456  5.63333333
  0.24385965  5.43333333 -0.44056022  0.02982456  5.63333333  0.24561404
  5.43333333 -0.54269767]",676.2417666912079
3.999999999999837e-05,[-0.7706116],"[ 0.02982456  5.66666667  0.24385965  5.4        -0.36380297  0.02982456
  5.63333333  0.24385965  5.43333333 -0.44056022  0.02982456  5.63333333
  0.24561404  5.43333333 -0.54269767  0.03157895  5.6         0.24385965
  5.46666667 -1.77061152]",676.2868666648865
7.999999999999674e-05,[0.7851576],"[ 0.02982456  5.63333333  0.24385965  5.43333333 -0.44056022  0.02982456
  5.63333333  0.24561404  5.43333333 -0.54269767  0.03157895  5.6
  0.24385965  5.46666667 -1.77061152  0.03157895  5.53333333  0.24736842
  5.5        -0.21484238]",676.335321187973
0.005072,[-0.31917578],"[ 0.02982456  5.63333333  0.24561404  5.43333333 -0.54269767  0.03157895
  5.6         0.24385965  5.46666667 -1.77061152  0.03157895  5.53333333
  0.24736842  5.5        -0.21484238  0.03508772  5.73333333  0.24736842
  5.3        -1.31917572]",676.3863110542297
0.005052000000000001,[-0.31045157],"[ 0.03157895  5.6         0.24385965  5.46666667 -1.77061152  0.03157895
  5.53333333  0.24736842  5.5        -0.21484238  0.03508772  5.73333333
  0.24736842  5.3        -1.31917572  0.03508772  5.76666667  0.24736842
  5.23333333 -1.31045151]",676.4355163574219
0.007648000000000002,[-0.58585256],"[ 0.03157895  5.53333333  0.24736842  5.5        -0.21484238  0.03508772
  5.73333333  0.24736842  5.3        -1.31917572  0.03508772  5.76666667
  0.24736842  5.23333333 -1.31045151  0.03684211  5.7         0.24912281
  5.3        -1.58585262]",676.4920132160187
0.010244000000000003,[0.5893239],"[ 0.03508772  5.73333333  0.24736842  5.3        -1.31917572  0.03508772
  5.76666667  0.24736842  5.23333333 -1.31045151  0.03684211  5.7
  0.24912281  5.3        -1.58585262  0.03859649  5.63333333  0.25263158
  5.4        -0.41067612]",676.5709292888641
0.017911999999999997,[-0.11133806],"[ 0.03508772  5.76666667  0.24736842  5.23333333 -1.31045151  0.03684211
  5.7         0.24912281  5.3        -1.58585262  0.03859649  5.63333333
  0.25263158  5.4        -0.41067612  0.04385965  5.63333333  0.25614035
  5.36666667 -1.11133802]",676.6508626937866
0.025479999999999996,[-0.83588177],"[ 0.03684211  5.7         0.24912281  5.3        -1.58585262  0.03859649
  5.63333333  0.25263158  5.4        -0.41067612  0.04385965  5.63333333
  0.25614035  5.36666667 -1.11133802  0.04912281  5.8         0.25964912
  5.2        -1.83588171]",676.7311890125275
0.028136000000000005,[0.3316303],"[ 0.03859649  5.63333333  0.25263158  5.4        -0.41067612  0.04385965
  5.63333333  0.25614035  5.36666667 -1.11133802  0.04912281  5.8
  0.25964912  5.2        -1.83588171  0.05087719  5.63333333  0.26315789
  5.26666667 -0.66836971]",676.8110203742981
0.033308000000000004,[0.18159328],"[ 0.04385965  5.63333333  0.25614035  5.36666667 -1.11133802  0.04912281
  5.8         0.25964912  5.2        -1.83588171  0.05087719  5.63333333
  0.26315789  5.26666667 -0.66836971  0.05438596  5.53333333  0.26842105
  5.4        -0.8184067 ]",676.8909206390381
0.043452000000000005,[0.58576906],"[ 0.04912281  5.8         0.25964912  5.2        -1.83588171  0.05087719
  5.63333333  0.26315789  5.26666667 -0.66836971  0.05438596  5.53333333
  0.26842105  5.4        -0.8184067   0.06140351  5.66666667  0.27368421
  5.2        -0.41423094]",676.9710283279419
0.053635999999999996,[-0.86829096],"[ 0.05087719  5.63333333  0.26315789  5.26666667 -0.66836971  0.05438596
  5.53333333  0.26842105  5.4        -0.8184067   0.06140351  5.66666667
  0.27368421  5.2        -0.41423094  0.06842105  5.73333333  0.27719298
  5.         -1.8682909 ]",677.0509116649628
0.061304000000000004,[0.46679395],"[ 0.05438596  5.53333333  0.26842105  5.4        -0.8184067   0.06140351
  5.66666667  0.27368421  5.2        -0.41423094  0.06842105  5.73333333
  0.27719298  5.         -1.8682909   0.07368421  5.73333333  0.28245614
  4.9        -0.53320605]",677.130996465683
0.066496,[-0.28134185],"[ 0.06140351  5.66666667  0.27368421  5.2        -0.41423094  0.06842105
  5.73333333  0.27719298  5.         -1.8682909   0.07368421  5.73333333
  0.28245614  4.9        -0.53320605  0.07719298  5.6         0.2877193
  5.         -1.28134179]",677.2110676765442
0.07668,[0.57310444],"[ 0.06842105  5.73333333  0.27719298  5.         -1.8682909   0.07368421
  5.73333333  0.28245614  4.9        -0.53320605  0.07719298  5.6
  0.2877193   5.         -1.28134179  0.08421053  5.66666667  0.29298246
  4.93333333 -0.42689556]",677.2910284996033
0.08442799999999999,[-0.83654463],"[ 0.07368421  5.73333333  0.28245614  4.9        -0.53320605  0.07719298
  5.6         0.2877193   5.         -1.28134179  0.08421053  5.66666667
  0.29298246  4.93333333 -0.42689556  0.08947368  5.7         0.3
  4.83333333 -1.83654463]",677.3712375164032
0.09702799999999998,[-0.23165695],"[ 0.07719298  5.6         0.2877193   5.         -1.28134179  0.08421053
  5.66666667  0.29298246  4.93333333 -0.42689556  0.08947368  5.7
  0.3         4.83333333 -1.83654463  0.09824561  5.73333333  0.30350877
  4.7        -1.23165691]",677.4510262012482
0.10483599999999997,[-0.7865196],"[ 0.08421053  5.66666667  0.29298246  4.93333333 -0.42689556  0.08947368
  5.7         0.3         4.83333333 -1.83654463  0.09824561  5.73333333
  0.30350877  4.7        -1.23165691  0.10175439  5.6         0.31052632
  4.76666667 -1.78651953]",677.5312707424164
0.10745199999999996,[0.16365942],"[ 0.08947368  5.7         0.3         4.83333333 -1.83654463  0.09824561
  5.73333333  0.30350877  4.7        -1.23165691  0.10175439  5.6
  0.31052632  4.76666667 -1.78651953  0.10350877  5.46666667  0.31578947
  4.83333333 -0.83634055]",677.6111836433411
0.11004799999999999,[-0.03513354],"[ 0.09824561  5.73333333  0.30350877  4.7        -1.23165691  0.10175439
  5.6         0.31052632  4.76666667 -1.78651953  0.10350877  5.46666667
  0.31578947  4.83333333 -0.83634055  0.10526316  5.4         0.32105263
  4.8        -1.0351336 ]",677.6911203861237
0.11505999999999998,[-0.2522565],"[ 0.10175439  5.6         0.31052632  4.76666667 -1.78651953  0.10350877
  5.46666667  0.31578947  4.83333333 -0.83634055  0.10526316  5.4
  0.32105263  4.8        -1.0351336   0.11052632  5.53333333  0.32631579
  4.6        -1.25225651]",677.7707855701447
0.11765599999999998,[0.75050515],"[ 0.10350877  5.46666667  0.31578947  4.83333333 -0.83634055  0.10526316
  5.4         0.32105263  4.8        -1.0351336   0.11052632  5.53333333
  0.32631579  4.6        -1.25225651  0.1122807   5.4         0.33157895
  4.56666667 -0.24949485]",677.8559460639954
0.11539999999999999,[-0.5896021],"[ 0.10526316  5.4         0.32105263  4.8        -1.0351336   0.11052632
  5.53333333  0.32631579  4.6        -1.25225651  0.1122807   5.4
  0.33157895  4.56666667 -0.24949485  0.11403509  5.1         0.33684211
  4.5        -1.58960211]",677.9260075092316
0.161128,[0.2616098],"[ 0.11052632  5.53333333  0.32631579  4.6        -1.25225651  0.1122807
  5.4         0.33157895  4.56666667 -0.24949485  0.11403509  5.1
  0.33684211  4.5        -1.58960211  0.14561404  5.6         0.33684211
  4.2        -0.73839021]",678.0103182792664
0.15863199999999997,[-0.7928014],"[ 0.1122807   5.4         0.33157895  4.56666667 -0.24949485  0.11403509
  5.1         0.33684211  4.5        -1.58960211  0.14561404  5.6
  0.33684211  4.2        -0.73839021  0.14561404  5.43333333  0.33859649
  4.1        -1.79280138]",678.0910046100616
0.158612,[0.9443599],"[ 0.11403509  5.1         0.33684211  4.5        -1.58960211  0.14561404
  5.6         0.33684211  4.2        -0.73839021  0.14561404  5.43333333
  0.33859649  4.1        -1.79280138  0.14736842  5.4         0.34561404
  4.1        -0.0556401 ]",678.1710186004639
0.15615600000000002,[0.8706153],"[ 0.14561404  5.6         0.33684211  4.2        -0.73839021  0.14561404
  5.43333333  0.33859649  4.1        -1.79280138  0.14736842  5.4
  0.34561404  4.1        -0.0556401   0.15087719  5.23333333  0.35263158
  4.16666667 -0.1293847 ]",678.2510492801666
0.156196,[0.9494812],"[ 0.14561404  5.43333333  0.33859649  4.1        -1.79280138  0.14736842
  5.4         0.34561404  4.1        -0.0556401   0.15087719  5.23333333
  0.35263158  4.16666667 -0.1293847   0.15614035  5.33333333  0.35614035
  3.93333333 -0.05051881]",678.331214427948
0.168816,[0.02214828],"[ 0.14736842  5.4         0.34561404  4.1        -0.0556401   0.15087719
  5.23333333  0.35263158  4.16666667 -0.1293847   0.15614035  5.33333333
  0.35614035  3.93333333 -0.05051881  0.16666667  5.43333333  0.35614035
  3.66666667 -0.97785169]",678.4109823703766
0.168756,[0.5156149],"[ 0.15087719  5.23333333  0.35263158  4.16666667 -0.1293847   0.15614035
  5.33333333  0.35614035  3.93333333 -0.05051881  0.16666667  5.43333333
  0.35614035  3.66666667 -0.97785169  0.17017544  5.43333333  0.35789474
  3.63333333 -0.48438507]",678.4911963939667
0.15863199999999997,[-0.8232367],"[ 0.15614035  5.33333333  0.35614035  3.93333333 -0.05051881  0.16666667
  5.43333333  0.35614035  3.66666667 -0.97785169  0.17017544  5.43333333
  0.35789474  3.63333333 -0.48438507  0.17017544  5.4         0.36140351
  3.63333333 -1.8232367 ]",678.5711512565613
0.151004,[-0.76992226],"[ 0.16666667  5.43333333  0.35614035  3.66666667 -0.97785169  0.17017544
  5.43333333  0.35789474  3.63333333 -0.48438507  0.17017544  5.4
  0.36140351  3.63333333 -1.8232367   0.17192982  5.4         0.36315789
  3.63333333 -1.76992226]",678.6510496139526
0.14092,[0.7150265],"[ 0.17017544  5.43333333  0.35789474  3.63333333 -0.48438507  0.17017544
  5.4         0.36140351  3.63333333 -1.8232367   0.17192982  5.4
  0.36315789  3.63333333 -1.76992226  0.17017544  5.16666667  0.37192982
  3.83333333 -0.2849735 ]",678.7307441234589
0.14084000000000002,[0.58159786],"[ 0.17017544  5.4         0.36140351  3.63333333 -1.8232367   0.17192982
  5.4         0.36315789  3.63333333 -1.76992226  0.17017544  5.16666667
  0.37192982  3.83333333 -0.2849735   0.17368421  5.16666667  0.37894737
  3.96666667 -0.41840214]",678.8109097480774
0.14589200000000002,[0.62278914],"[ 0.17192982  5.4         0.36315789  3.63333333 -1.76992226  0.17017544
  5.16666667  0.37192982  3.83333333 -0.2849735   0.17368421  5.16666667
  0.37894737  3.96666667 -0.41840214  0.18421053  5.33333333  0.37894737
  3.76666667 -0.37721086]",678.8913147449493
0.14333600000000002,[-0.18746968],"[ 0.17017544  5.16666667  0.37192982  3.83333333 -0.2849735   0.17368421
  5.16666667  0.37894737  3.96666667 -0.41840214  0.18421053  5.33333333
  0.37894737  3.76666667 -0.37721086  0.1877193   5.36666667  0.37894737
  3.63333333 -1.18746972]",678.9710810184479
0.13057600000000003,[0.94587904],"[ 0.17368421  5.16666667  0.37894737  3.96666667 -0.41840214  0.18421053
  5.33333333  0.37894737  3.76666667 -0.37721086  0.1877193   5.36666667
  0.37894737  3.63333333 -1.18746972  0.1877193   5.36666667  0.38070175
  3.63333333 -0.05412096]",679.0510423183441
0.12542399999999998,[-0.601253],"[ 0.18421053  5.33333333  0.37894737  3.76666667 -0.37721086  0.1877193
  5.36666667  0.37894737  3.63333333 -1.18746972  0.1877193   5.36666667
  0.38070175  3.63333333 -0.05412096  0.1877193   5.3         0.38070175
  3.66666667 -1.60125303]",679.1311054229736
0.13293199999999997,[-0.54230154],"[ 0.1877193   5.36666667  0.37894737  3.63333333 -1.18746972  0.1877193
  5.36666667  0.38070175  3.63333333 -0.05412096  0.1877193   5.3
  0.38070175  3.66666667 -1.60125303  0.19473684  5.43333333  0.38245614
  3.63333333 -1.54230154]",679.210999250412
0.12783999999999995,[0.66422975],"[ 0.1877193   5.36666667  0.38070175  3.63333333 -0.05412096  0.1877193
  5.3         0.38070175  3.66666667 -1.60125303  0.19473684  5.43333333
  0.38245614  3.63333333 -1.54230154  0.19298246  5.33333333  0.38947368
  3.83333333 -0.33577025]",679.2919647693634
0.12280799999999999,[-0.01641795],"[ 0.1877193   5.3         0.38070175  3.66666667 -1.60125303  0.19473684
  5.43333333  0.38245614  3.63333333 -1.54230154  0.19298246  5.33333333
  0.38947368  3.83333333 -0.33577025  0.19473684  5.33333333  0.39649123
  4.03333333 -1.01641798]",679.3711304664612
0.13031599999999996,[0.5415622],"[ 0.19473684  5.43333333  0.38245614  3.63333333 -1.54230154  0.19298246
  5.33333333  0.38947368  3.83333333 -0.33577025  0.19473684  5.33333333
  0.39649123  4.03333333 -1.01641798  0.20175439  5.46666667  0.39824561
  3.86666667 -0.4584378 ]",679.4510476589203
0.135228,[-0.10182071],"[ 0.19298246  5.33333333  0.38947368  3.83333333 -0.33577025  0.19473684
  5.33333333  0.39649123  4.03333333 -1.01641798  0.20175439  5.46666667
  0.39824561  3.86666667 -0.4584378   0.20701754  5.5         0.40175439
  3.86666667 -1.10182071]",679.5306222438812
0.094612,[0.6848281],"[ 0.19473684  5.33333333  0.39649123  4.03333333 -1.01641798  0.20175439
  5.46666667  0.39824561  3.86666667 -0.4584378   0.20701754  5.5
  0.40175439  3.86666667 -1.10182071  0.21052632  5.53333333  0.40526316
  3.86666667 -0.3151719 ]",679.610937833786
0.09708800000000004,[-0.333522],"[ 0.20175439  5.46666667  0.39824561  3.86666667 -0.4584378   0.20701754
  5.5         0.40175439  3.86666667 -1.10182071  0.21052632  5.53333333
  0.40526316  3.86666667 -0.3151719   0.2122807   5.5         0.40877193
  3.86666667 -1.33352196]",679.6912975311279
0.10215999999999999,[0.07976927],"[ 0.20701754  5.5         0.40175439  3.86666667 -1.10182071  0.21052632
  5.53333333  0.40526316  3.86666667 -0.3151719   0.2122807   5.5
  0.40877193  3.86666667 -1.33352196  0.21754386  5.53333333  0.40877193
  3.76666667 -0.92023075]",679.7839975357056
0.09191599999999997,[-0.37572235],"[ 0.21052632  5.53333333  0.40526316  3.86666667 -0.3151719   0.2122807
  5.5         0.40877193  3.86666667 -1.33352196  0.21754386  5.53333333
  0.40877193  3.76666667 -0.92023075  0.21403509  5.4         0.41052632
  3.86666667 -1.37572241]",679.8512668609619
0.084348,[-0.9763958],"[ 0.2122807   5.5         0.40877193  3.86666667 -1.33352196  0.21754386
  5.53333333  0.40877193  3.76666667 -0.92023075  0.21403509  5.4
  0.41052632  3.86666667 -1.37572241  0.21403509  5.33333333  0.41403509
  3.9        -1.97639585]",679.9311969280243
0.07166800000000001,[-0.1895448],"[ 0.21754386  5.53333333  0.40877193  3.76666667 -0.92023075  0.21403509
  5.4         0.41052632  3.86666667 -1.37572241  0.21403509  5.33333333
  0.41403509  3.9        -1.97639585  0.21578947  5.26666667  0.41578947
  3.9        -1.1895448 ]",680.0069563388824
0.07172800000000001,[-0.2635805],"[ 0.21403509  5.4         0.41052632  3.86666667 -1.37572241  0.21403509
  5.33333333  0.41403509  3.9        -1.97639585  0.21578947  5.26666667
  0.41578947  3.9        -1.1895448   0.21929825  5.16666667  0.42105263
  3.9        -1.26358056]",680.0843162536621
0.07677999999999999,[-0.15851231],"[ 0.21403509  5.33333333  0.41403509  3.9        -1.97639585  0.21578947
  5.26666667  0.41578947  3.9        -1.1895448   0.21929825  5.16666667
  0.42105263  3.9        -1.26358056  0.22280702  5.23333333  0.42280702
  3.83333333 -1.15851235]",680.1853814125061
0.07682000000000003,[0.3221292],"[ 0.21578947  5.26666667  0.41578947  3.9        -1.1895448   0.21929825
  5.16666667  0.42105263  3.9        -1.26358056  0.22280702  5.23333333
  0.42280702  3.83333333 -1.15851235  0.2245614   5.16666667  0.42631579
  3.83333333 -0.67787081]",680.2484180927277
0.07923600000000003,[0.40673906],"[ 0.21929825  5.16666667  0.42105263  3.9        -1.26358056  0.22280702
  5.23333333  0.42280702  3.83333333 -1.15851235  0.2245614   5.16666667
  0.42631579  3.83333333 -0.67787081  0.2245614   5.16666667  0.4245614
  3.73333333 -0.59326094]",680.3308691978455
0.07662000000000002,[0.27346873],"[ 0.22280702  5.23333333  0.42280702  3.83333333 -1.15851235  0.2245614
  5.16666667  0.42631579  3.83333333 -0.67787081  0.2245614   5.16666667
  0.4245614   3.73333333 -0.59326094  0.22631579  5.26666667  0.42105263
  3.63333333 -0.72653127]",680.4110376834869
0.061363999999999974,[-0.59865665],"[ 0.2245614   5.16666667  0.42631579  3.83333333 -0.67787081  0.2245614
  5.16666667  0.4245614   3.73333333 -0.59326094  0.22631579  5.26666667
  0.42105263  3.63333333 -0.72653127  0.22631579  5.3         0.42105263
  3.66666667 -1.59865665]",680.4911584854126
0.05124000000000001,[-0.6691695],"[ 0.2245614   5.16666667  0.4245614   3.73333333 -0.59326094  0.22631579
  5.26666667  0.42105263  3.63333333 -0.72653127  0.22631579  5.3
  0.42105263  3.66666667 -1.59865665  0.22280702  5.16666667  0.42105263
  3.73333333 -1.66916943]",680.5708746910095
0.046267999999999976,[-0.5959381],"[ 0.22631579  5.26666667  0.42105263  3.63333333 -0.72653127  0.22631579
  5.3         0.42105263  3.66666667 -1.59865665  0.22280702  5.16666667
  0.42105263  3.73333333 -1.66916943  0.21929825  4.93333333  0.4245614
  3.86666667 -1.59593809]",680.6510994434357
0.04624800000000001,[-0.80671877],"[ 0.22631579  5.3         0.42105263  3.66666667 -1.59865665  0.22280702
  5.16666667  0.42105263  3.73333333 -1.66916943  0.21929825  4.93333333
  0.4245614   3.86666667 -1.59593809  0.21929825  4.9         0.42631579
  3.9        -1.80671883]",680.7309646606445
0.03612399999999999,[-0.6321535],"[ 0.22280702  5.16666667  0.42105263  3.73333333 -1.66916943  0.21929825
  4.93333333  0.4245614   3.86666667 -1.59593809  0.21929825  4.9
  0.42631579  3.9        -1.80671883  0.21929825  4.86666667  0.42807018
  4.         -1.63215351]",680.8109185695648
0.03866000000000003,[-0.41617692],"[ 0.21929825  4.93333333  0.4245614   3.86666667 -1.59593809  0.21929825
  4.9         0.42631579  3.9        -1.80671883  0.21929825  4.86666667
  0.42807018  4.         -1.63215351  0.21929825  4.8         0.42982456
  4.03333333 -1.41617692]",680.8910632133484
0.03612399999999999,[0.58845776],"[ 0.21929825  4.9         0.42631579  3.9        -1.80671883  0.21929825
  4.86666667  0.42807018  4.         -1.63215351  0.21929825  4.8
  0.42982456  4.03333333 -1.41617692  0.21929825  4.76666667  0.42982456
  3.96666667 -0.41154224]",680.9710793495178
0.02851600000000004,[-0.37688485],"[ 0.21929825  4.86666667  0.42807018  4.         -1.63215351  0.21929825
  4.8         0.42982456  4.03333333 -1.41617692  0.21929825  4.76666667
  0.42982456  3.96666667 -0.41154224  0.22105263  4.8         0.42982456
  3.86666667 -1.37688482]",681.0510275363922
0.020807999999999993,[-0.1891802],"[ 0.21929825  4.8         0.42982456  4.03333333 -1.41617692  0.21929825
  4.76666667  0.42982456  3.96666667 -0.41154224  0.22105263  4.8
  0.42982456  3.86666667 -1.37688482  0.22105263  4.9         0.42631579
  3.76666667 -1.18918014]",681.1308958530426
0.010643999999999987,[-0.45127895],"[ 0.21929825  4.76666667  0.42982456  3.96666667 -0.41154224  0.22105263
  4.8         0.42982456  3.86666667 -1.37688482  0.22105263  4.9
  0.42631579  3.76666667 -1.18918014  0.21754386  4.83333333  0.42631579
  3.9        -1.45127892]",681.2108197212219
0.003015999999999963,[0.60748315],"[ 0.22105263  4.8         0.42982456  3.86666667 -1.37688482  0.22105263
  4.9         0.42631579  3.76666667 -1.18918014  0.21754386  4.83333333
  0.42631579  3.9        -1.45127892  0.21403509  4.73333333  0.4245614
  3.96666667 -0.39251685]",681.2908651828766
-0.0020760000000000223,[0.0439091],"[ 0.22105263  4.9         0.42631579  3.76666667 -1.18918014  0.21754386
  4.83333333  0.42631579  3.9        -1.45127892  0.21403509  4.73333333
  0.4245614   3.96666667 -0.39251685  0.21578947  4.73333333  0.42631579
  3.93333333 -0.95609093]",681.3713369369507
0.010564000000000018,[-0.44947222],"[ 0.21754386  4.83333333  0.42631579  3.9        -1.45127892  0.21403509
  4.73333333  0.4245614   3.96666667 -0.39251685  0.21578947  4.73333333
  0.42631579  3.93333333 -0.95609093  0.22105263  4.83333333  0.42631579
  3.8        -1.44947219]",681.4505038261414
0.010583999999999982,[-0.63938665],"[ 0.21403509  4.73333333  0.4245614   3.96666667 -0.39251685  0.21578947
  4.73333333  0.42631579  3.93333333 -0.95609093  0.22105263  4.83333333
  0.42631579  3.8        -1.44947219  0.22105263  4.73333333  0.42982456
  3.86666667 -1.63938665]",681.5266602039337
0.008108000000000004,[0.06961141],"[ 0.21578947  4.73333333  0.42631579  3.93333333 -0.95609093  0.22105263
  4.83333333  0.42631579  3.8        -1.44947219  0.22105263  4.73333333
  0.42982456  3.86666667 -1.63938665  0.22105263  4.53333333  0.43333333
  3.96666667 -0.93038857]",681.6051533222198
0.008048,[-0.48298666],"[ 0.22105263  4.83333333  0.42631579  3.8        -1.44947219  0.22105263
  4.73333333  0.42982456  3.86666667 -1.63938665  0.22105263  4.53333333
  0.43333333  3.96666667 -0.93038857  0.2245614   4.53333333  0.43684211
  3.93333333 -1.48298669]",681.6907095909119
0.005512000000000017,[-0.5336621],"[ 0.22105263  4.73333333  0.42982456  3.86666667 -1.63938665  0.22105263
  4.53333333  0.43333333  3.96666667 -0.93038857  0.2245614   4.53333333
  0.43684211  3.93333333 -1.48298669  0.22631579  4.56666667  0.43859649
  3.86666667 -1.53366208]",681.7711625099182
0.0029759999999999787,[0.49821383],"[ 0.22105263  4.53333333  0.43333333  3.96666667 -0.93038857  0.2245614
  4.53333333  0.43684211  3.93333333 -1.48298669  0.22631579  4.56666667
  0.43859649  3.86666667 -1.53366208  0.22631579  4.46666667  0.44035088
  4.         -0.50178617]",681.8508849143982
0.005531999999999981,[-0.2890139],"[ 0.2245614   4.53333333  0.43684211  3.93333333 -1.48298669  0.22631579
  4.56666667  0.43859649  3.86666667 -1.53366208  0.22631579  4.46666667
  0.44035088  4.         -0.50178617  0.22807018  4.46666667  0.44035088
  3.93333333 -1.28901386]",681.930783033371
0.008087999999999984,[-0.77880394],"[ 0.22631579  4.56666667  0.43859649  3.86666667 -1.53366208  0.22631579
  4.46666667  0.44035088  4.         -0.50178617  0.22807018  4.46666667
  0.44035088  3.93333333 -1.28901386  0.23157895  4.56666667  0.44210526
  3.73333333 -1.77880394]",682.0108027458191
0.008207999999999993,[0.5050198],"[ 0.22631579  4.46666667  0.44035088  4.         -0.50178617  0.22807018
  4.46666667  0.44035088  3.93333333 -1.28901386  0.23157895  4.56666667
  0.44210526  3.73333333 -1.77880394  0.23157895  4.4         0.44385965
  3.9        -0.49498022]",682.0909848213196
0.01583599999999996,[-0.6354387],"[ 0.22807018  4.46666667  0.44035088  3.93333333 -1.28901386  0.23157895
  4.56666667  0.44210526  3.73333333 -1.77880394  0.23157895  4.4
  0.44385965  3.9        -0.49498022  0.23333333  4.33333333  0.44561404
  3.96666667 -1.63543868]",682.1708090305328
0.028396000000000032,[-0.5411567],"[ 0.23157895  4.56666667  0.44210526  3.73333333 -1.77880394  0.23157895
  4.4         0.44385965  3.9        -0.49498022  0.23333333  4.33333333
  0.44561404  3.96666667 -1.63543868  0.23859649  4.46666667  0.44912281
  3.8        -1.54115677]",682.2502644062042
0.03356799999999999,[-0.12092738],"[ 0.23157895  4.4         0.44385965  3.9        -0.49498022  0.23333333
  4.33333333  0.44561404  3.96666667 -1.63543868  0.23859649  4.46666667
  0.44912281  3.8        -1.54115677  0.24210526  4.33333333  0.45438596
  3.83333333 -1.12092733]",682.3311223983765
0.041256000000000015,[0.43982446],"[ 0.23333333  4.33333333  0.44561404  3.96666667 -1.63543868  0.23859649
  4.46666667  0.44912281  3.8        -1.54115677  0.24210526  4.33333333
  0.45438596  3.83333333 -1.12092733  0.24736842  4.26666667  0.46140351
  3.86666667 -0.56017554]",682.4110527038574
0.053935999999999984,[0.5335095],"[ 0.23859649  4.46666667  0.44912281  3.8        -1.54115677  0.24210526
  4.33333333  0.45438596  3.83333333 -1.12092733  0.24736842  4.26666667
  0.46140351  3.86666667 -0.56017554  0.25614035  4.36666667  0.46666667
  3.7        -0.46649051]",682.4910342693329
0.05896800000000002,[-0.44587365],"[ 0.24210526  4.33333333  0.45438596  3.83333333 -1.12092733  0.24736842
  4.26666667  0.46140351  3.86666667 -0.56017554  0.25614035  4.36666667
  0.46666667  3.7        -0.46649051  0.25964912  4.46666667  0.47017544
  3.7        -1.44587362]",682.5709409713745
0.059008000000000005,[0.37008688],"[ 0.24736842  4.26666667  0.46140351  3.86666667 -0.56017554  0.25614035
  4.36666667  0.46666667  3.7        -0.46649051  0.25964912  4.46666667
  0.47017544  3.7        -1.44587362  0.26140351  4.43333333  0.47368421
  3.73333333 -0.62991309]",682.6510453224182
0.059128000000000014,[-0.09403475],"[ 0.25614035  4.36666667  0.46666667  3.7        -0.46649051  0.25964912
  4.46666667  0.47017544  3.7        -1.44587362  0.26140351  4.43333333
  0.47368421  3.73333333 -0.62991309  0.26140351  4.33333333  0.4754386
  3.83333333 -1.09403479]",682.7350730895996
0.06667600000000001,[-0.68047273],"[ 0.25964912  4.46666667  0.47017544  3.7        -1.44587362  0.26140351
  4.43333333  0.47368421  3.73333333 -0.62991309  0.26140351  4.33333333
  0.4754386   3.83333333 -1.09403479  0.26315789  4.46666667  0.4754386
  3.83333333 -1.68047273]",682.8149728775024
0.074324,[0.9823472],"[ 0.26140351  4.43333333  0.47368421  3.73333333 -0.62991309  0.26140351
  4.33333333  0.4754386   3.83333333 -1.09403479  0.26315789  4.46666667
  0.4754386   3.83333333 -1.68047273  0.26491228  4.4         0.47894737
  3.96666667 -0.01765281]",682.8948049545288
