reward,action,obs,time
,,"[0.         0.         0.         0.         0.         0.
 0.         0.         0.         0.         0.         0.
 0.         0.         0.         0.03157895 5.86666667 0.24385965
 5.3        0.        ]",713.5557582378387
-0.0024159999999999945,[-0.76040626],"[ 0.          0.          0.          0.          0.          0.
  0.          0.          0.          0.          0.03157895  5.86666667
  0.24385965  5.3         0.          0.02982456  5.63333333  0.24385965
  5.4        -1.76040626]",713.7236657142639
0.0025560000000000027,[-0.877139],"[ 0.          0.          0.          0.          0.          0.03157895
  5.86666667  0.24385965  5.3         0.          0.02982456  5.63333333
  0.24385965  5.4        -1.76040626  0.03333333  5.86666667  0.24385965
  5.3        -1.87713897]",713.7675185203552
0.00010000000000000286,[-0.9652574],"[ 0.03157895  5.86666667  0.24385965  5.3         0.          0.02982456
  5.63333333  0.24385965  5.4        -1.76040626  0.03333333  5.86666667
  0.24385965  5.3        -1.87713897  0.03157895  5.7         0.24385965
  5.36666667 -1.96525741]",713.8197355270386
0.00010000000000000286,[0.6238091],"[ 0.02982456  5.63333333  0.24385965  5.4        -1.76040626  0.03333333
  5.86666667  0.24385965  5.3        -1.87713897  0.03157895  5.7
  0.24385965  5.36666667 -1.96525741  0.03157895  5.7         0.24561404
  5.36666667 -0.3761909 ]",713.8733003139496
0.00010000000000000286,[0.08749967],"[ 0.03333333  5.86666667  0.24385965  5.3        -1.87713897  0.03157895
  5.7         0.24385965  5.36666667 -1.96525741  0.03157895  5.7
  0.24561404  5.36666667 -0.3761909   0.03157895  5.7         0.24385965
  5.4        -0.91250032]",713.9239706993103
0.00012000000000000205,[-0.1928635],"[ 0.03157895  5.7         0.24385965  5.36666667 -1.96525741  0.03157895
  5.7         0.24561404  5.36666667 -0.3761909   0.03157895  5.7
  0.24385965  5.4        -0.91250032  0.03157895  5.66666667  0.24385965
  5.46666667 -1.19286346]",713.9747095108032
0.0002400000000000041,[-0.838362],"[ 0.03157895  5.7         0.24561404  5.36666667 -0.3761909   0.03157895
  5.7         0.24385965  5.4        -0.91250032  0.03157895  5.66666667
  0.24385965  5.46666667 -1.19286346  0.03157895  5.46666667  0.24736842
  5.63333333 -1.83836198]",714.0243890285492
0.005332000000000003,[0.4114516],"[ 0.03157895  5.7         0.24385965  5.4        -0.91250032  0.03157895
  5.66666667  0.24385965  5.46666667 -1.19286346  0.03157895  5.46666667
  0.24736842  5.63333333 -1.83836198  0.03508772  5.5         0.24912281
  5.56666667 -0.58854842]",714.0749552249908
0.007828000000000002,[0.4898246],"[ 0.03157895  5.66666667  0.24385965  5.46666667 -1.19286346  0.03157895
  5.46666667  0.24736842  5.63333333 -1.83836198  0.03508772  5.5
  0.24912281  5.56666667 -0.58854842  0.03684211  5.6         0.24912281
  5.43333333 -0.51017541]",714.1252772808075
0.007888,[-0.1451964],"[ 0.03157895  5.46666667  0.24736842  5.63333333 -1.83836198  0.03508772
  5.5         0.24912281  5.56666667 -0.58854842  0.03684211  5.6
  0.24912281  5.43333333 -0.51017541  0.03684211  5.5         0.25087719
  5.5        -1.14519644]",714.1830303668976
0.015476000000000004,[-0.5330674],"[ 0.03508772  5.5         0.24912281  5.56666667 -0.58854842  0.03684211
  5.6         0.24912281  5.43333333 -0.51017541  0.03684211  5.5
  0.25087719  5.5        -1.14519644  0.04210526  5.63333333  0.25438596
  5.36666667 -1.53306746]",714.2629487514496
0.023124000000000006,[-0.62950623],"[ 0.03684211  5.6         0.24912281  5.43333333 -0.51017541  0.03684211
  5.5         0.25087719  5.5        -1.14519644  0.04210526  5.63333333
  0.25438596  5.36666667 -1.53306746  0.04736842  5.66666667  0.25964912
  5.33333333 -1.62950623]",714.3431253433228
0.030892000000000003,[-0.89714986],"[ 0.03684211  5.5         0.25087719  5.5        -1.14519644  0.04210526
  5.63333333  0.25438596  5.36666667 -1.53306746  0.04736842  5.66666667
  0.25964912  5.33333333 -1.62950623  0.05263158  5.5         0.26666667
  5.43333333 -1.8971498 ]",714.4229869842529
0.038599999999999995,[-0.8419854],"[ 0.04210526  5.63333333  0.25438596  5.36666667 -1.53306746  0.04736842
  5.66666667  0.25964912  5.33333333 -1.62950623  0.05263158  5.5
  0.26666667  5.43333333 -1.8971498   0.05789474  5.43333333  0.27368421
  5.5        -1.84198546]",714.5023877620697
0.048824000000000006,[-0.25635278],"[ 0.04736842  5.66666667  0.25964912  5.33333333 -1.62950623  0.05263158
  5.5         0.26666667  5.43333333 -1.8971498   0.05789474  5.43333333
  0.27368421  5.5        -1.84198546  0.06491228  5.43333333  0.27894737
  5.6        -1.25635278]",714.5779500007629
0.053936000000000005,[-0.6871127],"[ 0.05263158  5.5         0.26666667  5.43333333 -1.8971498   0.05789474
  5.43333333  0.27368421  5.5        -1.84198546  0.06491228  5.43333333
  0.27894737  5.6        -1.25635278  0.06842105  5.43333333  0.28421053
  5.6        -1.68711269]",714.6630220413208
0.056492,[0.25599784],"[ 0.05789474  5.43333333  0.27368421  5.5        -1.84198546  0.06491228
  5.43333333  0.27894737  5.6        -1.25635278  0.06842105  5.43333333
  0.28421053  5.6        -1.68711269  0.07017544  5.43333333  0.28596491
  5.53333333 -0.74400216]",714.7429575920105
0.061644,[-0.04660521],"[ 0.06491228  5.43333333  0.27894737  5.6        -1.25635278  0.06842105
  5.43333333  0.28421053  5.6        -1.68711269  0.07017544  5.43333333
  0.28596491  5.53333333 -0.74400216  0.07368421  5.36666667  0.2877193
  5.56666667 -1.04660523]",714.8229675292969
0.06158400000000001,[-0.2890755],"[ 0.06842105  5.43333333  0.28421053  5.6        -1.68711269  0.07017544
  5.43333333  0.28596491  5.53333333 -0.74400216  0.07368421  5.36666667
  0.2877193   5.56666667 -1.04660523  0.07368421  5.46666667  0.28947368
  5.4        -1.28907549]",714.9053673744202
0.06925200000000001,[0.8797158],"[ 0.07017544  5.43333333  0.28596491  5.53333333 -0.74400216  0.07368421
  5.36666667  0.2877193   5.56666667 -1.04660523  0.07368421  5.46666667
  0.28947368  5.4        -1.28907549  0.07894737  5.46666667  0.29122807
  5.36666667 -0.1202842 ]",714.983003616333
0.07677999999999999,[-0.01720271],"[ 0.07368421  5.36666667  0.2877193   5.56666667 -1.04660523  0.07368421
  5.46666667  0.28947368  5.4        -1.28907549  0.07894737  5.46666667
  0.29122807  5.36666667 -0.1202842   0.08245614  5.46666667  0.29473684
  5.4        -1.01720273]",715.0629515647888
0.07935600000000001,[0.10041987],"[ 0.07368421  5.46666667  0.28947368  5.4        -1.28907549  0.07894737
  5.46666667  0.29122807  5.36666667 -0.1202842   0.08245614  5.46666667
  0.29473684  5.4        -1.01720273  0.0877193   5.66666667  0.3
  5.2        -0.89958012]",715.1428871154785
0.08952000000000002,[-0.0040955],"[ 0.07894737  5.46666667  0.29122807  5.36666667 -0.1202842   0.08245614
  5.46666667  0.29473684  5.4        -1.01720273  0.0877193   5.66666667
  0.3         5.2        -0.89958012  0.09298246  5.6         0.30526316
  5.2        -1.00409555]",715.2229528427124
0.094652,[-0.6601449],"[ 0.08245614  5.46666667  0.29473684  5.4        -1.01720273  0.0877193
  5.66666667  0.3         5.2        -0.89958012  0.09298246  5.6
  0.30526316  5.2        -1.00409555  0.09649123  5.56666667  0.31052632
  5.16666667 -1.66014493]",715.303201675415
0.09978400000000001,[0.9616488],"[ 0.0877193   5.66666667  0.3         5.2        -0.89958012  0.09298246
  5.6         0.30526316  5.2        -1.00409555  0.09649123  5.56666667
  0.31052632  5.16666667 -1.66014493  0.1         5.53333333  0.31403509
  5.23333333 -0.03835118]",715.3829917907715
0.10491600000000001,[-0.96851],"[ 0.09298246  5.6         0.30526316  5.2        -1.00409555  0.09649123
  5.56666667  0.31052632  5.16666667 -1.66014493  0.1         5.53333333
  0.31403509  5.23333333 -0.03835118  0.10350877  5.46666667  0.31754386
  5.3        -1.96850991]",715.4630317687988
0.109788,[-0.36490607],"[ 0.09649123  5.56666667  0.31052632  5.16666667 -1.66014493  0.1
  5.53333333  0.31403509  5.23333333 -0.03835118  0.10350877  5.46666667
  0.31754386  5.3        -1.96850991  0.10701754  5.66666667  0.31929825
  5.13333333 -1.36490607]",715.543121099472
0.10731199999999999,[-0.6347915],"[ 0.1         5.53333333  0.31403509  5.23333333 -0.03835118  0.10350877
  5.46666667  0.31754386  5.3        -1.96850991  0.10701754  5.66666667
  0.31929825  5.13333333 -1.36490607  0.10877193  5.56666667  0.32280702
  5.13333333 -1.63479149]",715.6229872703552
0.10491600000000001,[0.8154226],"[ 0.10350877  5.46666667  0.31754386  5.3        -1.96850991  0.10701754
  5.66666667  0.31929825  5.13333333 -1.36490607  0.10877193  5.56666667
  0.32280702  5.13333333 -1.63479149  0.10877193  5.4         0.32807018
  5.2        -0.18457741]",715.7030839920044
0.10745199999999996,[-0.2827242],"[ 0.10701754  5.66666667  0.31929825  5.13333333 -1.36490607  0.10877193
  5.56666667  0.32280702  5.13333333 -1.63479149  0.10877193  5.4
  0.32807018  5.2        -0.18457741  0.11052632  5.33333333  0.33333333
  5.16666667 -1.28272414]",715.7829346656799
0.11236399999999999,[0.8661734],"[ 0.10877193  5.56666667  0.32280702  5.13333333 -1.63479149  0.10877193
  5.4         0.32807018  5.2        -0.18457741  0.11052632  5.33333333
  0.33333333  5.16666667 -1.28272414  0.11929825  5.8         0.34035088
  4.93333333 -0.13382661]",715.8630681037903
0.14066,[-0.44196045],"[ 0.10877193  5.4         0.32807018  5.2        -0.18457741  0.11052632
  5.33333333  0.33333333  5.16666667 -1.28272414  0.11929825  5.8
  0.34035088  4.93333333 -0.13382661  0.14385965  5.53333333  0.34385965
  4.9        -1.44196045]",715.9430983066559
0.137984,[-0.27370036],"[ 0.11052632  5.33333333  0.33333333  5.16666667 -1.28272414  0.11929825
  5.8         0.34035088  4.93333333 -0.13382661  0.14385965  5.53333333
  0.34385965  4.9        -1.44196045  0.14736842  5.56666667  0.34912281
  4.76666667 -1.27370036]",716.0230066776276
0.130336,[-0.1272112],"[ 0.11929825  5.8         0.34035088  4.93333333 -0.13382661  0.14385965
  5.53333333  0.34385965  4.9        -1.44196045  0.14736842  5.56666667
  0.34912281  4.76666667 -1.27370036  0.14736842  5.46666667  0.35263158
  4.73333333 -1.12721121]",716.1029942035675
0.125264,[-0.2936219],"[ 0.14385965  5.53333333  0.34385965  4.9        -1.44196045  0.14736842
  5.56666667  0.34912281  4.76666667 -1.27370036  0.14736842  5.46666667
  0.35263158  4.73333333 -1.12721121  0.15087719  5.4         0.35614035
  4.73333333 -1.2936219 ]",716.1845388412476
0.125284,[-0.7731295],"[ 0.14736842  5.56666667  0.34912281  4.76666667 -1.27370036  0.14736842
  5.46666667  0.35263158  4.73333333 -1.12721121  0.15087719  5.4
  0.35614035  4.73333333 -1.2936219   0.15438596  5.36666667  0.36140351
  4.7        -1.77312946]",716.2604644298553
0.12788000000000002,[0.22225791],"[ 0.14736842  5.46666667  0.35263158  4.73333333 -1.12721121  0.15087719
  5.4         0.35614035  4.73333333 -1.2936219   0.15438596  5.36666667
  0.36140351  4.7        -1.77312946  0.15789474  5.3         0.36666667
  4.73333333 -0.77774209]",716.3380119800568
0.125324,[-0.38677338],"[ 0.15087719  5.4         0.35614035  4.73333333 -1.2936219   0.15438596
  5.36666667  0.36140351  4.7        -1.77312946  0.15789474  5.3
  0.36666667  4.73333333 -0.77774209  0.15964912  5.23333333  0.37192982
  4.76666667 -1.38677335]",716.4165699481964
0.13299200000000005,[-0.4558049],"[ 0.15438596  5.36666667  0.36140351  4.7        -1.77312946  0.15789474
  5.3         0.36666667  4.73333333 -0.77774209  0.15964912  5.23333333
  0.37192982  4.76666667 -1.38677335  0.16491228  5.33333333  0.3754386
  4.56666667 -1.45580494]",716.4972562789917
0.130516,[0.5468903],"[ 0.15789474  5.3         0.36666667  4.73333333 -0.77774209  0.15964912
  5.23333333  0.37192982  4.76666667 -1.38677335  0.16491228  5.33333333
  0.3754386   4.56666667 -1.45580494  0.16842105  5.2         0.37894737
  4.53333333 -0.45310968]",716.5776124000549
0.13055600000000003,[0.7042854],"[ 0.15964912  5.23333333  0.37192982  4.76666667 -1.38677335  0.16491228
  5.33333333  0.3754386   4.56666667 -1.45580494  0.16842105  5.2
  0.37894737  4.53333333 -0.45310968  0.17192982  5.13333333  0.38245614
  4.5        -0.29571462]",716.6590044498444
0.13315200000000002,[0.8145907],"[ 0.16491228  5.33333333  0.3754386   4.56666667 -1.45580494  0.16842105
  5.2         0.37894737  4.53333333 -0.45310968  0.17192982  5.13333333
  0.38245614  4.5        -0.29571462  0.17894737  5.26666667  0.38596491
  4.2        -0.18540931]",716.7365667819977
0.13307200000000002,[-0.93147147],"[ 0.16842105  5.2         0.37894737  4.53333333 -0.45310968  0.17192982
  5.13333333  0.38245614  4.5        -0.29571462  0.17894737  5.26666667
  0.38596491  4.2        -0.18540931  0.18421053  5.33333333  0.38596491
  4.         -1.93147147]",716.8165445327759
0.133072,[-0.0868035],"[ 0.17192982  5.13333333  0.38245614  4.5        -0.29571462  0.17894737
  5.26666667  0.38596491  4.2        -0.18540931  0.18421053  5.33333333
  0.38596491  4.         -1.93147147  0.1877193   5.3         0.3877193
  3.9        -1.08680344]",716.8968124389648
0.12806,[-0.5704442],"[ 0.17894737  5.26666667  0.38596491  4.2        -0.18540931  0.18421053
  5.33333333  0.38596491  4.         -1.93147147  0.1877193   5.3
  0.3877193   3.9        -1.08680344  0.1877193   5.1         0.39122807
  3.9        -1.57044423]",716.9774646759033
0.12809999999999996,[-0.49227986],"[ 0.18421053  5.33333333  0.38596491  4.         -1.93147147  0.1877193
  5.3         0.3877193   3.9        -1.08680344  0.1877193   5.1
  0.39122807  3.9        -1.57044423  0.19122807  4.96666667  0.39649123
  3.86666667 -1.49227989]",717.0580108165741
0.13081599999999996,[-0.18618172],"[ 0.1877193   5.3         0.3877193   3.9        -1.08680344  0.1877193
  5.1         0.39122807  3.9        -1.57044423  0.19122807  4.96666667
  0.39649123  3.86666667 -1.49227989  0.19649123  4.9         0.40350877
  3.9        -1.18618178]",717.1399037837982
0.13586800000000002,[-0.87469304],"[ 0.1877193   5.1         0.39122807  3.9        -1.57044423  0.19122807
  4.96666667  0.39649123  3.86666667 -1.49227989  0.19649123  4.9
  0.40350877  3.9        -1.18618178  0.20175439  4.9         0.41052632
  3.86666667 -1.87469304]",717.2213342189789
0.14093999999999998,[-0.26798204],"[ 0.19122807  4.96666667  0.39649123  3.86666667 -1.49227989  0.19649123
  4.9         0.40350877  3.9        -1.18618178  0.20175439  4.9
  0.41052632  3.86666667 -1.87469304  0.20526316  4.8         0.41403509
  3.76666667 -1.26798201]",717.3034324645996
0.14101999999999998,[0.45259723],"[ 0.19649123  4.9         0.40350877  3.9        -1.18618178  0.20175439
  4.9         0.41052632  3.86666667 -1.87469304  0.20526316  4.8
  0.41403509  3.76666667 -1.26798201  0.20701754  4.6         0.41754386
  3.76666667 -0.54740274]",717.3823456764221
0.13359200000000002,[0.71576643],"[ 0.20175439  4.9         0.41052632  3.86666667 -1.87469304  0.20526316
  4.8         0.41403509  3.76666667 -1.26798201  0.20701754  4.6
  0.41754386  3.76666667 -0.54740274  0.21052632  4.66666667  0.41929825
  3.66666667 -0.28423357]",717.4598145484924
0.10773199999999998,[-0.5951416],"[ 0.20526316  4.8         0.41403509  3.76666667 -1.26798201  0.20701754
  4.6         0.41754386  3.76666667 -0.54740274  0.21052632  4.66666667
  0.41929825  3.66666667 -0.28423357  0.21754386  4.9         0.42105263
  3.66666667 -1.59514165]",717.5366175174713
0.10519600000000003,[0.1828612],"[ 0.20701754  4.6         0.41754386  3.76666667 -0.54740274  0.21052632
  4.66666667  0.41929825  3.66666667 -0.28423357  0.21754386  4.9
  0.42105263  3.66666667 -1.59514165  0.21929825  4.9         0.42280702
  3.66666667 -0.81713879]",717.6164252758026
0.10271999999999996,[-0.97228557],"[ 0.21052632  4.66666667  0.41929825  3.66666667 -0.28423357  0.21754386
  4.9         0.42105263  3.66666667 -1.59514165  0.21929825  4.9
  0.42280702  3.66666667 -0.81713879  0.21754386  4.66666667  0.42631579
  3.76666667 -1.97228551]",717.696711063385
0.10268,[-0.8754961],"[ 0.21754386  4.9         0.42105263  3.66666667 -1.59514165  0.21929825
  4.9         0.42280702  3.66666667 -0.81713879  0.21754386  4.66666667
  0.42631579  3.76666667 -1.97228551  0.22105263  4.66666667  0.42982456
  3.8        -1.87549615]",717.7813620567322
0.100164,[0.9767051],"[ 0.21929825  4.9         0.42280702  3.66666667 -0.81713879  0.21754386
  4.66666667  0.42631579  3.76666667 -1.97228551  0.22105263  4.66666667
  0.42982456  3.8        -1.87549615  0.22280702  4.56666667  0.43684211
  4.03333333 -0.02329493]",717.8604888916016
0.10271999999999996,[-0.46880388],"[ 0.21754386  4.66666667  0.42631579  3.76666667 -1.97228551  0.22105263
  4.66666667  0.42982456  3.8        -1.87549615  0.22280702  4.56666667
  0.43684211  4.03333333 -0.02329493  0.22807018  4.5         0.44210526
  4.16666667 -1.46880388]",717.9405057430267
0.11026800000000003,[0.7058562],"[ 0.22105263  4.66666667  0.42982456  3.8        -1.87549615  0.22280702
  4.56666667  0.43684211  4.03333333 -0.02329493  0.22807018  4.5
  0.44210526  4.16666667 -1.46880388  0.23508772  4.63333333  0.44736842
  4.         -0.2941438 ]",718.0173745155334
0.10779199999999997,[-0.617347],"[ 0.22280702  4.56666667  0.43684211  4.03333333 -0.02329493  0.22807018
  4.5         0.44210526  4.16666667 -1.46880388  0.23508772  4.63333333
  0.44736842  4.         -0.2941438   0.23859649  4.6         0.45087719
  4.         -1.617347  ]",718.096494436264
0.110208,[-0.30170444],"[ 0.22807018  4.5         0.44210526  4.16666667 -1.46880388  0.23508772
  4.63333333  0.44736842  4.         -0.2941438   0.23859649  4.6
  0.45087719  4.         -1.617347    0.24385965  4.7         0.45263158
  3.93333333 -1.30170441]",718.1814022064209
0.107652,[-0.24603908],"[ 0.23508772  4.63333333  0.44736842  4.         -0.2941438   0.23859649
  4.6         0.45087719  4.         -1.617347    0.24385965  4.7
  0.45263158  3.93333333 -1.30170441  0.24561404  4.63333333  0.45789474
  4.         -1.24603903]",718.256641626358
0.10519600000000003,[-0.7634659],"[ 0.23859649  4.6         0.45087719  4.         -1.617347    0.24385965
  4.7         0.45263158  3.93333333 -1.30170441  0.24561404  4.63333333
  0.45789474  4.         -1.24603903  0.25087719  4.6         0.46140351
  4.06666667 -1.76346588]",718.3445658683777
0.10268,[-0.285946],"[ 0.24385965  4.7         0.45263158  3.93333333 -1.30170441  0.24561404
  4.63333333  0.45789474  4.         -1.24603903  0.25087719  4.6
  0.46140351  4.06666667 -1.76346588  0.25438596  4.6         0.46842105
  4.13333333 -1.28594601]",718.4208447933197
0.105236,[-0.19747162],"[ 0.24561404  4.63333333  0.45789474  4.         -1.24603903  0.25087719
  4.6         0.46140351  4.06666667 -1.76346588  0.25438596  4.6
  0.46842105  4.13333333 -1.28594601  0.25964912  4.56666667  0.47368421
  4.26666667 -1.19747162]",718.5004138946533
0.112744,[-0.975628],"[ 0.25087719  4.6         0.46140351  4.06666667 -1.76346588  0.25438596
  4.6         0.46842105  4.13333333 -1.28594601  0.25964912  4.56666667
  0.47368421  4.26666667 -1.19747162  0.26491228  4.63333333  0.47894737
  4.2        -1.97562802]",718.5848708152771
0.11270400000000005,[-0.5825782],"[ 0.25438596  4.6         0.46842105  4.13333333 -1.28594601  0.25964912
  4.56666667  0.47368421  4.26666667 -1.19747162  0.26491228  4.63333333
  0.47894737  4.2        -1.97562802  0.26842105  4.56666667  0.48245614
  4.23333333 -1.58257818]",718.6610786914825
0.10765200000000004,[-0.79788256],"[ 0.25964912  4.56666667  0.47368421  4.26666667 -1.19747162  0.26491228
  4.63333333  0.47894737  4.2        -1.97562802  0.26842105  4.56666667
  0.48245614  4.23333333 -1.58257818  0.27017544  4.4         0.48596491
  4.4        -1.79788256]",718.7406244277954
0.10256000000000003,[-0.55709773],"[ 0.26491228  4.63333333  0.47894737  4.2        -1.97562802  0.26842105
  4.56666667  0.48245614  4.23333333 -1.58257818  0.27017544  4.4
  0.48596491  4.4        -1.79788256  0.27192982  4.36666667  0.4877193
  4.43333333 -1.55709767]",718.8253784179688
0.099964,[-0.4284445],"[ 0.26842105  4.56666667  0.48245614  4.23333333 -1.58257818  0.27017544
  4.4         0.48596491  4.4        -1.79788256  0.27192982  4.36666667
  0.4877193   4.43333333 -1.55709767  0.27368421  4.33333333  0.48947368
  4.46666667 -1.4284445 ]",718.9063975811005
0.1024,[0.94186336],"[ 0.27017544  4.4         0.48596491  4.4        -1.79788256  0.27192982
  4.36666667  0.4877193   4.43333333 -1.55709767  0.27368421  4.33333333
  0.48947368  4.46666667 -1.4284445   0.27719298  4.33333333  0.49298246
  4.5        -0.05813664]",718.986941576004
0.10241999999999996,[-0.11104377],"[ 0.27192982  4.36666667  0.4877193   4.43333333 -1.55709767  0.27368421
  4.33333333  0.48947368  4.46666667 -1.4284445   0.27719298  4.33333333
  0.49298246  4.5        -0.05813664  0.28070175  4.36666667  0.49473684
  4.5        -1.11104381]",719.0674104690552
0.09732799999999997,[0.8114715],"[ 0.27368421  4.33333333  0.48947368  4.46666667 -1.4284445   0.27719298
  4.33333333  0.49298246  4.5        -0.05813664  0.28070175  4.36666667
  0.49473684  4.5        -1.11104381  0.28421053  4.56666667  0.5
  4.33333333 -0.18852848]",719.1407301425934
0.10237999999999996,[-0.45842993],"[ 0.27719298  4.33333333  0.49298246  4.5        -0.05813664  0.28070175
  4.36666667  0.49473684  4.5        -1.11104381  0.28421053  4.56666667
  0.5         4.33333333 -0.18852848  0.28947368  4.66666667  0.50175439
  4.1        -1.45842993]",719.2245576381683
0.10477600000000002,[-0.49113843],"[ 0.28070175  4.36666667  0.49473684  4.5        -1.11104381  0.28421053
  4.56666667  0.5         4.33333333 -0.18852848  0.28947368  4.66666667
  0.50175439  4.1        -1.45842993  0.28947368  4.7         0.50175439
  4.06666667 -1.49113846]",719.3069326877594
0.09712799999999999,[0.5937813],"[ 0.28421053  4.56666667  0.5         4.33333333 -0.18852848  0.28947368
  4.66666667  0.50175439  4.1        -1.45842993  0.28947368  4.7
  0.50175439  4.06666667 -1.49113846  0.2877193   4.66666667  0.5
  4.1        -0.40621871]",719.380743265152
0.09712799999999999,[0.934227],"[ 0.28947368  4.66666667  0.50175439  4.1        -1.45842993  0.28947368
  4.7         0.50175439  4.06666667 -1.49113846  0.2877193   4.66666667
  0.5         4.1        -0.40621871  0.28947368  4.56666667  0.50175439
  4.23333333 -0.06577301]",719.4653460979462
0.096968,[-0.53666294],"[ 0.28947368  4.7         0.50175439  4.06666667 -1.49113846  0.2877193
  4.66666667  0.5         4.1        -0.40621871  0.28947368  4.56666667
  0.50175439  4.23333333 -0.06577301  0.29473684  4.76666667  0.50526316
  4.         -1.53666294]",719.5452444553375
0.09954399999999997,[0.7072711],"[ 0.2877193   4.66666667  0.5         4.1        -0.40621871  0.28947368
  4.56666667  0.50175439  4.23333333 -0.06577301  0.29473684  4.76666667
  0.50526316  4.         -1.53666294  0.30350877  4.86666667  0.50877193
  3.83333333 -0.2927289 ]",719.6204423904419
0.09704800000000002,[-0.84344494],"[ 0.28947368  4.56666667  0.50175439  4.23333333 -0.06577301  0.29473684
  4.76666667  0.50526316  4.         -1.53666294  0.30350877  4.86666667
  0.50877193  3.83333333 -0.2927289   0.30526316  4.73333333  0.51403509
  3.83333333 -1.84344494]",719.7053413391113
0.09966399999999997,[0.91525316],"[ 0.29473684  4.76666667  0.50526316  4.         -1.53666294  0.30350877
  4.86666667  0.50877193  3.83333333 -0.2927289   0.30526316  4.73333333
  0.51403509  3.83333333 -1.84344494  0.3122807   4.73333333  0.51929825
  3.7        -0.08474684]",719.7814371585846
0.10222000000000002,[0.8059985],"[ 0.30350877  4.86666667  0.50877193  3.83333333 -0.2927289   0.30526316
  4.73333333  0.51403509  3.83333333 -1.84344494  0.3122807   4.73333333
  0.51929825  3.7        -0.08474684  0.31578947  4.66666667  0.5245614
  3.76666667 -0.1940015 ]",719.8604385852814
0.10465599999999997,[0.01100796],"[ 0.30526316  4.73333333  0.51403509  3.83333333 -1.84344494  0.3122807
  4.73333333  0.51929825  3.7        -0.08474684  0.31578947  4.66666667
  0.5245614   3.76666667 -0.1940015   0.32280702  4.83333333  0.52807018
  3.73333333 -0.98899204]",719.9411473274231
0.107132,[0.7759143],"[ 0.3122807   4.73333333  0.51929825  3.7        -0.08474684  0.31578947
  4.66666667  0.5245614   3.76666667 -0.1940015   0.32280702  4.83333333
  0.52807018  3.73333333 -0.98899204  0.32807018  4.96666667  0.53157895
  3.73333333 -0.22408569]",720.021026134491
0.10204000000000002,[-0.17140003],"[ 0.31578947  4.66666667  0.5245614   3.76666667 -0.1940015   0.32280702
  4.83333333  0.52807018  3.73333333 -0.98899204  0.32807018  4.96666667
  0.53157895  3.73333333 -0.22408569  0.32982456  4.9         0.53508772
  3.8        -1.17140007]",720.1005353927612
0.099464,[-0.32849815],"[ 0.32280702  4.83333333  0.52807018  3.73333333 -0.98899204  0.32807018
  4.96666667  0.53157895  3.73333333 -0.22408569  0.32982456  4.9
  0.53508772  3.8        -1.17140007  0.33333333  5.          0.53684211
  3.73333333 -1.32849813]",720.1853406429291
0.09694799999999998,[0.78955716],"[ 0.32807018  4.96666667  0.53157895  3.73333333 -0.22408569  0.32982456
  4.9         0.53508772  3.8        -1.17140007  0.33333333  5.
  0.53684211  3.73333333 -1.32849813  0.33508772  4.86666667  0.54385965
  3.93333333 -0.21044284]",720.2634944915771
0.09940399999999999,[-0.6070028],"[ 0.32982456  4.9         0.53508772  3.8        -1.17140007  0.33333333
  5.          0.53684211  3.73333333 -1.32849813  0.33508772  4.86666667
  0.54385965  3.93333333 -0.21044284  0.33859649  4.86666667  0.54736842
  4.         -1.60700274]",720.3468453884125
0.10697199999999996,[-0.23504199],"[ 0.33333333  5.          0.53684211  3.73333333 -1.32849813  0.33508772
  4.86666667  0.54385965  3.93333333 -0.21044284  0.33859649  4.86666667
  0.54736842  4.         -1.60700274  0.34561404  5.          0.54912281
  3.83333333 -1.23504198]",720.4209387302399
0.10447599999999994,[0.6963525],"[ 0.33508772  4.86666667  0.54385965  3.93333333 -0.21044284  0.33859649
  4.86666667  0.54736842  4.         -1.60700274  0.34561404  5.
  0.54912281  3.83333333 -1.23504198  0.34561404  4.86666667  0.55263158
  3.86666667 -0.30364752]",720.5069661140442
0.10705199999999997,[-0.64518046],"[ 0.33859649  4.86666667  0.54736842  4.         -1.60700274  0.34561404
  5.          0.54912281  3.83333333 -1.23504198  0.34561404  4.86666667
  0.55263158  3.86666667 -0.30364752  0.35087719  4.83333333  0.55789474
  3.9        -1.64518046]",720.5869724750519
