reward,action,obs,time
,,"[0.         0.         0.         0.         0.         0.
 0.         0.         0.         0.         0.         0.
 0.         0.         0.         0.02982456 5.5        0.24561404
 5.46666667 0.        ]",1207.6826190948486
0.0024360000000000007,[-0.42804378],"[ 0.          0.          0.          0.          0.          0.
  0.          0.          0.          0.          0.02982456  5.5
  0.24561404  5.46666667  0.          0.03157895  5.7         0.24385965
  5.4        -1.42804384]",1207.9045355319977
0.0,[-0.6513241],"[ 0.          0.          0.          0.          0.          0.02982456
  5.5         0.24561404  5.46666667  0.          0.03157895  5.7
  0.24385965  5.4        -1.42804384  0.02982456  5.5         0.24561404
  5.46666667 -1.65132403]",1207.950896024704
-5.9999999999997555e-05,[0.34587285],"[ 0.02982456  5.5         0.24561404  5.46666667  0.          0.03157895
  5.7         0.24385965  5.4        -1.42804384  0.02982456  5.5
  0.24561404  5.46666667 -1.65132403  0.02982456  5.6         0.24561404
  5.43333333 -0.65412712]",1208.0060241222382
-5.9999999999997555e-05,[-0.02777176],"[ 0.03157895  5.7         0.24385965  5.4        -1.42804384  0.02982456
  5.5         0.24561404  5.46666667 -1.65132403  0.02982456  5.6
  0.24561404  5.43333333 -0.65412712  0.02982456  5.6         0.24561404
  5.43333333 -1.02777171]",1208.0562410354614
0.0025159999999999974,[0.28655997],"[ 0.02982456  5.5         0.24561404  5.46666667 -1.65132403  0.02982456
  5.6         0.24561404  5.43333333 -0.65412712  0.02982456  5.6
  0.24561404  5.43333333 -1.02777171  0.03157895  5.56666667  0.24561404
  5.43333333 -0.71344006]",1208.1068065166473
-3.999999999999837e-05,[-0.1511984],"[ 0.02982456  5.6         0.24561404  5.43333333 -0.65412712  0.02982456
  5.6         0.24561404  5.43333333 -1.02777171  0.03157895  5.56666667
  0.24561404  5.43333333 -0.71344006  0.02982456  5.56666667  0.24385965
  5.46666667 -1.15119839]",1208.1569240093231
0.002596000000000001,[-0.21142216],"[ 0.02982456  5.6         0.24561404  5.43333333 -1.02777171  0.03157895
  5.56666667  0.24561404  5.43333333 -0.71344006  0.02982456  5.56666667
  0.24385965  5.46666667 -1.15119839  0.03157895  5.43333333  0.24736842
  5.56666667 -1.2114222 ]",1208.207216501236
0.0025359999999999966,[-0.15548079],"[ 0.03157895  5.56666667  0.24561404  5.43333333 -0.71344006  0.02982456
  5.56666667  0.24385965  5.46666667 -1.15119839  0.03157895  5.43333333
  0.24736842  5.56666667 -1.2114222   0.03157895  5.53333333  0.24736842
  5.46666667 -1.15548074]",1208.2571749687195
0.0025159999999999974,[0.5010894],"[ 0.02982456  5.56666667  0.24385965  5.46666667 -1.15119839  0.03157895
  5.43333333  0.24736842  5.56666667 -1.2114222   0.03157895  5.53333333
  0.24736842  5.46666667 -1.15548074  0.03157895  5.56666667  0.24736842
  5.4        -0.49891061]",1208.307448387146
0.0051119999999999985,[-0.03365069],"[ 0.03157895  5.43333333  0.24736842  5.56666667 -1.2114222   0.03157895
  5.53333333  0.24736842  5.46666667 -1.15548074  0.03157895  5.56666667
  0.24736842  5.4        -0.49891061  0.03333333  5.5         0.24736842
  5.43333333 -1.03365064]",1208.3576998710632
0.007628000000000003,[-0.55901396],"[ 0.03157895  5.53333333  0.24736842  5.46666667 -1.15548074  0.03157895
  5.56666667  0.24736842  5.4        -0.49891061  0.03333333  5.5
  0.24736842  5.43333333 -1.03365064  0.03508772  5.56666667  0.24736842
  5.36666667 -1.55901396]",1208.4306766986847
0.010203999999999998,[0.23138623],"[ 0.03157895  5.56666667  0.24736842  5.4        -0.49891061  0.03333333
  5.5         0.24736842  5.43333333 -1.03365064  0.03508772  5.56666667
  0.24736842  5.36666667 -1.55901396  0.03684211  5.53333333  0.24912281
  5.36666667 -0.76861376]",1208.5104162693024
0.01278,[0.19512483],"[ 0.03333333  5.5         0.24736842  5.43333333 -1.03365064  0.03508772
  5.56666667  0.24736842  5.36666667 -1.55901396  0.03684211  5.53333333
  0.24912281  5.36666667 -0.76861376  0.03859649  5.5         0.25263158
  5.43333333 -0.80487514]",1208.5906767845154
0.017812,[-0.22199026],"[ 0.03508772  5.56666667  0.24736842  5.36666667 -1.55901396  0.03684211
  5.53333333  0.24912281  5.36666667 -0.76861376  0.03859649  5.5
  0.25263158  5.43333333 -0.80487514  0.04210526  5.63333333  0.25614035
  5.33333333 -1.22199023]",1208.670431137085
0.022923999999999993,[0.33950943],"[ 0.03684211  5.53333333  0.24912281  5.36666667 -0.76861376  0.03859649
  5.5         0.25263158  5.43333333 -0.80487514  0.04210526  5.63333333
  0.25614035  5.33333333 -1.22199023  0.04561404  5.63333333  0.25789474
  5.3        -0.66049057]",1208.74436044693
0.022944,[0.18605316],"[ 0.03859649  5.5         0.25263158  5.43333333 -0.80487514  0.04210526
  5.63333333  0.25614035  5.33333333 -1.22199023  0.04561404  5.63333333
  0.25789474  5.3        -0.66049057  0.04561404  5.6         0.25964912
  5.3        -0.81394684]",1208.8303925991058
0.027996,[-0.8141366],"[ 0.04210526  5.63333333  0.25614035  5.33333333 -1.22199023  0.04561404
  5.63333333  0.25789474  5.3        -0.66049057  0.04561404  5.6
  0.25964912  5.3        -0.81394684  0.04912281  5.7         0.26140351
  5.16666667 -1.81413662]",1208.9107737541199
0.030591999999999998,[0.65161943],"[ 0.04561404  5.63333333  0.25789474  5.3        -0.66049057  0.04561404
  5.6         0.25964912  5.3        -0.81394684  0.04912281  5.7
  0.26140351  5.16666667 -1.81413662  0.05087719  5.63333333  0.26315789
  5.13333333 -0.34838057]",1208.990272283554
0.030691999999999997,[-0.40513957],"[ 0.04561404  5.6         0.25964912  5.3        -0.81394684  0.04912281
  5.7         0.26140351  5.16666667 -1.81413662  0.05087719  5.63333333
  0.26315789  5.13333333 -0.34838057  0.05087719  5.46666667  0.26491228
  5.26666667 -1.40513957]",1209.070515871048
0.03572399999999999,[0.9004997],"[ 0.04912281  5.7         0.26140351  5.16666667 -1.81413662  0.05087719
  5.63333333  0.26315789  5.13333333 -0.34838057  0.05087719  5.46666667
  0.26491228  5.26666667 -1.40513957  0.05438596  5.6         0.26666667
  5.16666667 -0.0995003 ]",1209.151953458786
0.038400000000000004,[-0.3060459],"[ 0.05087719  5.63333333  0.26315789  5.13333333 -0.34838057  0.05087719
  5.46666667  0.26491228  5.26666667 -1.40513957  0.05438596  5.6
  0.26666667  5.16666667 -0.0995003   0.05789474  5.6         0.27017544
  5.1        -1.30604589]",1209.2246141433716
0.048464,[-0.17075086],"[ 0.05087719  5.46666667  0.26491228  5.26666667 -1.40513957  0.05438596
  5.6         0.26666667  5.16666667 -0.0995003   0.05789474  5.6
  0.27017544  5.1        -1.30604589  0.06315789  5.66666667  0.27368421
  4.93333333 -1.17075086]",1209.3103919029236
0.056212,[0.73717487],"[ 0.05438596  5.6         0.26666667  5.16666667 -0.0995003   0.05789474
  5.6         0.27017544  5.1        -1.30604589  0.06315789  5.66666667
  0.27368421  4.93333333 -1.17075086  0.06842105  5.63333333  0.27719298
  4.9        -0.26282513]",1209.3905370235443
0.061363999999999995,[-0.9176774],"[ 0.05789474  5.6         0.27017544  5.1        -1.30604589  0.06315789
  5.66666667  0.27368421  4.93333333 -1.17075086  0.06842105  5.63333333
  0.27719298  4.9        -0.26282513  0.07192982  5.56666667  0.28070175
  4.9        -1.9176774 ]",1209.4703097343445
0.06382,[-0.9756892],"[ 0.06315789  5.66666667  0.27368421  4.93333333 -1.17075086  0.06842105
  5.63333333  0.27719298  4.9        -0.26282513  0.07192982  5.56666667
  0.28070175  4.9        -1.9176774   0.0754386   5.7         0.28245614
  4.7        -1.97568917]",1209.5506584644318
0.07154799999999999,[0.20054354],"[ 0.06842105  5.63333333  0.27719298  4.9        -0.26282513  0.07192982
  5.56666667  0.28070175  4.9        -1.9176774   0.0754386   5.7
  0.28245614  4.7        -1.97568917  0.07894737  5.6         0.28596491
  4.76666667 -0.79945648]",1209.630945444107
0.071608,[0.12007714],"[ 0.07192982  5.56666667  0.28070175  4.9        -1.9176774   0.0754386
  5.7         0.28245614  4.7        -1.97568917  0.07894737  5.6
  0.28596491  4.76666667 -0.79945648  0.08070175  5.36666667  0.29122807
  4.96666667 -0.87992287]",1209.7105276584625
0.079276,[-0.7706236],"[ 0.0754386   5.7         0.28245614  4.7        -1.97568917  0.07894737
  5.6         0.28596491  4.76666667 -0.79945648  0.08070175  5.36666667
  0.29122807  4.96666667 -0.87992287  0.08596491  5.46666667  0.29649123
  4.83333333 -1.77062368]",1209.7905163764954
0.09207600000000002,[-0.41948828],"[ 0.07894737  5.6         0.28596491  4.76666667 -0.79945648  0.08070175
  5.36666667  0.29122807  4.96666667 -0.87992287  0.08596491  5.46666667
  0.29649123  4.83333333 -1.77062368  0.09473684  5.46666667  0.30350877
  4.7        -1.41948831]",1209.8706271648407
0.09728800000000001,[-0.8945592],"[ 0.08070175  5.36666667  0.29122807  4.96666667 -0.87992287  0.08596491
  5.46666667  0.29649123  4.83333333 -1.77062368  0.09473684  5.46666667
  0.30350877  4.7        -1.41948831  0.1         5.23333333  0.3122807
  4.8        -1.89455914]",1209.9507930278778
0.1025,[-0.5804999],"[ 0.08596491  5.46666667  0.29649123  4.83333333 -1.77062368  0.09473684
  5.46666667  0.30350877  4.7        -1.41948831  0.1         5.23333333
  0.3122807   4.8        -1.89455914  0.10526316  5.13333333  0.32105263
  4.83333333 -1.58049989]",1210.0307521820068
0.10769199999999998,[0.23394716],"[ 0.09473684  5.46666667  0.30350877  4.7        -1.41948831  0.1
  5.23333333  0.3122807   4.8        -1.89455914  0.10526316  5.13333333
  0.32105263  4.83333333 -1.58049989  0.11052632  4.96666667  0.32982456
  4.86666667 -0.76605284]",1210.1110153198242
0.110268,[0.57960546],"[ 0.1         5.23333333  0.3122807   4.8        -1.89455914  0.10526316
  5.13333333  0.32105263  4.83333333 -1.58049989  0.11052632  4.96666667
  0.32982456  4.86666667 -0.76605284  0.11403509  4.9         0.33684211
  4.76666667 -0.42039454]",1210.1844124794006
0.11032800000000001,[-0.05739338],"[ 0.10526316  5.13333333  0.32105263  4.83333333 -1.58049989  0.11052632
  4.96666667  0.32982456  4.86666667 -0.76605284  0.11403509  4.9
  0.33684211  4.76666667 -0.42039454  0.11754386  4.93333333  0.34035088
  4.56666667 -1.05739343]",1210.2646193504333
0.110348,[0.91834617],"[ 0.11052632  4.96666667  0.32982456  4.86666667 -0.76605284  0.11403509
  4.9         0.33684211  4.76666667 -0.42039454  0.11754386  4.93333333
  0.34035088  4.56666667 -1.05739343  0.12105263  4.9         0.34210526
  4.46666667 -0.08165383]",1210.3513939380646
0.14589200000000002,[-0.84145164],"[ 0.11403509  4.9         0.33684211  4.76666667 -0.42039454  0.11754386
  4.93333333  0.34035088  4.56666667 -1.05739343  0.12105263  4.9
  0.34210526  4.46666667 -0.08165383  0.14561404  5.26666667  0.34385965
  4.43333333 -1.84145164]",1210.4304637908936
0.14078000000000004,[0.79703695],"[ 0.11754386  4.93333333  0.34035088  4.56666667 -1.05739343  0.12105263
  4.9         0.34210526  4.46666667 -0.08165383  0.14561404  5.26666667
  0.34385965  4.43333333 -1.84145164  0.14561404  5.36666667  0.34561404
  4.2        -0.20296305]",1210.5118975639343
0.14335599999999998,[-0.68398905],"[ 0.12105263  4.9         0.34210526  4.46666667 -0.08165383  0.14561404
  5.26666667  0.34385965  4.43333333 -1.84145164  0.14561404  5.36666667
  0.34561404  4.2        -0.20296305  0.14912281  5.26666667  0.34912281
  4.2        -1.68398905]",1210.590563774109
0.15094400000000002,[0.27031508],"[ 0.14561404  5.26666667  0.34385965  4.43333333 -1.84145164  0.14561404
  5.36666667  0.34561404  4.2        -0.20296305  0.14912281  5.26666667
  0.34912281  4.2        -1.68398905  0.15438596  5.23333333  0.35614035
  4.13333333 -0.72968495]",1210.6721608638763
0.15362000000000003,[-0.43157804],"[ 0.14561404  5.36666667  0.34561404  4.2        -0.20296305  0.14912281
  5.26666667  0.34912281  4.2        -1.68398905  0.15438596  5.23333333
  0.35614035  4.13333333 -0.72968495  0.15964912  5.16666667  0.36315789
  4.1        -1.43157804]",1210.7454183101654
0.15623599999999999,[0.3325393],"[ 0.14912281  5.26666667  0.34912281  4.2        -1.68398905  0.15438596
  5.23333333  0.35614035  4.13333333 -0.72968495  0.15964912  5.16666667
  0.36315789  4.1        -1.43157804  0.16491228  5.06666667  0.37368421
  4.03333333 -0.66746068]",1210.8304965496063
0.161428,[0.30833513],"[ 0.15438596  5.23333333  0.35614035  4.13333333 -0.72968495  0.15964912
  5.16666667  0.36315789  4.1        -1.43157804  0.16491228  5.06666667
  0.37368421  4.03333333 -0.66746068  0.17368421  5.          0.38070175
  3.96666667 -0.69166487]",1210.910305738449
0.16394399999999998,[0.2526862],"[ 0.15964912  5.16666667  0.36315789  4.1        -1.43157804  0.16491228
  5.06666667  0.37368421  4.03333333 -0.66746068  0.17368421  5.
  0.38070175  3.96666667 -0.69166487  0.18070175  5.03333333  0.38596491
  3.8        -0.7473138 ]",1210.9904222488403
0.163904,[0.30441236],"[ 0.16491228  5.06666667  0.37368421  4.03333333 -0.66746068  0.17368421
  5.          0.38070175  3.96666667 -0.69166487  0.18070175  5.03333333
  0.38596491  3.8        -0.7473138   0.18421053  5.03333333  0.38596491
  3.73333333 -0.69558764]",1211.0707578659058
0.16142800000000002,[0.6332668],"[ 0.17368421  5.          0.38070175  3.96666667 -0.69166487  0.18070175
  5.03333333  0.38596491  3.8        -0.7473138   0.18421053  5.03333333
  0.38596491  3.73333333 -0.69558764  0.18596491  5.03333333  0.38596491
  3.63333333 -0.36673319]",1211.152572631836
0.156256,[-0.736042],"[ 0.18070175  5.03333333  0.38596491  3.8        -0.7473138   0.18421053
  5.03333333  0.38596491  3.73333333 -0.69558764  0.18596491  5.03333333
  0.38596491  3.63333333 -0.36673319  0.18596491  5.03333333  0.38421053
  3.63333333 -1.73604202]",1211.224561214447
0.15611599999999998,[-0.47768307],"[ 0.18421053  5.03333333  0.38596491  3.73333333 -0.69558764  0.18596491
  5.03333333  0.38596491  3.63333333 -0.36673319  0.18596491  5.03333333
  0.38421053  3.63333333 -1.73604202  0.1877193   5.03333333  0.38596491
  3.63333333 -1.47768307]",1211.3119204044342
0.14858800000000003,[-0.5894977],"[ 0.18596491  5.03333333  0.38596491  3.63333333 -0.36673319  0.18596491
  5.03333333  0.38421053  3.63333333 -1.73604202  0.1877193   5.03333333
  0.38596491  3.63333333 -1.47768307  0.1877193   4.9         0.39122807
  3.8        -1.58949769]",1211.3925755023956
0.13844399999999998,[0.16916922],"[ 0.18596491  5.03333333  0.38421053  3.63333333 -1.73604202  0.1877193
  5.03333333  0.38596491  3.63333333 -1.47768307  0.1877193   4.9
  0.39122807  3.8        -1.58949769  0.18947368  4.76666667  0.39824561
  3.93333333 -0.83083081]",1211.4643967151642
0.13576800000000003,[0.34668115],"[ 0.1877193   5.03333333  0.38596491  3.63333333 -1.47768307  0.1877193
  4.9         0.39122807  3.8        -1.58949769  0.18947368  4.76666667
  0.39824561  3.93333333 -0.83083081  0.19298246  4.73333333  0.40350877
  3.96666667 -0.65331888]",1211.5446372032166
0.135628,[-0.03755489],"[ 0.1877193   4.9         0.39122807  3.8        -1.58949769  0.18947368
  4.76666667  0.39824561  3.93333333 -0.83083081  0.19298246  4.73333333
  0.40350877  3.96666667 -0.65331888  0.19824561  4.86666667  0.40526316
  3.83333333 -1.03755486]",1211.6285891532898
0.13043600000000002,[-0.90526795],"[ 0.18947368  4.76666667  0.39824561  3.93333333 -0.83083081  0.19298246
  4.73333333  0.40350877  3.96666667 -0.65331888  0.19824561  4.86666667
  0.40526316  3.83333333 -1.03755486  0.2         4.83333333  0.40877193
  3.83333333 -1.90526795]",1211.7102236747742
0.122828,[-0.2435551],"[ 0.19298246  4.73333333  0.40350877  3.96666667 -0.65331888  0.19824561
  4.86666667  0.40526316  3.83333333 -1.03755486  0.2         4.83333333
  0.40877193  3.83333333 -1.90526795  0.19824561  4.66666667  0.41052632
  3.96666667 -1.24355507]",1211.7854866981506
0.12292799999999997,[0.6187551],"[ 0.19824561  4.86666667  0.40526316  3.83333333 -1.03755486  0.2
  4.83333333  0.40877193  3.83333333 -1.90526795  0.19824561  4.66666667
  0.41052632  3.96666667 -1.24355507  0.20175439  4.53333333  0.41403509
  4.1        -0.3812449 ]",1211.8658912181854
0.12280799999999999,[-0.0365337],"[ 0.2         4.83333333  0.40877193  3.83333333 -1.90526795  0.19824561
  4.66666667  0.41052632  3.96666667 -1.24355507  0.20175439  4.53333333
  0.41403509  4.1        -0.3812449   0.20526316  4.7         0.41754386
  4.03333333 -1.03653371]",1211.9452440738678
0.09483199999999997,[-0.8758751],"[ 0.19824561  4.66666667  0.41052632  3.96666667 -1.24355507  0.20175439
  4.53333333  0.41403509  4.1        -0.3812449   0.20526316  4.7
  0.41754386  4.03333333 -1.03653371  0.21052632  4.83333333  0.41754386
  3.9        -1.87587512]",1212.0252759456635
0.09495199999999998,[-0.7206188],"[ 0.20175439  4.53333333  0.41403509  4.1        -0.3812449   0.20526316
  4.7         0.41754386  4.03333333 -1.03653371  0.21052632  4.83333333
  0.41754386  3.9        -1.87587512  0.21052632  4.73333333  0.41929825
  3.96666667 -1.72061872]",1212.1095581054688
0.095032,[-0.7729088],"[ 0.20526316  4.7         0.41754386  4.03333333 -1.03653371  0.21052632
  4.83333333  0.41754386  3.9        -1.87587512  0.21052632  4.73333333
  0.41929825  3.96666667 -1.72061872  0.21403509  4.5         0.42631579
  4.1        -1.77290881]",1212.1886689662933
0.10014399999999997,[0.85682243],"[ 0.21052632  4.83333333  0.41754386  3.9        -1.87587512  0.21052632
  4.73333333  0.41929825  3.96666667 -1.72061872  0.21403509  4.5
  0.42631579  4.1        -1.77290881  0.22280702  4.46666667  0.43684211
  4.16666667 -0.14317757]",1212.2665259838104
0.10519599999999998,[0.6573956],"[ 0.21052632  4.73333333  0.41929825  3.96666667 -1.72061872  0.21403509
  4.5         0.42631579  4.1        -1.77290881  0.22280702  4.46666667
  0.43684211  4.16666667 -0.14317757  0.23157895  4.5         0.44736842
  4.23333333 -0.3426044 ]",1212.3447542190552
0.10503600000000002,[0.6593463],"[ 0.21403509  4.5         0.42631579  4.1        -1.77290881  0.22280702
  4.46666667  0.43684211  4.16666667 -0.14317757  0.23157895  4.5
  0.44736842  4.23333333 -0.3426044   0.23684211  4.66666667  0.45263158
  4.1        -0.34065372]",1212.4247026443481
0.09728799999999999,[-0.8855535],"[ 0.22280702  4.46666667  0.43684211  4.16666667 -0.14317757  0.23157895
  4.5         0.44736842  4.23333333 -0.3426044   0.23684211  4.66666667
  0.45263158  4.1        -0.34065372  0.24035088  4.73333333  0.45087719
  3.83333333 -1.88555348]",1212.50443983078
0.08968000000000004,[-0.7791729],"[ 0.23157895  4.5         0.44736842  4.23333333 -0.3426044   0.23684211
  4.66666667  0.45263158  4.1        -0.34065372  0.24035088  4.73333333
  0.45087719  3.83333333 -1.88555348  0.24210526  4.66666667  0.44912281
  3.73333333 -1.7791729 ]",1212.5894989967346
0.08466800000000002,[-0.47983724],"[ 0.23684211  4.66666667  0.45263158  4.1        -0.34065372  0.24035088
  4.73333333  0.45087719  3.83333333 -1.88555348  0.24210526  4.66666667
  0.44912281  3.73333333 -1.7791729   0.24210526  4.5         0.45438596
  3.9        -1.47983718]",1212.6654016971588
0.08982000000000001,[-0.17637469],"[ 0.24035088  4.73333333  0.45087719  3.83333333 -1.88555348  0.24210526
  4.66666667  0.44912281  3.73333333 -1.7791729   0.24210526  4.5
  0.45438596  3.9        -1.47983718  0.24736842  4.43333333  0.45964912
  4.         -1.17637467]",1212.748658657074
0.10006399999999997,[0.13552447],"[ 0.24210526  4.66666667  0.44912281  3.73333333 -1.7791729   0.24210526
  4.5         0.45438596  3.9        -1.47983718  0.24736842  4.43333333
  0.45964912  4.         -1.17637467  0.25438596  4.4         0.46666667
  3.93333333 -0.86447555]",1212.8271839618683
0.11028799999999998,[0.17291573],"[ 0.24210526  4.5         0.45438596  3.9        -1.47983718  0.24736842
  4.43333333  0.45964912  4.         -1.17637467  0.25438596  4.4
  0.46666667  3.93333333 -0.86447555  0.26315789  4.4         0.47368421
  3.83333333 -0.8270843 ]",1212.9047763347626
0.120452,[-0.87562937],"[ 0.24736842  4.43333333  0.45964912  4.         -1.17637467  0.25438596
  4.4         0.46666667  3.93333333 -0.86447555  0.26315789  4.4
  0.47368421  3.83333333 -0.8270843   0.27017544  4.36666667  0.48245614
  3.73333333 -1.87562943]",1212.9885938167572
0.125544,[-0.37746674],"[ 0.25438596  4.4         0.46666667  3.93333333 -0.86447555  0.26315789
  4.4         0.47368421  3.83333333 -0.8270843   0.27017544  4.36666667
  0.48245614  3.73333333 -1.87562943  0.2754386   4.26666667  0.48947368
  3.76666667 -1.37746668]",1213.0704326629639
0.125624,[-0.35718834],"[ 0.26315789  4.4         0.47368421  3.83333333 -0.8270843   0.27017544
  4.36666667  0.48245614  3.73333333 -1.87562943  0.2754386   4.26666667
  0.48947368  3.76666667 -1.37746668  0.27894737  4.1         0.49473684
  3.86666667 -1.35718834]",1213.144565820694
0.12312800000000002,[-0.5023345],"[ 0.27017544  4.36666667  0.48245614  3.73333333 -1.87562943  0.2754386
  4.26666667  0.48947368  3.76666667 -1.37746668  0.27894737  4.1
  0.49473684  3.86666667 -1.35718834  0.28245614  4.13333333  0.49649123
  3.83333333 -1.50233448]",1213.230296611786
0.12057199999999994,[0.7177273],"[ 0.2754386   4.26666667  0.48947368  3.76666667 -1.37746668  0.27894737
  4.1         0.49473684  3.86666667 -1.35718834  0.28245614  4.13333333
  0.49649123  3.83333333 -1.50233448  0.28245614  4.1         0.49649123
  3.86666667 -0.2822727 ]",1213.3045270442963
0.12558399999999997,[0.16400182],"[ 0.27894737  4.1         0.49473684  3.86666667 -1.35718834  0.28245614
  4.13333333  0.49649123  3.83333333 -1.50233448  0.28245614  4.1
  0.49649123  3.86666667 -0.2822727   0.28421053  4.1         0.49649123
  3.83333333 -0.83599818]",1213.385627746582
0.12542400000000004,[0.1500269],"[ 0.28245614  4.13333333  0.49649123  3.83333333 -1.50233448  0.28245614
  4.1         0.49649123  3.86666667 -0.2822727   0.28421053  4.1
  0.49649123  3.83333333 -0.83599818  0.2877193   4.23333333  0.5
  3.7        -0.84997308]",1213.4649095535278
0.12806,[-0.5074062],"[ 0.28245614  4.1         0.49649123  3.86666667 -0.2822727   0.28421053
  4.1         0.49649123  3.83333333 -0.83599818  0.2877193   4.23333333
  0.5         3.7        -0.84997308  0.29298246  4.26666667  0.50526316
  3.76666667 -1.50740623]",1213.549544095993
0.12564400000000003,[-0.4530285],"[ 0.28421053  4.1         0.49649123  3.83333333 -0.83599818  0.2877193
  4.23333333  0.5         3.7        -0.84997308  0.29298246  4.26666667
  0.50526316  3.76666667 -1.50740623  0.29649123  4.16666667  0.51052632
  3.86666667 -1.45302844]",1213.6307277679443
0.130756,[0.63796103],"[ 0.2877193   4.23333333  0.5         3.7        -0.84997308  0.29298246
  4.26666667  0.50526316  3.76666667 -1.50740623  0.29649123  4.16666667
  0.51052632  3.86666667 -1.45302844  0.3         4.06666667  0.51578947
  4.         -0.36203897]",1213.7048497200012
0.13057599999999997,[-0.4306853],"[ 0.29298246  4.26666667  0.50526316  3.76666667 -1.50740623  0.29649123
  4.16666667  0.51052632  3.86666667 -1.45302844  0.3         4.06666667
  0.51578947  4.         -0.36203897  0.30350877  4.13333333  0.51929825
  4.03333333 -1.43068528]",1213.7852478027344
0.12029199999999998,[0.01092309],"[ 0.29649123  4.16666667  0.51052632  3.86666667 -1.45302844  0.3
  4.06666667  0.51578947  4.         -0.36203897  0.30350877  4.13333333
  0.51929825  4.03333333 -1.43068528  0.30526316  4.2         0.52105263
  3.96666667 -0.98907691]",1213.8646297454834
0.107572,[0.9623014],"[ 0.3         4.06666667  0.51578947  4.         -0.36203897  0.30350877
  4.13333333  0.51929825  4.03333333 -1.43068528  0.30526316  4.2
  0.52105263  3.96666667 -0.98907691  0.30526316  4.13333333  0.52105263
  4.03333333 -0.03769863]",1213.9444937705994
0.1025,[0.61279166],"[ 0.30350877  4.13333333  0.51929825  4.03333333 -1.43068528  0.30526316
  4.2         0.52105263  3.96666667 -0.98907691  0.30526316  4.13333333
  0.52105263  4.03333333 -0.03769863  0.30701754  4.23333333  0.52280702
  3.96666667 -0.38720834]",1214.0263299942017
0.104976,[-0.46374443],"[ 0.30526316  4.2         0.52105263  3.96666667 -0.98907691  0.30526316
  4.13333333  0.52105263  4.03333333 -0.03769863  0.30701754  4.23333333
  0.52280702  3.96666667 -0.38720834  0.3122807   4.43333333  0.5245614
  3.83333333 -1.4637444 ]",1214.104595899582
0.10241999999999996,[0.4356394],"[ 0.30526316  4.13333333  0.52105263  4.03333333 -0.03769863  0.30701754
  4.23333333  0.52280702  3.96666667 -0.38720834  0.3122807   4.43333333
  0.5245614   3.83333333 -1.4637444   0.3122807   4.36666667  0.5245614
  3.9        -0.56436062]",1214.184603214264
0.10493599999999996,[0.14568186],"[ 0.30701754  4.23333333  0.52280702  3.96666667 -0.38720834  0.3122807
  4.43333333  0.5245614   3.83333333 -1.4637444   0.3122807   4.36666667
  0.5245614   3.9        -0.56436062  0.31403509  4.26666667  0.52807018
  4.         -0.85431814]",1214.2645123004913
0.10224,[-0.9396332],"[ 0.3122807   4.43333333  0.5245614   3.83333333 -1.4637444   0.3122807
  4.36666667  0.5245614   3.9        -0.56436062  0.31403509  4.26666667
  0.52807018  4.         -0.85431814  0.31754386  4.43333333  0.53157895
  3.9        -1.93963313]",1214.344455242157
0.09966400000000003,[0.38565978],"[ 0.3122807   4.36666667  0.5245614   3.9        -0.56436062  0.31403509
  4.26666667  0.52807018  4.         -0.85431814  0.31754386  4.43333333
  0.53157895  3.9        -1.93963313  0.32280702  4.43333333  0.53684211
  4.06666667 -0.61434019]",1214.4246051311493
0.09207599999999999,[-0.95978564],"[ 0.31403509  4.26666667  0.52807018  4.         -0.85431814  0.31754386
  4.43333333  0.53157895  3.9        -1.93963313  0.32280702  4.43333333
  0.53684211  4.06666667 -0.61434019  0.32631579  4.3         0.54210526
  4.23333333 -1.9597857 ]",1214.5070781707764
0.09201599999999999,[-0.93603694],"[ 0.31754386  4.43333333  0.53157895  3.9        -1.93963313  0.32280702
  4.43333333  0.53684211  4.06666667 -0.61434019  0.32631579  4.3
  0.54210526  4.23333333 -1.9597857   0.33333333  4.36666667  0.54912281
  4.16666667 -1.93603694]",1214.5846214294434
0.09201600000000004,[-0.28776857],"[ 0.32280702  4.43333333  0.53684211  4.06666667 -0.61434019  0.32631579
  4.3         0.54210526  4.23333333 -1.9597857   0.33333333  4.36666667
  0.54912281  4.16666667 -1.93603694  0.33859649  4.26666667  0.55263158
  4.26666667 -1.2877686 ]",1214.6652760505676
0.09449199999999996,[-0.5882966],"[ 0.32631579  4.3         0.54210526  4.23333333 -1.9597857   0.33333333
  4.36666667  0.54912281  4.16666667 -1.93603694  0.33859649  4.26666667
  0.55263158  4.26666667 -1.2877686   0.34385965  4.23333333  0.55789474
  4.36666667 -1.58829665]",1214.7466623783112
