reward,action,obs,time
,,"[0.         0.         0.         0.         0.         0.
 0.         0.         0.         0.         0.         0.
 0.         0.         0.         0.02982456 5.63333333 0.24561404
 5.43333333 0.        ]",1513.7142174243927
0.002456,[0.46870077],"[ 0.          0.          0.          0.          0.          0.
  0.          0.          0.          0.          0.02982456  5.63333333
  0.24561404  5.43333333  0.          0.03157895  5.8         0.24385965
  5.33333333 -0.53129923]",1513.8706638813019
7.999999999999674e-05,[-0.46609715],"[ 0.          0.          0.          0.          0.          0.02982456
  5.63333333  0.24561404  5.43333333  0.          0.03157895  5.8
  0.24385965  5.33333333 -0.53129923  0.02982456  5.5         0.24561404
  5.46666667 -1.46609712]",1513.9206883907318
0.0025159999999999974,[-0.9556425],"[ 0.02982456  5.63333333  0.24561404  5.43333333  0.          0.03157895
  5.8         0.24385965  5.33333333 -0.53129923  0.02982456  5.5
  0.24561404  5.46666667 -1.46609712  0.03157895  5.7         0.24385965
  5.4        -1.95564246]",1513.9719104766846
0.0025159999999999974,[-0.8791033],"[ 0.03157895  5.8         0.24385965  5.33333333 -0.53129923  0.02982456
  5.5         0.24561404  5.46666667 -1.46609712  0.03157895  5.7
  0.24385965  5.4        -1.95564246  0.03157895  5.7         0.24385965
  5.4        -1.8791033 ]",1514.025593996048
0.0025159999999999974,[0.10469691],"[ 0.02982456  5.5         0.24561404  5.46666667 -1.46609712  0.03157895
  5.7         0.24385965  5.4        -1.95564246  0.03157895  5.7
  0.24385965  5.4        -1.8791033   0.03157895  5.7         0.24561404
  5.4        -0.89530307]",1514.0769777297974
3.999999999999837e-05,[-0.36617228],"[ 0.03157895  5.7         0.24385965  5.4        -1.95564246  0.03157895
  5.7         0.24385965  5.4        -1.8791033   0.03157895  5.7
  0.24561404  5.4        -0.89530307  0.02982456  5.56666667  0.24561404
  5.5        -1.36617231]",1514.1276910305023
0.002695999999999997,[-0.85747135],"[ 0.03157895  5.7         0.24385965  5.4        -1.8791033   0.03157895
  5.7         0.24561404  5.4        -0.89530307  0.02982456  5.56666667
  0.24561404  5.5        -1.36617231  0.03157895  5.4         0.24736842
  5.63333333 -1.85747135]",1514.171873807907
0.007747999999999998,[0.35395142],"[ 0.03157895  5.7         0.24561404  5.4        -0.89530307  0.02982456
  5.56666667  0.24561404  5.5        -1.36617231  0.03157895  5.4
  0.24736842  5.63333333 -1.85747135  0.03508772  5.5         0.24912281
  5.53333333 -0.64604855]",1514.227965593338
0.007727999999999999,[-0.433018],"[ 0.02982456  5.56666667  0.24561404  5.5        -1.36617231  0.03157895
  5.4         0.24736842  5.63333333 -1.85747135  0.03508772  5.5
  0.24912281  5.53333333 -0.64604855  0.03508772  5.53333333  0.24912281
  5.5        -1.43301797]",1514.2845120429993
0.007787999999999996,[-0.9625061],"[ 0.03157895  5.4         0.24736842  5.63333333 -1.85747135  0.03508772
  5.5         0.24912281  5.53333333 -0.64604855  0.03508772  5.53333333
  0.24912281  5.5        -1.43301797  0.03508772  5.43333333  0.24912281
  5.56666667 -1.96250606]",1514.370804309845
0.012919999999999992,[0.48414752],"[ 0.03508772  5.5         0.24912281  5.53333333 -0.64604855  0.03508772
  5.53333333  0.24912281  5.5        -1.43301797  0.03508772  5.43333333
  0.24912281  5.56666667 -1.96250606  0.03859649  5.4         0.25087719
  5.63333333 -0.51585245]",1514.4456927776337
0.018051999999999995,[-0.7456267],"[ 0.03508772  5.53333333  0.24912281  5.5        -1.43301797  0.03508772
  5.43333333  0.24912281  5.56666667 -1.96250606  0.03859649  5.4
  0.25087719  5.63333333 -0.51585245  0.04210526  5.36666667  0.25614035
  5.7        -1.74562669]",1514.5391025543213
0.025659999999999995,[0.43707556],"[ 0.03508772  5.43333333  0.24912281  5.56666667 -1.96250606  0.03859649
  5.4         0.25087719  5.63333333 -0.51585245  0.04210526  5.36666667
  0.25614035  5.7        -1.74562669  0.04736842  5.46666667  0.26140351
  5.6        -0.56292444]",1514.6152844429016
0.030772,[-0.87478995],"[ 0.03859649  5.4         0.25087719  5.63333333 -0.51585245  0.04210526
  5.36666667  0.25614035  5.7        -1.74562669  0.04736842  5.46666667
  0.26140351  5.6        -0.56292444  0.05087719  5.46666667  0.26666667
  5.63333333 -1.87478995]",1514.6884875297546
0.035804,[0.49565732],"[ 0.04210526  5.36666667  0.25614035  5.7        -1.74562669  0.04736842
  5.46666667  0.26140351  5.6        -0.56292444  0.05087719  5.46666667
  0.26666667  5.63333333 -1.87478995  0.05438596  5.6         0.27017544
  5.53333333 -0.50434268]",1514.7699041366577
0.04097599999999999,[-0.62728894],"[ 0.04736842  5.46666667  0.26140351  5.6        -0.56292444  0.05087719
  5.46666667  0.26666667  5.63333333 -1.87478995  0.05438596  5.6
  0.27017544  5.53333333 -0.50434268  0.05789474  5.5         0.27017544
  5.56666667 -1.62728894]",1514.8486211299896
0.043531999999999994,[0.24599378],"[ 0.05087719  5.46666667  0.26666667  5.63333333 -1.87478995  0.05438596
  5.6         0.27017544  5.53333333 -0.50434268  0.05789474  5.5
  0.27017544  5.56666667 -1.62728894  0.05964912  5.5         0.27192982
  5.5        -0.75400621]",1514.9285576343536
0.046067999999999984,[0.09197146],"[ 0.05438596  5.6         0.27017544  5.53333333 -0.50434268  0.05789474
  5.5         0.27017544  5.56666667 -1.62728894  0.05964912  5.5
  0.27192982  5.5        -0.75400621  0.06140351  5.53333333  0.2754386
  5.46666667 -0.90802854]",1515.0087039470673
0.053715999999999986,[-0.44496816],"[ 0.05789474  5.5         0.27017544  5.56666667 -1.62728894  0.05964912
  5.5         0.27192982  5.5        -0.75400621  0.06140351  5.53333333
  0.2754386   5.46666667 -0.90802854  0.06666667  5.56666667  0.27894737
  5.4        -1.44496822]",1515.09029006958
0.058887999999999996,[0.10589647],"[ 0.05964912  5.5         0.27192982  5.5        -0.75400621  0.06140351
  5.53333333  0.2754386   5.46666667 -0.90802854  0.06666667  5.56666667
  0.27894737  5.4        -1.44496822  0.07017544  5.46666667  0.28421053
  5.46666667 -0.89410353]",1515.1699752807617
0.06154399999999999,[0.396402],"[ 0.06140351  5.53333333  0.2754386   5.46666667 -0.90802854  0.06666667
  5.56666667  0.27894737  5.4        -1.44496822  0.07017544  5.46666667
  0.28421053  5.46666667 -0.89410353  0.07368421  5.46666667  0.28947368
  5.5        -0.603598  ]",1515.249445438385
0.06893200000000001,[-0.53082377],"[ 0.06666667  5.56666667  0.27894737  5.4        -1.44496822  0.07017544
  5.46666667  0.28421053  5.46666667 -0.89410353  0.07368421  5.46666667
  0.28947368  5.5        -0.603598    0.07719298  5.63333333  0.29122807
  5.33333333 -1.53082371]",1515.3286130428314
0.06903200000000001,[-0.3046506],"[ 0.07017544  5.46666667  0.28421053  5.46666667 -0.89410353  0.07368421
  5.46666667  0.28947368  5.5        -0.603598    0.07719298  5.63333333
  0.29122807  5.33333333 -1.53082371  0.07894737  5.66666667  0.29298246
  5.26666667 -1.30465055]",1515.4094672203064
0.071688,[0.5196885],"[ 0.07368421  5.46666667  0.28947368  5.5        -0.603598    0.07719298
  5.63333333  0.29122807  5.33333333 -1.53082371  0.07894737  5.66666667
  0.29298246  5.26666667 -1.30465055  0.08070175  5.5         0.29298246
  5.4        -0.48031151]",1515.4911448955536
0.074204,[-0.36494514],"[ 0.07719298  5.63333333  0.29122807  5.33333333 -1.53082371  0.07894737
  5.66666667  0.29298246  5.26666667 -1.30465055  0.08070175  5.5
  0.29298246  5.4        -0.48031151  0.08245614  5.56666667  0.29473684
  5.36666667 -1.36494517]",1515.5734813213348
0.084288,[-0.88113904],"[ 0.07894737  5.66666667  0.29298246  5.26666667 -1.30465055  0.08070175
  5.5         0.29298246  5.4        -0.48031151  0.08245614  5.56666667
  0.29473684  5.36666667 -1.36494517  0.0877193   5.66666667  0.29824561
  5.23333333 -1.88113904]",1515.6488554477692
0.086844,[0.49566752],"[ 0.08070175  5.5         0.29298246  5.4        -0.48031151  0.08245614
  5.56666667  0.29473684  5.36666667 -1.36494517  0.0877193   5.66666667
  0.29824561  5.23333333 -1.88113904  0.09122807  5.5         0.30350877
  5.33333333 -0.50433248]",1515.7287034988403
0.087004,[-0.14480644],"[ 0.08245614  5.56666667  0.29473684  5.36666667 -1.36494517  0.0877193
  5.66666667  0.29824561  5.23333333 -1.88113904  0.09122807  5.5
  0.30350877  5.33333333 -0.50433248  0.09473684  5.33333333  0.31052632
  5.46666667 -1.14480639]",1515.8086063861847
0.09718800000000001,[-0.7910305],"[ 0.0877193   5.66666667  0.29824561  5.23333333 -1.88113904  0.09122807
  5.5         0.30350877  5.33333333 -0.50433248  0.09473684  5.33333333
  0.31052632  5.46666667 -1.14480639  0.10175439  5.43333333  0.31754386
  5.36666667 -1.79103053]",1515.8927175998688
0.104836,[-0.2298407],"[ 0.09122807  5.5         0.30350877  5.33333333 -0.50433248  0.09473684
  5.33333333  0.31052632  5.46666667 -1.14480639  0.10175439  5.43333333
  0.31754386  5.36666667 -1.79103053  0.10701754  5.36666667  0.32280702
  5.33333333 -1.22984076]",1515.9785850048065
0.10233999999999999,[0.81353164],"[ 0.09473684  5.33333333  0.31052632  5.46666667 -1.14480639  0.10175439
  5.43333333  0.31754386  5.36666667 -1.79103053  0.10701754  5.36666667
  0.32280702  5.33333333 -1.22984076  0.10877193  5.23333333  0.32982456
  5.46666667 -0.18646836]",1516.0550436973572
0.10225999999999998,[-0.14987487],"[ 0.10175439  5.43333333  0.31754386  5.36666667 -1.79103053  0.10701754
  5.36666667  0.32280702  5.33333333 -1.22984076  0.10877193  5.23333333
  0.32982456  5.46666667 -0.18646836  0.1122807   5.33333333  0.33684211
  5.33333333 -1.14987493]",1516.138506412506
0.10204000000000002,[-0.89987403],"[ 0.10701754  5.36666667  0.32280702  5.33333333 -1.22984076  0.10877193
  5.23333333  0.32982456  5.46666667 -0.18646836  0.1122807   5.33333333
  0.33684211  5.33333333 -1.14987493  0.11754386  5.8         0.34035088
  5.1        -1.89987397]",1516.2146790027618
0.13281199999999999,[0.4299431],"[ 0.10877193  5.23333333  0.32982456  5.46666667 -0.18646836  0.1122807
  5.33333333  0.33684211  5.33333333 -1.14987493  0.11754386  5.8
  0.34035088  5.1        -1.89987397  0.14210526  5.63333333  0.34385965
  5.16666667 -0.57005692]",1516.288895368576
0.12794,[0.892158],"[ 0.1122807   5.33333333  0.33684211  5.33333333 -1.14987493  0.11754386
  5.8         0.34035088  5.1        -1.89987397  0.14210526  5.63333333
  0.34385965  5.16666667 -0.57005692  0.14210526  5.36666667  0.34912281
  5.33333333 -0.10784203]",1516.374492406845
0.130356,[-0.8157878],"[ 0.11754386  5.8         0.34035088  5.1        -1.89987397  0.14210526
  5.63333333  0.34385965  5.16666667 -0.57005692  0.14210526  5.36666667
  0.34912281  5.33333333 -0.10784203  0.14736842  5.5         0.35438596
  5.16666667 -1.81578779]",1516.4554750919342
0.14048,[-0.04668831],"[ 0.14210526  5.63333333  0.34385965  5.16666667 -0.57005692  0.14210526
  5.36666667  0.34912281  5.33333333 -0.10784203  0.14736842  5.5
  0.35438596  5.16666667 -1.81578779  0.15614035  5.66666667  0.36315789
  4.9        -1.04668832]",1516.5344593524933
0.14567199999999997,[0.5587567],"[ 0.14210526  5.36666667  0.34912281  5.33333333 -0.10784203  0.14736842
  5.5         0.35438596  5.16666667 -1.81578779  0.15614035  5.66666667
  0.36315789  4.9        -1.04668832  0.16140351  5.56666667  0.37192982
  4.93333333 -0.44124329]",1516.6145753860474
0.15084399999999998,[0.9284116],"[ 0.14736842  5.5         0.35438596  5.16666667 -1.81578779  0.15614035
  5.66666667  0.36315789  4.9        -1.04668832  0.16140351  5.56666667
  0.37192982  4.93333333 -0.44124329  0.17017544  5.5         0.38245614
  4.86666667 -0.0715884 ]",1516.6944348812103
0.16350399999999995,[0.14435868],"[ 0.15614035  5.66666667  0.36315789  4.9        -1.04668832  0.16140351
  5.56666667  0.37192982  4.93333333 -0.44124329  0.17017544  5.5
  0.38245614  4.86666667 -0.0715884   0.18245614  5.6         0.38947368
  4.6        -0.85564131]",1516.774608373642
0.17370800000000003,[-0.63450253],"[ 0.16140351  5.56666667  0.37192982  4.93333333 -0.44124329  0.17017544
  5.5         0.38245614  4.86666667 -0.0715884   0.18245614  5.6
  0.38947368  4.6        -0.85564131  0.19298246  5.63333333  0.39824561
  4.43333333 -1.63450253]",1516.854471206665
0.17388800000000001,[-0.01997923],"[ 0.17017544  5.5         0.38245614  4.86666667 -0.0715884   0.18245614
  5.6         0.38947368  4.6        -0.85564131  0.19298246  5.63333333
  0.39824561  4.43333333 -1.63450253  0.19649123  5.5         0.40350877
  4.5        -1.01997924]",1516.9349465370178
0.17654399999999998,[0.94697154],"[ 0.18245614  5.6         0.38947368  4.6        -0.85564131  0.19298246
  5.63333333  0.39824561  4.43333333 -1.63450253  0.19649123  5.5
  0.40350877  4.5        -1.01997924  0.2         5.36666667  0.41052632
  4.6        -0.05302846]",1517.0143971443176
0.18664800000000006,[0.23045368],"[ 0.19298246  5.63333333  0.39824561  4.43333333 -1.63450253  0.19649123
  5.5         0.40350877  4.5        -1.01997924  0.2         5.36666667
  0.41052632  4.6        -0.05302846  0.20877193  5.4         0.41403509
  4.4        -0.76954633]",1517.0944831371307
0.19938799999999998,[0.8456027],"[ 0.19649123  5.5         0.40350877  4.5        -1.01997924  0.2
  5.36666667  0.41052632  4.6        -0.05302846  0.20877193  5.4
  0.41403509  4.4        -0.76954633  0.21929825  5.53333333  0.41929825
  4.13333333 -0.15439731]",1517.1743214130402
0.20457999999999998,[-0.3433828],"[ 0.2         5.36666667  0.41052632  4.6        -0.05302846  0.20877193
  5.4         0.41403509  4.4        -0.76954633  0.21929825  5.53333333
  0.41929825  4.13333333 -0.15439731  0.22807018  5.5         0.42631579
  4.03333333 -1.34338284]",1517.2493665218353
0.209612,[-0.69993263],"[ 0.20877193  5.4         0.41403509  4.4        -0.76954633  0.21929825
  5.53333333  0.41929825  4.13333333 -0.15439731  0.22807018  5.5
  0.42631579  4.03333333 -1.34338284  0.23508772  5.46666667  0.42982456
  3.83333333 -1.69993258]",1517.3285505771637
0.20965200000000003,[-0.89269596],"[ 0.21929825  5.53333333  0.41929825  4.13333333 -0.15439731  0.22807018
  5.5         0.42631579  4.03333333 -1.34338284  0.23508772  5.46666667
  0.42982456  3.83333333 -1.69993258  0.23859649  5.23333333  0.43859649
  3.8        -1.8926959 ]",1517.4085993766785
0.20478000000000002,[-0.58242536],"[ 0.22807018  5.5         0.42631579  4.03333333 -1.34338284  0.23508772
  5.46666667  0.42982456  3.83333333 -1.69993258  0.23859649  5.23333333
  0.43859649  3.8        -1.8926959   0.24210526  4.93333333  0.44912281
  3.9        -1.58242536]",1517.4885892868042
0.20733600000000005,[0.5958998],"[ 0.23508772  5.46666667  0.42982456  3.83333333 -1.69993258  0.23859649
  5.23333333  0.43859649  3.8        -1.8926959   0.24210526  4.93333333
  0.44912281  3.9        -1.58242536  0.24912281  4.86666667  0.45789474
  3.86666667 -0.40410018]",1517.5730247497559
0.21746000000000007,[-0.67459774],"[ 0.23859649  5.23333333  0.43859649  3.8        -1.8926959   0.24210526
  4.93333333  0.44912281  3.9        -1.58242536  0.24912281  4.86666667
  0.45789474  3.86666667 -0.40410018  0.25789474  4.9         0.46315789
  3.73333333 -1.67459774]",1517.6516160964966
0.22257200000000005,[-0.43207398],"[ 0.24210526  4.93333333  0.44912281  3.9        -1.58242536  0.24912281
  4.86666667  0.45789474  3.86666667 -0.40410018  0.25789474  4.9
  0.46315789  3.73333333 -1.67459774  0.26491228  5.          0.46666667
  3.66666667 -1.43207395]",1517.734810590744
0.21530400000000008,[0.664844],"[ 0.24912281  4.86666667  0.45789474  3.86666667 -0.40410018  0.25789474
  4.9         0.46315789  3.73333333 -1.67459774  0.26491228  5.
  0.46666667  3.66666667 -1.43207395  0.26491228  4.8         0.47192982
  3.83333333 -0.33515602]",1517.8085610866547
0.18714799999999998,[-0.41385397],"[ 0.25789474  4.9         0.46315789  3.73333333 -1.67459774  0.26491228
  5.          0.46666667  3.66666667 -1.43207395  0.26491228  4.8
  0.47192982  3.83333333 -0.33515602  0.27017544  4.7         0.47894737
  3.86666667 -1.413854  ]",1517.8994443416595
0.19717200000000004,[0.6197156],"[ 0.26491228  5.          0.46666667  3.66666667 -1.43207395  0.26491228
  4.8         0.47192982  3.83333333 -0.33515602  0.27017544  4.7
  0.47894737  3.86666667 -1.413854    0.27719298  4.76666667  0.48596491
  3.8        -0.38028443]",1517.9758780002594
0.19723200000000002,[0.03877231],"[ 0.26491228  4.8         0.47192982  3.83333333 -0.33515602  0.27017544
  4.7         0.47894737  3.86666667 -1.413854    0.27719298  4.76666667
  0.48596491  3.8        -0.38028443  0.28245614  4.8         0.49298246
  3.96666667 -0.96122766]",1518.0550739765167
0.19475599999999998,[-0.32605317],"[ 0.27017544  4.7         0.47894737  3.86666667 -1.413854    0.27719298
  4.76666667  0.48596491  3.8        -0.38028443  0.28245614  4.8
  0.49298246  3.96666667 -0.96122766  0.28947368  4.83333333  0.49824561
  3.86666667 -1.32605314]",1518.1345796585083
0.19222000000000006,[-0.7967859],"[ 0.27719298  4.76666667  0.48596491  3.8        -0.38028443  0.28245614
  4.8         0.49298246  3.96666667 -0.96122766  0.28947368  4.83333333
  0.49824561  3.86666667 -1.32605314  0.29298246  4.7         0.50526316
  3.86666667 -1.79678583]",1518.2158515453339
0.187188,[-0.68052644],"[ 0.28245614  4.8         0.49298246  3.96666667 -0.96122766  0.28947368
  4.83333333  0.49824561  3.86666667 -1.32605314  0.29298246  4.7
  0.50526316  3.86666667 -1.79678583  0.29824561  4.5         0.5122807
  4.         -1.68052649]",1518.289965391159
0.177044,[0.6001975],"[ 0.28947368  4.83333333  0.49824561  3.86666667 -1.32605314  0.29298246
  4.7         0.50526316  3.86666667 -1.79678583  0.29824561  4.5
  0.5122807   4.         -1.68052649  0.30350877  4.46666667  0.51754386
  4.1        -0.39980251]",1518.3720574378967
0.16679999999999995,[-0.05664044],"[ 0.29298246  4.7         0.50526316  3.86666667 -1.79678583  0.29824561
  4.5         0.5122807   4.         -1.68052649  0.30350877  4.46666667
  0.51754386  4.1        -0.39980251  0.30701754  4.53333333  0.52280702
  4.13333333 -1.05664039]",1518.449161529541
0.16919599999999999,[0.74239254],"[ 0.29824561  4.5         0.5122807   4.         -1.68052649  0.30350877
  4.46666667  0.51754386  4.1        -0.39980251  0.30701754  4.53333333
  0.52280702  4.13333333 -1.05664039  0.3122807   4.66666667  0.52280702
  4.         -0.25760746]",1518.535781621933
0.16400400000000004,[-0.8712999],"[ 0.30350877  4.46666667  0.51754386  4.1        -0.39980251  0.30701754
  4.53333333  0.52280702  4.13333333 -1.05664039  0.3122807   4.66666667
  0.52280702  4.         -0.25760746  0.3122807   4.66666667  0.52280702
  3.93333333 -1.87129998]",1518.6177911758423
0.15881199999999995,[-0.6142345],"[ 0.30701754  4.53333333  0.52280702  4.13333333 -1.05664039  0.3122807
  4.66666667  0.52280702  4.         -0.25760746  0.3122807   4.66666667
  0.52280702  3.93333333 -1.87129998  0.31754386  4.83333333  0.5245614
  3.83333333 -1.61423445]",1518.6946849822998
0.14864800000000003,[0.65333116],"[ 0.3122807   4.66666667  0.52280702  4.         -0.25760746  0.3122807
  4.66666667  0.52280702  3.93333333 -1.87129998  0.31754386  4.83333333
  0.5245614   3.83333333 -1.61423445  0.32105263  4.86666667  0.52807018
  3.86666667 -0.34666884]",1518.774709224701
0.14110000000000006,[-0.0496441],"[ 0.3122807   4.66666667  0.52280702  3.93333333 -1.87129998  0.31754386
  4.83333333  0.5245614   3.83333333 -1.61423445  0.32105263  4.86666667
  0.52807018  3.86666667 -0.34666884  0.3245614   4.63333333  0.53684211
  4.06666667 -1.04964411]",1518.849879026413
0.138524,[-0.9625893],"[ 0.31754386  4.83333333  0.5245614   3.83333333 -1.61423445  0.32105263
  4.86666667  0.52807018  3.86666667 -0.34666884  0.3245614   4.63333333
  0.53684211  4.06666667 -1.04964411  0.32982456  4.63333333  0.54385965
  4.06666667 -1.96258926]",1518.9343962669373
0.143476,[0.1962422],"[ 0.32105263  4.86666667  0.52807018  3.86666667 -0.34666884  0.3245614
  4.63333333  0.53684211  4.06666667 -1.04964411  0.32982456  4.63333333
  0.54385965  4.06666667 -1.96258926  0.33684211  4.66666667  0.54736842
  4.         -0.80375779]",1519.0200591087341
0.143416,[0.6617147],"[ 0.3245614   4.63333333  0.53684211  4.06666667 -1.04964411  0.32982456
  4.63333333  0.54385965  4.06666667 -1.96258926  0.33684211  4.66666667
  0.54736842  4.         -0.80375779  0.34035088  4.46666667  0.55438596
  4.2        -0.33828533]",1519.0953421592712
0.14085999999999999,[-0.88227886],"[ 0.32982456  4.63333333  0.54385965  4.06666667 -1.96258926  0.33684211
  4.66666667  0.54736842  4.         -0.80375779  0.34035088  4.46666667
  0.55438596  4.2        -0.33828533  0.34561404  4.4         0.55964912
  4.23333333 -1.88227892]",1519.1747612953186
0.14076000000000002,[0.08752562],"[ 0.33684211  4.66666667  0.54736842  4.         -0.80375779  0.34035088
  4.46666667  0.55438596  4.2        -0.33828533  0.34561404  4.4
  0.55964912  4.23333333 -1.88227892  0.35438596  4.6         0.56666667
  3.96666667 -0.91247439]",1519.2550270557404
0.13824399999999998,[0.27903953],"[ 0.34035088  4.46666667  0.55438596  4.2        -0.33828533  0.34561404
  4.4         0.55964912  4.23333333 -1.88227892  0.35438596  4.6
  0.56666667  3.96666667 -0.91247439  0.35964912  4.63333333  0.57017544
  3.86666667 -0.7209605 ]",1519.3357124328613
0.1407,[0.10105344],"[ 0.34561404  4.4         0.55964912  4.23333333 -1.88227892  0.35438596
  4.6         0.56666667  3.96666667 -0.91247439  0.35964912  4.63333333
  0.57017544  3.86666667 -0.7209605   0.36140351  4.6         0.57192982
  3.83333333 -0.89894658]",1519.4183797836304
0.14064000000000004,[0.93103456],"[ 0.35438596  4.6         0.56666667  3.96666667 -0.91247439  0.35964912
  4.63333333  0.57017544  3.86666667 -0.7209605   0.36140351  4.6
  0.57192982  3.83333333 -0.89894658  0.36666667  4.6         0.5754386
  3.73333333 -0.06896544]",1519.4985482692719
0.13806399999999996,[0.6229818],"[ 0.35964912  4.63333333  0.57017544  3.86666667 -0.7209605   0.36140351
  4.6         0.57192982  3.83333333 -0.89894658  0.36666667  4.6
  0.5754386   3.73333333 -0.06896544  0.37192982  4.7         0.58070175
  3.7        -0.37701821]",1519.5782341957092
0.143096,[0.5568333],"[ 0.36140351  4.6         0.57192982  3.83333333 -0.89894658  0.36666667
  4.6         0.5754386   3.73333333 -0.06896544  0.37192982  4.7
  0.58070175  3.7        -0.37701821  0.38070175  4.86666667  0.58596491
  3.73333333 -0.44316667]",1519.6553478240967
0.14056000000000002,[-0.17379232],"[ 0.36666667  4.6         0.5754386   3.73333333 -0.06896544  0.37192982
  4.7         0.58070175  3.7        -0.37701821  0.38070175  4.86666667
  0.58596491  3.73333333 -0.44316667  0.38596491  4.86666667  0.58947368
  3.73333333 -1.17379236]",1519.7388134002686
0.135388,[0.08866051],"[ 0.37192982  4.7         0.58070175  3.7        -0.37701821  0.38070175
  4.86666667  0.58596491  3.73333333 -0.44316667  0.38596491  4.86666667
  0.58947368  3.73333333 -1.17379236  0.38596491  4.83333333  0.59298246
  3.76666667 -0.91133952]",1519.8146090507507
0.12766,[-0.9058465],"[ 0.38070175  4.86666667  0.58596491  3.73333333 -0.44316667  0.38596491
  4.86666667  0.58947368  3.73333333 -1.17379236  0.38596491  4.83333333
  0.59298246  3.76666667 -0.91133952  0.38596491  4.73333333  0.59473684
  3.93333333 -1.90584648]",1519.8958058357239
0.11995199999999995,[-0.4604019],"[ 0.38596491  4.86666667  0.58947368  3.73333333 -1.17379236  0.38596491
  4.83333333  0.59298246  3.76666667 -0.91133952  0.38596491  4.73333333
  0.59473684  3.93333333 -1.90584648  0.38596491  4.76666667  0.59649123
  4.03333333 -1.46040189]",1519.974695444107
0.11499999999999999,[0.12512258],"[ 0.38596491  4.83333333  0.59298246  3.76666667 -0.91133952  0.38596491
  4.73333333  0.59473684  3.93333333 -1.90584648  0.38596491  4.76666667
  0.59649123  4.03333333 -1.46040189  0.38596491  4.56666667  0.59824561
  4.23333333 -0.87487745]",1520.0639753341675
0.10745199999999999,[0.95974654],"[ 0.38596491  4.73333333  0.59473684  3.93333333 -1.90584648  0.38596491
  4.76666667  0.59649123  4.03333333 -1.46040189  0.38596491  4.56666667
  0.59824561  4.23333333 -0.87487745  0.38596491  4.5         0.60175439
  4.23333333 -0.04025346]",1520.1344559192657
0.11250399999999994,[0.8427284],"[ 0.38596491  4.76666667  0.59649123  4.03333333 -1.46040189  0.38596491
  4.56666667  0.59824561  4.23333333 -0.87487745  0.38596491  4.5
  0.60175439  4.23333333 -0.04025346  0.38947368  4.6         0.60175439
  4.23333333 -0.15727162]",1520.2145161628723
0.11246400000000005,[0.04063411],"[ 0.38596491  4.56666667  0.59824561  4.23333333 -0.87487745  0.38596491
  4.5         0.60175439  4.23333333 -0.04025346  0.38947368  4.6
  0.60175439  4.23333333 -0.15727162  0.39473684  4.83333333  0.60526316
  4.06666667 -0.9593659 ]",1520.2886209487915
0.10988799999999999,[0.59327185],"[ 0.38596491  4.5         0.60175439  4.23333333 -0.04025346  0.38947368
  4.6         0.60175439  4.23333333 -0.15727162  0.39473684  4.83333333
  0.60526316  4.06666667 -0.9593659   0.39649123  4.9         0.60526316
  3.96666667 -0.40672815]",1520.3696644306183
0.10212000000000003,[-0.49599412],"[ 0.38947368  4.6         0.60175439  4.23333333 -0.15727162  0.39473684
  4.83333333  0.60526316  4.06666667 -0.9593659   0.39649123  4.9
  0.60526316  3.96666667 -0.40672815  0.39473684  4.83333333  0.60526316
  4.         -1.49599409]",1520.4527575969696
0.09698800000000002,[-0.48664755],"[ 0.39473684  4.83333333  0.60526316  4.06666667 -0.9593659   0.39649123
  4.9         0.60526316  3.96666667 -0.40672815  0.39473684  4.83333333
  0.60526316  4.         -1.49599409  0.39649123  4.86666667  0.60701754
  4.03333333 -1.48664761]",1520.5335867404938
0.09195599999999998,[-0.632154],"[ 0.39649123  4.9         0.60526316  3.96666667 -0.40672815  0.39473684
  4.83333333  0.60526316  4.         -1.49599409  0.39649123  4.86666667
  0.60701754  4.03333333 -1.48664761  0.4         4.76666667  0.6122807
  4.23333333 -1.63215399]",1520.6145300865173
0.094412,[0.6046094],"[ 0.39473684  4.83333333  0.60526316  4.         -1.49599409  0.39649123
  4.86666667  0.60701754  4.03333333 -1.48664761  0.4         4.76666667
  0.6122807   4.23333333 -1.63215399  0.40526316  4.73333333  0.61754386
  4.36666667 -0.39539063]",1520.6944711208344
0.09437200000000001,[-0.81544334],"[ 0.39649123  4.86666667  0.60701754  4.03333333 -1.48664761  0.4
  4.76666667  0.6122807   4.23333333 -1.63215399  0.40526316  4.73333333
  0.61754386  4.36666667 -0.39539063  0.41052632  4.73333333  0.62280702
  4.33333333 -1.81544328]",1520.7748820781708
