reward,action,obs,time
,,"[0.         0.         0.         0.         0.         0.
 0.         0.         0.         0.         0.         0.
 0.         0.         0.         0.03157895 5.83333333 0.24385965
 5.33333333 0.        ]",334.4714367389679
-0.0023959999999999954,[-0.6318779],"[ 0.          0.          0.          0.          0.          0.
  0.          0.          0.          0.          0.03157895  5.83333333
  0.24385965  5.33333333  0.          0.02982456  5.56666667  0.24561404
  5.46666667 -1.6318779 ]",334.63642501831055
2.0000000000006124e-05,[0.6462624],"[ 0.          0.          0.          0.          0.          0.03157895
  5.83333333  0.24385965  5.33333333  0.          0.02982456  5.56666667
  0.24561404  5.46666667 -1.6318779   0.03157895  5.8         0.24561404
  5.33333333 -0.35373759]",334.6837532520294
0.00016000000000000042,[-0.8887213],"[ 0.03157895  5.83333333  0.24385965  5.33333333  0.          0.02982456
  5.56666667  0.24561404  5.46666667 -1.6318779   0.03157895  5.8
  0.24561404  5.33333333 -0.35373759  0.03157895  5.56666667  0.24561404
  5.46666667 -1.88872123]",334.73935437202454
-0.0023959999999999954,[0.82446575],"[ 0.02982456  5.56666667  0.24561404  5.46666667 -1.6318779   0.03157895
  5.8         0.24561404  5.33333333 -0.35373759  0.03157895  5.56666667
  0.24561404  5.46666667 -1.88872123  0.02982456  5.56666667  0.24385965
  5.46666667 -0.17553425]",334.7897653579712
-0.0023959999999999954,[0.21715677],"[ 0.03157895  5.8         0.24561404  5.33333333 -0.35373759  0.03157895
  5.56666667  0.24561404  5.46666667 -1.88872123  0.02982456  5.56666667
  0.24385965  5.46666667 -0.17553425  0.02982456  5.56666667  0.24561404
  5.46666667 -0.78284323]",334.83994126319885
-0.0024159999999999945,[-0.0124366],"[ 0.03157895  5.56666667  0.24561404  5.46666667 -1.88872123  0.02982456
  5.56666667  0.24385965  5.46666667 -0.17553425  0.02982456  5.56666667
  0.24561404  5.46666667 -0.78284323  0.02982456  5.6         0.24561404
  5.43333333 -1.01243663]",334.8900718688965
0.00010000000000000286,[0.9416003],"[ 0.02982456  5.56666667  0.24385965  5.46666667 -0.17553425  0.02982456
  5.56666667  0.24561404  5.46666667 -0.78284323  0.02982456  5.6
  0.24561404  5.43333333 -1.01243663  0.03157895  5.66666667  0.24561404
  5.36666667 -0.05839968]",334.94028544425964
0.00014000000000000123,[0.95383203],"[ 0.02982456  5.56666667  0.24561404  5.46666667 -0.78284323  0.02982456
  5.6         0.24561404  5.43333333 -1.01243663  0.03157895  5.66666667
  0.24561404  5.36666667 -0.05839968  0.03157895  5.6         0.24561404
  5.43333333 -0.04616797]",334.990460395813
0.00012000000000000205,[0.7945091],"[ 0.02982456  5.6         0.24561404  5.43333333 -1.01243663  0.03157895
  5.66666667  0.24561404  5.36666667 -0.05839968  0.03157895  5.6
  0.24561404  5.43333333 -0.04616797  0.03157895  5.63333333  0.24561404
  5.43333333 -0.20549089]",335.0410647392273
0.002596000000000001,[0.30462787],"[ 0.03157895  5.66666667  0.24561404  5.36666667 -0.05839968  0.03157895
  5.6         0.24561404  5.43333333 -0.04616797  0.03157895  5.63333333
  0.24561404  5.43333333 -0.20549089  0.03333333  5.76666667  0.24561404
  5.3        -0.6953721 ]",335.0947422981262
0.005092000000000006,[0.96865624],"[ 0.03157895  5.6         0.24561404  5.43333333 -0.04616797  0.03157895
  5.63333333  0.24561404  5.43333333 -0.20549089  0.03333333  5.76666667
  0.24561404  5.3        -0.6953721   0.03508772  5.86666667  0.24561404
  5.2        -0.03134376]",335.1749289035797
0.007648000000000002,[-0.737936],"[ 0.03157895  5.63333333  0.24561404  5.43333333 -0.20549089  0.03333333
  5.76666667  0.24561404  5.3        -0.6953721   0.03508772  5.86666667
  0.24561404  5.2        -0.03134376  0.03684211  5.86666667  0.24736842
  5.2        -1.73793602]",335.25474667549133
0.010184000000000006,[0.89889246],"[ 0.03333333  5.76666667  0.24561404  5.3        -0.6953721   0.03508772
  5.86666667  0.24561404  5.2        -0.03134376  0.03684211  5.86666667
  0.24736842  5.2        -1.73793602  0.03859649  5.9         0.24912281
  5.13333333 -0.10110754]",335.33494758605957
0.012820000000000003,[-0.98199826],"[ 0.03508772  5.86666667  0.24561404  5.2        -0.03134376  0.03684211
  5.86666667  0.24736842  5.2        -1.73793602  0.03859649  5.9
  0.24912281  5.13333333 -0.10110754  0.04035088  5.76666667  0.25087719
  5.2        -1.98199821]",335.414710521698
0.020408000000000003,[0.07072776],"[ 0.03684211  5.86666667  0.24736842  5.2        -1.73793602  0.03859649
  5.9         0.24912281  5.13333333 -0.10110754  0.04035088  5.76666667
  0.25087719  5.2        -1.98199821  0.04561404  5.9         0.25438596
  5.06666667 -0.92927223]",335.4947278499603
0.022983999999999997,[0.34611222],"[ 0.03859649  5.9         0.24912281  5.13333333 -0.10110754  0.04035088
  5.76666667  0.25087719  5.2        -1.98199821  0.04561404  5.9
  0.25438596  5.06666667 -0.92927223  0.04736842  5.86666667  0.25614035
  5.03333333 -0.65388775]",335.5750889778137
0.028096,[0.75720155],"[ 0.04035088  5.76666667  0.25087719  5.2        -1.98199821  0.04561404
  5.9         0.25438596  5.06666667 -0.92927223  0.04736842  5.86666667
  0.25614035  5.03333333 -0.65388775  0.05087719  5.86666667  0.25964912
  5.03333333 -0.24279845]",335.65493869781494
0.03316799999999999,[-0.45587796],"[ 0.04561404  5.9         0.25438596  5.06666667 -0.92927223  0.04736842
  5.86666667  0.25614035  5.03333333 -0.65388775  0.05087719  5.86666667
  0.25964912  5.03333333 -0.24279845  0.05438596  5.93333333  0.26140351
  4.86666667 -1.45587802]",335.73468041419983
0.038279999999999995,[0.63757443],"[ 0.04736842  5.86666667  0.25614035  5.03333333 -0.65388775  0.05087719
  5.86666667  0.25964912  5.03333333 -0.24279845  0.05438596  5.93333333
  0.26140351  4.86666667 -1.45587802  0.05789474  5.93333333  0.26315789
  4.8        -0.36242557]",335.8147804737091
0.040915999999999994,[-0.797737],"[ 0.05087719  5.86666667  0.25964912  5.03333333 -0.24279845  0.05438596
  5.93333333  0.26140351  4.86666667 -1.45587802  0.05789474  5.93333333
  0.26315789  4.8        -0.36242557  0.05964912  5.8         0.26666667
  4.86666667 -1.797737  ]",335.8962678909302
0.050939999999999985,[0.6863265],"[ 0.05438596  5.93333333  0.26140351  4.86666667 -1.45587802  0.05789474
  5.93333333  0.26315789  4.8        -0.36242557  0.05964912  5.8
  0.26666667  4.86666667 -1.797737    0.06491228  5.86666667  0.26842105
  4.76666667 -0.3136735 ]",335.9749846458435
0.05115999999999998,[-0.5461768],"[ 0.05789474  5.93333333  0.26315789  4.8        -0.36242557  0.05964912
  5.8         0.26666667  4.86666667 -1.797737    0.06491228  5.86666667
  0.26842105  4.76666667 -0.3136735   0.06666667  5.73333333  0.27368421
  4.83333333 -1.54617679]",336.0551676750183
0.058728,[0.15825653],"[ 0.05964912  5.8         0.26666667  4.86666667 -1.797737    0.06491228
  5.86666667  0.26842105  4.76666667 -0.3136735   0.06666667  5.73333333
  0.27368421  4.83333333 -1.54617679  0.07192982  5.66666667  0.27894737
  4.8        -0.84174347]",336.134703874588
0.06897199999999999,[0.07155863],"[ 0.06491228  5.86666667  0.26842105  4.76666667 -0.3136735   0.06666667
  5.73333333  0.27368421  4.83333333 -1.54617679  0.07192982  5.66666667
  0.27894737  4.8        -0.84174347  0.07719298  5.63333333  0.28421053
  4.76666667 -0.92844135]",336.21472096443176
0.07662,[0.13142878],"[ 0.06666667  5.73333333  0.27368421  4.83333333 -1.54617679  0.07192982
  5.66666667  0.27894737  4.8        -0.84174347  0.07719298  5.63333333
  0.28421053  4.76666667 -0.92844135  0.08245614  5.66666667  0.2877193
  4.56666667 -0.86857122]",336.29469752311707
0.08179199999999999,[0.96002686],"[ 0.07192982  5.66666667  0.27894737  4.8        -0.84174347  0.07719298
  5.63333333  0.28421053  4.76666667 -0.92844135  0.08245614  5.66666667
  0.2877193   4.56666667 -0.86857122  0.08596491  5.6         0.29298246
  4.5        -0.03997314]",336.37802052497864
0.08690399999999998,[-0.6786896],"[ 0.07719298  5.63333333  0.28421053  4.76666667 -0.92844135  0.08245614
  5.66666667  0.2877193   4.56666667 -0.86857122  0.08596491  5.6
  0.29298246  4.5        -0.03997314  0.09122807  5.66666667  0.29298246
  4.36666667 -1.6786896 ]",336.455046415329
0.091936,[-0.6496508],"[ 0.08245614  5.66666667  0.2877193   4.56666667 -0.86857122  0.08596491
  5.6         0.29298246  4.5        -0.03997314  0.09122807  5.66666667
  0.29298246  4.36666667 -1.6786896   0.09473684  5.73333333  0.29122807
  4.13333333 -1.64965081]",336.53855323791504
0.08696400000000001,[0.17206928],"[ 0.08596491  5.6         0.29298246  4.5        -0.03997314  0.09122807
  5.66666667  0.29298246  4.36666667 -1.6786896   0.09473684  5.73333333
  0.29122807  4.13333333 -1.64965081  0.09122807  5.53333333  0.29298246
  4.2        -0.82793069]",336.6081693172455
0.084588,[-0.3516458],"[ 0.09122807  5.66666667  0.29298246  4.36666667 -1.6786896   0.09473684
  5.73333333  0.29122807  4.13333333 -1.64965081  0.09122807  5.53333333
  0.29298246  4.2        -0.82793069  0.09122807  5.36666667  0.29473684
  4.36666667 -1.35164583]",336.6940815448761
0.08976,[-0.7510307],"[ 0.09473684  5.73333333  0.29122807  4.13333333 -1.64965081  0.09122807
  5.53333333  0.29298246  4.2        -0.82793069  0.09122807  5.36666667
  0.29473684  4.36666667 -1.35164583  0.09649123  5.36666667  0.29824561
  4.23333333 -1.75103068]",336.7749788761139
0.09241600000000001,[-0.7958342],"[ 0.09122807  5.53333333  0.29298246  4.2        -0.82793069  0.09122807
  5.36666667  0.29473684  4.36666667 -1.35164583  0.09649123  5.36666667
  0.29824561  4.23333333 -1.75103068  0.1         5.2         0.30701754
  4.26666667 -1.79583418]",336.8549029827118
0.097648,[0.33864245],"[ 0.09122807  5.36666667  0.29473684  4.36666667 -1.35164583  0.09649123
  5.36666667  0.29824561  4.23333333 -1.75103068  0.1         5.2
  0.30701754  4.26666667 -1.79583418  0.10526316  5.03333333  0.31929825
  4.36666667 -0.66135752]",336.9348156452179
0.10527600000000001,[0.980834],"[ 0.09649123  5.36666667  0.29824561  4.23333333 -1.75103068  0.1
  5.2         0.30701754  4.26666667 -1.79583418  0.10526316  5.03333333
  0.31929825  4.36666667 -0.66135752  0.1122807   4.96666667  0.32807018
  4.3        -0.01916599]",337.0147626399994
0.10282,[0.7586336],"[ 0.1         5.2         0.30701754  4.26666667 -1.79583418  0.10526316
  5.03333333  0.31929825  4.36666667 -0.66135752  0.1122807   4.96666667
  0.32807018  4.3        -0.01916599  0.11578947  4.93333333  0.32982456
  3.93333333 -0.24136639]",337.09474062919617
0.14341600000000002,[0.766055],"[ 0.10526316  5.03333333  0.31929825  4.36666667 -0.66135752  0.1122807
  4.96666667  0.32807018  4.3        -0.01916599  0.11578947  4.93333333
  0.32982456  3.93333333 -0.24136639  0.14561404  5.4         0.32807018
  3.7        -0.23394501]",337.17493629455566
0.135668,[-0.16000368],"[ 0.1122807   4.96666667  0.32807018  4.3        -0.01916599  0.11578947
  4.93333333  0.32982456  3.93333333 -0.24136639  0.14561404  5.4
  0.32807018  3.7        -0.23394501  0.14385965  5.53333333  0.3245614
  3.63333333 -1.16000366]",337.25481724739075
0.12810000000000002,[-0.53308326],"[ 0.11578947  4.93333333  0.32982456  3.93333333 -0.24136639  0.14561404
  5.4         0.32807018  3.7        -0.23394501  0.14385965  5.53333333
  0.3245614   3.63333333 -1.16000366  0.14210526  5.43333333  0.32280702
  3.63333333 -1.5330832 ]",337.33481431007385
0.09012,[-0.50774074],"[ 0.14561404  5.4         0.32807018  3.7        -0.23394501  0.14385965
  5.53333333  0.3245614   3.63333333 -1.16000366  0.14210526  5.43333333
  0.32280702  3.63333333 -1.5330832   0.11929825  4.83333333  0.32807018
  3.7        -1.50774074]",337.4148178100586
0.09265599999999999,[0.8289515],"[ 0.14385965  5.53333333  0.3245614   3.63333333 -1.16000366  0.14210526
  5.43333333  0.32280702  3.63333333 -1.5330832   0.11929825  4.83333333
  0.32807018  3.7        -1.50774074  0.12280702  4.73333333  0.33508772
  3.8        -0.17104852]",337.494836807251
0.12055199999999996,[-0.85763454],"[ 0.14210526  5.43333333  0.32280702  3.63333333 -1.5330832   0.11929825
  4.83333333  0.32807018  3.7        -1.50774074  0.12280702  4.73333333
  0.33508772  3.8        -0.17104852  0.14736842  5.16666667  0.34210526
  3.76666667 -1.85763454]",337.5748233795166
0.12558399999999997,[-0.6798879],"[ 0.11929825  4.83333333  0.32807018  3.7        -1.50774074  0.12280702
  4.73333333  0.33508772  3.8        -0.17104852  0.14736842  5.16666667
  0.34210526  3.76666667 -1.85763454  0.15263158  5.16666667  0.34561404
  3.63333333 -1.67988789]",337.6548225879669
0.117936,[0.24431652],"[ 0.12280702  4.73333333  0.33508772  3.8        -0.17104852  0.14736842
  5.16666667  0.34210526  3.76666667 -1.85763454  0.15263158  5.16666667
  0.34561404  3.63333333 -1.67988789  0.15263158  5.06666667  0.35087719
  3.76666667 -0.75568348]",337.7350227832794
0.11286399999999999,[-0.64465433],"[ 0.14736842  5.16666667  0.34210526  3.76666667 -1.85763454  0.15263158
  5.16666667  0.34561404  3.63333333 -1.67988789  0.15263158  5.06666667
  0.35087719  3.76666667 -0.75568348  0.15438596  4.96666667  0.35614035
  3.83333333 -1.64465427]",337.8148727416992
0.11030799999999996,[-0.56711674],"[ 0.15263158  5.16666667  0.34561404  3.63333333 -1.67988789  0.15263158
  5.06666667  0.35087719  3.76666667 -0.75568348  0.15438596  4.96666667
  0.35614035  3.83333333 -1.64465427  0.15789474  5.          0.35789474
  3.76666667 -1.56711674]",337.89384388923645
0.107752,[-0.26518658],"[ 0.15263158  5.06666667  0.35087719  3.76666667 -0.75568348  0.15438596
  4.96666667  0.35614035  3.83333333 -1.64465427  0.15789474  5.
  0.35789474  3.76666667 -1.56711674  0.15964912  4.93333333  0.36315789
  3.93333333 -1.26518655]",337.9715533256531
0.10273999999999998,[-0.5549848],"[ 0.15438596  4.96666667  0.35614035  3.83333333 -1.64465427  0.15789474
  5.          0.35789474  3.76666667 -1.56711674  0.15964912  4.93333333
  0.36315789  3.93333333 -1.26518655  0.16140351  4.83333333  0.36842105
  4.         -1.55498481]",338.04942536354065
0.10281999999999998,[0.31252238],"[ 0.15789474  5.          0.35789474  3.76666667 -1.56711674  0.15964912
  4.93333333  0.36315789  3.93333333 -1.26518655  0.16140351  4.83333333
  0.36842105  4.         -1.55498481  0.16491228  4.76666667  0.37368421
  3.96666667 -0.68747759]",338.1332325935364
0.11551999999999998,[0.8322494],"[ 0.15964912  4.93333333  0.36315789  3.93333333 -1.26518655  0.16140351
  4.83333333  0.36842105  4.         -1.55498481  0.16491228  4.76666667
  0.37368421  3.96666667 -0.68747759  0.17017544  4.7         0.37894737
  3.93333333 -0.1677506 ]",338.21640944480896
0.12300799999999996,[0.2843894],"[ 0.16140351  4.83333333  0.36842105  4.         -1.55498481  0.16491228
  4.76666667  0.37368421  3.96666667 -0.68747759  0.17017544  4.7
  0.37894737  3.93333333 -0.1677506   0.1754386   4.83333333  0.38245614
  3.76666667 -0.71561062]",338.2987620830536
0.12043200000000001,[0.52177745],"[ 0.16491228  4.76666667  0.37368421  3.96666667 -0.68747759  0.17017544
  4.7         0.37894737  3.93333333 -0.1677506   0.1754386   4.83333333
  0.38245614  3.76666667 -0.71561062  0.17894737  4.86666667  0.38245614
  3.66666667 -0.47822255]",338.3788843154907
0.11779599999999997,[0.88176936],"[ 0.17017544  4.7         0.37894737  3.93333333 -0.1677506   0.1754386
  4.83333333  0.38245614  3.76666667 -0.71561062  0.17894737  4.86666667
  0.38245614  3.66666667 -0.47822255  0.18070175  4.83333333  0.38245614
  3.63333333 -0.11823064]",338.45894622802734
0.11252399999999999,[0.5159539],"[ 0.1754386   4.83333333  0.38245614  3.76666667 -0.71561062  0.17894737
  4.86666667  0.38245614  3.66666667 -0.47822255  0.18070175  4.83333333
  0.38245614  3.63333333 -0.11823064  0.18245614  4.93333333  0.38245614
  3.63333333 -0.4840461 ]",338.53877806663513
0.10731199999999999,[-0.5064361],"[ 0.17894737  4.86666667  0.38245614  3.66666667 -0.47822255  0.18070175
  4.83333333  0.38245614  3.63333333 -0.11823064  0.18245614  4.93333333
  0.38245614  3.63333333 -0.4840461   0.18596491  5.03333333  0.38596491
  3.66666667 -1.50643611]",338.6187708377838
0.1022,[0.86010456],"[ 0.18070175  4.83333333  0.38245614  3.63333333 -0.11823064  0.18245614
  4.93333333  0.38245614  3.63333333 -0.4840461   0.18596491  5.03333333
  0.38596491  3.66666667 -1.50643611  0.18596491  5.          0.39122807
  3.76666667 -0.13989544]",338.69873094558716
0.06168399999999998,[0.8280036],"[ 0.18245614  4.93333333  0.38245614  3.63333333 -0.4840461   0.18596491
  5.03333333  0.38596491  3.66666667 -1.50643611  0.18596491  5.
  0.39122807  3.76666667 -0.13989544  0.1877193   4.83333333  0.39649123
  3.93333333 -0.17199641]",338.7789144515991
0.07190799999999997,[-0.0033753],"[ 0.18596491  5.03333333  0.38596491  3.66666667 -1.50643611  0.18596491
  5.          0.39122807  3.76666667 -0.13989544  0.1877193   4.83333333
  0.39649123  3.93333333 -0.17199641  0.19298246  4.96666667  0.39824561
  3.83333333 -1.00337529]",338.8590772151947
0.08197199999999999,[-0.91080236],"[ 0.18596491  5.          0.39122807  3.76666667 -0.13989544  0.1877193
  4.83333333  0.39649123  3.93333333 -0.17199641  0.19298246  4.96666667
  0.39824561  3.83333333 -1.00337529  0.19824561  5.13333333  0.39824561
  3.7        -1.91080236]",338.9387671947479
0.11236400000000005,[0.91379035],"[ 0.1877193   4.83333333  0.39649123  3.93333333 -0.17199641  0.19298246
  4.96666667  0.39824561  3.83333333 -1.00337529  0.19824561  5.13333333
  0.39824561  3.7        -1.91080236  0.19649123  5.          0.4
  3.83333333 -0.08620965]",339.01893496513367
0.10731199999999999,[0.05073542],"[ 0.19298246  4.96666667  0.39824561  3.83333333 -1.00337529  0.19824561
  5.13333333  0.39824561  3.7        -1.91080236  0.19649123  5.
  0.4         3.83333333 -0.08620965  0.19649123  4.8         0.40526316
  3.96666667 -0.94926459]",339.0987865924835
0.07941600000000001,[0.8214633],"[ 0.19824561  5.13333333  0.39824561  3.7        -1.91080236  0.19649123
  5.          0.4         3.83333333 -0.08620965  0.19649123  4.8
  0.40526316  3.96666667 -0.94926459  0.20175439  4.86666667  0.40877193
  3.83333333 -0.17853671]",339.1788058280945
0.08448799999999998,[-0.60464406],"[ 0.19649123  5.          0.4         3.83333333 -0.08620965  0.19649123
  4.8         0.40526316  3.96666667 -0.94926459  0.20175439  4.86666667
  0.40877193  3.83333333 -0.17853671  0.21052632  4.93333333  0.41403509
  3.73333333 -1.60464406]",339.2590432167053
0.09714799999999998,[0.05747161],"[ 0.19649123  4.8         0.40526316  3.96666667 -0.94926459  0.20175439
  4.86666667  0.40877193  3.83333333 -0.17853671  0.21052632  4.93333333
  0.41403509  3.73333333 -1.60464406  0.21929825  5.03333333  0.41929825
  3.7        -0.94252837]",339.3389391899109
0.097168,[-0.44339874],"[ 0.20175439  4.86666667  0.40877193  3.83333333 -0.17853671  0.21052632
  4.93333333  0.41403509  3.73333333 -1.60464406  0.21929825  5.03333333
  0.41929825  3.7        -0.94252837  0.22105263  4.9         0.42280702
  3.66666667 -1.44339871]",339.4187853336334
0.09471199999999999,[-0.8840714],"[ 0.21052632  4.93333333  0.41403509  3.73333333 -1.60464406  0.21929825
  5.03333333  0.41929825  3.7        -0.94252837  0.22105263  4.9
  0.42280702  3.66666667 -1.44339871  0.22280702  4.76666667  0.42807018
  3.66666667 -1.88407135]",339.4987826347351
0.09728799999999999,[0.11187567],"[ 0.21929825  5.03333333  0.41929825  3.7        -0.94252837  0.22105263
  4.9         0.42280702  3.66666667 -1.44339871  0.22280702  4.76666667
  0.42807018  3.66666667 -1.88407135  0.22631579  4.66666667  0.43508772
  3.73333333 -0.88812435]",339.57899832725525
0.09978400000000001,[-0.08713669],"[ 0.22105263  4.9         0.42280702  3.66666667 -1.44339871  0.22280702
  4.76666667  0.42807018  3.66666667 -1.88407135  0.22631579  4.66666667
  0.43508772  3.73333333 -0.88812435  0.22982456  4.66666667  0.43859649
  3.9        -1.08713675]",339.6587715148926
0.10221999999999998,[-0.44123358],"[ 0.22280702  4.76666667  0.42807018  3.66666667 -1.88407135  0.22631579
  4.66666667  0.43508772  3.73333333 -0.88812435  0.22982456  4.66666667
  0.43859649  3.9        -1.08713675  0.23508772  4.8         0.44035088
  3.7        -1.44123363]",339.73907804489136
0.09455200000000002,[-0.23779616],"[ 0.22631579  4.66666667  0.43508772  3.73333333 -0.88812435  0.22982456
  4.66666667  0.43859649  3.9        -1.08713675  0.23508772  4.8
  0.44035088  3.7        -1.44123363  0.23508772  4.73333333  0.44210526
  3.7        -1.23779619]",339.81877517700195
0.09211600000000003,[0.0880189],"[ 0.22982456  4.66666667  0.43859649  3.9        -1.08713675  0.23508772
  4.8         0.44035088  3.7        -1.44123363  0.23508772  4.73333333
  0.44210526  3.7        -1.23779619  0.23859649  4.66666667  0.44736842
  3.8        -0.91198111]",339.89882612228394
0.09467199999999998,[-0.5560144],"[ 0.23508772  4.8         0.44035088  3.7        -1.44123363  0.23508772
  4.73333333  0.44210526  3.7        -1.23779619  0.23859649  4.66666667
  0.44736842  3.8        -0.91198111  0.24385965  4.7         0.45438596
  3.8        -1.55601442]",339.9794020652771
0.09976400000000002,[0.9142858],"[ 0.23508772  4.73333333  0.44210526  3.7        -1.23779619  0.23859649
  4.66666667  0.44736842  3.8        -0.91198111  0.24385965  4.7
  0.45438596  3.8        -1.55601442  0.24912281  4.7         0.45789474
  3.8        -0.08571422]",340.0588219165802
0.09734799999999999,[0.9062701],"[ 0.23859649  4.66666667  0.44736842  3.8        -0.91198111  0.24385965
  4.7         0.45438596  3.8        -1.55601442  0.24912281  4.7
  0.45789474  3.8        -0.08571422  0.24912281  4.56666667  0.46140351
  3.9        -0.09372991]",340.13882064819336
0.09988400000000003,[-0.9377573],"[ 0.24385965  4.7         0.45438596  3.8        -1.55601442  0.24912281
  4.7         0.45789474  3.8        -0.08571422  0.24912281  4.56666667
  0.46140351  3.9        -0.09372991  0.25438596  4.7         0.46140351
  3.7        -1.93775725]",340.2179744243622
0.10487599999999997,[0.6393808],"[ 0.24912281  4.7         0.45789474  3.8        -0.08571422  0.24912281
  4.56666667  0.46140351  3.9        -0.09372991  0.25438596  4.7
  0.46140351  3.7        -1.93775725  0.25789474  4.86666667  0.46315789
  3.7        -0.36061919]",340.29736948013306
0.10226000000000002,[0.03741768],"[ 0.24912281  4.56666667  0.46140351  3.9        -0.09372991  0.25438596
  4.7         0.46140351  3.7        -1.93775725  0.25789474  4.86666667
  0.46315789  3.7        -0.36061919  0.25789474  4.8         0.46666667
  3.93333333 -0.96258229]",340.37877225875854
0.09722800000000004,[0.92466414],"[ 0.25438596  4.7         0.46140351  3.7        -1.93775725  0.25789474
  4.86666667  0.46315789  3.7        -0.36061919  0.25789474  4.8
  0.46666667  3.93333333 -0.96258229  0.25964912  4.8         0.46842105
  3.96666667 -0.07533586]",340.4587821960449
0.097248,[0.0918221],"[ 0.25789474  4.86666667  0.46315789  3.7        -0.36061919  0.25789474
  4.8         0.46666667  3.93333333 -0.96258229  0.25964912  4.8
  0.46842105  3.96666667 -0.07533586  0.26491228  4.93333333  0.47368421
  4.         -0.90817791]",340.53886365890503
0.112384,[0.6226318],"[ 0.25789474  4.8         0.46666667  3.93333333 -0.96258229  0.25964912
  4.8         0.46842105  3.96666667 -0.07533586  0.26491228  4.93333333
  0.47368421  4.         -0.90817791  0.27368421  5.13333333  0.47894737
  4.         -0.37736821]",340.6188142299652
0.11737600000000004,[0.88033146],"[ 0.25964912  4.8         0.46842105  3.96666667 -0.07533586  0.26491228
  4.93333333  0.47368421  4.         -0.90817791  0.27368421  5.13333333
  0.47894737  4.         -0.37736821  0.27719298  5.13333333  0.48245614
  4.13333333 -0.11966854]",340.698832988739
0.11481999999999996,[0.15271823],"[ 0.26491228  4.93333333  0.47368421  4.         -0.90817791  0.27368421
  5.13333333  0.47894737  4.         -0.37736821  0.27719298  5.13333333
  0.48245614  4.13333333 -0.11966854  0.28070175  5.2         0.48421053
  4.06666667 -0.84728175]",340.7788088321686
0.104596,[-0.33318156],"[ 0.27368421  5.13333333  0.47894737  4.         -0.37736821  0.27719298
  5.13333333  0.48245614  4.13333333 -0.11966854  0.28070175  5.2
  0.48421053  4.06666667 -0.84728175  0.28245614  5.26666667  0.48596491
  4.03333333 -1.33318162]",340.8587770462036
0.08938000000000001,[-0.05962854],"[ 0.27719298  5.13333333  0.48245614  4.13333333 -0.11966854  0.28070175
  5.2         0.48421053  4.06666667 -0.84728175  0.28245614  5.26666667
  0.48596491  4.03333333 -1.33318162  0.28070175  5.16666667  0.4877193
  4.16666667 -1.05962849]",340.9387786388397
0.08422799999999997,[-0.7307792],"[ 0.28070175  5.2         0.48421053  4.06666667 -0.84728175  0.28245614
  5.26666667  0.48596491  4.03333333 -1.33318162  0.28070175  5.16666667
  0.4877193   4.16666667 -1.05962849  0.27894737  5.1         0.49122807
  4.33333333 -1.73077917]",341.0187609195709
0.086704,[-0.22712812],"[ 0.28245614  5.26666667  0.48596491  4.03333333 -1.33318162  0.28070175
  5.16666667  0.4877193   4.16666667 -1.05962849  0.27894737  5.1
  0.49122807  4.33333333 -1.73077917  0.28245614  5.1         0.49122807
  4.36666667 -1.22712815]",341.09832215309143
0.08412799999999998,[0.24808727],"[ 0.28070175  5.16666667  0.4877193   4.16666667 -1.05962849  0.27894737
  5.1         0.49122807  4.33333333 -1.73077917  0.28245614  5.1
  0.49122807  4.36666667 -1.22712815  0.28421053  5.03333333  0.49824561
  4.5        -0.75191271]",341.1787931919098
0.08922000000000002,[-0.47787008],"[ 0.27894737  5.1         0.49122807  4.33333333 -1.73077917  0.28245614
  5.1         0.49122807  4.36666667 -1.22712815  0.28421053  5.03333333
  0.49824561  4.5        -0.75191271  0.29122807  5.06666667  0.50175439
  4.46666667 -1.47787011]",341.2587354183197
0.08668400000000004,[0.1391745],"[ 0.28245614  5.1         0.49122807  4.36666667 -1.22712815  0.28421053
  5.03333333  0.49824561  4.5        -0.75191271  0.29122807  5.06666667
  0.50175439  4.46666667 -1.47787011  0.29473684  5.16666667  0.50526316
  4.4        -0.86082548]",341.33223247528076
0.08668399999999998,[0.65778327],"[ 0.28421053  5.03333333  0.49824561  4.5        -0.75191271  0.29122807
  5.06666667  0.50175439  4.46666667 -1.47787011  0.29473684  5.16666667
  0.50526316  4.4        -0.86082548  0.29473684  5.1         0.50877193
  4.46666667 -0.34221673]",341.41278648376465
0.08656399999999997,[0.23721983],"[ 0.29122807  5.06666667  0.50175439  4.46666667 -1.47787011  0.29473684
  5.16666667  0.50526316  4.4        -0.86082548  0.29473684  5.1
  0.50877193  4.46666667 -0.34221673  0.29824561  5.23333333  0.50877193
  4.36666667 -0.76278019]",341.4963834285736
