reward,action,obs,time
,,"[0.         0.         0.         0.         0.         0.
 0.         0.         0.         0.         0.         0.
 0.         0.         0.         0.03333333 5.86666667 0.24385965
 5.3        0.        ]",2828.3264696598053
-0.0024160000000000015,[0.9975681],"[ 0.00000000e+00  0.00000000e+00  0.00000000e+00  0.00000000e+00
  0.00000000e+00  0.00000000e+00  0.00000000e+00  0.00000000e+00
  0.00000000e+00  0.00000000e+00  3.33333333e-02  5.86666667e+00
  2.43859649e-01  5.30000000e+00  0.00000000e+00  3.15789474e-02
  5.63333333e+00  2.45614035e-01  5.40000000e+00 -2.43192911e-03]",2828.4882690906525
-0.0025159999999999974,[-0.981523],"[ 0.00000000e+00  0.00000000e+00  0.00000000e+00  0.00000000e+00
  0.00000000e+00  3.33333333e-02  5.86666667e+00  2.43859649e-01
  5.30000000e+00  0.00000000e+00  3.15789474e-02  5.63333333e+00
  2.45614035e-01  5.40000000e+00 -2.43192911e-03  3.15789474e-02
  5.80000000e+00  2.43859649e-01  5.33333333e+00 -1.98152304e+00]",2828.5384521484375
-0.0024160000000000015,[-0.9914032],"[ 3.33333333e-02  5.86666667e+00  2.43859649e-01  5.30000000e+00
  0.00000000e+00  3.15789474e-02  5.63333333e+00  2.45614035e-01
  5.40000000e+00 -2.43192911e-03  3.15789474e-02  5.80000000e+00
  2.43859649e-01  5.33333333e+00 -1.98152304e+00  3.15789474e-02
  5.63333333e+00  2.43859649e-01  5.43333333e+00 -1.99140322e+00]",2828.588855981827
-0.0024160000000000015,[0.4362405],"[ 3.15789474e-02  5.63333333e+00  2.45614035e-01  5.40000000e+00
 -2.43192911e-03  3.15789474e-02  5.80000000e+00  2.43859649e-01
  5.33333333e+00 -1.98152304e+00  3.15789474e-02  5.63333333e+00
  2.43859649e-01  5.43333333e+00 -1.99140322e+00  3.15789474e-02
  5.63333333e+00  2.45614035e-01  5.43333333e+00 -5.63759506e-01]",2828.6391842365265
-0.0023960000000000023,[-0.32845476],"[ 0.03157895  5.8         0.24385965  5.33333333 -1.98152304  0.03157895
  5.63333333  0.24385965  5.43333333 -1.99140322  0.03157895  5.63333333
  0.24561404  5.43333333 -0.56375951  0.03157895  5.6         0.24561404
  5.43333333 -1.32845473]",2828.690136909485
-0.004951999999999998,[-0.31587368],"[ 0.03157895  5.63333333  0.24385965  5.43333333 -1.99140322  0.03157895
  5.63333333  0.24561404  5.43333333 -0.56375951  0.03157895  5.6
  0.24561404  5.43333333 -1.32845473  0.02982456  5.6         0.24561404
  5.43333333 -1.31587362]",2828.741868019104
-0.0022760000000000002,[-0.3809177],"[ 0.03157895  5.63333333  0.24561404  5.43333333 -0.56375951  0.03157895
  5.6         0.24561404  5.43333333 -1.32845473  0.02982456  5.6
  0.24561404  5.43333333 -1.31587362  0.03157895  5.4         0.24736842
  5.6        -1.38091767]",2828.789335489273
0.00025999999999999635,[-0.90888953],"[ 0.03157895  5.6         0.24561404  5.43333333 -1.32845473  0.02982456
  5.6         0.24561404  5.43333333 -1.31587362  0.03157895  5.4
  0.24736842  5.6        -1.38091767  0.03333333  5.43333333  0.24912281
  5.6        -1.90888953]",2828.8340055942535
0.002815999999999999,[-0.05199971],"[ 0.02982456  5.6         0.24561404  5.43333333 -1.31587362  0.03157895
  5.4         0.24736842  5.6        -1.38091767  0.03333333  5.43333333
  0.24912281  5.6        -1.90888953  0.03508772  5.43333333  0.25087719
  5.6        -1.05199969]",2828.8935227394104
0.005412,[-0.34970385],"[ 0.03157895  5.4         0.24736842  5.6        -1.38091767  0.03333333
  5.43333333  0.24912281  5.6        -1.90888953  0.03508772  5.43333333
  0.25087719  5.6        -1.05199969  0.03684211  5.36666667  0.25087719
  5.7        -1.34970379]",2828.975319623947
0.010484,[-0.91083664],"[ 0.03333333  5.43333333  0.24912281  5.6        -1.90888953  0.03508772
  5.43333333  0.25087719  5.6        -1.05199969  0.03684211  5.36666667
  0.25087719  5.7        -1.34970379  0.04035088  5.43333333  0.25438596
  5.66666667 -1.9108367 ]",2829.055419445038
0.015615999999999996,[0.02624324],"[ 0.03508772  5.43333333  0.25087719  5.6        -1.05199969  0.03684211
  5.36666667  0.25087719  5.7        -1.34970379  0.04035088  5.43333333
  0.25438596  5.66666667 -1.9108367   0.04385965  5.4         0.25789474
  5.7        -0.97375679]",2829.1352026462555
0.020788,[0.9466014],"[ 0.03684211  5.36666667  0.25087719  5.7        -1.34970379  0.04035088
  5.43333333  0.25438596  5.66666667 -1.9108367   0.04385965  5.4
  0.25789474  5.7        -0.97375679  0.04736842  5.3         0.26140351
  5.8        -0.05339861]",2829.2154190540314
0.023204000000000002,[0.06689257],"[ 0.04035088  5.43333333  0.25438596  5.66666667 -1.9108367   0.04385965
  5.4         0.25789474  5.7        -0.97375679  0.04736842  5.3
  0.26140351  5.8        -0.05339861  0.04912281  5.53333333  0.26491228
  5.66666667 -0.93310744]",2829.2910742759705
0.030712000000000007,[-0.93477935],"[ 0.04385965  5.4         0.25789474  5.7        -0.97375679  0.04736842
  5.3         0.26140351  5.8        -0.05339861  0.04912281  5.53333333
  0.26491228  5.66666667 -0.93310744  0.05438596  5.8         0.26666667
  5.4        -1.93477941]",2829.374804019928
0.030772,[-0.09242173],"[ 0.04736842  5.3         0.26140351  5.8        -0.05339861  0.04912281
  5.53333333  0.26491228  5.66666667 -0.93310744  0.05438596  5.8
  0.26666667  5.4        -1.93477941  0.05438596  5.7         0.26666667
  5.43333333 -1.09242177]",2829.455447435379
0.03602400000000001,[-0.8703987],"[ 0.04912281  5.53333333  0.26491228  5.66666667 -0.93310744  0.05438596
  5.8         0.26666667  5.4        -1.93477941  0.05438596  5.7
  0.26666667  5.43333333 -1.09242177  0.05789474  5.46666667  0.27017544
  5.63333333 -1.87039876]",2829.5351650714874
0.04622800000000001,[0.02501958],"[ 0.05438596  5.8         0.26666667  5.4        -1.93477941  0.05438596
  5.7         0.26666667  5.43333333 -1.09242177  0.05789474  5.46666667
  0.27017544  5.63333333 -1.87039876  0.06491228  5.5         0.27719298
  5.6        -0.97498041]",2829.615064382553
0.06158399999999999,[-0.5787007],"[ 0.05438596  5.7         0.26666667  5.43333333 -1.09242177  0.05789474
  5.46666667  0.27017544  5.63333333 -1.87039876  0.06491228  5.5
  0.27719298  5.6        -0.97498041  0.0754386   5.46666667  0.2877193
  5.66666667 -1.57870078]",2829.6950030326843
0.07432399999999999,[-0.37320635],"[ 0.05789474  5.46666667  0.27017544  5.63333333 -1.87039876  0.06491228
  5.5         0.27719298  5.6        -0.97498041  0.0754386   5.46666667
  0.2877193   5.66666667 -1.57870078  0.08421053  5.53333333  0.29824561
  5.63333333 -1.37320638]",2829.7753913402557
0.08698400000000002,[-0.8033097],"[ 0.06491228  5.5         0.27719298  5.6        -0.97498041  0.0754386
  5.46666667  0.2877193   5.66666667 -1.57870078  0.08421053  5.53333333
  0.29824561  5.63333333 -1.37320638  0.09122807  5.5         0.30701754
  5.7        -1.80330968]",2829.855111837387
0.094792,[-0.8959839],"[ 0.0754386   5.46666667  0.2877193   5.66666667 -1.57870078  0.08421053
  5.53333333  0.29824561  5.63333333 -1.37320638  0.09122807  5.5
  0.30701754  5.7        -1.80330968  0.09649123  5.43333333  0.3122807
  5.76666667 -1.89598393]",2829.9361639022827
0.09986400000000002,[0.21117726],"[ 0.08421053  5.53333333  0.29824561  5.63333333 -1.37320638  0.09122807
  5.5         0.30701754  5.7        -1.80330968  0.09649123  5.43333333
  0.3122807   5.76666667 -1.89598393  0.1         5.33333333  0.31578947
  5.83333333 -0.78882277]",2830.015587568283
0.10239999999999998,[-0.5272428],"[ 0.09122807  5.5         0.30701754  5.7        -1.80330968  0.09649123
  5.43333333  0.3122807   5.76666667 -1.89598393  0.1         5.33333333
  0.31578947  5.83333333 -0.78882277  0.10175439  5.36666667  0.31754386
  5.83333333 -1.52724278]",2830.095629453659
0.10739200000000002,[0.1287391],"[ 0.09649123  5.43333333  0.3122807   5.76666667 -1.89598393  0.1
  5.33333333  0.31578947  5.83333333 -0.78882277  0.10175439  5.36666667
  0.31754386  5.83333333 -1.52724278  0.10526316  5.53333333  0.31929825
  5.73333333 -0.87126088]",2830.178817987442
0.112504,[-0.31302163],"[ 0.1         5.33333333  0.31578947  5.83333333 -0.78882277  0.10175439
  5.36666667  0.31754386  5.83333333 -1.52724278  0.10526316  5.53333333
  0.31929825  5.73333333 -0.87126088  0.10701754  5.53333333  0.32105263
  5.76666667 -1.31302166]",2830.260270833969
0.11236399999999999,[0.72952664],"[ 0.10175439  5.36666667  0.31754386  5.83333333 -1.52724278  0.10526316
  5.53333333  0.31929825  5.73333333 -0.87126088  0.10701754  5.53333333
  0.32105263  5.76666667 -1.31302166  0.10877193  5.56666667  0.32631579
  5.8        -0.27047336]",2830.3350126743317
0.11494,[-0.16934915],"[ 0.10526316  5.53333333  0.31929825  5.73333333 -0.87126088  0.10701754
  5.53333333  0.32105263  5.76666667 -1.31302166  0.10877193  5.56666667
  0.32631579  5.8        -0.27047336  0.1122807   5.56666667  0.33333333
  5.76666667 -1.16934919]",2830.415016412735
0.119852,[0.8172242],"[ 0.10701754  5.53333333  0.32105263  5.76666667 -1.31302166  0.10877193
  5.56666667  0.32631579  5.8        -0.27047336  0.1122807   5.56666667
  0.33333333  5.76666667 -1.16934919  0.11754386  5.9         0.34035088
  5.63333333 -0.1827758 ]",2830.49498963356
0.15322,[-0.4642844],"[ 0.10877193  5.56666667  0.32631579  5.8        -0.27047336  0.1122807
  5.56666667  0.33333333  5.76666667 -1.16934919  0.11754386  5.9
  0.34035088  5.63333333 -0.1827758   0.14210526  5.6         0.34561404
  5.63333333 -1.46428442]",2830.5749554634094
0.150704,[-0.86859465],"[ 0.1122807   5.56666667  0.33333333  5.76666667 -1.16934919  0.11754386
  5.9         0.34035088  5.63333333 -0.1827758   0.14210526  5.6
  0.34561404  5.63333333 -1.46428442  0.14385965  5.6         0.34912281
  5.56666667 -1.86859465]",2830.6520657539368
0.148128,[-0.9021466],"[ 0.11754386  5.9         0.34035088  5.63333333 -0.1827758   0.14210526
  5.6         0.34561404  5.63333333 -1.46428442  0.14385965  5.6
  0.34912281  5.56666667 -1.86859465  0.14561404  5.6         0.35263158
  5.66666667 -1.90214658]",2830.730560541153
0.145592,[-0.91884154],"[ 0.14210526  5.6         0.34561404  5.63333333 -1.46428442  0.14385965
  5.6         0.34912281  5.56666667 -1.86859465  0.14561404  5.6
  0.35263158  5.66666667 -1.90214658  0.14736842  5.46666667  0.35438596
  5.9        -1.9188416 ]",2830.8169939517975
0.14577199999999996,[0.762946],"[ 0.14385965  5.6         0.34912281  5.56666667 -1.86859465  0.14561404
  5.6         0.35263158  5.66666667 -1.90214658  0.14736842  5.46666667
  0.35438596  5.9        -1.9188416   0.14912281  5.4         0.35789474
  6.         -0.23705399]",2830.898325920105
0.14335599999999998,[-0.39061224],"[ 0.14561404  5.6         0.35263158  5.66666667 -1.90214658  0.14736842
  5.46666667  0.35438596  5.9        -1.9188416   0.14912281  5.4
  0.35789474  6.         -0.23705399  0.15263158  5.43333333  0.36315789
  6.06666667 -1.39061224]",2830.9750833511353
0.150864,[-0.6748698],"[ 0.14736842  5.46666667  0.35438596  5.9        -1.9188416   0.14912281
  5.4         0.35789474  6.         -0.23705399  0.15263158  5.43333333
  0.36315789  6.06666667 -1.39061224  0.15789474  5.6         0.37017544
  5.96666667 -1.67486978]",2831.0558302402496
0.15328000000000003,[0.14335932],"[ 0.14912281  5.4         0.35789474  6.         -0.23705399  0.15263158
  5.43333333  0.36315789  6.06666667 -1.39061224  0.15789474  5.6
  0.37017544  5.96666667 -1.67486978  0.16315789  5.6         0.3754386
  6.03333333 -0.8566407 ]",2831.13959980011
0.150824,[-0.5907238],"[ 0.15263158  5.43333333  0.36315789  6.06666667 -1.39061224  0.15789474
  5.6         0.37017544  5.96666667 -1.67486978  0.16315789  5.6
  0.3754386   6.03333333 -0.8566407   0.16842105  5.46666667  0.38070175
  6.16666667 -1.59072375]",2831.2154083251953
0.14563199999999998,[0.95737094],"[ 0.15789474  5.6         0.37017544  5.96666667 -1.67486978  0.16315789
  5.6         0.3754386   6.03333333 -0.8566407   0.16842105  5.46666667
  0.38070175  6.16666667 -1.59072375  0.1754386   5.56666667  0.3877193
  6.1        -0.04262906]",2831.3039424419403
0.14055999999999996,[-0.23876663],"[ 0.16315789  5.6         0.3754386   6.03333333 -0.8566407   0.16842105
  5.46666667  0.38070175  6.16666667 -1.59072375  0.1754386   5.56666667
  0.3877193   6.1        -0.04262906  0.18070175  5.56666667  0.39298246
  6.13333333 -1.23876667]",2831.3699758052826
0.13788399999999998,[-0.56636435],"[ 0.16842105  5.46666667  0.38070175  6.16666667 -1.59072375  0.1754386
  5.56666667  0.3877193   6.1        -0.04262906  0.18070175  5.56666667
  0.39298246  6.13333333 -1.23876667  0.18596491  5.73333333  0.4
  6.1        -1.56636429]",2831.4510068893433
0.13784400000000002,[-0.19316162],"[ 0.1754386   5.56666667  0.3877193   6.1        -0.04262906  0.18070175
  5.56666667  0.39298246  6.13333333 -1.23876667  0.18596491  5.73333333
  0.4         6.1        -1.56636429  0.19122807  5.73333333  0.40350877
  6.2        -1.19316161]",2831.529706954956
0.14038,[-0.91711736],"[ 0.18070175  5.56666667  0.39298246  6.13333333 -1.23876667  0.18596491
  5.73333333  0.4         6.1        -1.56636429  0.19122807  5.73333333
  0.40350877  6.2        -1.19316161  0.19649123  5.66666667  0.40877193
  6.3        -1.91711736]",2831.608985185623
0.14551200000000003,[-0.18115397],"[ 0.18596491  5.73333333  0.4         6.1        -1.56636429  0.19122807
  5.73333333  0.40350877  6.2        -1.19316161  0.19649123  5.66666667
  0.40877193  6.3        -1.91711736  0.20175439  5.66666667  0.41403509
  6.36666667 -1.18115401]",2831.6931233406067
0.150724,[-0.02200126],"[ 0.19122807  5.73333333  0.40350877  6.2        -1.19316161  0.19649123
  5.66666667  0.40877193  6.3        -1.91711736  0.20175439  5.66666667
  0.41403509  6.36666667 -1.18115401  0.20877193  5.66666667  0.41929825
  6.46666667 -1.02200127]",2831.769439458847
0.155736,[-0.30386811],"[ 0.19649123  5.66666667  0.40877193  6.3        -1.91711736  0.20175439
  5.66666667  0.41403509  6.36666667 -1.18115401  0.20877193  5.66666667
  0.41929825  6.46666667 -1.02200127  0.21403509  5.83333333  0.42631579
  6.46666667 -1.30386806]",2831.849640607834
0.16082800000000003,[-0.91726446],"[ 0.20175439  5.66666667  0.41403509  6.36666667 -1.18115401  0.20877193
  5.66666667  0.41929825  6.46666667 -1.02200127  0.21403509  5.83333333
  0.42631579  6.46666667 -1.30386806  0.21929825  5.9         0.43157895
  6.5        -1.91726446]",2831.929970741272
0.16598000000000002,[-0.68621135],"[ 0.20877193  5.66666667  0.41929825  6.46666667 -1.02200127  0.21403509
  5.83333333  0.42631579  6.46666667 -1.30386806  0.21929825  5.9
  0.43157895  6.5        -1.91726446  0.22631579  5.83333333  0.43684211
  6.66666667 -1.68621135]",2832.0107226371765
0.16622000000000003,[-0.02090748],"[ 0.21403509  5.83333333  0.42631579  6.46666667 -1.30386806  0.21929825
  5.9         0.43157895  6.5        -1.91726446  0.22631579  5.83333333
  0.43684211  6.66666667 -1.68621135  0.23157895  5.76666667  0.44035088
  6.76666667 -1.02090752]",2832.093287706375
0.13275200000000004,[-0.2804688],"[ 0.21929825  5.9         0.43157895  6.5        -1.91726446  0.22631579
  5.83333333  0.43684211  6.66666667 -1.68621135  0.23157895  5.76666667
  0.44035088  6.76666667 -1.02090752  0.23333333  5.86666667  0.44385965
  6.73333333 -1.28046882]",2832.173754930496
0.13524800000000003,[-0.42569116],"[ 0.22631579  5.83333333  0.43684211  6.66666667 -1.68621135  0.23157895
  5.76666667  0.44035088  6.76666667 -1.02090752  0.23333333  5.86666667
  0.44385965  6.73333333 -1.28046882  0.23684211  5.96666667  0.44736842
  6.73333333 -1.42569113]",2832.2552371025085
0.13778400000000002,[0.883915],"[ 0.23157895  5.76666667  0.44035088  6.76666667 -1.02090752  0.23333333
  5.86666667  0.44385965  6.73333333 -1.28046882  0.23684211  5.96666667
  0.44736842  6.73333333 -1.42569113  0.24035088  6.          0.44912281
  6.83333333 -0.11608499]",2832.3293285369873
0.14022000000000007,[-0.06092992],"[ 0.23333333  5.86666667  0.44385965  6.73333333 -1.28046882  0.23684211
  5.96666667  0.44736842  6.73333333 -1.42569113  0.24035088  6.
  0.44912281  6.83333333 -0.11608499  0.24385965  6.06666667  0.45438596
  6.86666667 -1.06092989]",2832.4154510498047
0.14521199999999998,[-0.57248896],"[ 0.23684211  5.96666667  0.44736842  6.73333333 -1.42569113  0.24035088
  6.          0.44912281  6.83333333 -0.11608499  0.24385965  6.06666667
  0.45438596  6.86666667 -1.06092989  0.24912281  6.2         0.46140351
  6.7        -1.57248902]",2832.4896466732025
0.145252,[-0.05807325],"[ 0.24035088  6.          0.44912281  6.83333333 -0.11608499  0.24385965
  6.06666667  0.45438596  6.86666667 -1.06092989  0.24912281  6.2
  0.46140351  6.7        -1.57248902  0.25263158  6.16666667  0.46491228
  6.8        -1.05807328]",2832.575160741806
0.14533200000000002,[0.87727946],"[ 0.24385965  6.06666667  0.45438596  6.86666667 -1.06092989  0.24912281
  6.2         0.46140351  6.7        -1.57248902  0.25263158  6.16666667
  0.46491228  6.8        -1.05807328  0.25789474  6.2         0.46842105
  6.96666667 -0.12272054]",2832.6492002010345
0.142656,[-0.7147893],"[ 0.24912281  6.2         0.46140351  6.7        -1.57248902  0.25263158
  6.16666667  0.46491228  6.8        -1.05807328  0.25789474  6.2
  0.46842105  6.96666667 -0.12272054  0.26140351  6.4         0.47368421
  6.9        -1.71478927]",2832.729388475418
0.13996,[-0.44974563],"[ 0.25263158  6.16666667  0.46491228  6.8        -1.05807328  0.25789474
  6.2         0.46842105  6.96666667 -0.12272054  0.26140351  6.4
  0.47368421  6.9        -1.71478927  0.26491228  6.5         0.47894737
  6.76666667 -1.44974566]",2832.814673423767
0.137544,[-0.8492391],"[ 0.25789474  6.2         0.46842105  6.96666667 -0.12272054  0.26140351
  6.4         0.47368421  6.9        -1.71478927  0.26491228  6.5
  0.47894737  6.76666667 -1.44974566  0.27017544  6.36666667  0.48245614
  6.9        -1.84923911]",2832.8891208171844
0.137604,[-0.9083392],"[ 0.26140351  6.4         0.47368421  6.9        -1.71478927  0.26491228
  6.5         0.47894737  6.76666667 -1.44974566  0.27017544  6.36666667
  0.48245614  6.9        -1.84923911  0.2754386   6.26666667  0.48421053
  7.1        -1.90833926]",2832.9739532470703
0.135148,[-0.47645298],"[ 0.26491228  6.5         0.47894737  6.76666667 -1.44974566  0.27017544
  6.36666667  0.48245614  6.9        -1.84923911  0.2754386   6.26666667
  0.48421053  7.1        -1.90833926  0.27894737  6.26666667  0.4877193
  7.2        -1.47645295]",2833.0588295459747
0.135088,[0.05169448],"[ 0.27017544  6.36666667  0.48245614  6.9        -1.84923911  0.2754386
  6.26666667  0.48421053  7.1        -1.90833926  0.27894737  6.26666667
  0.4877193   7.2        -1.47645295  0.28421053  6.36666667  0.49298246
  7.3        -0.94830555]",2833.128963470459
0.13498800000000002,[0.5665278],"[ 0.2754386   6.26666667  0.48421053  7.1        -1.90833926  0.27894737
  6.26666667  0.4877193   7.2        -1.47645295  0.28421053  6.36666667
  0.49298246  7.3        -0.94830555  0.28947368  6.46666667  0.49824561
  7.33333333 -0.43347222]",2833.2142090797424
0.13488799999999998,[-0.24895197],"[ 0.27894737  6.26666667  0.4877193   7.2        -1.47645295  0.28421053
  6.36666667  0.49298246  7.3        -0.94830555  0.28947368  6.46666667
  0.49824561  7.33333333 -0.43347222  0.29473684  6.63333333  0.50701754
  7.2        -1.24895191]",2833.290400981903
0.12977600000000003,[0.506611],"[ 0.28421053  6.36666667  0.49298246  7.3        -0.94830555  0.28947368
  6.46666667  0.49824561  7.33333333 -0.43347222  0.29473684  6.63333333
  0.50701754  7.2        -1.24895191  0.29824561  6.63333333  0.51052632
  7.16666667 -0.49338901]",2833.374015569687
0.12476400000000001,[0.5022228],"[ 0.28947368  6.46666667  0.49824561  7.33333333 -0.43347222  0.29473684
  6.63333333  0.50701754  7.2        -1.24895191  0.29824561  6.63333333
  0.51052632  7.16666667 -0.49338901  0.3         6.63333333  0.51052632
  7.23333333 -0.49777722]",2833.4549310207367
0.11705599999999998,[0.90425664],"[ 0.29473684  6.63333333  0.50701754  7.2        -1.24895191  0.29824561
  6.63333333  0.51052632  7.16666667 -0.49338901  0.3         6.63333333
  0.51052632  7.23333333 -0.49777722  0.3         6.76666667  0.51403509
  7.16666667 -0.09574336]",2833.5352079868317
0.11440000000000002,[-0.6213261],"[ 0.29824561  6.63333333  0.51052632  7.16666667 -0.49338901  0.3
  6.63333333  0.51052632  7.23333333 -0.49777722  0.3         6.76666667
  0.51403509  7.16666667 -0.09574336  0.30526316  6.86666667  0.51754386
  7.13333333 -1.62132609]",2833.610716342926
0.11174400000000002,[-0.64984787],"[ 0.3         6.63333333  0.51052632  7.23333333 -0.49777722  0.3
  6.76666667  0.51403509  7.16666667 -0.09574336  0.30526316  6.86666667
  0.51754386  7.13333333 -1.62132609  0.30877193  6.96666667  0.52280702
  7.1        -1.64984787]",2833.6894030570984
0.11699599999999999,[0.561734],"[ 0.3         6.76666667  0.51403509  7.16666667 -0.09574336  0.30526316
  6.86666667  0.51754386  7.13333333 -1.62132609  0.30877193  6.96666667
  0.52280702  7.1        -1.64984787  0.31403509  6.83333333  0.52631579
  7.3        -0.43826598]",2833.775192260742
0.117076,[0.40008464],"[ 0.30526316  6.86666667  0.51754386  7.13333333 -1.62132609  0.30877193
  6.96666667  0.52280702  7.1        -1.64984787  0.31403509  6.83333333
  0.52631579  7.3        -0.43826598  0.31754386  6.8         0.52807018
  7.4        -0.59991539]",2833.854901790619
0.11949199999999997,[0.73267347],"[ 0.30877193  6.96666667  0.52280702  7.1        -1.64984787  0.31403509
  6.83333333  0.52631579  7.3        -0.43826598  0.31754386  6.8
  0.52807018  7.4        -0.59991539  0.32280702  7.06666667  0.53508772
  7.23333333 -0.26732653]",2833.928999185562
0.12198799999999999,[-0.9230603],"[ 0.31403509  6.83333333  0.52631579  7.3        -0.43826598  0.31754386
  6.8         0.52807018  7.4        -0.59991539  0.32280702  7.06666667
  0.53508772  7.23333333 -0.26732653  0.32807018  7.23333333  0.54210526
  7.2        -1.9230603 ]",2834.0176401138306
0.12206800000000002,[0.21330546],"[ 0.31754386  6.8         0.52807018  7.4        -0.59991539  0.32280702
  7.06666667  0.53508772  7.23333333 -0.26732653  0.32807018  7.23333333
  0.54210526  7.2        -1.9230603   0.33333333  7.23333333  0.54912281
  7.23333333 -0.78669453]",2834.0956387519836
0.12723999999999996,[0.39376646],"[ 0.32280702  7.06666667  0.53508772  7.23333333 -0.26732653  0.32807018
  7.23333333  0.54210526  7.2        -1.9230603   0.33333333  7.23333333
  0.54912281  7.23333333 -0.78669453  0.34035088  7.1         0.55263158
  7.33333333 -0.60623354]",2834.1690258979797
0.12462400000000003,[-0.40062302],"[ 0.32807018  7.23333333  0.54210526  7.2        -1.9230603   0.33333333
  7.23333333  0.54912281  7.23333333 -0.78669453  0.34035088  7.1
  0.55263158  7.33333333 -0.60623354  0.34385965  7.23333333  0.55614035
  7.26666667 -1.40062308]",2834.2492780685425
0.12468400000000002,[0.97145313],"[ 0.33333333  7.23333333  0.54912281  7.23333333 -0.78669453  0.34035088
  7.1         0.55263158  7.33333333 -0.60623354  0.34385965  7.23333333
  0.55614035  7.26666667 -1.40062308  0.34736842  7.33333333  0.55964912
  7.23333333 -0.02854687]",2834.33305478096
0.12985600000000003,[0.7493481],"[ 0.34035088  7.1         0.55263158  7.33333333 -0.60623354  0.34385965
  7.23333333  0.55614035  7.26666667 -1.40062308  0.34736842  7.33333333
  0.55964912  7.23333333 -0.02854687  0.35438596  7.33333333  0.56666667
  7.26666667 -0.2506519 ]",2834.4133496284485
0.134828,[0.24481107],"[ 0.34385965  7.23333333  0.55614035  7.26666667 -1.40062308  0.34736842
  7.33333333  0.55964912  7.23333333 -0.02854687  0.35438596  7.33333333
  0.56666667  7.26666667 -0.2506519   0.36315789  7.43333333  0.5754386
  7.03333333 -0.75518894]",2834.4972081184387
0.13478800000000002,[0.23861477],"[ 0.34736842  7.33333333  0.55964912  7.23333333 -0.02854687  0.35438596
  7.33333333  0.56666667  7.26666667 -0.2506519   0.36315789  7.43333333
  0.5754386   7.03333333 -0.75518894  0.36842105  7.4         0.57894737
  6.9        -0.7613852 ]",2834.573680639267
0.13225200000000004,[-0.792819],"[ 0.35438596  7.33333333  0.56666667  7.26666667 -0.2506519   0.36315789
  7.43333333  0.5754386   7.03333333 -0.75518894  0.36842105  7.4
  0.57894737  6.9        -0.7613852   0.37017544  7.36666667  0.58245614
  6.9        -1.79281902]",2834.653255224228
0.13235199999999997,[0.16811152],"[ 0.36315789  7.43333333  0.5754386   7.03333333 -0.75518894  0.36842105
  7.4         0.57894737  6.9        -0.7613852   0.37017544  7.36666667
  0.58245614  6.9        -1.79281902  0.3754386   7.3         0.5877193
  6.96666667 -0.8318885 ]",2834.737352848053
0.12991600000000003,[-0.89368236],"[ 0.36842105  7.4         0.57894737  6.9        -0.7613852   0.37017544
  7.36666667  0.58245614  6.9        -1.79281902  0.3754386   7.3
  0.5877193   6.96666667 -0.8318885   0.37894737  7.2         0.59122807
  7.03333333 -1.89368236]",2834.8195638656616
0.12997600000000004,[-0.48678407],"[ 0.37017544  7.36666667  0.58245614  6.9        -1.79281902  0.3754386
  7.3         0.5877193   6.96666667 -0.8318885   0.37894737  7.2
  0.59122807  7.03333333 -1.89368236  0.38421053  7.26666667  0.59649123
  6.9        -1.4867841 ]",2834.893953561783
0.13257199999999997,[-0.9332563],"[ 0.3754386   7.3         0.5877193   6.96666667 -0.8318885   0.37894737
  7.2         0.59122807  7.03333333 -1.89368236  0.38421053  7.26666667
  0.59649123  6.9        -1.4867841   0.38947368  7.2         0.60175439
  6.96666667 -1.93325639]",2834.9796352386475
0.137704,[-0.29751113],"[ 0.37894737  7.2         0.59122807  7.03333333 -1.89368236  0.38421053
  7.26666667  0.59649123  6.9        -1.4867841   0.38947368  7.2
  0.60175439  6.96666667 -1.93325639  0.39473684  7.16666667  0.60877193
  7.1        -1.2975111 ]",2835.0589764118195
0.14289599999999997,[0.49402377],"[ 0.38421053  7.26666667  0.59649123  6.9        -1.4867841   0.38947368
  7.2         0.60175439  6.96666667 -1.93325639  0.39473684  7.16666667
  0.60877193  7.1        -1.2975111   0.39824561  7.16666667  0.6122807
  7.1        -0.5059762 ]",2835.132978916168
0.14545200000000003,[-0.58946836],"[ 0.38947368  7.2         0.60175439  6.96666667 -1.93325639  0.39473684
  7.16666667  0.60877193  7.1        -1.2975111   0.39824561  7.16666667
  0.6122807   7.1        -0.5059762   0.40526316  7.26666667  0.61578947
  6.9        -1.58946836]",2835.2193994522095
0.14806800000000003,[-0.5494059],"[ 0.39473684  7.16666667  0.60877193  7.1        -1.2975111   0.39824561
  7.16666667  0.6122807   7.1        -0.5059762   0.40526316  7.26666667
  0.61578947  6.9        -1.58946836  0.41052632  7.26666667  0.62105263
  6.76666667 -1.54940581]",2835.3002605438232
0.14301599999999998,[-0.8500503],"[ 0.39824561  7.16666667  0.6122807   7.1        -0.5059762   0.40526316
  7.26666667  0.61578947  6.9        -1.58946836  0.41052632  7.26666667
  0.62105263  6.76666667 -1.54940581  0.4122807   7.03333333  0.6245614
  6.83333333 -1.85005021]",2835.374183654785
