reward,action,obs,time
,,"[0.         0.         0.         0.         0.         0.
 0.         0.         0.         0.         0.         0.
 0.         0.         0.         0.03157895 5.7        0.24385965
 5.36666667 0.        ]",2905.2652611732483
9.999999999999593e-05,[0.23084918],"[ 0.          0.          0.          0.          0.          0.
  0.          0.          0.          0.          0.03157895  5.7
  0.24385965  5.36666667  0.          0.03157895  5.53333333  0.24561404
  5.46666667 -0.76915085]",2905.4923808574677
-3.999999999999837e-05,[0.7093982],"[ 0.          0.          0.          0.          0.          0.03157895
  5.7         0.24385965  5.36666667  0.          0.03157895  5.53333333
  0.24561404  5.46666667 -0.76915085  0.03157895  5.76666667  0.24385965
  5.36666667 -0.29060179]",2905.5380308628082
-0.0025560000000000027,[0.57118225],"[ 0.03157895  5.7         0.24385965  5.36666667  0.          0.03157895
  5.53333333  0.24561404  5.46666667 -0.76915085  0.03157895  5.76666667
  0.24385965  5.36666667 -0.29060179  0.02982456  5.7         0.24385965
  5.4        -0.42881775]",2905.593458890915
0.0,[-0.612626],"[ 0.03157895  5.53333333  0.24561404  5.46666667 -0.76915085  0.03157895
  5.76666667  0.24385965  5.36666667 -0.29060179  0.02982456  5.7
  0.24385965  5.4        -0.42881775  0.03157895  5.7         0.24561404
  5.4        -1.61262608]",2905.6433641910553
0.0,[-0.5813359],"[ 0.03157895  5.76666667  0.24385965  5.36666667 -0.29060179  0.02982456
  5.7         0.24385965  5.4        -0.42881775  0.03157895  5.7
  0.24561404  5.4        -1.61262608  0.03157895  5.7         0.24385965
  5.4        -1.5813359 ]",2905.693825006485
-1.9999999999999185e-05,[0.80376005],"[ 0.02982456  5.7         0.24385965  5.4        -0.42881775  0.03157895
  5.7         0.24561404  5.4        -1.61262608  0.03157895  5.7
  0.24385965  5.4        -1.5813359   0.03157895  5.73333333  0.24561404
  5.33333333 -0.19623995]",2905.7438395023346
0.002456,[-0.68483543],"[ 0.03157895  5.7         0.24561404  5.4        -1.61262608  0.03157895
  5.7         0.24385965  5.4        -1.5813359   0.03157895  5.73333333
  0.24561404  5.33333333 -0.19623995  0.03333333  5.86666667  0.24561404
  5.23333333 -1.68483543]",2905.7982001304626
0.0025159999999999974,[-0.89168084],"[ 0.03157895  5.7         0.24385965  5.4        -1.5813359   0.03157895
  5.73333333  0.24561404  5.33333333 -0.19623995  0.03333333  5.86666667
  0.24561404  5.23333333 -1.68483543  0.03333333  5.76666667  0.24561404
  5.36666667 -1.89168084]",2905.8392176628113
0.0026359999999999995,[0.0384988],"[ 0.03157895  5.73333333  0.24561404  5.33333333 -0.19623995  0.03333333
  5.86666667  0.24561404  5.23333333 -1.68483543  0.03333333  5.76666667
  0.24561404  5.36666667 -1.89168084  0.03333333  5.56666667  0.24736842
  5.5        -0.96150118]",2905.8943712711334
0.007767999999999997,[-0.7706283],"[ 0.03333333  5.86666667  0.24561404  5.23333333 -1.68483543  0.03333333
  5.76666667  0.24561404  5.36666667 -1.89168084  0.03333333  5.56666667
  0.24736842  5.5        -0.96150118  0.03684211  5.53333333  0.25087719
  5.56666667 -1.77062821]",2905.9630494117737
0.0129,[0.01569214],"[ 0.03333333  5.76666667  0.24561404  5.36666667 -1.89168084  0.03333333
  5.56666667  0.24736842  5.5        -0.96150118  0.03684211  5.53333333
  0.25087719  5.56666667 -1.77062821  0.04035088  5.5         0.25614035
  5.6        -0.98430789]",2906.043213367462
0.020547999999999993,[-0.705548],"[ 0.03333333  5.56666667  0.24736842  5.5        -0.96150118  0.03684211
  5.53333333  0.25087719  5.56666667 -1.77062821  0.04035088  5.5
  0.25614035  5.6        -0.98430789  0.04561404  5.53333333  0.25964912
  5.6        -1.70554805]",2906.124827861786
0.028216,[-0.74765325],"[ 0.03684211  5.53333333  0.25087719  5.56666667 -1.77062821  0.04035088
  5.5         0.25614035  5.6        -0.98430789  0.04561404  5.53333333
  0.25964912  5.6        -1.70554805  0.05087719  5.53333333  0.26491228
  5.6        -1.74765325]",2906.2032268047333
0.03340799999999999,[-0.22994314],"[ 0.04035088  5.5         0.25614035  5.6        -0.98430789  0.04561404
  5.53333333  0.25964912  5.6        -1.70554805  0.05087719  5.53333333
  0.26491228  5.6        -1.74765325  0.05438596  5.4         0.26842105
  5.73333333 -1.22994316]",2906.286426782608
0.035984,[-0.9895553],"[ 0.04561404  5.53333333  0.25964912  5.6        -1.70554805  0.05087719
  5.53333333  0.26491228  5.6        -1.74765325  0.05438596  5.4
  0.26842105  5.73333333 -1.22994316  0.05614035  5.36666667  0.27017544
  5.73333333 -1.98955536]",2906.360845565796
0.03849999999999999,[0.82241786],"[ 0.05087719  5.53333333  0.26491228  5.6        -1.74765325  0.05438596
  5.4         0.26842105  5.73333333 -1.22994316  0.05614035  5.36666667
  0.27017544  5.73333333 -1.98955536  0.05789474  5.43333333  0.27192982
  5.73333333 -0.17758214]",2906.4378473758698
0.043652,[-0.6746199],"[ 0.05438596  5.4         0.26842105  5.73333333 -1.22994316  0.05614035
  5.36666667  0.27017544  5.73333333 -1.98955536  0.05789474  5.43333333
  0.27192982  5.73333333 -0.17758214  0.06140351  5.36666667  0.27368421
  5.9        -1.67461991]",2906.523843765259
0.048664000000000006,[0.83919334],"[ 0.05614035  5.36666667  0.27017544  5.73333333 -1.98955536  0.05789474
  5.43333333  0.27192982  5.73333333 -0.17758214  0.06140351  5.36666667
  0.27368421  5.9        -1.67461991  0.06491228  5.53333333  0.27719298
  5.83333333 -0.16080666]",2906.5987577438354
0.051239999999999994,[-0.02726579],"[ 0.05789474  5.43333333  0.27192982  5.73333333 -0.17758214  0.06140351
  5.36666667  0.27368421  5.9        -1.67461991  0.06491228  5.53333333
  0.27719298  5.83333333 -0.16080666  0.06666667  5.5         0.28245614
  5.83333333 -1.02726579]",2906.677743911743
0.05886800000000001,[0.12020667],"[ 0.06140351  5.36666667  0.27368421  5.9        -1.67461991  0.06491228
  5.53333333  0.27719298  5.83333333 -0.16080666  0.06666667  5.5
  0.28245614  5.83333333 -1.02726579  0.07192982  5.56666667  0.2877193
  5.73333333 -0.87979335]",2906.7570633888245
0.06899200000000003,[0.66746235],"[ 0.06491228  5.53333333  0.27719298  5.83333333 -0.16080666  0.06666667
  5.5         0.28245614  5.83333333 -1.02726579  0.07192982  5.56666667
  0.2877193   5.73333333 -0.87979335  0.07894737  5.56666667  0.29298246
  5.66666667 -0.33253765]",2906.8372344970703
0.074184,[0.58127713],"[ 0.06666667  5.5         0.28245614  5.83333333 -1.02726579  0.07192982
  5.56666667  0.2877193   5.73333333 -0.87979335  0.07894737  5.56666667
  0.29298246  5.66666667 -0.33253765  0.08245614  5.66666667  0.29824561
  5.6        -0.41872287]",2906.9182517528534
0.08175200000000002,[-0.8995509],"[ 0.07192982  5.56666667  0.2877193   5.73333333 -0.87979335  0.07894737
  5.56666667  0.29298246  5.66666667 -0.33253765  0.08245614  5.66666667
  0.29824561  5.6        -0.41872287  0.08596491  5.76666667  0.3
  5.53333333 -1.89955091]",2906.997829437256
0.081772,[-0.4462984],"[ 0.07894737  5.56666667  0.29298246  5.66666667 -0.33253765  0.08245614
  5.66666667  0.29824561  5.6        -0.41872287  0.08596491  5.76666667
  0.3         5.53333333 -1.89955091  0.0877193   5.73333333  0.30175439
  5.5        -1.44629836]",2907.0783503055573
0.081872,[-0.1149506],"[ 0.08245614  5.66666667  0.29824561  5.6        -0.41872287  0.08596491
  5.76666667  0.3         5.53333333 -1.89955091  0.0877193   5.73333333
  0.30175439  5.5        -1.44629836  0.0877193   5.56666667  0.30350877
  5.7        -1.11495066]",2907.1611602306366
0.087004,[0.65080166],"[ 0.08596491  5.76666667  0.3         5.53333333 -1.89955091  0.0877193
  5.73333333  0.30175439  5.5        -1.44629836  0.0877193   5.56666667
  0.30350877  5.7        -1.11495066  0.09122807  5.56666667  0.30350877
  5.73333333 -0.34919834]",2907.2378606796265
0.09209600000000003,[-0.35707143],"[ 0.0877193   5.73333333  0.30175439  5.5        -1.44629836  0.0877193
  5.56666667  0.30350877  5.7        -1.11495066  0.09122807  5.56666667
  0.30350877  5.73333333 -0.34919834  0.09649123  5.73333333  0.30877193
  5.63333333 -1.3570714 ]",2907.328493118286
0.099644,[0.5212679],"[ 0.0877193   5.56666667  0.30350877  5.7        -1.11495066  0.09122807
  5.56666667  0.30350877  5.73333333 -0.34919834  0.09649123  5.73333333
  0.30877193  5.63333333 -1.3570714   0.10175439  5.83333333  0.31403509
  5.53333333 -0.47873211]",2907.4030363559723
0.10465600000000001,[-0.6380813],"[ 0.09122807  5.56666667  0.30350877  5.73333333 -0.34919834  0.09649123
  5.73333333  0.30877193  5.63333333 -1.3570714   0.10175439  5.83333333
  0.31403509  5.53333333 -0.47873211  0.10526316  5.8         0.31929825
  5.6        -1.63808131]",2907.477360725403
0.10206,[0.8537142],"[ 0.09649123  5.73333333  0.30877193  5.63333333 -1.3570714   0.10175439
  5.83333333  0.31403509  5.53333333 -0.47873211  0.10526316  5.8
  0.31929825  5.6        -1.63808131  0.10701754  5.83333333  0.32280702
  5.56666667 -0.14628577]",2907.5576066970825
0.10208000000000002,[-0.93420035],"[ 0.10175439  5.83333333  0.31403509  5.53333333 -0.47873211  0.10526316
  5.8         0.31929825  5.6        -1.63808131  0.10701754  5.83333333
  0.32280702  5.56666667 -0.14628577  0.11052632  5.76666667  0.32807018
  5.6        -1.93420029]",2907.6370964050293
0.09948399999999999,[-0.6439141],"[ 0.10526316  5.8         0.31929825  5.6        -1.63808131  0.10701754
  5.83333333  0.32280702  5.56666667 -0.14628577  0.11052632  5.76666667
  0.32807018  5.6        -1.93420029  0.11403509  5.86666667  0.33333333
  5.5        -1.6439141 ]",2907.717031955719
0.096908,[-0.4603073],"[ 0.10701754  5.83333333  0.32280702  5.56666667 -0.14628577  0.11052632
  5.76666667  0.32807018  5.6        -1.93420029  0.11403509  5.86666667
  0.33333333  5.5        -1.6439141   0.11754386  5.9         0.33859649
  5.6        -1.46030736]",2907.8011519908905
0.094292,[-0.40139416],"[ 0.11052632  5.76666667  0.32807018  5.6        -1.93420029  0.11403509
  5.86666667  0.33333333  5.5        -1.6439141   0.11754386  5.9
  0.33859649  5.6        -1.46030736  0.11929825  5.86666667  0.34210526
  5.73333333 -1.40139413]",2907.878693342209
0.12260800000000001,[-0.11812816],"[ 0.11403509  5.86666667  0.33333333  5.5        -1.6439141   0.11754386
  5.9         0.33859649  5.6        -1.46030736  0.11929825  5.86666667
  0.34210526  5.73333333 -1.40139413  0.14035088  5.5         0.34561404
  5.73333333 -1.11812818]",2907.963562965393
0.12772,[-0.7379011],"[ 0.11754386  5.9         0.33859649  5.6        -1.46030736  0.11929825
  5.86666667  0.34210526  5.73333333 -1.40139413  0.14035088  5.5
  0.34561404  5.73333333 -1.11812818  0.14561404  5.56666667  0.35087719
  5.7        -1.73790109]",2908.044177055359
0.12512399999999999,[-0.7404655],"[ 0.11929825  5.86666667  0.34210526  5.73333333 -1.40139413  0.14035088
  5.5         0.34561404  5.73333333 -1.11812818  0.14561404  5.56666667
  0.35087719  5.7        -1.73790109  0.14736842  5.56666667  0.35614035
  5.73333333 -1.74046552]",2908.1232607364655
0.12270800000000001,[-0.15015373],"[ 0.14035088  5.5         0.34561404  5.73333333 -1.11812818  0.14561404
  5.56666667  0.35087719  5.7        -1.73790109  0.14736842  5.56666667
  0.35614035  5.73333333 -1.74046552  0.14912281  5.5         0.35964912
  5.9        -1.15015376]",2908.1997532844543
0.125244,[0.6504714],"[ 0.14561404  5.56666667  0.35087719  5.7        -1.73790109  0.14736842
  5.56666667  0.35614035  5.73333333 -1.74046552  0.14912281  5.5
  0.35964912  5.9        -1.15015376  0.15263158  5.5         0.36315789
  5.9        -0.34952861]",2908.2772018909454
0.122628,[-0.13227016],"[ 0.14736842  5.56666667  0.35614035  5.73333333 -1.74046552  0.14912281
  5.5         0.35964912  5.9        -1.15015376  0.15263158  5.5
  0.36315789  5.9        -0.34952861  0.15614035  5.66666667  0.36842105
  5.76666667 -1.1322701 ]",2908.3649530410767
0.1149,[-0.38356617],"[ 0.14912281  5.5         0.35964912  5.9        -1.15015376  0.15263158
  5.5         0.36315789  5.9        -0.34952861  0.15614035  5.66666667
  0.36842105  5.76666667 -1.1322701   0.15789474  5.76666667  0.37192982
  5.63333333 -1.38356614]",2908.4369645118713
0.11246399999999998,[-0.57737637],"[ 0.15263158  5.5         0.36315789  5.9        -0.34952861  0.15614035
  5.66666667  0.36842105  5.76666667 -1.1322701   0.15789474  5.76666667
  0.37192982  5.63333333 -1.38356614  0.15964912  5.66666667  0.37368421
  5.73333333 -1.57737637]",2908.5236184597015
0.11258399999999999,[0.8204948],"[ 0.15614035  5.66666667  0.36842105  5.76666667 -1.1322701   0.15789474
  5.76666667  0.37192982  5.63333333 -1.38356614  0.15964912  5.66666667
  0.37368421  5.73333333 -1.57737637  0.16315789  5.56666667  0.3754386
  5.83333333 -0.17950523]",2908.598242044449
0.11765600000000001,[-0.3050828],"[ 0.15789474  5.76666667  0.37192982  5.63333333 -1.38356614  0.15964912
  5.66666667  0.37368421  5.73333333 -1.57737637  0.16315789  5.56666667
  0.3754386   5.83333333 -0.17950523  0.16842105  5.6         0.38070175
  5.83333333 -1.3050828 ]",2908.6772615909576
0.12510400000000002,[0.22730863],"[ 0.15964912  5.66666667  0.37368421  5.73333333 -1.57737637  0.16315789
  5.56666667  0.3754386   5.83333333 -0.17950523  0.16842105  5.6
  0.38070175  5.83333333 -1.3050828   0.17368421  5.8         0.3877193
  5.7        -0.77269137]",2908.7620689868927
0.12767999999999996,[-0.90084326],"[ 0.16315789  5.56666667  0.3754386   5.83333333 -0.17950523  0.16842105
  5.6         0.38070175  5.83333333 -1.3050828   0.17368421  5.8
  0.3877193   5.7        -0.77269137  0.17894737  5.76666667  0.39473684
  5.7        -1.90084326]",2908.8373925685883
0.12777999999999995,[0.91250676],"[ 0.16842105  5.6         0.38070175  5.83333333 -1.3050828   0.17368421
  5.8         0.3877193   5.7        -0.77269137  0.17894737  5.76666667
  0.39473684  5.7        -1.90084326  0.18421053  5.76666667  0.39824561
  5.76666667 -0.08749324]",2908.922064304352
0.12792000000000003,[0.04621296],"[ 0.17368421  5.8         0.3877193   5.7        -0.77269137  0.17894737
  5.76666667  0.39473684  5.7        -1.90084326  0.18421053  5.76666667
  0.39824561  5.76666667 -0.08749324  0.18947368  5.63333333  0.40350877
  5.9        -0.95378703]",2909.0036511421204
0.12782,[-0.66667855],"[ 0.17894737  5.76666667  0.39473684  5.7        -1.90084326  0.18421053
  5.76666667  0.39824561  5.76666667 -0.08749324  0.18947368  5.63333333
  0.40350877  5.9        -0.95378703  0.19298246  5.76666667  0.40877193
  5.8        -1.66667855]",2909.077357530594
0.132912,[-0.8879033],"[ 0.18421053  5.76666667  0.39824561  5.76666667 -0.08749324  0.18947368
  5.63333333  0.40350877  5.9        -0.95378703  0.19298246  5.76666667
  0.40877193  5.8        -1.66667855  0.19824561  5.83333333  0.4122807
  5.76666667 -1.88790321]",2909.1629209518433
0.135508,[0.21048434],"[ 0.18947368  5.63333333  0.40350877  5.9        -0.95378703  0.19298246
  5.76666667  0.40877193  5.8        -1.66667855  0.19824561  5.83333333
  0.4122807   5.76666667 -1.88790321  0.20350877  5.7         0.41754386
  6.         -0.78951567]",2909.242995738983
0.138144,[-0.90379524],"[ 0.19298246  5.76666667  0.40877193  5.8        -1.66667855  0.19824561
  5.83333333  0.4122807   5.76666667 -1.88790321  0.20350877  5.7
  0.41754386  6.         -0.78951567  0.20877193  5.66666667  0.42105263
  6.1        -1.90379524]",2909.3227100372314
0.14064000000000004,[-0.3515897],"[ 0.19824561  5.83333333  0.4122807   5.76666667 -1.88790321  0.20350877
  5.7         0.41754386  6.         -0.78951567  0.20877193  5.66666667
  0.42105263  6.1        -1.90379524  0.21403509  5.8         0.42807018
  5.96666667 -1.35158968]",2909.4033076763153
0.14834799999999998,[-0.5801524],"[ 0.20350877  5.7         0.41754386  6.         -0.78951567  0.20877193
  5.66666667  0.42105263  6.1        -1.90379524  0.21403509  5.8
  0.42807018  5.96666667 -1.35158968  0.22105263  5.7         0.43333333
  6.03333333 -1.58015239]",2909.4868631362915
0.12514399999999998,[0.5850766],"[ 0.20877193  5.66666667  0.42105263  6.1        -1.90379524  0.21403509
  5.8         0.42807018  5.96666667 -1.35158968  0.22105263  5.7
  0.43333333  6.03333333 -1.58015239  0.22631579  5.66666667  0.44035088
  6.1        -0.41492343]",2909.5571279525757
0.13025599999999998,[0.7415203],"[ 0.21403509  5.8         0.42807018  5.96666667 -1.35158968  0.22105263
  5.7         0.43333333  6.03333333 -1.58015239  0.22631579  5.66666667
  0.44035088  6.1        -0.41492343  0.23508772  5.73333333  0.44912281
  6.13333333 -0.25847971]",2909.6431131362915
0.13778400000000005,[-0.95801556],"[ 0.22105263  5.7         0.43333333  6.03333333 -1.58015239  0.22631579
  5.66666667  0.44035088  6.1        -0.41492343  0.23508772  5.73333333
  0.44912281  6.13333333 -0.25847971  0.24210526  5.96666667  0.45789474
  5.93333333 -1.95801556]",2909.7230665683746
0.14024,[-0.02747321],"[ 0.22631579  5.66666667  0.44035088  6.1        -0.41492343  0.23508772
  5.73333333  0.44912281  6.13333333 -0.25847971  0.24210526  5.96666667
  0.45789474  5.93333333 -1.95801556  0.24561404  6.06666667  0.46140351
  5.83333333 -1.02747321]",2909.7971312999725
0.14032000000000003,[-0.74217737],"[ 0.23508772  5.73333333  0.44912281  6.13333333 -0.25847971  0.24210526
  5.96666667  0.45789474  5.93333333 -1.95801556  0.24561404  6.06666667
  0.46140351  5.83333333 -1.02747321  0.24912281  5.93333333  0.46315789
  5.93333333 -1.74217737]",2909.886638879776
0.14045999999999997,[0.87001705],"[ 0.24210526  5.96666667  0.45789474  5.93333333 -1.95801556  0.24561404
  6.06666667  0.46140351  5.83333333 -1.02747321  0.24912281  5.93333333
  0.46315789  5.93333333 -1.74217737  0.25263158  5.86666667  0.46666667
  6.         -0.12998295]",2909.956997871399
0.148188,[-0.48973036],"[ 0.24561404  6.06666667  0.46140351  5.83333333 -1.02747321  0.24912281
  5.93333333  0.46315789  5.93333333 -1.74217737  0.25263158  5.86666667
  0.46666667  6.         -0.12998295  0.25964912  5.86666667  0.47192982
  6.03333333 -1.48973036]",2910.037016391754
0.158252,[-0.94042295],"[ 0.24912281  5.93333333  0.46315789  5.93333333 -1.74217737  0.25263158
  5.86666667  0.46666667  6.         -0.12998295  0.25964912  5.86666667
  0.47192982  6.03333333 -1.48973036  0.26842105  6.03333333  0.48245614
  5.9        -1.94042301]",2910.1185834407806
0.16334400000000002,[-0.09201913],"[ 0.25263158  5.86666667  0.46666667  6.         -0.12998295  0.25964912
  5.86666667  0.47192982  6.03333333 -1.48973036  0.26842105  6.03333333
  0.48245614  5.9        -1.94042301  0.2754386   5.96666667  0.48947368
  6.03333333 -1.09201908]",2910.1991889476776
0.168576,[-0.55745906],"[ 0.25964912  5.86666667  0.47192982  6.03333333 -1.48973036  0.26842105
  6.03333333  0.48245614  5.9        -1.94042301  0.2754386   5.96666667
  0.48947368  6.03333333 -1.09201908  0.28421053  5.8         0.49824561
  6.2        -1.55745912]",2910.277442932129
0.171232,[0.7493501],"[ 0.26842105  6.03333333  0.48245614  5.9        -1.94042301  0.2754386
  5.96666667  0.48947368  6.03333333 -1.09201908  0.28421053  5.8
  0.49824561  6.2        -1.55745912  0.29122807  5.83333333  0.50526316
  6.13333333 -0.25064993]",2910.361158132553
0.173748,[0.32323334],"[ 0.2754386   5.96666667  0.48947368  6.03333333 -1.09201908  0.28421053
  5.8         0.49824561  6.2        -1.55745912  0.29122807  5.83333333
  0.50526316  6.13333333 -0.25064993  0.29824561  5.86666667  0.51403509
  6.1        -0.67676663]",2910.4377143383026
0.17620400000000003,[-0.5059062],"[ 0.28421053  5.8         0.49824561  6.2        -1.55745912  0.29122807
  5.83333333  0.50526316  6.13333333 -0.25064993  0.29824561  5.86666667
  0.51403509  6.1        -0.67676663  0.30526316  6.03333333  0.52105263
  5.96666667 -1.50590622]",2910.5213401317596
0.17868,[-0.9023829],"[ 0.29122807  5.83333333  0.50526316  6.13333333 -0.25064993  0.29824561
  5.86666667  0.51403509  6.1        -0.67676663  0.30526316  6.03333333
  0.52105263  5.96666667 -1.50590622  0.3122807   6.03333333  0.5245614
  5.96666667 -1.90238285]",2910.6012506484985
0.17886000000000002,[-0.3926883],"[ 0.29824561  5.86666667  0.51403509  6.1        -0.67676663  0.30526316
  6.03333333  0.52105263  5.96666667 -1.50590622  0.3122807   6.03333333
  0.5245614   5.96666667 -1.90238285  0.31578947  5.86666667  0.52982456
  6.16666667 -1.39268827]",2910.6830670833588
0.18405200000000002,[0.3935966],"[ 0.30526316  6.03333333  0.52105263  5.96666667 -1.50590622  0.3122807
  6.03333333  0.5245614   5.96666667 -1.90238285  0.31578947  5.86666667
  0.52982456  6.16666667 -1.39268827  0.3245614   5.8         0.53508772
  6.26666667 -0.60640341]",2910.7631340026855
0.183892,[-0.20092472],"[ 0.3122807   6.03333333  0.5245614   5.96666667 -1.90238285  0.31578947
  5.86666667  0.52982456  6.16666667 -1.39268827  0.3245614   5.8
  0.53508772  6.26666667 -0.60640341  0.32982456  5.93333333  0.54385965
  6.16666667 -1.20092475]",2910.8376240730286
0.18636800000000003,[-0.32931978],"[ 0.31578947  5.86666667  0.52982456  6.16666667 -1.39268827  0.3245614
  5.8         0.53508772  6.26666667 -0.60640341  0.32982456  5.93333333
  0.54385965  6.16666667 -1.20092475  0.33684211  6.03333333  0.55263158
  6.1        -1.32931972]",2910.9231860637665
0.19157999999999994,[0.2327485],"[ 0.3245614   5.8         0.53508772  6.26666667 -0.60640341  0.32982456
  5.93333333  0.54385965  6.16666667 -1.20092475  0.33684211  6.03333333
  0.55263158  6.1        -1.32931972  0.34561404  6.          0.55964912
  6.23333333 -0.76725149]",2911.0052444934845
0.19150000000000006,[0.5687265],"[ 0.32982456  5.93333333  0.54385965  6.16666667 -1.20092475  0.33684211
  6.03333333  0.55263158  6.1        -1.32931972  0.34561404  6.
  0.55964912  6.23333333 -0.76725149  0.35263158  6.03333333  0.56666667
  6.23333333 -0.43127352]",2911.084937810898
0.19397599999999998,[0.7053468],"[ 0.33684211  6.03333333  0.55263158  6.1        -1.32931972  0.34561404
  6.          0.55964912  6.23333333 -0.76725149  0.35263158  6.03333333
  0.56666667  6.23333333 -0.43127352  0.35964912  6.13333333  0.57368421
  6.1        -0.29465318]",2911.167244911194
0.19140000000000007,[-0.09260965],"[ 0.34561404  6.          0.55964912  6.23333333 -0.76725149  0.35263158
  6.03333333  0.56666667  6.23333333 -0.43127352  0.35964912  6.13333333
  0.57368421  6.1        -0.29465318  0.36666667  6.23333333  0.58070175
  5.96666667 -1.09260964]",2911.243955373764
0.18642800000000007,[0.11924023],"[ 0.35263158  6.03333333  0.56666667  6.23333333 -0.43127352  0.35964912
  6.13333333  0.57368421  6.1        -0.29465318  0.36666667  6.23333333
  0.58070175  5.96666667 -1.09260964  0.37017544  6.23333333  0.58245614
  5.93333333 -0.88075978]",2911.327299594879
0.18393200000000004,[-0.7780558],"[ 0.35964912  6.13333333  0.57368421  6.1        -0.29465318  0.36666667
  6.23333333  0.58070175  5.96666667 -1.09260964  0.37017544  6.23333333
  0.58245614  5.93333333 -0.88075978  0.37192982  6.23333333  0.5877193
  6.03333333 -1.77805579]",2911.406666278839
0.18387199999999998,[0.55547035],"[ 0.36666667  6.23333333  0.58070175  5.96666667 -1.09260964  0.37017544
  6.23333333  0.58245614  5.93333333 -0.88075978  0.37192982  6.23333333
  0.5877193   6.03333333 -1.77805579  0.3754386   6.2         0.58947368
  6.06666667 -0.44452965]",2911.4829127788544
0.18642800000000004,[0.47694865],"[ 0.37017544  6.23333333  0.58245614  5.93333333 -0.88075978  0.37192982
  6.23333333  0.5877193   6.03333333 -1.77805579  0.3754386   6.2
  0.58947368  6.06666667 -0.44452965  0.38070175  6.13333333  0.59473684
  6.13333333 -0.52305138]",2911.563211917877
0.18634799999999996,[-0.6845275],"[ 0.37192982  6.23333333  0.5877193   6.03333333 -1.77805579  0.3754386
  6.2         0.58947368  6.06666667 -0.44452965  0.38070175  6.13333333
  0.59473684  6.13333333 -0.52305138  0.3877193   6.26666667  0.6
  5.96666667 -1.68452752]",2911.6430048942566
0.186388,[-0.91034484],"[ 0.3754386   6.2         0.58947368  6.06666667 -0.44452965  0.38070175
  6.13333333  0.59473684  6.13333333 -0.52305138  0.3877193   6.26666667
  0.6         5.96666667 -1.68452752  0.39649123  6.36666667  0.60701754
  5.86666667 -1.91034484]",2911.7234053611755
0.18137600000000004,[-0.13677028],"[ 0.38070175  6.13333333  0.59473684  6.13333333 -0.52305138  0.3877193
  6.26666667  0.6         5.96666667 -1.68452752  0.39649123  6.36666667
  0.60701754  5.86666667 -1.91034484  0.4         6.13333333  0.6122807
  6.03333333 -1.13677025]",2911.8030138015747
0.17620399999999997,[0.6445257],"[ 0.3877193   6.26666667  0.6         5.96666667 -1.68452752  0.39649123
  6.36666667  0.60701754  5.86666667 -1.91034484  0.4         6.13333333
  0.6122807   6.03333333 -1.13677025  0.40526316  6.06666667  0.61929825
  6.13333333 -0.35547429]",2911.877350330353
0.17358800000000002,[0.03258814],"[ 0.39649123  6.36666667  0.60701754  5.86666667 -1.91034484  0.4
  6.13333333  0.6122807   6.03333333 -1.13677025  0.40526316  6.06666667
  0.61929825  6.13333333 -0.35547429  0.41052632  6.2         0.62280702
  5.96666667 -0.96741188]",2911.9630665779114
0.17608399999999996,[-0.90147364],"[ 0.4         6.13333333  0.6122807   6.03333333 -1.13677025  0.40526316
  6.06666667  0.61929825  6.13333333 -0.35547429  0.41052632  6.2
  0.62280702  5.96666667 -0.96741188  0.41929825  6.33333333  0.62982456
  5.8        -1.90147364]",2912.04420542717
0.173688,[0.1048355],"[ 0.40526316  6.06666667  0.61929825  6.13333333 -0.35547429  0.41052632
  6.2         0.62280702  5.96666667 -0.96741188  0.41929825  6.33333333
  0.62982456  5.8        -1.90147364  0.4245614   6.23333333  0.63684211
  5.86666667 -0.89516449]",2912.1229016780853
0.173788,[-0.8134937],"[ 0.41052632  6.2         0.62280702  5.96666667 -0.96741188  0.41929825
  6.33333333  0.62982456  5.8        -1.90147364  0.4245614   6.23333333
  0.63684211  5.86666667 -0.89516449  0.43157895  6.06666667  0.64561404
  6.03333333 -1.81349373]",2912.202964782715
0.18131599999999998,[-0.06763981],"[ 0.41929825  6.33333333  0.62982456  5.8        -1.90147364  0.4245614
  6.23333333  0.63684211  5.86666667 -0.89516449  0.43157895  6.06666667
  0.64561404  6.03333333 -1.81349373  0.44035088  6.13333333  0.65438596
  5.96666667 -1.06763983]",2912.282837867737
0.18131600000000003,[-0.00366042],"[ 0.4245614   6.23333333  0.63684211  5.86666667 -0.89516449  0.43157895
  6.06666667  0.64561404  6.03333333 -1.81349373  0.44035088  6.13333333
  0.65438596  5.96666667 -1.06763983  0.44912281  6.06666667  0.66140351
  5.96666667 -1.00366044]",2912.363028526306
