reward,action,obs,time
,,"[0.         0.         0.         0.         0.         0.
 0.         0.         0.         0.         0.         0.
 0.         0.         0.         0.02982456 5.5        0.24561404
 5.46666667 0.        ]",2331.0732691287994
0.002475999999999999,[0.40279505],"[ 0.          0.          0.          0.          0.          0.
  0.          0.          0.          0.          0.02982456  5.5
  0.24561404  5.46666667  0.          0.03157895  5.63333333  0.24561404
  5.43333333 -0.59720492]",2331.2318847179413
5.9999999999997555e-05,[-0.96349084],"[ 0.          0.          0.          0.          0.          0.02982456
  5.5         0.24561404  5.46666667  0.          0.03157895  5.63333333
  0.24561404  5.43333333 -0.59720492  0.02982456  5.4         0.24385965
  5.53333333 -1.96349084]",2331.278356075287
-7.999999999999674e-05,[-0.42543042],"[ 0.02982456  5.5         0.24561404  5.46666667  0.          0.03157895
  5.63333333  0.24561404  5.43333333 -0.59720492  0.02982456  5.4
  0.24385965  5.53333333 -1.96349084  0.02982456  5.63333333  0.24561404
  5.4        -1.42543042]",2331.33384513855
-7.999999999999674e-05,[-0.6270441],"[ 0.03157895  5.63333333  0.24561404  5.43333333 -0.59720492  0.02982456
  5.4         0.24385965  5.53333333 -1.96349084  0.02982456  5.63333333
  0.24561404  5.4        -1.42543042  0.02982456  5.63333333  0.24561404
  5.4        -1.62704408]",2331.3876984119415
-7.999999999999674e-05,[-0.38659883],"[ 0.02982456  5.4         0.24385965  5.53333333 -1.96349084  0.02982456
  5.63333333  0.24561404  5.4        -1.42543042  0.02982456  5.63333333
  0.24561404  5.4        -1.62704408  0.02982456  5.63333333  0.24385965
  5.4        -1.38659883]",2331.434752702713
0.002456,[-0.2946323],"[ 0.02982456  5.63333333  0.24561404  5.4        -1.42543042  0.02982456
  5.63333333  0.24561404  5.4        -1.62704408  0.02982456  5.63333333
  0.24385965  5.4        -1.38659883  0.03157895  5.66666667  0.24385965
  5.4        -1.29463232]",2331.4842779636383
0.0025159999999999974,[-0.9336625],"[ 0.02982456  5.63333333  0.24561404  5.4        -1.62704408  0.02982456
  5.63333333  0.24385965  5.4        -1.38659883  0.03157895  5.66666667
  0.24385965  5.4        -1.29463232  0.03157895  5.56666667  0.24561404
  5.5        -1.93366241]",2331.534219264984
0.002596000000000001,[-0.08831758],"[ 0.02982456  5.63333333  0.24385965  5.4        -1.38659883  0.03157895
  5.66666667  0.24385965  5.4        -1.29463232  0.03157895  5.56666667
  0.24561404  5.5        -1.93366241  0.03157895  5.43333333  0.24736842
  5.6        -1.08831763]",2331.5844221115112
0.0025560000000000027,[0.24765882],"[ 0.03157895  5.66666667  0.24385965  5.4        -1.29463232  0.03157895
  5.56666667  0.24561404  5.5        -1.93366241  0.03157895  5.43333333
  0.24736842  5.6        -1.08831763  0.03157895  5.5         0.24736842
  5.53333333 -0.75234115]",2331.6289551258087
0.002596000000000001,[0.02711493],"[ 0.03157895  5.56666667  0.24561404  5.5        -1.93366241  0.03157895
  5.43333333  0.24736842  5.6        -1.08831763  0.03157895  5.5
  0.24736842  5.53333333 -0.75234115  0.03157895  5.43333333  0.24736842
  5.6        -0.97288507]",2331.6827709674835
0.005091999999999999,[-0.22813605],"[ 0.03157895  5.43333333  0.24736842  5.6        -1.08831763  0.03157895
  5.5         0.24736842  5.53333333 -0.75234115  0.03157895  5.43333333
  0.24736842  5.6        -0.97288507  0.03333333  5.53333333  0.24912281
  5.5        -1.22813606]",2331.767912387848
0.007628000000000003,[-0.2936696],"[ 0.03157895  5.5         0.24736842  5.53333333 -0.75234115  0.03157895
  5.43333333  0.24736842  5.6        -0.97288507  0.03333333  5.53333333
  0.24912281  5.5        -1.22813606  0.03508772  5.56666667  0.24912281
  5.46666667 -1.29366958]",2331.8469417095184
0.010223999999999997,[-0.82074416],"[ 0.03157895  5.43333333  0.24736842  5.6        -0.97288507  0.03333333
  5.53333333  0.24912281  5.5        -1.22813606  0.03508772  5.56666667
  0.24912281  5.46666667 -1.29366958  0.03684211  5.5         0.25087719
  5.5        -1.82074416]",2331.926736354828
0.015356000000000003,[0.8274045],"[ 0.03333333  5.53333333  0.24912281  5.5        -1.22813606  0.03508772
  5.56666667  0.24912281  5.46666667 -1.29366958  0.03684211  5.5
  0.25087719  5.5        -1.82074416  0.04035088  5.46666667  0.25438596
  5.6        -0.1725955 ]",2332.0070424079895
0.015396000000000002,[-0.904378],"[ 0.03508772  5.56666667  0.24912281  5.46666667 -1.29366958  0.03684211
  5.5         0.25087719  5.5        -1.82074416  0.04035088  5.46666667
  0.25438596  5.6        -0.1725955   0.04035088  5.4         0.25614035
  5.66666667 -1.90437794]",2332.0872251987457
0.020387999999999996,[-0.76048803],"[ 0.03684211  5.5         0.25087719  5.5        -1.82074416  0.04035088
  5.46666667  0.25438596  5.6        -0.1725955   0.04035088  5.4
  0.25614035  5.66666667 -1.90437794  0.04385965  5.6         0.25789474
  5.5        -1.76048803]",2332.1616010665894
0.023004000000000004,[0.6430664],"[ 0.04035088  5.46666667  0.25438596  5.6        -0.1725955   0.04035088
  5.4         0.25614035  5.66666667 -1.90437794  0.04385965  5.6
  0.25789474  5.5        -1.76048803  0.04561404  5.5         0.26140351
  5.56666667 -0.35693359]",2332.2407903671265
0.025600000000000005,[0.12263126],"[ 0.04035088  5.4         0.25614035  5.66666667 -1.90437794  0.04385965
  5.6         0.25789474  5.5        -1.76048803  0.04561404  5.5
  0.26140351  5.56666667 -0.35693359  0.04736842  5.43333333  0.26140351
  5.66666667 -0.87736875]",2332.3216366767883
0.03316799999999999,[-0.47736582],"[ 0.04385965  5.6         0.25789474  5.5        -1.76048803  0.04561404
  5.5         0.26140351  5.56666667 -0.35693359  0.04736842  5.43333333
  0.26140351  5.66666667 -0.87736875  0.05263158  5.6         0.26491228
  5.46666667 -1.47736585]",2332.4051446914673
0.038279999999999995,[-0.7176552],"[ 0.04561404  5.5         0.26140351  5.56666667 -0.35693359  0.04736842
  5.43333333  0.26140351  5.66666667 -0.87736875  0.05263158  5.6
  0.26491228  5.46666667 -1.47736585  0.05614035  5.6         0.27017544
  5.4        -1.71765518]",2332.487104654312
0.043572,[0.36936617],"[ 0.04736842  5.43333333  0.26140351  5.66666667 -0.87736875  0.05263158
  5.6         0.26491228  5.46666667 -1.47736585  0.05614035  5.6
  0.27017544  5.4        -1.71765518  0.06140351  5.43333333  0.27368421
  5.53333333 -0.63063383]",2332.5667498111725
0.053655999999999995,[-0.52328235],"[ 0.05263158  5.6         0.26491228  5.46666667 -1.47736585  0.05614035
  5.6         0.27017544  5.4        -1.71765518  0.06140351  5.43333333
  0.27368421  5.53333333 -0.63063383  0.06666667  5.43333333  0.28070175
  5.56666667 -1.52328229]",2332.641031742096
0.061363999999999995,[0.90067464],"[ 0.05614035  5.6         0.27017544  5.4        -1.71765518  0.06140351
  5.43333333  0.27368421  5.53333333 -0.63063383  0.06666667  5.43333333
  0.28070175  5.56666667 -1.52328229  0.07192982  5.6         0.28596491
  5.4        -0.09932536]",2332.7285137176514
0.071588,[-0.20386072],"[ 0.06140351  5.43333333  0.27368421  5.53333333 -0.63063383  0.06666667
  5.43333333  0.28070175  5.56666667 -1.52328229  0.07192982  5.6
  0.28596491  5.4        -0.09932536  0.07894737  5.6         0.29298246
  5.36666667 -1.20386076]",2332.806955575943
0.079156,[-0.98996854],"[ 0.06666667  5.43333333  0.28070175  5.56666667 -1.52328229  0.07192982
  5.6         0.28596491  5.4        -0.09932536  0.07894737  5.6
  0.29298246  5.36666667 -1.20386076  0.08421053  5.76666667  0.29649123
  5.2        -1.98996854]",2332.886713027954
0.08181200000000002,[-0.09523797],"[ 0.07192982  5.6         0.28596491  5.4        -0.09932536  0.07894737
  5.6         0.29298246  5.36666667 -1.20386076  0.08421053  5.76666667
  0.29649123  5.2        -1.98996854  0.0877193   5.63333333  0.30175439
  5.26666667 -1.09523797]",2332.9678678512573
0.08698399999999999,[-0.08903439],"[ 0.07894737  5.6         0.29298246  5.36666667 -1.20386076  0.08421053
  5.76666667  0.29649123  5.2        -1.98996854  0.0877193   5.63333333
  0.30175439  5.26666667 -1.09523797  0.09122807  5.43333333  0.30526316
  5.46666667 -1.08903444]",2333.047073841095
0.097088,[-0.6731459],"[ 0.08421053  5.76666667  0.29649123  5.2        -1.98996854  0.0877193
  5.63333333  0.30175439  5.26666667 -1.09523797  0.09122807  5.43333333
  0.30526316  5.46666667 -1.08903444  0.09824561  5.5         0.30877193
  5.36666667 -1.67314589]",2333.1209001541138
0.104796,[-0.22799933],"[ 0.0877193   5.63333333  0.30175439  5.26666667 -1.09523797  0.09122807
  5.43333333  0.30526316  5.46666667 -1.08903444  0.09824561  5.5
  0.30877193  5.36666667 -1.67314589  0.10350877  5.5         0.31754386
  5.4        -1.22799933]",2333.210613012314
0.10992799999999998,[-0.7319652],"[ 0.09122807  5.43333333  0.30526316  5.46666667 -1.08903444  0.09824561
  5.5         0.30877193  5.36666667 -1.67314589  0.10350877  5.5
  0.31754386  5.4        -1.22799933  0.10701754  5.4         0.32631579
  5.46666667 -1.73196518]",2333.2869203090668
0.11512000000000003,[0.72608846],"[ 0.09824561  5.5         0.30877193  5.36666667 -1.67314589  0.10350877
  5.5         0.31754386  5.4        -1.22799933  0.10701754  5.4
  0.32631579  5.46666667 -1.73196518  0.1122807   5.36666667  0.33684211
  5.46666667 -0.27391154]",2333.366937160492
0.123028,[-0.02485747],"[ 0.10350877  5.5         0.31754386  5.4        -1.22799933  0.10701754
  5.4         0.32631579  5.46666667 -1.73196518  0.1122807   5.36666667
  0.33684211  5.46666667 -0.27391154  0.11929825  5.          0.34561404
  5.5        -1.02485752]",2333.446813106537
0.155956,[0.5046185],"[ 0.10701754  5.4         0.32631579  5.46666667 -1.73196518  0.1122807
  5.36666667  0.33684211  5.46666667 -0.27391154  0.11929825  5.
  0.34561404  5.5        -1.02485752  0.14385965  5.43333333  0.35087719
  5.3        -0.49538147]",2333.5273790359497
0.15336,[0.57788426],"[ 0.1122807   5.36666667  0.33684211  5.46666667 -0.27391154  0.11929825
  5.          0.34561404  5.5        -1.02485752  0.14385965  5.43333333
  0.35087719  5.3        -0.49538147  0.14561404  5.46666667  0.35438596
  5.23333333 -0.42211574]",2333.606995344162
0.158372,[0.6878996],"[ 0.11929825  5.          0.34561404  5.5        -1.02485752  0.14385965
  5.43333333  0.35087719  5.3        -0.49538147  0.14561404  5.46666667
  0.35438596  5.23333333 -0.42211574  0.14912281  5.56666667  0.35438596
  5.13333333 -0.31210041]",2333.686969280243
0.155916,[-0.8251816],"[ 0.14385965  5.43333333  0.35087719  5.3        -0.49538147  0.14561404
  5.46666667  0.35438596  5.23333333 -0.42211574  0.14912281  5.56666667
  0.35438596  5.13333333 -0.31210041  0.15087719  5.6         0.35614035
  5.03333333 -1.8251816 ]",2333.7674658298492
0.155856,[-0.93030745],"[ 0.14561404  5.46666667  0.35438596  5.23333333 -0.42211574  0.14912281
  5.56666667  0.35438596  5.13333333 -0.31210041  0.15087719  5.6
  0.35614035  5.03333333 -1.8251816   0.15263158  5.6         0.35964912
  5.         -1.93030739]",2333.848076105118
0.155936,[-0.7796302],"[ 0.14912281  5.56666667  0.35438596  5.13333333 -0.31210041  0.15087719
  5.6         0.35614035  5.03333333 -1.8251816   0.15263158  5.6
  0.35964912  5.         -1.93030739  0.15438596  5.4         0.36666667
  5.16666667 -1.77963018]",2333.927321434021
0.15611599999999998,[-0.85350996],"[ 0.15087719  5.6         0.35614035  5.03333333 -1.8251816   0.15263158
  5.6         0.35964912  5.         -1.93030739  0.15438596  5.4
  0.36666667  5.16666667 -1.77963018  0.15964912  5.26666667  0.37368421
  5.36666667 -1.8535099 ]",2334.0077455043793
0.161228,[-0.38416892],"[ 0.15263158  5.6         0.35964912  5.         -1.93030739  0.15438596
  5.4         0.36666667  5.16666667 -1.77963018  0.15964912  5.26666667
  0.37368421  5.36666667 -1.8535099   0.16666667  5.26666667  0.38070175
  5.43333333 -1.38416886]",2334.0897676944733
0.161128,[-0.8630989],"[ 0.15438596  5.4         0.36666667  5.16666667 -1.77963018  0.15964912
  5.26666667  0.37368421  5.36666667 -1.8535099   0.16666667  5.26666667
  0.38070175  5.43333333 -1.38416886  0.17192982  5.26666667  0.3877193
  5.46666667 -1.86309886]",2334.1703391075134
0.16372399999999998,[0.940205],"[ 0.15964912  5.26666667  0.37368421  5.36666667 -1.8535099   0.16666667
  5.26666667  0.38070175  5.43333333 -1.38416886  0.17192982  5.26666667
  0.3877193   5.46666667 -1.86309886  0.17894737  5.2         0.39298246
  5.46666667 -0.05979502]",2334.2492187023163
0.161328,[0.9285151],"[ 0.16666667  5.26666667  0.38070175  5.43333333 -1.38416886  0.17192982
  5.26666667  0.3877193   5.46666667 -1.86309886  0.17894737  5.2
  0.39298246  5.46666667 -0.05979502  0.18245614  5.1         0.39649123
  5.5        -0.07148492]",2334.3277699947357
0.15609599999999998,[0.08697293],"[ 0.17192982  5.26666667  0.3877193   5.46666667 -1.86309886  0.17894737
  5.2         0.39298246  5.46666667 -0.05979502  0.18245614  5.1
  0.39649123  5.5        -0.07148492  0.18596491  5.3         0.40175439
  5.23333333 -0.91302705]",2334.40741109848
0.15607599999999996,[-0.7636954],"[ 0.17894737  5.2         0.39298246  5.46666667 -0.05979502  0.18245614
  5.1         0.39649123  5.5        -0.07148492  0.18596491  5.3
  0.40175439  5.23333333 -0.91302705  0.19122807  5.5         0.40350877
  5.         -1.76369548]",2334.4906301498413
0.15349999999999997,[0.554041],"[ 0.18245614  5.1         0.39649123  5.5        -0.07148492  0.18596491
  5.3         0.40175439  5.23333333 -0.91302705  0.19122807  5.5
  0.40350877  5.         -1.76369548  0.19298246  5.4         0.40526316
  5.06666667 -0.44595897]",2334.566675186157
0.15345999999999999,[0.20683959],"[ 0.18596491  5.3         0.40175439  5.23333333 -0.91302705  0.19122807
  5.5         0.40350877  5.         -1.76369548  0.19298246  5.4
  0.40526316  5.06666667 -0.44595897  0.19649123  5.26666667  0.40877193
  5.2        -0.79316044]",2334.646904230118
0.15597600000000003,[0.8066833],"[ 0.19122807  5.5         0.40350877  5.         -1.76369548  0.19298246
  5.4         0.40526316  5.06666667 -0.44595897  0.19649123  5.26666667
  0.40877193  5.2        -0.79316044  0.20526316  5.4         0.41754386
  5.03333333 -0.1933167 ]",2334.726977109909
0.16358399999999998,[0.3763782],"[ 0.19298246  5.4         0.40526316  5.06666667 -0.44595897  0.19649123
  5.26666667  0.40877193  5.2        -0.79316044  0.20526316  5.4
  0.41754386  5.03333333 -0.1933167   0.21578947  5.5         0.42807018
  4.86666667 -0.62362182]",2334.8070256710052
0.17372800000000002,[-0.64407885],"[ 0.19649123  5.26666667  0.40877193  5.2        -0.79316044  0.20526316
  5.4         0.41754386  5.03333333 -0.1933167   0.21578947  5.5
  0.42807018  4.86666667 -0.62362182  0.22631579  5.53333333  0.43859649
  4.76666667 -1.64407885]",2334.8920578956604
0.17630400000000002,[-0.872724],"[ 0.20526316  5.4         0.41754386  5.03333333 -0.1933167   0.21578947
  5.5         0.42807018  4.86666667 -0.62362182  0.22631579  5.53333333
  0.43859649  4.76666667 -1.64407885  0.23333333  5.46666667  0.44561404
  4.76666667 -1.87272406]",2334.971552848816
0.17109199999999997,[-0.9073659],"[ 0.21578947  5.5         0.42807018  4.86666667 -0.62362182  0.22631579
  5.53333333  0.43859649  4.76666667 -1.64407885  0.23333333  5.46666667
  0.44561404  4.76666667 -1.87272406  0.23684211  5.26666667  0.45263158
  4.93333333 -1.90736592]",2335.0551080703735
0.14331600000000005,[0.06441317],"[ 0.22631579  5.53333333  0.43859649  4.76666667 -1.64407885  0.23333333
  5.46666667  0.44561404  4.76666667 -1.87272406  0.23684211  5.26666667
  0.45263158  4.93333333 -1.90736592  0.24210526  5.13333333  0.45789474
  5.03333333 -0.93558681]",2335.1249244213104
0.14589200000000005,[0.433076],"[ 0.23333333  5.46666667  0.44561404  4.76666667 -1.87272406  0.23684211
  5.26666667  0.45263158  4.93333333 -1.90736592  0.24210526  5.13333333
  0.45789474  5.03333333 -0.93558681  0.24561404  5.13333333  0.46140351
  5.         -0.56692398]",2335.2121086120605
0.148408,[-0.6585947],"[ 0.23684211  5.26666667  0.45263158  4.93333333 -1.90736592  0.24210526
  5.13333333  0.45789474  5.03333333 -0.93558681  0.24561404  5.13333333
  0.46140351  5.         -0.56692398  0.25087719  5.3         0.46315789
  4.83333333 -1.65859473]",2335.296450614929
0.150984,[0.88626516],"[ 0.24210526  5.13333333  0.45789474  5.03333333 -0.93558681  0.24561404
  5.13333333  0.46140351  5.         -0.56692398  0.25087719  5.3
  0.46315789  4.83333333 -1.65859473  0.25438596  5.3         0.46666667
  4.73333333 -0.11373484]",2335.3709790706635
0.15619599999999995,[-0.812531],"[ 0.24561404  5.13333333  0.46140351  5.         -0.56692398  0.25087719
  5.3         0.46315789  4.83333333 -1.65859473  0.25438596  5.3
  0.46666667  4.73333333 -0.11373484  0.25964912  5.13333333  0.47192982
  4.76666667 -1.81253099]",2335.4510657787323
0.16885600000000003,[-0.8346231],"[ 0.25087719  5.3         0.46315789  4.83333333 -1.65859473  0.25438596
  5.3         0.46666667  4.73333333 -0.11373484  0.25964912  5.13333333
  0.47192982  4.76666667 -1.81253099  0.27017544  5.13333333  0.48245614
  4.6        -1.8346231 ]",2335.5309915542603
0.17394800000000005,[0.47642413],"[ 0.25438596  5.3         0.46666667  4.73333333 -0.11373484  0.25964912
  5.13333333  0.47192982  4.76666667 -1.81253099  0.27017544  5.13333333
  0.48245614  4.6        -1.8346231   0.27894737  5.03333333  0.49298246
  4.66666667 -0.5235759 ]",2335.6110219955444
0.17398799999999998,[-0.35156646],"[ 0.25964912  5.13333333  0.47192982  4.76666667 -1.81253099  0.27017544
  5.13333333  0.48245614  4.6        -1.8346231   0.27894737  5.03333333
  0.49298246  4.66666667 -0.5235759   0.28596491  4.96666667  0.50175439
  4.8        -1.35156643]",2335.685163259506
0.176464,[0.48765016],"[ 0.27017544  5.13333333  0.48245614  4.6        -1.8346231   0.27894737
  5.03333333  0.49298246  4.66666667 -0.5235759   0.28596491  4.96666667
  0.50175439  4.8        -1.35156643  0.29298246  5.1         0.50877193
  4.7        -0.51234984]",2335.772447824478
0.176464,[0.03675871],"[ 0.27894737  5.03333333  0.49298246  4.66666667 -0.5235759   0.28596491
  4.96666667  0.50175439  4.8        -1.35156643  0.29298246  5.1
  0.50877193  4.7        -0.51234984  0.3         5.03333333  0.51403509
  4.56666667 -0.96324128]",2335.8448400497437
0.181516,[-0.5639044],"[ 0.28596491  4.96666667  0.50175439  4.8        -1.35156643  0.29298246
  5.1         0.50877193  4.7        -0.51234984  0.3         5.03333333
  0.51403509  4.56666667 -0.96324128  0.30701754  5.03333333  0.51929825
  4.43333333 -1.5639044 ]",2335.925691127777
0.184212,[-0.156536],"[ 0.29298246  5.1         0.50877193  4.7        -0.51234984  0.3
  5.03333333  0.51403509  4.56666667 -0.96324128  0.30701754  5.03333333
  0.51929825  4.43333333 -1.5639044   0.3122807   5.          0.52631579
  4.46666667 -1.15653598]",2336.007733106613
0.18439199999999997,[-0.85122395],"[ 0.3         5.03333333  0.51403509  4.56666667 -0.96324128  0.30701754
  5.03333333  0.51929825  4.43333333 -1.5639044   0.3122807   5.
  0.52631579  4.46666667 -1.15653598  0.31754386  4.9         0.53333333
  4.53333333 -1.85122395]",2336.0909898281097
0.192,[-0.16416192],"[ 0.30701754  5.03333333  0.51929825  4.43333333 -1.5639044   0.3122807
  5.          0.52631579  4.46666667 -1.15653598  0.31754386  4.9
  0.53333333  4.53333333 -1.85122395  0.3245614   4.9         0.53859649
  4.5        -1.16416192]",2336.170590400696
0.19455599999999998,[0.30030584],"[ 0.3122807   5.          0.52631579  4.46666667 -1.15653598  0.31754386
  4.9         0.53333333  4.53333333 -1.85122395  0.3245614   4.9
  0.53859649  4.5        -1.16416192  0.32982456  4.76666667  0.54561404
  4.53333333 -0.69969416]",2336.2510600090027
0.19461599999999996,[-0.0953203],"[ 0.31754386  4.9         0.53333333  4.53333333 -1.85122395  0.3245614
  4.9         0.53859649  4.5        -1.16416192  0.32982456  4.76666667
  0.54561404  4.53333333 -0.69969416  0.33859649  4.8         0.55087719
  4.36666667 -1.09532034]",2336.324943304062
0.18952399999999997,[0.05601277],"[ 0.3245614   4.9         0.53859649  4.5        -1.16416192  0.32982456
  4.76666667  0.54561404  4.53333333 -0.69969416  0.33859649  4.8
  0.55087719  4.36666667 -1.09532034  0.34561404  4.86666667  0.55614035
  4.23333333 -0.94398725]",2336.405766248703
0.18189599999999995,[-0.980162],"[ 0.32982456  4.76666667  0.54561404  4.53333333 -0.69969416  0.33859649
  4.8         0.55087719  4.36666667 -1.09532034  0.34561404  4.86666667
  0.55614035  4.23333333 -0.94398725  0.35087719  4.83333333  0.56315789
  4.2        -1.98016202]",2336.4851586818695
0.17936000000000002,[-0.7479725],"[ 0.33859649  4.8         0.55087719  4.36666667 -1.09532034  0.34561404
  4.86666667  0.55614035  4.23333333 -0.94398725  0.35087719  4.83333333
  0.56315789  4.2        -1.98016202  0.35614035  4.73333333  0.56842105
  4.16666667 -1.74797249]",2336.5652878284454
0.17935999999999996,[0.10172018],"[ 0.34561404  4.86666667  0.55614035  4.23333333 -0.94398725  0.35087719
  4.83333333  0.56315789  4.2        -1.98016202  0.35614035  4.73333333
  0.56842105  4.16666667 -1.74797249  0.35964912  4.53333333  0.57368421
  4.3        -0.89827979]",2336.649209499359
0.17672399999999994,[-0.7815329],"[ 0.35087719  4.83333333  0.56315789  4.2        -1.98016202  0.35614035
  4.73333333  0.56842105  4.16666667 -1.74797249  0.35964912  4.53333333
  0.57368421  4.3        -0.89827979  0.36315789  4.53333333  0.57719298
  4.3        -1.78153288]",2336.7323682308197
0.17922,[-0.6075784],"[ 0.35614035  4.73333333  0.56842105  4.16666667 -1.74797249  0.35964912
  4.53333333  0.57368421  4.3        -0.89827979  0.36315789  4.53333333
  0.57719298  4.3        -1.78153288  0.36842105  4.63333333  0.58245614
  4.2        -1.6075784 ]",2336.8048062324524
0.176844,[-0.5491194],"[ 0.35964912  4.53333333  0.57368421  4.3        -0.89827979  0.36315789
  4.53333333  0.57719298  4.3        -1.78153288  0.36842105  4.63333333
  0.58245614  4.2        -1.6075784   0.37192982  4.5         0.5877193
  4.3        -1.54911947]",2336.885621547699
0.18201600000000007,[0.70068234],"[ 0.36315789  4.53333333  0.57719298  4.3        -1.78153288  0.36842105
  4.63333333  0.58245614  4.2        -1.6075784   0.37192982  4.5
  0.5877193   4.3        -1.54911947  0.37894737  4.4         0.59298246
  4.26666667 -0.29931766]",2336.964922428131
0.18447199999999997,[-0.7763494],"[ 0.36842105  4.63333333  0.58245614  4.2        -1.6075784   0.37192982
  4.5         0.5877193   4.3        -1.54911947  0.37894737  4.4
  0.59298246  4.26666667 -0.29931766  0.38596491  4.4         0.60175439
  4.16666667 -1.77634943]",2337.0499329566956
0.181836,[0.10526878],"[ 0.37192982  4.5         0.5877193   4.3        -1.54911947  0.37894737
  4.4         0.59298246  4.26666667 -0.29931766  0.38596491  4.4
  0.60175439  4.16666667 -1.77634943  0.39473684  4.53333333  0.60701754
  4.         -0.89473122]",2337.1306805610657
0.17161199999999993,[-0.9170848],"[ 0.37894737  4.4         0.59298246  4.26666667 -0.29931766  0.38596491
  4.4         0.60175439  4.16666667 -1.77634943  0.39473684  4.53333333
  0.60701754  4.         -0.89473122  0.39649123  4.43333333  0.61052632
  4.06666667 -1.91708481]",2337.2049016952515
0.16654000000000002,[-0.14274874],"[ 0.38596491  4.4         0.60175439  4.16666667 -1.77634943  0.39473684
  4.53333333  0.60701754  4.         -0.89473122  0.39649123  4.43333333
  0.61052632  4.06666667 -1.91708481  0.4         4.3         0.6122807
  4.03333333 -1.14274871]",2337.289344072342
0.161568,[0.8783516],"[ 0.39473684  4.53333333  0.60701754  4.         -0.89473122  0.39649123
  4.43333333  0.61052632  4.06666667 -1.91708481  0.4         4.3
  0.6122807   4.03333333 -1.14274871  0.40350877  4.2         0.61929825
  4.1        -0.12164837]",2337.36581492424
0.16146800000000006,[-0.84304804],"[ 0.39649123  4.43333333  0.61052632  4.06666667 -1.91708481  0.4
  4.3         0.6122807   4.03333333 -1.14274871  0.40350877  4.2
  0.61929825  4.1        -0.12164837  0.41052632  4.3         0.6245614
  4.03333333 -1.8430481 ]",2337.4448158740997
0.15877200000000002,[-0.27527592],"[ 0.4         4.3         0.6122807   4.03333333 -1.14274871  0.40350877
  4.2         0.61929825  4.1        -0.12164837  0.41052632  4.3
  0.6245614   4.03333333 -1.8430481   0.41578947  4.53333333  0.62807018
  3.83333333 -1.27527595]",2337.5248935222626
0.15374000000000004,[0.7759559],"[ 0.40350877  4.2         0.61929825  4.1        -0.12164837  0.41052632
  4.3         0.6245614   4.03333333 -1.8430481   0.41578947  4.53333333
  0.62807018  3.83333333 -1.27527595  0.41754386  4.36666667  0.62982456
  3.8        -0.22404408]",2337.6089749336243
0.15374,[0.6818892],"[ 0.41052632  4.3         0.6245614   4.03333333 -1.8430481   0.41578947
  4.53333333  0.62807018  3.83333333 -1.27527595  0.41754386  4.36666667
  0.62982456  3.8        -0.22404408  0.42280702  4.26666667  0.63333333
  3.73333333 -0.31811082]",2337.6852927207947
0.15611600000000003,[-0.06950876],"[ 0.41578947  4.53333333  0.62807018  3.83333333 -1.27527595  0.41754386
  4.36666667  0.62982456  3.8        -0.22404408  0.42280702  4.26666667
  0.63333333  3.73333333 -0.31811082  0.43157895  4.56666667  0.64035088
  3.76666667 -1.06950879]",2337.7648782730103
0.15855200000000003,[-0.848226],"[ 0.41754386  4.36666667  0.62982456  3.8        -0.22404408  0.42280702
  4.26666667  0.63333333  3.73333333 -0.31811082  0.43157895  4.56666667
  0.64035088  3.76666667 -1.06950879  0.43859649  4.63333333  0.64912281
  3.83333333 -1.84822607]",2337.848829984665
0.15104400000000007,[0.32659635],"[ 0.42280702  4.26666667  0.63333333  3.73333333 -0.31811082  0.43157895
  4.56666667  0.64035088  3.76666667 -1.06950879  0.43859649  4.63333333
  0.64912281  3.83333333 -1.84822607  0.44210526  4.4         0.65614035
  4.         -0.67340362]",2337.9308998584747
0.14860800000000007,[-0.6861318],"[ 0.43157895  4.56666667  0.64035088  3.76666667 -1.06950879  0.43859649
  4.63333333  0.64912281  3.83333333 -1.84822607  0.44210526  4.4
  0.65614035  4.         -0.67340362  0.44736842  4.26666667  0.66140351
  4.16666667 -1.68613172]",2338.0106632709503
0.14846800000000004,[-0.20125854],"[ 0.43859649  4.63333333  0.64912281  3.83333333 -1.84822607  0.44210526
  4.4         0.65614035  4.         -0.67340362  0.44736842  4.26666667
  0.66140351  4.16666667 -1.68613172  0.45263158  4.46666667  0.66666667
  4.16666667 -1.20125854]",2338.093448638916
