reward,action,obs,time
,,"[0.         0.         0.         0.         0.         0.
 0.         0.         0.         0.         0.         0.
 0.         0.         0.         0.03157895 5.83333333 0.24385965
 5.3        0.        ]",2139.378132581711
0.00016000000000000042,[0.6172757],"[ 0.          0.          0.          0.          0.          0.
  0.          0.          0.          0.          0.03157895  5.83333333
  0.24385965  5.3         0.          0.03157895  5.56666667  0.24385965
  5.46666667 -0.38272429]",2139.539957523346
4.000000000000531e-05,[-0.9497796],"[ 0.          0.          0.          0.          0.          0.03157895
  5.83333333  0.24385965  5.3         0.          0.03157895  5.56666667
  0.24385965  5.46666667 -0.38272429  0.03157895  5.76666667  0.24561404
  5.36666667 -1.94977963]",2139.5861048698425
0.00012000000000000205,[0.90098655],"[ 0.03157895  5.83333333  0.24385965  5.3         0.          0.03157895
  5.56666667  0.24385965  5.46666667 -0.38272429  0.03157895  5.76666667
  0.24561404  5.36666667 -1.94977963  0.03157895  5.63333333  0.24385965
  5.43333333 -0.09901345]",2139.6411633491516
-0.0024159999999999945,[-0.62551653],"[ 0.03157895  5.56666667  0.24385965  5.46666667 -0.38272429  0.03157895
  5.76666667  0.24561404  5.36666667 -1.94977963  0.03157895  5.63333333
  0.24385965  5.43333333 -0.09901345  0.02982456  5.6         0.24385965
  5.43333333 -1.62551653]",2139.6914229393005
0.00012000000000000205,[-0.12834015],"[ 0.03157895  5.76666667  0.24561404  5.36666667 -1.94977963  0.03157895
  5.63333333  0.24385965  5.43333333 -0.09901345  0.02982456  5.6
  0.24385965  5.43333333 -1.62551653  0.03157895  5.63333333  0.24561404
  5.43333333 -1.12834013]",2139.742383956909
-0.002375999999999996,[-0.3043021],"[ 0.03157895  5.63333333  0.24385965  5.43333333 -0.09901345  0.02982456
  5.6         0.24385965  5.43333333 -1.62551653  0.03157895  5.63333333
  0.24561404  5.43333333 -1.12834013  0.02982456  5.53333333  0.24561404
  5.5        -1.3043021 ]",2139.792575597763
0.0027760000000000007,[0.6542346],"[ 0.02982456  5.6         0.24385965  5.43333333 -1.62551653  0.03157895
  5.63333333  0.24561404  5.43333333 -1.12834013  0.02982456  5.53333333
  0.24561404  5.5        -1.3043021   0.03333333  5.46666667  0.24736842
  5.56666667 -0.34576541]",2139.842632293701
0.0027360000000000023,[-0.97642994],"[ 0.03157895  5.63333333  0.24561404  5.43333333 -1.12834013  0.02982456
  5.53333333  0.24561404  5.5        -1.3043021   0.03333333  5.46666667
  0.24736842  5.56666667 -0.34576541  0.03333333  5.53333333  0.24912281
  5.5        -1.97642994]",2139.896897792816
0.002716000000000003,[0.8614743],"[ 0.02982456  5.53333333  0.24561404  5.5        -1.3043021   0.03333333
  5.46666667  0.24736842  5.56666667 -0.34576541  0.03333333  5.53333333
  0.24912281  5.5        -1.97642994  0.03333333  5.56666667  0.24736842
  5.46666667 -0.13852572]",2139.945670604706
0.005212000000000001,[0.10916003],"[ 0.03333333  5.46666667  0.24736842  5.56666667 -0.34576541  0.03333333
  5.53333333  0.24912281  5.5        -1.97642994  0.03333333  5.56666667
  0.24736842  5.46666667 -0.13852572  0.03508772  5.66666667  0.24736842
  5.33333333 -0.89083999]",2140.024095058441
0.005192000000000002,[-0.4647758],"[ 0.03333333  5.53333333  0.24912281  5.5        -1.97642994  0.03333333
  5.56666667  0.24736842  5.46666667 -0.13852572  0.03508772  5.66666667
  0.24736842  5.33333333 -0.89083999  0.03508772  5.7         0.24912281
  5.26666667 -1.4647758 ]",2140.1028838157654
0.0078080000000000024,[0.40678585],"[ 0.03333333  5.56666667  0.24736842  5.46666667 -0.13852572  0.03508772
  5.66666667  0.24736842  5.33333333 -0.89083999  0.03508772  5.7
  0.24912281  5.26666667 -1.4647758   0.03684211  5.6         0.25087719
  5.33333333 -0.59321415]",2140.183077096939
0.012940000000000002,[-0.33261484],"[ 0.03508772  5.66666667  0.24736842  5.33333333 -0.89083999  0.03508772
  5.7         0.24912281  5.26666667 -1.4647758   0.03684211  5.6
  0.25087719  5.33333333 -0.59321415  0.04035088  5.56666667  0.25438596
  5.4        -1.3326149 ]",2140.2625591754913
0.017972000000000005,[-0.0829483],"[ 0.03508772  5.7         0.24912281  5.26666667 -1.4647758   0.03684211
  5.6         0.25087719  5.33333333 -0.59321415  0.04035088  5.56666667
  0.25438596  5.4        -1.3326149   0.04385965  5.7         0.25614035
  5.26666667 -1.08294833]",2140.3427753448486
0.020567999999999996,[-0.54820937],"[ 0.03684211  5.6         0.25087719  5.33333333 -0.59321415  0.04035088
  5.56666667  0.25438596  5.4        -1.3326149   0.04385965  5.7
  0.25614035  5.26666667 -1.08294833  0.04561404  5.63333333  0.25789474
  5.3        -1.54820943]",2140.422674179077
0.020588000000000002,[0.22042227],"[ 0.04035088  5.56666667  0.25438596  5.4        -1.3326149   0.04385965
  5.7         0.25614035  5.26666667 -1.08294833  0.04561404  5.63333333
  0.25789474  5.3        -1.54820943  0.04561404  5.6         0.25964912
  5.3        -0.77957773]",2140.5028932094574
0.023184000000000003,[-0.7425483],"[ 0.04385965  5.7         0.25614035  5.26666667 -1.08294833  0.04561404
  5.63333333  0.25789474  5.3        -1.54820943  0.04561404  5.6
  0.25964912  5.3        -0.77957773  0.04736842  5.53333333  0.26140351
  5.33333333 -1.74254823]",2140.577362060547
0.028255999999999996,[0.6031126],"[ 0.04561404  5.63333333  0.25789474  5.3        -1.54820943  0.04561404
  5.6         0.25964912  5.3        -0.77957773  0.04736842  5.53333333
  0.26140351  5.33333333 -1.74254823  0.05087719  5.6         0.26315789
  5.16666667 -0.39688742]",2140.6604583263397
0.030832000000000005,[0.6603879],"[ 0.04561404  5.6         0.25964912  5.3        -0.77957773  0.04736842
  5.53333333  0.26140351  5.33333333 -1.74254823  0.05087719  5.6
  0.26315789  5.16666667 -0.39688742  0.05263158  5.56666667  0.26666667
  5.16666667 -0.33961213]",2140.736789226532
0.0384,[0.44843522],"[ 0.04736842  5.53333333  0.26140351  5.33333333 -1.74254823  0.05087719
  5.6         0.26315789  5.16666667 -0.39688742  0.05263158  5.56666667
  0.26666667  5.16666667 -0.33961213  0.05789474  5.73333333  0.26842105
  5.03333333 -0.55156481]",2140.8185861110687
0.040776000000000014,[0.21508288],"[ 0.05087719  5.6         0.26315789  5.16666667 -0.39688742  0.05263158
  5.56666667  0.26666667  5.16666667 -0.33961213  0.05789474  5.73333333
  0.26842105  5.03333333 -0.55156481  0.05964912  5.76666667  0.26842105
  4.86666667 -0.78491712]",2140.9026567935944
0.043472,[0.24879244],"[ 0.05263158  5.56666667  0.26666667  5.16666667 -0.33961213  0.05789474
  5.73333333  0.26842105  5.03333333 -0.55156481  0.05964912  5.76666667
  0.26842105  4.86666667 -0.78491712  0.06140351  5.73333333  0.26842105
  4.83333333 -0.75120759]",2140.9830145835876
0.045948,[-0.28693295],"[ 0.05789474  5.73333333  0.26842105  5.03333333 -0.55156481  0.05964912
  5.76666667  0.26842105  4.86666667 -0.78491712  0.06140351  5.73333333
  0.26842105  4.83333333 -0.75120759  0.06315789  5.73333333  0.27017544
  4.73333333 -1.28693295]",2141.066470861435
0.051059999999999994,[-0.40546983],"[ 0.05964912  5.76666667  0.26842105  4.86666667 -0.78491712  0.06140351
  5.73333333  0.26842105  4.83333333 -0.75120759  0.06315789  5.73333333
  0.27017544  4.73333333 -1.28693295  0.06491228  5.7         0.27192982
  4.7        -1.40546989]",2141.1427776813507
0.051140000000000005,[0.6480557],"[ 0.06140351  5.73333333  0.26842105  4.83333333 -0.75120759  0.06315789
  5.73333333  0.27017544  4.73333333 -1.28693295  0.06491228  5.7
  0.27192982  4.7        -1.40546989  0.06666667  5.6         0.2754386
  4.76666667 -0.35194433]",2141.222859144211
0.056172,[0.00442699],"[ 0.06315789  5.73333333  0.27017544  4.73333333 -1.28693295  0.06491228
  5.7         0.27192982  4.7        -1.40546989  0.06666667  5.6
  0.2754386   4.76666667 -0.35194433  0.06842105  5.63333333  0.27719298
  4.73333333 -0.99557298]",2141.303790807724
0.05862800000000001,[-0.9776642],"[ 0.06491228  5.7         0.27192982  4.7        -1.40546989  0.06666667
  5.6         0.2754386   4.76666667 -0.35194433  0.06842105  5.63333333
  0.27719298  4.73333333 -0.99557298  0.07368421  5.73333333  0.2754386
  4.5        -1.97766423]",2141.3829407691956
0.056172000000000014,[0.09735511],"[ 0.06666667  5.6         0.2754386   4.76666667 -0.35194433  0.06842105
  5.63333333  0.27719298  4.73333333 -0.99557298  0.07368421  5.73333333
  0.2754386   4.5        -1.97766423  0.07192982  5.63333333  0.27719298
  4.46666667 -0.90264487]",2141.4566900730133
0.05633199999999999,[-0.9214252],"[ 0.06842105  5.63333333  0.27719298  4.73333333 -0.99557298  0.07368421
  5.73333333  0.2754386   4.5        -1.97766423  0.07192982  5.63333333
  0.27719298  4.46666667 -0.90264487  0.07192982  5.4         0.27894737
  4.6        -1.92142522]",2141.5377147197723
0.056412000000000004,[-0.4358716],"[ 0.07368421  5.73333333  0.2754386   4.5        -1.97766423  0.07192982
  5.63333333  0.27719298  4.46666667 -0.90264487  0.07192982  5.4
  0.27894737  4.6        -1.92142522  0.07368421  5.36666667  0.28245614
  4.6        -1.4358716 ]",2141.616774559021
0.061604000000000006,[0.8478141],"[ 0.07192982  5.63333333  0.27719298  4.46666667 -0.90264487  0.07192982
  5.4         0.27894737  4.6        -1.92142522  0.07368421  5.36666667
  0.28245614  4.6        -1.4358716   0.07719298  5.26666667  0.28596491
  4.56666667 -0.15218592]",2141.6967952251434
0.06917200000000001,[-0.45717087],"[ 0.07192982  5.4         0.27894737  4.6        -1.92142522  0.07368421
  5.36666667  0.28245614  4.6        -1.4358716   0.07719298  5.26666667
  0.28596491  4.56666667 -0.15218592  0.08421053  5.33333333  0.29122807
  4.46666667 -1.45717084]",2141.777090549469
0.071688,[-0.9144905],"[ 0.07368421  5.36666667  0.28245614  4.6        -1.4358716   0.07719298
  5.26666667  0.28596491  4.56666667 -0.15218592  0.08421053  5.33333333
  0.29122807  4.46666667 -1.45717084  0.08947368  5.36666667  0.29473684
  4.26666667 -1.91449046]",2141.856778860092
0.06681599999999999,[-0.9825785],"[ 0.07719298  5.26666667  0.28596491  4.56666667 -0.15218592  0.08421053
  5.33333333  0.29122807  4.46666667 -1.45717084  0.08947368  5.36666667
  0.29473684  4.26666667 -1.91449046  0.08947368  5.1         0.3
  4.33333333 -1.98257852]",2141.9367954730988
0.06693599999999998,[0.8022337],"[ 0.08421053  5.33333333  0.29122807  4.46666667 -1.45717084  0.08947368
  5.36666667  0.29473684  4.26666667 -1.91449046  0.08947368  5.1
  0.3         4.33333333 -1.98257852  0.09122807  4.83333333  0.30350877
  4.46666667 -0.1977663 ]",2142.0166342258453
0.074584,[0.08353703],"[ 0.08947368  5.36666667  0.29473684  4.26666667 -1.91449046  0.08947368
  5.1         0.3         4.33333333 -1.98257852  0.09122807  4.83333333
  0.30350877  4.46666667 -0.1977663   0.09649123  4.83333333  0.30877193
  4.46666667 -0.91646296]",2142.100955247879
0.07957600000000001,[-0.49639133],"[ 0.08947368  5.1         0.3         4.33333333 -1.98257852  0.09122807
  4.83333333  0.30350877  4.46666667 -0.1977663   0.09649123  4.83333333
  0.30877193  4.46666667 -0.91646296  0.10175439  4.96666667  0.31403509
  4.3        -1.4963913 ]",2142.1831324100494
0.082232,[0.62229687],"[ 0.09122807  4.83333333  0.30350877  4.46666667 -0.1977663   0.09649123
  4.83333333  0.30877193  4.46666667 -0.91646296  0.10175439  4.96666667
  0.31403509  4.3        -1.4963913   0.10701754  4.86666667  0.31929825
  4.33333333 -0.37770313]",2142.259771347046
0.08742399999999999,[0.84091073],"[ 0.09649123  4.83333333  0.30877193  4.46666667 -0.91646296  0.10175439
  4.96666667  0.31403509  4.3        -1.4963913   0.10701754  4.86666667
  0.31929825  4.33333333 -0.37770313  0.1122807   4.7         0.32631579
  4.33333333 -0.15908927]",2142.3371198177338
0.09008000000000001,[0.86697066],"[ 0.10175439  4.96666667  0.31403509  4.3        -1.4963913   0.10701754
  4.86666667  0.31929825  4.33333333 -0.37770313  0.1122807   4.7
  0.32631579  4.33333333 -0.15908927  0.11929825  4.7         0.33333333
  4.03333333 -0.13302934]",2142.427860736847
0.09261599999999999,[0.48853573],"[ 0.10701754  4.86666667  0.31929825  4.33333333 -0.37770313  0.1122807
  4.7         0.32631579  4.33333333 -0.15908927  0.11929825  4.7
  0.33333333  4.03333333 -0.13302934  0.12280702  4.76666667  0.33859649
  3.8        -0.51146424]",2142.4967448711395
0.12556399999999998,[0.52489907],"[ 0.1122807   4.7         0.32631579  4.33333333 -0.15908927  0.11929825
  4.7         0.33333333  4.03333333 -0.13302934  0.12280702  4.76666667
  0.33859649  3.8        -0.51146424  0.14736842  5.2         0.34035088
  3.73333333 -0.47510093]",2142.582994699478
0.12558399999999997,[-0.44562426],"[ 0.11929825  4.7         0.33333333  4.03333333 -0.13302934  0.12280702
  4.76666667  0.33859649  3.8        -0.51146424  0.14736842  5.2
  0.34035088  3.73333333 -0.47510093  0.14912281  5.16666667  0.34035088
  3.66666667 -1.44562423]",2142.662932872772
0.123028,[-0.96904624],"[ 0.12280702  4.76666667  0.33859649  3.8        -0.51146424  0.14736842
  5.2         0.34035088  3.73333333 -0.47510093  0.14912281  5.16666667
  0.34035088  3.66666667 -1.44562423  0.14912281  5.13333333  0.34210526
  3.63333333 -1.96904624]",2142.7432441711426
0.125604,[0.35208178],"[ 0.14736842  5.2         0.34035088  3.73333333 -0.47510093  0.14912281
  5.16666667  0.34035088  3.66666667 -1.44562423  0.14912281  5.13333333
  0.34210526  3.63333333 -1.96904624  0.15263158  5.          0.34736842
  3.83333333 -0.64791822]",2142.818999528885
0.125664,[0.67956233],"[ 0.14912281  5.16666667  0.34035088  3.66666667 -1.44562423  0.14912281
  5.13333333  0.34210526  3.63333333 -1.96904624  0.15263158  5.
  0.34736842  3.83333333 -0.64791822  0.15438596  4.93333333  0.35614035
  4.03333333 -0.32043767]",2142.8972067832947
0.123108,[-0.719638],"[ 0.14912281  5.13333333  0.34210526  3.63333333 -1.96904624  0.15263158
  5.          0.34736842  3.83333333 -0.64791822  0.15438596  4.93333333
  0.35614035  4.03333333 -0.32043767  0.15789474  5.03333333  0.35964912
  3.86666667 -1.71963799]",2142.9826509952545
0.130716,[-0.32617876],"[ 0.15263158  5.          0.34736842  3.83333333 -0.64791822  0.15438596
  4.93333333  0.35614035  4.03333333 -0.32043767  0.15789474  5.03333333
  0.35964912  3.86666667 -1.71963799  0.16140351  5.03333333  0.36140351
  3.7        -1.32617879]",2143.057413339615
0.135808,[-0.41394204],"[ 0.15438596  4.93333333  0.35614035  4.03333333 -0.32043767  0.15789474
  5.03333333  0.35964912  3.86666667 -1.71963799  0.16140351  5.03333333
  0.36140351  3.7        -1.32617879  0.16491228  4.83333333  0.36666667
  3.73333333 -1.4139421 ]",2143.1375935077667
0.13842400000000002,[0.9788571],"[ 0.15789474  5.03333333  0.35964912  3.86666667 -1.71963799  0.16140351
  5.03333333  0.36140351  3.7        -1.32617879  0.16491228  4.83333333
  0.36666667  3.73333333 -1.4139421   0.16842105  4.7         0.37368421
  3.7        -0.0211429 ]",2143.2220072746277
0.143496,[-0.01527918],"[ 0.16140351  5.03333333  0.36140351  3.7        -1.32617879  0.16491228
  4.83333333  0.36666667  3.73333333 -1.4139421   0.16842105  4.7
  0.37368421  3.7        -0.0211429   0.1754386   4.66666667  0.38245614
  3.66666667 -1.01527917]",2143.296788215637
0.14601200000000003,[-0.35997242],"[ 0.16491228  4.83333333  0.36666667  3.73333333 -1.4139421   0.16842105
  4.7         0.37368421  3.7        -0.0211429   0.1754386   4.66666667
  0.38245614  3.66666667 -1.01527917  0.18421053  4.8         0.38947368
  3.66666667 -1.35997248]",2143.380947828293
0.14098000000000002,[-0.1690853],"[ 0.16842105  4.7         0.37368421  3.7        -0.0211429   0.1754386
  4.66666667  0.38245614  3.66666667 -1.01527917  0.18421053  4.8
  0.38947368  3.66666667 -1.35997248  0.18596491  4.7         0.39473684
  3.83333333 -1.16908526]",2143.456976413727
0.14599199999999998,[0.6551113],"[ 0.1754386   4.66666667  0.38245614  3.66666667 -1.01527917  0.18421053
  4.8         0.38947368  3.66666667 -1.35997248  0.18596491  4.7
  0.39473684  3.83333333 -1.16908526  0.18947368  4.6         0.4
  3.86666667 -0.34488869]",2143.5367107391357
0.14834799999999998,[-0.5494422],"[ 0.18421053  4.8         0.38947368  3.66666667 -1.35997248  0.18596491
  4.7         0.39473684  3.83333333 -1.16908526  0.18947368  4.6
  0.4         3.86666667 -0.34488869  0.19298246  4.66666667  0.40350877
  3.83333333 -1.54944217]",2143.619158744812
0.150804,[0.21805671],"[ 0.18596491  4.7         0.39473684  3.83333333 -1.16908526  0.18947368
  4.6         0.4         3.86666667 -0.34488869  0.19298246  4.66666667
  0.40350877  3.83333333 -1.54944217  0.2         4.83333333  0.40877193
  3.86666667 -0.78194332]",2143.6973102092743
0.145812,[-0.77471244],"[ 0.18947368  4.6         0.4         3.86666667 -0.34488869  0.19298246
  4.66666667  0.40350877  3.83333333 -1.54944217  0.2         4.83333333
  0.40877193  3.86666667 -0.78194332  0.20175439  4.76666667  0.4122807
  4.03333333 -1.77471244]",2143.7819550037384
0.143236,[-0.07804156],"[ 0.19298246  4.66666667  0.40350877  3.83333333 -1.54944217  0.2
  4.83333333  0.40877193  3.86666667 -0.78194332  0.20175439  4.76666667
  0.4122807   4.03333333 -1.77471244  0.20526316  4.7         0.41578947
  4.03333333 -1.07804155]",2143.867954969406
0.143236,[-0.5937123],"[ 0.2         4.83333333  0.40877193  3.86666667 -0.78194332  0.20175439
  4.76666667  0.4122807   4.03333333 -1.77471244  0.20526316  4.7
  0.41578947  4.03333333 -1.07804155  0.21052632  4.53333333  0.42280702
  4.2        -1.59371233]",2143.936833381653
0.14068,[-0.88554555],"[ 0.20175439  4.76666667  0.4122807   4.03333333 -1.77471244  0.20526316
  4.7         0.41578947  4.03333333 -1.07804155  0.21052632  4.53333333
  0.42280702  4.2        -1.59371233  0.21578947  4.53333333  0.43157895
  4.36666667 -1.88554549]",2144.0225415229797
0.143256,[0.3547189],"[ 0.20526316  4.7         0.41578947  4.03333333 -1.07804155  0.21052632
  4.53333333  0.42280702  4.2        -1.59371233  0.21578947  4.53333333
  0.43157895  4.36666667 -1.88554549  0.22105263  4.56666667  0.43684211
  4.43333333 -0.64528108]",2144.103107690811
0.11288399999999998,[0.908856],"[ 0.21052632  4.53333333  0.42280702  4.2        -1.59371233  0.21578947
  4.53333333  0.43157895  4.36666667 -1.88554549  0.22105263  4.56666667
  0.43684211  4.43333333 -0.64528108  0.2245614   4.5         0.44035088
  4.46666667 -0.09114403]",2144.1767575740814
0.11532,[0.5063139],"[ 0.21578947  4.53333333  0.43157895  4.36666667 -1.88554549  0.22105263
  4.56666667  0.43684211  4.43333333 -0.64528108  0.2245614   4.5
  0.44035088  4.46666667 -0.09114403  0.22807018  4.66666667  0.44210526
  4.26666667 -0.49368608]",2144.275292634964
0.120292,[-0.11059121],"[ 0.22105263  4.56666667  0.43684211  4.43333333 -0.64528108  0.2245614
  4.5         0.44035088  4.46666667 -0.09114403  0.22807018  4.66666667
  0.44210526  4.26666667 -0.49368608  0.23157895  4.86666667  0.44210526
  4.1        -1.11059117]",2144.3374576568604
0.11761600000000003,[-0.07694636],"[ 0.2245614   4.5         0.44035088  4.46666667 -0.09114403  0.22807018
  4.66666667  0.44210526  4.26666667 -0.49368608  0.23157895  4.86666667
  0.44210526  4.1        -1.11059117  0.23333333  4.93333333  0.44210526
  4.13333333 -1.07694638]",2144.416754722595
0.11503999999999999,[-0.9576395],"[ 0.22807018  4.66666667  0.44210526  4.26666667 -0.49368608  0.23157895
  4.86666667  0.44210526  4.1        -1.11059117  0.23333333  4.93333333
  0.44210526  4.13333333 -1.07694638  0.23333333  4.9         0.44385965
  4.26666667 -1.95763946]",2144.5033674240112
0.11515999999999997,[-0.6766572],"[ 0.23157895  4.86666667  0.44210526  4.1        -1.11059117  0.23333333
  4.93333333  0.44210526  4.13333333 -1.07694638  0.23333333  4.9
  0.44385965  4.26666667 -1.95763946  0.23684211  4.8         0.44912281
  4.36666667 -1.6766572 ]",2144.5770432949066
0.11779600000000001,[-0.4952682],"[ 0.23333333  4.93333333  0.44210526  4.13333333 -1.07694638  0.23333333
  4.9         0.44385965  4.26666667 -1.95763946  0.23684211  4.8
  0.44912281  4.36666667 -1.6766572   0.24210526  4.66666667  0.45614035
  4.5        -1.49526823]",2144.6634306907654
0.12278800000000004,[0.39401624],"[ 0.23333333  4.9         0.44385965  4.26666667 -1.95763946  0.23684211
  4.8         0.44912281  4.36666667 -1.6766572   0.24210526  4.66666667
  0.45614035  4.5        -1.49526823  0.24912281  4.66666667  0.46315789
  4.5        -0.60598373]",2144.7434935569763
0.125224,[0.8646154],"[ 0.23684211  4.8         0.44912281  4.36666667 -1.6766572   0.24210526
  4.66666667  0.45614035  4.5        -1.49526823  0.24912281  4.66666667
  0.46315789  4.5        -0.60598373  0.25438596  4.73333333  0.47017544
  4.5        -0.13538462]",2144.821103811264
0.11999199999999999,[-0.13240749],"[ 0.24210526  4.66666667  0.45614035  4.5        -1.49526823  0.24912281
  4.66666667  0.46315789  4.5        -0.60598373  0.25438596  4.73333333
  0.47017544  4.5        -0.13538462  0.25789474  4.9         0.47192982
  4.3        -1.13240743]",2144.9058101177216
0.10982799999999997,[-0.1731806],"[ 0.24912281  4.66666667  0.46315789  4.5        -0.60598373  0.25438596
  4.73333333  0.47017544  4.5        -0.13538462  0.25789474  4.9
  0.47192982  4.3        -1.13240743  0.25964912  4.93333333  0.47192982
  4.13333333 -1.17318058]",2144.9870517253876
0.10729199999999998,[0.16000916],"[ 0.25438596  4.73333333  0.47017544  4.5        -0.13538462  0.25789474
  4.9         0.47192982  4.3        -1.13240743  0.25964912  4.93333333
  0.47192982  4.13333333 -1.17318058  0.25964912  4.8         0.47192982
  4.2        -0.83999085]",2145.061121702194
0.10467600000000003,[0.01608769],"[ 0.25789474  4.9         0.47192982  4.3        -1.13240743  0.25964912
  4.93333333  0.47192982  4.13333333 -1.17318058  0.25964912  4.8
  0.47192982  4.2        -0.83999085  0.26140351  4.8         0.47192982
  4.16666667 -0.98391229]",2145.140755176544
0.10469600000000001,[-0.29611596],"[ 0.25964912  4.93333333  0.47192982  4.13333333 -1.17318058  0.25964912
  4.8         0.47192982  4.2        -0.83999085  0.26140351  4.8
  0.47192982  4.16666667 -0.98391229  0.26491228  4.83333333  0.4754386
  4.13333333 -1.29611599]",2145.224788427353
0.10227999999999997,[-0.94381],"[ 0.25964912  4.8         0.47192982  4.2        -0.83999085  0.26140351
  4.8         0.47192982  4.16666667 -0.98391229  0.26491228  4.83333333
  0.4754386   4.13333333 -1.29611599  0.27017544  4.76666667  0.48070175
  4.23333333 -1.94380999]",2145.3077297210693
0.10741200000000002,[-0.00268518],"[ 0.26140351  4.8         0.47192982  4.16666667 -0.98391229  0.26491228
  4.83333333  0.4754386   4.13333333 -1.29611599  0.27017544  4.76666667
  0.48070175  4.23333333 -1.94380999  0.2754386   4.66666667  0.48947368
  4.3        -1.00268519]",2145.386904001236
0.110008,[-0.40119517],"[ 0.26491228  4.83333333  0.4754386   4.13333333 -1.29611599  0.27017544
  4.76666667  0.48070175  4.23333333 -1.94380999  0.2754386   4.66666667
  0.48947368  4.3        -1.00268519  0.28070175  4.53333333  0.49649123
  4.33333333 -1.40119517]",2145.4673652648926
0.10980800000000002,[-0.39063326],"[ 0.27017544  4.76666667  0.48070175  4.23333333 -1.94380999  0.2754386
  4.66666667  0.48947368  4.3        -1.00268519  0.28070175  4.53333333
  0.49649123  4.33333333 -1.40119517  0.28596491  4.7         0.5
  4.23333333 -1.39063323]",2145.5408952236176
0.099584,[-0.4161607],"[ 0.2754386   4.66666667  0.48947368  4.3        -1.00268519  0.28070175
  4.53333333  0.49649123  4.33333333 -1.40119517  0.28596491  4.7
  0.5         4.23333333 -1.39063323  0.28421053  4.7         0.5
  4.26666667 -1.4161607 ]",2145.626158952713
0.091976,[-0.3145684],"[ 0.28070175  4.53333333  0.49649123  4.33333333 -1.40119517  0.28596491
  4.7         0.5         4.23333333 -1.39063323  0.28421053  4.7
  0.5         4.26666667 -1.4161607   0.28421053  4.63333333  0.49824561
  4.26666667 -1.3145684 ]",2145.7067425251007
0.08684400000000003,[-0.21646751],"[ 0.28596491  4.7         0.5         4.23333333 -1.39063323  0.28421053
  4.7         0.5         4.26666667 -1.4161607   0.28421053  4.63333333
  0.49824561  4.26666667 -1.3145684   0.28421053  4.6         0.49824561
  4.2        -1.2164675 ]",2145.786858320236
0.08438800000000002,[0.44609976],"[ 0.28421053  4.7         0.5         4.26666667 -1.4161607   0.28421053
  4.63333333  0.49824561  4.26666667 -1.3145684   0.28421053  4.6
  0.49824561  4.2        -1.2164675   0.28596491  4.6         0.5
  4.2        -0.55390024]",2145.8669505119324
0.08702399999999999,[-0.07450151],"[ 0.28421053  4.63333333  0.49824561  4.26666667 -1.3145684   0.28421053
  4.6         0.49824561  4.2        -1.2164675   0.28596491  4.6
  0.5         4.2        -0.55390024  0.29122807  4.66666667  0.50526316
  4.16666667 -1.07450151]",2145.9471945762634
0.08960000000000001,[0.0295592],"[ 0.28421053  4.6         0.49824561  4.2        -1.2164675   0.28596491
  4.6         0.5         4.2        -0.55390024  0.29122807  4.66666667
  0.50526316  4.16666667 -1.07450151  0.29473684  4.7         0.50701754
  4.06666667 -0.9704408 ]",2146.0284111499786
0.08964000000000005,[-0.6505817],"[ 0.28596491  4.6         0.5         4.2        -0.55390024  0.29122807
  4.66666667  0.50526316  4.16666667 -1.07450151  0.29473684  4.7
  0.50701754  4.06666667 -0.9704408   0.29473684  4.6         0.50877193
  4.03333333 -1.65058172]",2146.101715564728
0.08452799999999999,[-0.47139215],"[ 0.29122807  4.66666667  0.50526316  4.16666667 -1.07450151  0.29473684
  4.7         0.50701754  4.06666667 -0.9704408   0.29473684  4.6
  0.50877193  4.03333333 -1.65058172  0.29473684  4.5         0.50877193
  4.06666667 -1.47139215]",2146.1871044635773
0.079376,[-0.8042449],"[ 0.29473684  4.7         0.50701754  4.06666667 -0.9704408   0.29473684
  4.6         0.50877193  4.03333333 -1.65058172  0.29473684  4.5
  0.50877193  4.06666667 -1.47139215  0.29649123  4.43333333  0.51052632
  4.2        -1.80424488]",2146.2685992717743
0.06915199999999999,[-0.64798653],"[ 0.29473684  4.6         0.50877193  4.03333333 -1.65058172  0.29473684
  4.5         0.50877193  4.06666667 -1.47139215  0.29649123  4.43333333
  0.51052632  4.2        -1.80424488  0.29649123  4.43333333  0.51052632
  4.26666667 -1.64798653]",2146.346850633621
0.06154399999999999,[0.869007],"[ 0.29473684  4.5         0.50877193  4.06666667 -1.47139215  0.29649123
  4.43333333  0.51052632  4.2        -1.80424488  0.29649123  4.43333333
  0.51052632  4.26666667 -1.64798653  0.29649123  4.4         0.5122807
  4.33333333 -0.13099301]",2146.4293048381805
