reward,action,obs,time
,,"[0.         0.         0.         0.         0.         0.
 0.         0.         0.         0.         0.         0.
 0.         0.         0.         0.02982456 5.6        0.24561404
 5.43333333 0.        ]",1399.2328934669495
7.999999999999674e-05,[0.7027317],"[ 0.          0.          0.          0.          0.          0.
  0.          0.          0.          0.          0.02982456  5.6
  0.24561404  5.43333333  0.          0.02982456  5.46666667  0.24561404
  5.5        -0.29726827]",1399.3915083408356
-6.0000000000004494e-05,[0.862254],"[ 0.          0.          0.          0.          0.          0.02982456
  5.6         0.24561404  5.43333333  0.          0.02982456  5.46666667
  0.24561404  5.5        -0.29726827  0.02982456  5.7         0.24385965
  5.4        -0.13774598]",1399.437825202942
0.002575999999999995,[-0.42359325],"[ 0.02982456  5.6         0.24561404  5.43333333  0.          0.02982456
  5.46666667  0.24561404  5.5        -0.29726827  0.02982456  5.7
  0.24385965  5.4        -0.13774598  0.03157895  5.56666667  0.24561404
  5.46666667 -1.42359328]",1399.4934477806091
1.9999999999999185e-05,[-0.8973534],"[ 0.02982456  5.46666667  0.24561404  5.5        -0.29726827  0.02982456
  5.7         0.24385965  5.4        -0.13774598  0.03157895  5.56666667
  0.24561404  5.46666667 -1.42359328  0.02982456  5.56666667  0.24561404
  5.46666667 -1.89735341]",1399.543249130249
1.9999999999999185e-05,[-0.2029095],"[ 0.02982456  5.7         0.24385965  5.4        -0.13774598  0.03157895
  5.56666667  0.24561404  5.46666667 -1.42359328  0.02982456  5.56666667
  0.24561404  5.46666667 -1.89735341  0.02982456  5.56666667  0.24561404
  5.46666667 -1.20290947]",1399.5936799049377
0.0025359999999999966,[-0.856956],"[ 0.03157895  5.56666667  0.24561404  5.46666667 -1.42359328  0.02982456
  5.56666667  0.24561404  5.46666667 -1.89735341  0.02982456  5.56666667
  0.24561404  5.46666667 -1.20290947  0.03157895  5.63333333  0.24561404
  5.4        -1.85695601]",1399.6452169418335
0.0024959999999999982,[0.26985303],"[ 0.02982456  5.56666667  0.24561404  5.46666667 -1.89735341  0.02982456
  5.56666667  0.24561404  5.46666667 -1.20290947  0.03157895  5.63333333
  0.24561404  5.4        -1.85695601  0.03157895  5.7         0.24561404
  5.33333333 -0.730147  ]",1399.694066286087
0.002595999999999994,[-0.83004427],"[ 0.02982456  5.56666667  0.24561404  5.46666667 -1.20290947  0.03157895
  5.63333333  0.24561404  5.4        -1.85695601  0.03157895  5.7
  0.24561404  5.33333333 -0.730147    0.03157895  5.53333333  0.24736842
  5.53333333 -1.83004427]",1399.7845401763916
0.007787999999999996,[0.58222705],"[ 0.03157895  5.63333333  0.24561404  5.4        -1.85695601  0.03157895
  5.7         0.24561404  5.33333333 -0.730147    0.03157895  5.53333333
  0.24736842  5.53333333 -1.83004427  0.03508772  5.4         0.24736842
  5.63333333 -0.41777295]",1399.8345141410828
0.010263999999999995,[0.956064],"[ 0.03157895  5.7         0.24561404  5.33333333 -0.730147    0.03157895
  5.53333333  0.24736842  5.53333333 -1.83004427  0.03508772  5.4
  0.24736842  5.63333333 -0.41777295  0.03684211  5.53333333  0.25087719
  5.53333333 -0.04393601]",1399.9236657619476
0.017872,[0.5473925],"[ 0.03157895  5.53333333  0.24736842  5.53333333 -1.83004427  0.03508772
  5.4         0.24736842  5.63333333 -0.41777295  0.03684211  5.53333333
  0.25087719  5.53333333 -0.04393601  0.04210526  5.63333333  0.25614035
  5.4        -0.45260751]",1399.9685471057892
0.022924,[-0.44223636],"[ 0.03508772  5.4         0.24736842  5.63333333 -0.41777295  0.03684211
  5.53333333  0.25087719  5.53333333 -0.04393601  0.04210526  5.63333333
  0.25614035  5.4        -0.45260751  0.04561404  5.73333333  0.25964912
  5.3        -1.44223642]",1400.0583498477936
0.028055999999999998,[0.15838286],"[ 0.03684211  5.53333333  0.25087719  5.53333333 -0.04393601  0.04210526
  5.63333333  0.25614035  5.4        -0.45260751  0.04561404  5.73333333
  0.25964912  5.3        -1.44223642  0.04912281  5.7         0.26315789
  5.23333333 -0.84161711]",1400.1084206104279
0.033168,[-0.67731416],"[ 0.04210526  5.63333333  0.25614035  5.4        -0.45260751  0.04561404
  5.73333333  0.25964912  5.3        -1.44223642  0.04912281  5.7
  0.26315789  5.23333333 -0.84161711  0.05263158  5.7         0.26666667
  5.2        -1.67731416]",1400.1936295032501
0.0383,[0.42781216],"[ 0.04561404  5.73333333  0.25964912  5.3        -1.44223642  0.04912281
  5.7         0.26315789  5.23333333 -0.84161711  0.05263158  5.7
  0.26666667  5.2        -1.67731416  0.05614035  5.66666667  0.26842105
  5.2        -0.57218784]",1400.2486329078674
0.040836,[-0.17999446],"[ 0.04912281  5.7         0.26315789  5.23333333 -0.84161711  0.05263158
  5.7         0.26666667  5.2        -1.67731416  0.05614035  5.66666667
  0.26842105  5.2        -0.57218784  0.05789474  5.7         0.27017544
  5.23333333 -1.17999446]",1400.335250377655
0.043331999999999996,[-0.9187062],"[ 0.05263158  5.7         0.26666667  5.2        -1.67731416  0.05614035
  5.66666667  0.26842105  5.2        -0.57218784  0.05789474  5.7
  0.27017544  5.23333333 -1.17999446  0.05964912  5.8         0.27192982
  5.16666667 -1.91870618]",1400.4146783351898
0.04337199999999999,[-0.74728274],"[ 0.05614035  5.66666667  0.26842105  5.2        -0.57218784  0.05789474
  5.7         0.27017544  5.23333333 -1.17999446  0.05964912  5.8
  0.27192982  5.16666667 -1.91870618  0.05964912  5.73333333  0.27192982
  5.16666667 -1.74728274]",1400.4954569339752
0.043531999999999994,[-0.42776874],"[ 0.05789474  5.7         0.27017544  5.23333333 -1.17999446  0.05964912
  5.8         0.27192982  5.16666667 -1.91870618  0.05964912  5.73333333
  0.27192982  5.16666667 -1.74728274  0.05964912  5.46666667  0.27368421
  5.4        -1.42776871]",1400.574558019638
0.048683999999999984,[-0.60411495],"[ 0.05964912  5.8         0.27192982  5.16666667 -1.91870618  0.05964912
  5.73333333  0.27192982  5.16666667 -1.74728274  0.05964912  5.46666667
  0.27368421  5.4        -1.42776871  0.06315789  5.4         0.2754386
  5.43333333 -1.60411501]",1400.654522895813
0.053716,[0.8202758],"[ 0.05964912  5.73333333  0.27192982  5.16666667 -1.74728274  0.05964912
  5.46666667  0.27368421  5.4        -1.42776871  0.06315789  5.4
  0.2754386   5.43333333 -1.60411501  0.06666667  5.4         0.28070175
  5.4        -0.17972422]",1400.7353434562683
0.058988,[0.43973154],"[ 0.05964912  5.46666667  0.27368421  5.4        -1.42776871  0.06315789
  5.4         0.2754386   5.43333333 -1.60411501  0.06666667  5.4
  0.28070175  5.4        -0.17972422  0.07017544  5.36666667  0.28596491
  5.43333333 -0.56026846]",1400.8089513778687
0.0639,[0.2604498],"[ 0.06315789  5.4         0.2754386   5.43333333 -1.60411501  0.06666667
  5.4         0.28070175  5.4        -0.17972422  0.07017544  5.36666667
  0.28596491  5.43333333 -0.56026846  0.0754386   5.56666667  0.29122807
  5.23333333 -0.73955023]",1400.8947682380676
0.074104,[0.83242553],"[ 0.06666667  5.4         0.28070175  5.4        -0.17972422  0.07017544
  5.36666667  0.28596491  5.43333333 -0.56026846  0.0754386   5.56666667
  0.29122807  5.23333333 -0.73955023  0.08070175  5.6         0.29298246
  5.1        -0.16757447]",1400.9755008220673
0.07668000000000001,[-0.9661548],"[ 0.07017544  5.36666667  0.28596491  5.43333333 -0.56026846  0.0754386
  5.56666667  0.29122807  5.23333333 -0.73955023  0.08070175  5.6
  0.29298246  5.1        -0.16757447  0.08245614  5.56666667  0.29473684
  5.         -1.96615481]",1401.0573678016663
0.07666,[-0.65779203],"[ 0.0754386   5.56666667  0.29122807  5.23333333 -0.73955023  0.08070175
  5.6         0.29298246  5.1        -0.16757447  0.08245614  5.56666667
  0.29473684  5.         -1.96615481  0.08421053  5.66666667  0.29473684
  4.86666667 -1.65779209]",1401.1343441009521
0.0768,[-0.31303978],"[ 0.08070175  5.6         0.29298246  5.1        -0.16757447  0.08245614
  5.56666667  0.29473684  5.         -1.96615481  0.08421053  5.66666667
  0.29473684  4.86666667 -1.65779209  0.08421053  5.5         0.29649123
  5.03333333 -1.31303978]",1401.214689731598
0.081892,[-0.9744366],"[ 0.08245614  5.56666667  0.29473684  5.         -1.96615481  0.08421053
  5.66666667  0.29473684  4.86666667 -1.65779209  0.08421053  5.5
  0.29649123  5.03333333 -1.31303978  0.0877193   5.36666667  0.3
  5.2        -1.97443652]",1401.2942953109741
0.084348,[-0.2720211],"[ 0.08421053  5.66666667  0.29473684  4.86666667 -1.65779209  0.08421053
  5.5         0.29649123  5.03333333 -1.31303978  0.0877193   5.36666667
  0.3         5.2        -1.97443652  0.09298246  5.4         0.30526316
  5.23333333 -1.27202106]",1401.3773374557495
0.09219600000000001,[-0.29093388],"[ 0.08421053  5.5         0.29649123  5.03333333 -1.31303978  0.0877193
  5.36666667  0.3         5.2        -1.97443652  0.09298246  5.4
  0.30526316  5.23333333 -1.27202106  0.1         5.23333333  0.31403509
  5.3        -1.29093385]",1401.4551119804382
0.09223599999999998,[-0.3518958],"[ 0.0877193   5.36666667  0.3         5.2        -1.97443652  0.09298246
  5.4         0.30526316  5.23333333 -1.27202106  0.1         5.23333333
  0.31403509  5.3        -1.29093385  0.10526316  5.26666667  0.3245614
  5.23333333 -1.35189581]",1401.535765171051
0.092316,[0.16809754],"[ 0.09298246  5.4         0.30526316  5.23333333 -1.27202106  0.1
  5.23333333  0.31403509  5.3        -1.29093385  0.10526316  5.26666667
  0.3245614   5.23333333 -1.35189581  0.10877193  5.23333333  0.33157895
  5.23333333 -0.83190244]",1401.6147284507751
0.09233599999999999,[-0.48401114],"[ 0.1         5.23333333  0.31403509  5.3        -1.29093385  0.10526316
  5.26666667  0.3245614   5.23333333 -1.35189581  0.10877193  5.23333333
  0.33157895  5.23333333 -0.83190244  0.1122807   5.16666667  0.33508772
  5.23333333 -1.48401117]",1401.6951479911804
0.08975999999999999,[0.68735826],"[ 0.10526316  5.26666667  0.3245614   5.23333333 -1.35189581  0.10877193
  5.23333333  0.33157895  5.23333333 -0.83190244  0.1122807   5.16666667
  0.33508772  5.23333333 -1.48401117  0.11403509  5.2         0.33684211
  5.13333333 -0.31264174]",1401.779735326767
0.084728,[-0.25809804],"[ 0.10877193  5.23333333  0.33157895  5.23333333 -0.83190244  0.1122807
  5.16666667  0.33508772  5.23333333 -1.48401117  0.11403509  5.2
  0.33684211  5.13333333 -0.31264174  0.11403509  5.03333333  0.33508772
  5.2        -1.25809801]",1401.8545877933502
0.084728,[0.19164787],"[ 0.1122807   5.16666667  0.33508772  5.23333333 -1.48401117  0.11403509
  5.2         0.33684211  5.13333333 -0.31264174  0.11403509  5.03333333
  0.33508772  5.2        -1.25809801  0.11578947  5.06666667  0.33859649
  5.06666667 -0.80835211]",1401.9347705841064
0.08482800000000001,[-0.16207042],"[ 0.11403509  5.2         0.33684211  5.13333333 -0.31264174  0.11403509
  5.03333333  0.33508772  5.2        -1.25809801  0.11578947  5.06666667
  0.33859649  5.06666667 -0.80835211  0.11754386  5.          0.34035088
  5.03333333 -1.16207039]",1402.015114068985
0.12288800000000002,[0.14595608],"[ 0.11403509  5.03333333  0.33508772  5.2        -1.25809801  0.11578947
  5.06666667  0.33859649  5.06666667 -0.80835211  0.11754386  5.
  0.34035088  5.03333333 -1.16207039  0.14385965  5.4         0.34736842
  5.06666667 -0.8540439 ]",1402.095838546753
0.12788,[-0.9133799],"[ 0.11578947  5.06666667  0.33859649  5.06666667 -0.80835211  0.11754386
  5.          0.34035088  5.03333333 -1.16207039  0.14385965  5.4
  0.34736842  5.06666667 -0.8540439   0.14736842  5.33333333  0.35438596
  5.06666667 -1.91337991]",1402.1744437217712
0.12784,[-0.31627426],"[ 0.11754386  5.          0.34035088  5.03333333 -1.16207039  0.14385965
  5.4         0.34736842  5.06666667 -0.8540439   0.14736842  5.33333333
  0.35438596  5.06666667 -1.91337991  0.15087719  5.33333333  0.35964912
  5.03333333 -1.31627429]",1402.2544100284576
0.12536399999999998,[-0.929638],"[ 0.14385965  5.4         0.34736842  5.06666667 -0.8540439   0.14736842
  5.33333333  0.35438596  5.06666667 -1.91337991  0.15087719  5.33333333
  0.35964912  5.03333333 -1.31627429  0.15263158  5.2         0.36491228
  5.2        -1.92963803]",1402.332483291626
0.12278800000000004,[0.7182237],"[ 0.14736842  5.33333333  0.35438596  5.06666667 -1.91337991  0.15087719
  5.33333333  0.35964912  5.03333333 -1.31627429  0.15263158  5.2
  0.36491228  5.2        -1.92963803  0.15438596  5.2         0.36666667
  5.23333333 -0.28177631]",1402.4102809429169
0.11783600000000001,[-0.90938014],"[ 0.15087719  5.33333333  0.35964912  5.03333333 -1.31627429  0.15263158
  5.2         0.36491228  5.2        -1.92963803  0.15438596  5.2
  0.36666667  5.23333333 -0.28177631  0.15614035  5.13333333  0.36842105
  5.3        -1.9093802 ]",1402.4901337623596
0.112684,[-0.48920658],"[ 0.15263158  5.2         0.36491228  5.2        -1.92963803  0.15438596
  5.2         0.36666667  5.23333333 -0.28177631  0.15614035  5.13333333
  0.36842105  5.3        -1.9093802   0.15789474  5.23333333  0.37017544
  5.16666667 -1.48920655]",1402.5685241222382
0.11528000000000001,[0.80820215],"[ 0.15438596  5.2         0.36666667  5.23333333 -0.28177631  0.15614035
  5.13333333  0.36842105  5.3        -1.9093802   0.15789474  5.23333333
  0.37017544  5.16666667 -1.48920655  0.16140351  5.13333333  0.37368421
  5.16666667 -0.19179785]",1402.6527979373932
0.117896,[-0.34477592],"[ 0.15614035  5.13333333  0.36842105  5.3        -1.9093802   0.15789474
  5.23333333  0.37017544  5.16666667 -1.48920655  0.16140351  5.13333333
  0.37368421  5.16666667 -0.19179785  0.16491228  5.13333333  0.37719298
  5.16666667 -1.34477592]",1402.7336990833282
0.1279,[-0.39007363],"[ 0.15789474  5.23333333  0.37017544  5.16666667 -1.48920655  0.16140351
  5.13333333  0.37368421  5.16666667 -0.19179785  0.16491228  5.13333333
  0.37719298  5.16666667 -1.34477592  0.17192982  5.33333333  0.38245614
  4.93333333 -1.39007366]",1402.8154802322388
0.130416,[-0.6763017],"[ 0.16140351  5.13333333  0.37368421  5.16666667 -0.19179785  0.16491228
  5.13333333  0.37719298  5.16666667 -1.34477592  0.17192982  5.33333333
  0.38245614  4.93333333 -1.39007366  0.17719298  5.26666667  0.38947368
  4.96666667 -1.67630172]",1402.8946132659912
0.13053599999999999,[-0.831399],"[ 0.16491228  5.13333333  0.37719298  5.16666667 -1.34477592  0.17192982
  5.33333333  0.38245614  4.93333333 -1.39007366  0.17719298  5.26666667
  0.38947368  4.96666667 -1.67630172  0.18245614  5.1         0.39649123
  5.1        -1.83139896]",1402.9745285511017
0.13047599999999998,[-0.2722727],"[ 0.17192982  5.33333333  0.38245614  4.93333333 -1.39007366  0.17719298
  5.26666667  0.38947368  4.96666667 -1.67630172  0.18245614  5.1
  0.39649123  5.1        -1.83139896  0.18947368  5.03333333  0.40526316
  5.16666667 -1.27227271]",1403.0547366142273
0.133052,[0.82130504],"[ 0.17719298  5.26666667  0.38947368  4.96666667 -1.67630172  0.18245614
  5.1         0.39649123  5.1        -1.83139896  0.18947368  5.03333333
  0.40526316  5.16666667 -1.27227271  0.19649123  5.03333333  0.4122807
  5.2        -0.17869496]",1403.1359369754791
0.13806399999999996,[-0.28291854],"[ 0.18245614  5.1         0.39649123  5.1        -1.83139896  0.18947368
  5.03333333  0.40526316  5.16666667 -1.27227271  0.19649123  5.03333333
  0.4122807   5.2        -0.17869496  0.20350877  5.16666667  0.41929825
  5.1        -1.28291857]",1403.21275472641
0.14048000000000002,[-0.46682075],"[ 0.18947368  5.03333333  0.40526316  5.16666667 -1.27227271  0.19649123
  5.03333333  0.4122807   5.2        -0.17869496  0.20350877  5.16666667
  0.41929825  5.1        -1.28291857  0.20877193  5.33333333  0.42280702
  4.93333333 -1.46682072]",1403.2959702014923
0.14057999999999998,[-0.95994425],"[ 0.19649123  5.03333333  0.4122807   5.2        -0.17869496  0.20350877
  5.16666667  0.41929825  5.1        -1.28291857  0.20877193  5.33333333
  0.42280702  4.93333333 -1.46682072  0.21052632  5.2         0.4245614
  5.         -1.95994425]",1403.3722851276398
0.143156,[-0.5829216],"[ 0.20350877  5.16666667  0.41929825  5.1        -1.28291857  0.20877193
  5.33333333  0.42280702  4.93333333 -1.46682072  0.21052632  5.2
  0.4245614   5.         -1.95994425  0.2122807   5.          0.42631579
  5.16666667 -1.58292162]",1403.4493281841278
0.148348,[0.2339165],"[ 0.20877193  5.33333333  0.42280702  4.93333333 -1.46682072  0.21052632
  5.2         0.4245614   5.         -1.95994425  0.2122807   5.
  0.42631579  5.16666667 -1.58292162  0.21754386  4.9         0.43157895
  5.26666667 -0.76608348]",1403.534555196762
0.15843199999999996,[0.6218561],"[ 0.21052632  5.2         0.4245614   5.         -1.95994425  0.2122807
  5.          0.42631579  5.16666667 -1.58292162  0.21754386  4.9
  0.43157895  5.26666667 -0.76608348  0.22631579  5.06666667  0.44035088
  5.16666667 -0.37814391]",1403.6145405769348
0.133032,[-0.35193798],"[ 0.2122807   5.          0.42631579  5.16666667 -1.58292162  0.21754386
  4.9         0.43157895  5.26666667 -0.76608348  0.22631579  5.06666667
  0.44035088  5.16666667 -0.37814391  0.23508772  5.2         0.45087719
  5.06666667 -1.35193801]",1403.694666147232
0.13810399999999995,[-0.5241442],"[ 0.21754386  4.9         0.43157895  5.26666667 -0.76608348  0.22631579
  5.06666667  0.44035088  5.16666667 -0.37814391  0.23508772  5.2
  0.45087719  5.06666667 -1.35193801  0.24210526  5.2         0.45614035
  5.03333333 -1.52414417]",1403.7692472934723
0.13822399999999996,[0.7255069],"[ 0.22631579  5.06666667  0.44035088  5.16666667 -0.37814391  0.23508772
  5.2         0.45087719  5.06666667 -1.35193801  0.24210526  5.2
  0.45614035  5.03333333 -1.52414417  0.24561404  5.          0.46140351
  5.13333333 -0.2744931 ]",1403.854745388031
0.14583200000000002,[-0.90224266],"[ 0.23508772  5.2         0.45087719  5.06666667 -1.35193801  0.24210526
  5.2         0.45614035  5.03333333 -1.52414417  0.24561404  5.
  0.46140351  5.13333333 -0.2744931   0.25263158  4.96666667  0.46666667
  5.13333333 -1.90224266]",1403.934327363968
0.15078399999999997,[-0.6300032],"[ 0.24210526  5.2         0.45614035  5.03333333 -1.52414417  0.24561404
  5.          0.46140351  5.13333333 -0.2744931   0.25263158  4.96666667
  0.46666667  5.13333333 -1.90224266  0.25789474  5.23333333  0.47192982
  4.93333333 -1.63000321]",1404.018382549286
0.15332,[0.5875821],"[ 0.24561404  5.          0.46140351  5.13333333 -0.2744931   0.25263158
  4.96666667  0.46666667  5.13333333 -1.90224266  0.25789474  5.23333333
  0.47192982  4.93333333 -1.63000321  0.26140351  5.2         0.4754386
  5.06666667 -0.41241789]",1404.0972347259521
0.15853199999999998,[0.01008019],"[ 0.25263158  4.96666667  0.46666667  5.13333333 -1.90224266  0.25789474
  5.23333333  0.47192982  4.93333333 -1.63000321  0.26140351  5.2
  0.4754386   5.06666667 -0.41241789  0.26666667  5.13333333  0.47894737
  5.23333333 -0.98991978]",1404.1738662719727
0.163524,[0.3042615],"[ 0.25789474  5.23333333  0.47192982  4.93333333 -1.63000321  0.26140351
  5.2         0.4754386   5.06666667 -0.41241789  0.26666667  5.13333333
  0.47894737  5.23333333 -0.98991978  0.27368421  5.23333333  0.4877193
  5.03333333 -0.69573849]",1404.2494492530823
0.176284,[-0.14895916],"[ 0.26140351  5.2         0.4754386   5.06666667 -0.41241789  0.26666667
  5.13333333  0.47894737  5.23333333 -0.98991978  0.27368421  5.23333333
  0.4877193   5.03333333 -0.69573849  0.28596491  5.26666667  0.49824561
  4.9        -1.14895916]",1404.335562467575
0.181536,[-0.2508675],"[ 0.26666667  5.13333333  0.47894737  5.23333333 -0.98991978  0.27368421
  5.23333333  0.4877193   5.03333333 -0.69573849  0.28596491  5.26666667
  0.49824561  4.9        -1.14895916  0.29649123  5.23333333  0.51052632
  4.9        -1.25086749]",1404.4139821529388
0.18660800000000002,[0.7507359],"[ 0.27368421  5.23333333  0.4877193   5.03333333 -0.69573849  0.28596491
  5.26666667  0.49824561  4.9        -1.14895916  0.29649123  5.23333333
  0.51052632  4.9        -1.25086749  0.30526316  5.23333333  0.51929825
  4.96666667 -0.24926412]",1404.4943113327026
0.18648800000000001,[-0.2873854],"[ 0.28596491  5.26666667  0.49824561  4.9        -1.14895916  0.29649123
  5.23333333  0.51052632  4.9        -1.25086749  0.30526316  5.23333333
  0.51929825  4.96666667 -0.24926412  0.31052632  5.26666667  0.5245614
  4.93333333 -1.28738546]",1404.5747544765472
0.186388,[-0.7905695],"[ 0.29649123  5.23333333  0.51052632  4.9        -1.25086749  0.30526316
  5.23333333  0.51929825  4.96666667 -0.24926412  0.31052632  5.26666667
  0.5245614   4.93333333 -1.28738546  0.31754386  5.36666667  0.52982456
  4.73333333 -1.79056954]",1404.654458284378
0.17881999999999998,[0.2871905],"[ 0.30526316  5.23333333  0.51929825  4.96666667 -0.24926412  0.31052632
  5.26666667  0.5245614   4.93333333 -1.28738546  0.31754386  5.36666667
  0.52982456  4.73333333 -1.79056954  0.31929825  5.2         0.53157895
  4.8        -0.7128095 ]",1404.7347359657288
0.17131200000000005,[-0.91387665],"[ 0.31052632  5.26666667  0.5245614   4.93333333 -1.28738546  0.31754386
  5.36666667  0.52982456  4.73333333 -1.79056954  0.31929825  5.2
  0.53157895  4.8        -0.7128095   0.32105263  5.06666667  0.53508772
  4.93333333 -1.91387665]",1404.814377784729
0.173888,[-0.8711475],"[ 0.31754386  5.36666667  0.52982456  4.73333333 -1.79056954  0.31929825
  5.2         0.53157895  4.8        -0.7128095   0.32105263  5.06666667
  0.53508772  4.93333333 -1.91387665  0.32807018  5.2         0.54035088
  4.83333333 -1.87114751]",1404.8946778774261
0.181536,[-0.91710514],"[ 0.31929825  5.2         0.53157895  4.8        -0.7128095   0.32105263
  5.06666667  0.53508772  4.93333333 -1.91387665  0.32807018  5.2
  0.54035088  4.83333333 -1.87114751  0.33508772  5.1         0.54912281
  4.96666667 -1.9171052 ]",1404.975312948227
0.19429600000000002,[0.8447469],"[ 0.32105263  5.06666667  0.53508772  4.93333333 -1.91387665  0.32807018
  5.2         0.54035088  4.83333333 -1.87114751  0.33508772  5.1
  0.54912281  4.96666667 -1.9171052   0.34561404  4.93333333  0.56140351
  5.1        -0.15525311]",1405.0547771453857
0.20446,[0.39572874],"[ 0.32807018  5.2         0.54035088  4.83333333 -1.87114751  0.33508772
  5.1         0.54912281  4.96666667 -1.9171052   0.34561404  4.93333333
  0.56140351  5.1        -0.15525311  0.35789474  4.93333333  0.57368421
  5.06666667 -0.60427129]",1405.157749414444
0.20701599999999995,[-0.2002831],"[ 0.33508772  5.1         0.54912281  4.96666667 -1.9171052   0.34561404
  4.93333333  0.56140351  5.1        -0.15525311  0.35789474  4.93333333
  0.57368421  5.06666667 -0.60427129  0.36842105  5.1         0.58245614
  4.86666667 -1.20028305]",1405.2146406173706
0.20699599999999996,[-0.16516747],"[ 0.34561404  4.93333333  0.56140351  5.1        -0.15525311  0.35789474
  4.93333333  0.57368421  5.06666667 -0.60427129  0.36842105  5.1
  0.58245614  4.86666667 -1.20028305  0.37719298  5.26666667  0.5877193
  4.7        -1.16516745]",1405.2887380123138
0.19685199999999997,[-0.2224112],"[ 0.35789474  4.93333333  0.57368421  5.06666667 -0.60427129  0.36842105
  5.1         0.58245614  4.86666667 -1.20028305  0.37719298  5.26666667
  0.5877193   4.7        -1.16516745  0.37719298  5.13333333  0.59122807
  4.73333333 -1.22241116]",1405.3746256828308
0.19423600000000002,[-0.42480227],"[ 0.36842105  5.1         0.58245614  4.86666667 -1.20028305  0.37719298
  5.26666667  0.5877193   4.7        -1.16516745  0.37719298  5.13333333
  0.59122807  4.73333333 -1.22241116  0.37894737  5.03333333  0.59473684
  4.73333333 -1.4248023 ]",1405.4547441005707
0.196772,[-0.79279673],"[ 0.37719298  5.26666667  0.5877193   4.7        -1.16516745  0.37719298
  5.13333333  0.59122807  4.73333333 -1.22241116  0.37894737  5.03333333
  0.59473684  4.73333333 -1.4248023   0.3877193   5.03333333  0.6
  4.7        -1.79279673]",1405.5622010231018
0.20464000000000002,[-0.08475489],"[ 0.37719298  5.13333333  0.59122807  4.73333333 -1.22241116  0.37894737
  5.03333333  0.59473684  4.73333333 -1.4248023   0.3877193   5.03333333
  0.6         4.7        -1.79279673  0.39824561  4.96666667  0.61052632
  4.8        -1.08475494]",1405.6143321990967
0.212308,[0.19071427],"[ 0.37894737  5.03333333  0.59473684  4.73333333 -1.4248023   0.3877193
  5.03333333  0.6         4.7        -1.79279673  0.39824561  4.96666667
  0.61052632  4.8        -1.08475494  0.40701754  4.93333333  0.62280702
  4.83333333 -0.80928576]",1405.6992270946503
0.21736000000000005,[0.77662563],"[ 0.3877193   5.03333333  0.6         4.7        -1.79279673  0.39824561
  4.96666667  0.61052632  4.8        -1.08475494  0.40701754  4.93333333
  0.62280702  4.83333333 -0.80928576  0.41578947  4.96666667  0.62982456
  4.73333333 -0.22337437]",1405.7686514854431
0.21735999999999994,[-0.55233514],"[ 0.39824561  4.96666667  0.61052632  4.8        -1.08475494  0.40701754
  4.93333333  0.62280702  4.83333333 -0.80928576  0.41578947  4.96666667
  0.62982456  4.73333333 -0.22337437  0.42280702  5.06666667  0.63333333
  4.6        -1.55233514]",1405.856024980545
0.20459999999999995,[-0.45906815],"[ 0.40701754  4.93333333  0.62280702  4.83333333 -0.80928576  0.41578947
  4.96666667  0.62982456  4.73333333 -0.22337437  0.42280702  5.06666667
  0.63333333  4.6        -1.55233514  0.42631579  5.06666667  0.63684211
  4.46666667 -1.45906818]",1405.9391622543335
0.18936399999999998,[-0.06891601],"[ 0.41578947  4.96666667  0.62982456  4.73333333 -0.22337437  0.42280702
  5.06666667  0.63333333  4.6        -1.55233514  0.42631579  5.06666667
  0.63684211  4.46666667 -1.45906818  0.42631579  4.86666667  0.64035088
  4.63333333 -1.06891596]",1406.0149450302124
0.17915999999999999,[-0.9155873],"[ 0.42280702  5.06666667  0.63333333  4.6        -1.55233514  0.42631579
  5.06666667  0.63684211  4.46666667 -1.45906818  0.42631579  4.86666667
  0.64035088  4.63333333 -1.06891596  0.42807018  4.83333333  0.64385965
  4.7        -1.91558731]",1406.0901610851288
0.17916,[0.7636809],"[ 0.42631579  5.06666667  0.63684211  4.46666667 -1.45906818  0.42631579
  4.86666667  0.64035088  4.63333333 -1.06891596  0.42807018  4.83333333
  0.64385965  4.7        -1.91558731  0.43333333  4.86666667  0.64736842
  4.7        -0.23631912]",1406.1697630882263
0.18185599999999996,[-0.54146016],"[ 0.42631579  4.86666667  0.64035088  4.63333333 -1.06891596  0.42807018
  4.83333333  0.64385965  4.7        -1.91558731  0.43333333  4.86666667
  0.64736842  4.7        -0.23631912  0.44210526  4.73333333  0.65614035
  4.83333333 -1.54146016]",1406.254925251007
