reward,action,obs,time
,,"[0.         0.         0.         0.         0.         0.
 0.         0.         0.         0.         0.         0.
 0.         0.         0.         0.03157895 5.76666667 0.24561404
 5.36666667 0.        ]",2752.1460480690002
-0.0024360000000000007,[-0.89377034],"[ 0.          0.          0.          0.          0.          0.
  0.          0.          0.          0.          0.03157895  5.76666667
  0.24561404  5.36666667  0.          0.02982456  5.56666667  0.24385965
  5.46666667 -1.89377034]",2752.308819293976
1.9999999999999185e-05,[-0.9870393],"[ 0.          0.          0.          0.          0.          0.03157895
  5.76666667  0.24561404  5.36666667  0.          0.02982456  5.56666667
  0.24385965  5.46666667 -1.89377034  0.03157895  5.73333333  0.24561404
  5.36666667 -1.98703933]",2752.350492477417
-0.0024360000000000007,[-0.9784542],"[ 0.03157895  5.76666667  0.24561404  5.36666667  0.          0.02982456
  5.56666667  0.24385965  5.46666667 -1.89377034  0.03157895  5.73333333
  0.24561404  5.36666667 -1.98703933  0.02982456  5.56666667  0.24561404
  5.43333333 -1.97845411]",2752.4050149917603
-0.0024360000000000007,[-0.73944384],"[ 0.02982456  5.56666667  0.24385965  5.46666667 -1.89377034  0.03157895
  5.73333333  0.24561404  5.36666667 -1.98703933  0.02982456  5.56666667
  0.24561404  5.43333333 -1.97845411  0.02982456  5.56666667  0.24561404
  5.43333333 -1.73944378]",2752.4532198905945
9.999999999999593e-05,[0.66539687],"[ 0.03157895  5.73333333  0.24561404  5.36666667 -1.98703933  0.02982456
  5.56666667  0.24561404  5.43333333 -1.97845411  0.02982456  5.56666667
  0.24561404  5.43333333 -1.73944378  0.03157895  5.6         0.24561404
  5.43333333 -0.33460313]",2752.503513813019
-0.0023960000000000023,[-0.86662024],"[ 0.02982456  5.56666667  0.24561404  5.43333333 -1.97845411  0.02982456
  5.56666667  0.24561404  5.43333333 -1.73944378  0.03157895  5.6
  0.24561404  5.43333333 -0.33460313  0.02982456  5.5         0.24561404
  5.53333333 -1.8666203 ]",2752.5536568164825
0.00025999999999999635,[-0.8452164],"[ 0.02982456  5.56666667  0.24561404  5.43333333 -1.73944378  0.03157895
  5.6         0.24561404  5.43333333 -0.33460313  0.02982456  5.5
  0.24561404  5.53333333 -1.8666203   0.03157895  5.33333333  0.24736842
  5.7        -1.84521639]",2752.603901386261
0.0027559999999999946,[-0.41806278],"[ 0.03157895  5.6         0.24561404  5.43333333 -0.33460313  0.02982456
  5.5         0.24561404  5.53333333 -1.8666203   0.03157895  5.33333333
  0.24736842  5.7        -1.84521639  0.03333333  5.43333333  0.24912281
  5.6        -1.41806281]",2752.6539239883423
0.005291999999999998,[-0.4818052],"[ 0.02982456  5.5         0.24561404  5.53333333 -1.8666203   0.03157895
  5.33333333  0.24736842  5.7        -1.84521639  0.03333333  5.43333333
  0.24912281  5.6        -1.41806281  0.03508772  5.46666667  0.24912281
  5.53333333 -1.48180521]",2752.7112929821014
0.007888,[-0.18355489],"[ 0.03157895  5.33333333  0.24736842  5.7        -1.84521639  0.03333333
  5.43333333  0.24912281  5.6        -1.41806281  0.03508772  5.46666667
  0.24912281  5.53333333 -1.48180521  0.03684211  5.4         0.25087719
  5.63333333 -1.18355489]",2752.7850935459137
0.015535999999999994,[0.5880689],"[ 0.03333333  5.43333333  0.24912281  5.6        -1.41806281  0.03508772
  5.46666667  0.24912281  5.53333333 -1.48180521  0.03684211  5.4
  0.25087719  5.63333333 -1.18355489  0.04210526  5.43333333  0.25438596
  5.63333333 -0.4119311 ]",2752.8711631298065
0.023143999999999998,[-0.60883623],"[ 0.03508772  5.46666667  0.24912281  5.53333333 -1.48180521  0.03684211
  5.4         0.25087719  5.63333333 -1.18355489  0.04210526  5.43333333
  0.25438596  5.63333333 -0.4119311   0.04736842  5.53333333  0.26140351
  5.53333333 -1.60883617]",2752.95165681839
0.030771999999999994,[-0.61023796],"[ 0.03684211  5.4         0.25087719  5.63333333 -1.18355489  0.04210526
  5.43333333  0.25438596  5.63333333 -0.4119311   0.04736842  5.53333333
  0.26140351  5.53333333 -1.60883617  0.05263158  5.6         0.26666667
  5.43333333 -1.61023796]",2753.0316026210785
0.033428,[0.68428254],"[ 0.04210526  5.43333333  0.25438596  5.63333333 -0.4119311   0.04736842
  5.53333333  0.26140351  5.53333333 -1.60883617  0.05263158  5.6
  0.26666667  5.43333333 -1.61023796  0.05438596  5.43333333  0.27017544
  5.63333333 -0.31571746]",2753.1111538410187
0.03856,[-0.06101779],"[ 0.04736842  5.53333333  0.26140351  5.53333333 -1.60883617  0.05263158
  5.6         0.26666667  5.43333333 -1.61023796  0.05438596  5.43333333
  0.27017544  5.63333333 -0.31571746  0.05789474  5.4         0.27192982
  5.73333333 -1.06101775]",2753.1915748119354
0.043572,[-0.7737167],"[ 0.05263158  5.6         0.26666667  5.43333333 -1.61023796  0.05438596
  5.43333333  0.27017544  5.63333333 -0.31571746  0.05789474  5.4
  0.27192982  5.73333333 -1.06101775  0.06140351  5.56666667  0.2754386
  5.56666667 -1.77371669]",2753.2708587646484
0.05131999999999999,[0.8163049],"[ 0.05438596  5.43333333  0.27017544  5.63333333 -0.31571746  0.05789474
  5.4         0.27192982  5.73333333 -1.06101775  0.06140351  5.56666667
  0.2754386   5.56666667 -1.77371669  0.06666667  5.43333333  0.28070175
  5.63333333 -0.18369508]",2753.351152420044
0.06160399999999999,[-0.3755956],"[ 0.05789474  5.4         0.27192982  5.73333333 -1.06101775  0.06140351
  5.56666667  0.2754386   5.56666667 -1.77371669  0.06666667  5.43333333
  0.28070175  5.63333333 -0.18369508  0.07368421  5.33333333  0.28596491
  5.76666667 -1.37559557]",2753.432270526886
0.074284,[0.97724307],"[ 0.06140351  5.56666667  0.2754386   5.56666667 -1.77371669  0.06666667
  5.43333333  0.28070175  5.63333333 -0.18369508  0.07368421  5.33333333
  0.28596491  5.76666667 -1.37559557  0.08245614  5.5         0.29473684
  5.66666667 -0.02275693]",2753.510807275772
0.084508,[0.92123026],"[ 0.06666667  5.43333333  0.28070175  5.63333333 -0.18369508  0.07368421
  5.33333333  0.28596491  5.76666667 -1.37559557  0.08245614  5.5
  0.29473684  5.66666667 -0.02275693  0.08947368  5.5         0.30175439
  5.63333333 -0.07876974]",2753.5912141799927
0.094492,[-0.30598602],"[ 0.07368421  5.33333333  0.28596491  5.76666667 -1.37559557  0.08245614
  5.5         0.29473684  5.66666667 -0.02275693  0.08947368  5.5
  0.30175439  5.63333333 -0.07876974  0.09473684  5.7         0.31052632
  5.46666667 -1.30598605]",2753.6724531650543
0.10217999999999998,[-0.12048055],"[ 0.08245614  5.5         0.29473684  5.66666667 -0.02275693  0.08947368
  5.5         0.30175439  5.63333333 -0.07876974  0.09473684  5.7
  0.31052632  5.46666667 -1.30598605  0.10175439  5.83333333  0.31578947
  5.33333333 -1.12048054]",2753.7506914138794
0.10727199999999999,[0.35579976],"[ 0.08947368  5.5         0.30175439  5.63333333 -0.07876974  0.09473684
  5.7         0.31052632  5.46666667 -1.30598605  0.10175439  5.83333333
  0.31578947  5.33333333 -1.12048054  0.10350877  5.7         0.31929825
  5.46666667 -0.64420021]",2753.8258893489838
0.1149,[-0.80415857],"[ 0.09473684  5.7         0.31052632  5.46666667 -1.30598605  0.10175439
  5.83333333  0.31578947  5.33333333 -1.12048054  0.10350877  5.7
  0.31929825  5.46666667 -0.64420021  0.10877193  5.76666667  0.3245614
  5.43333333 -1.80415857]",2753.9113261699677
0.11999199999999999,[-0.02501073],"[ 0.10175439  5.83333333  0.31578947  5.33333333 -1.12048054  0.10350877
  5.7         0.31929825  5.46666667 -0.64420021  0.10877193  5.76666667
  0.3245614   5.43333333 -1.80415857  0.11403509  5.83333333  0.32982456
  5.36666667 -1.0250107 ]",2753.993159532547
0.12508399999999997,[-0.9289828],"[ 0.10350877  5.7         0.31929825  5.46666667 -0.64420021  0.10877193
  5.76666667  0.3245614   5.43333333 -1.80415857  0.11403509  5.83333333
  0.32982456  5.36666667 -1.0250107   0.11578947  5.76666667  0.33859649
  5.5        -1.92898273]",2754.065085411072
0.16338399999999997,[0.35518572],"[ 0.10877193  5.76666667  0.3245614   5.43333333 -1.80415857  0.11403509
  5.83333333  0.32982456  5.36666667 -1.0250107   0.11578947  5.76666667
  0.33859649  5.5        -1.92898273  0.14385965  5.66666667  0.34561404
  5.56666667 -0.64481425]",2754.15154337883
0.16863599999999995,[0.6596668],"[ 0.11403509  5.83333333  0.32982456  5.36666667 -1.0250107   0.11578947
  5.76666667  0.33859649  5.5        -1.92898273  0.14385965  5.66666667
  0.34561404  5.56666667 -0.64481425  0.14912281  5.53333333  0.35614035
  5.6        -0.34033322]",2754.2315950393677
0.17366800000000002,[-0.41266373],"[ 0.11578947  5.76666667  0.33859649  5.5        -1.92898273  0.14385965
  5.66666667  0.34561404  5.56666667 -0.64481425  0.14912281  5.53333333
  0.35614035  5.6        -0.34033322  0.15438596  5.7         0.36315789
  5.4        -1.4126637 ]",2754.3110525608063
0.176144,[-0.62139034],"[ 0.14385965  5.66666667  0.34561404  5.56666667 -0.64481425  0.14912281
  5.53333333  0.35614035  5.6        -0.34033322  0.15438596  5.7
  0.36315789  5.4        -1.4126637   0.15789474  5.76666667  0.36842105
  5.2        -1.62139034]",2754.3909068107605
0.173688,[0.84200287],"[ 0.14912281  5.53333333  0.35614035  5.6        -0.34033322  0.15438596
  5.7         0.36315789  5.4        -1.4126637   0.15789474  5.76666667
  0.36842105  5.2        -1.62139034  0.16140351  5.63333333  0.37368421
  5.33333333 -0.15799713]",2754.471400499344
0.17121199999999998,[-0.5582844],"[ 0.15438596  5.7         0.36315789  5.4        -1.4126637   0.15789474
  5.76666667  0.36842105  5.2        -1.62139034  0.16140351  5.63333333
  0.37368421  5.33333333 -0.15799713  0.16491228  5.6         0.37719298
  5.4        -1.5582844 ]",2754.5530145168304
0.17884000000000003,[-0.5228894],"[ 0.15789474  5.76666667  0.36842105  5.2        -1.62139034  0.16140351
  5.63333333  0.37368421  5.33333333 -0.15799713  0.16491228  5.6
  0.37719298  5.4        -1.5582844   0.1754386   5.73333333  0.38421053
  5.23333333 -1.52288938]",2754.631420850754
0.18904399999999996,[0.4536671],"[ 0.16140351  5.63333333  0.37368421  5.33333333 -0.15799713  0.16491228
  5.6         0.37719298  5.4        -1.5582844   0.1754386   5.73333333
  0.38421053  5.23333333 -1.52288938  0.18421053  5.6         0.39473684
  5.26666667 -0.5463329 ]",2754.71085190773
0.19924800000000004,[-0.3654558],"[ 0.16491228  5.6         0.37719298  5.4        -1.5582844   0.1754386
  5.73333333  0.38421053  5.23333333 -1.52288938  0.18421053  5.6
  0.39473684  5.26666667 -0.5463329   0.19473684  5.6         0.40701754
  5.3        -1.36545587]",2754.784981250763
0.20695599999999997,[-0.30717495],"[ 0.1754386   5.73333333  0.38421053  5.23333333 -1.52288938  0.18421053
  5.6         0.39473684  5.26666667 -0.5463329   0.19473684  5.6
  0.40701754  5.3        -1.36545587  0.20350877  5.7         0.41754386
  5.13333333 -1.30717492]",2754.865758895874
0.21462399999999998,[-0.93547994],"[ 0.18421053  5.6         0.39473684  5.26666667 -0.5463329   0.19473684
  5.6         0.40701754  5.3        -1.36545587  0.20350877  5.7
  0.41754386  5.13333333 -1.30717492  0.21403509  5.56666667  0.42631579
  5.13333333 -1.93547988]",2754.9509217739105
0.214624,[0.9894868],"[ 0.19473684  5.6         0.40701754  5.3        -1.36545587  0.20350877
  5.7         0.41754386  5.13333333 -1.30717492  0.21403509  5.56666667
  0.42631579  5.13333333 -1.93547988  0.22105263  5.46666667  0.43508772
  5.23333333 -0.01051319]",2755.03129863739
0.20963199999999996,[-0.46644616],"[ 0.20350877  5.7         0.41754386  5.13333333 -1.30717492  0.21403509
  5.56666667  0.42631579  5.13333333 -1.93547988  0.22105263  5.46666667
  0.43508772  5.23333333 -0.01051319  0.22631579  5.43333333  0.44035088
  5.26666667 -1.46644616]",2755.1109528541565
0.209572,[-0.9740474],"[ 0.21403509  5.56666667  0.42631579  5.13333333 -1.93547988  0.22105263
  5.46666667  0.43508772  5.23333333 -0.01051319  0.22631579  5.43333333
  0.44035088  5.26666667 -1.46644616  0.23333333  5.53333333  0.44561404
  5.1        -1.97404742]",2755.1917061805725
0.207216,[-0.8587505],"[ 0.22105263  5.46666667  0.43508772  5.23333333 -0.01051319  0.22631579
  5.43333333  0.44035088  5.26666667 -1.46644616  0.23333333  5.53333333
  0.44561404  5.1        -1.97404742  0.23684211  5.4         0.45087719
  5.16666667 -1.85875058]",2755.2733743190765
0.20739600000000005,[-0.25449994],"[ 0.22631579  5.43333333  0.44035088  5.26666667 -1.46644616  0.23333333
  5.53333333  0.44561404  5.1        -1.97404742  0.23684211  5.4
  0.45087719  5.16666667 -1.85875058  0.24385965  5.23333333  0.45789474
  5.3        -1.25449991]",2755.3511867523193
0.21755999999999998,[-0.7890139],"[ 0.23333333  5.53333333  0.44561404  5.1        -1.97404742  0.23684211
  5.4         0.45087719  5.16666667 -1.85875058  0.24385965  5.23333333
  0.45789474  5.3        -1.25449991  0.25263158  5.2         0.46666667
  5.3        -1.78901386]",2755.431298971176
0.22271199999999997,[-0.19376631],"[ 0.23684211  5.4         0.45087719  5.16666667 -1.85875058  0.24385965
  5.23333333  0.45789474  5.3        -1.25449991  0.25263158  5.2
  0.46666667  5.3        -1.78901386  0.26140351  5.2         0.47719298
  5.26666667 -1.19376636]",2755.513739347458
0.23043999999999998,[-0.31015965],"[ 0.24385965  5.23333333  0.45789474  5.3        -1.25449991  0.25263158
  5.2         0.46666667  5.3        -1.78901386  0.26140351  5.2
  0.47719298  5.26666667 -1.19376636  0.27192982  5.16666667  0.48596491
  5.33333333 -1.31015968]",2755.591133117676
0.23804799999999995,[-0.06684959],"[ 0.25263158  5.2         0.46666667  5.3        -1.78901386  0.26140351
  5.2         0.47719298  5.26666667 -1.19376636  0.27192982  5.16666667
  0.48596491  5.33333333 -1.31015968  0.27894737  5.2         0.49298246
  5.3        -1.06684959]",2755.6729369163513
0.20478000000000002,[-0.976273],"[ 0.26140351  5.2         0.47719298  5.26666667 -1.19376636  0.27192982
  5.16666667  0.48596491  5.33333333 -1.31015968  0.27894737  5.2
  0.49298246  5.3        -1.06684959  0.28421053  5.16666667  0.5
  5.26666667 -1.97627306]",2755.7465846538544
0.20216399999999995,[-0.85176057],"[ 0.27192982  5.16666667  0.48596491  5.33333333 -1.31015968  0.27894737
  5.2         0.49298246  5.3        -1.06684959  0.28421053  5.16666667
  0.5         5.26666667 -1.97627306  0.2877193   5.13333333  0.50350877
  5.3        -1.85176063]",2755.8318219184875
0.202364,[-0.8552683],"[ 0.27894737  5.2         0.49298246  5.3        -1.06684959  0.28421053
  5.16666667  0.5         5.26666667 -1.97627306  0.2877193   5.13333333
  0.50350877  5.3        -1.85176063  0.29298246  4.96666667  0.50701754
  5.43333333 -1.85526824]",2755.91481256485
0.20498,[-0.5972949],"[ 0.28421053  5.16666667  0.5         5.26666667 -1.97627306  0.2877193
  5.13333333  0.50350877  5.3        -1.85176063  0.29298246  4.96666667
  0.50701754  5.43333333 -1.85526824  0.29824561  4.93333333  0.50877193
  5.53333333 -1.59729493]",2755.9913418293
0.20230399999999998,[0.55196446],"[ 0.2877193   5.13333333  0.50350877  5.3        -1.85176063  0.29298246
  4.96666667  0.50701754  5.43333333 -1.85526824  0.29824561  4.93333333
  0.50877193  5.53333333 -1.59729493  0.3         5.          0.5122807
  5.6        -0.44803554]",2756.0712928771973
0.20478000000000002,[-0.7529837],"[ 0.29298246  4.96666667  0.50701754  5.43333333 -1.85526824  0.29824561
  4.93333333  0.50877193  5.53333333 -1.59729493  0.3         5.
  0.5122807   5.6        -0.44803554  0.30526316  5.1         0.51754386
  5.56666667 -1.75298369]",2756.1512792110443
0.19457600000000003,[-0.44047982],"[ 0.29824561  4.93333333  0.50877193  5.53333333 -1.59729493  0.3
  5.          0.5122807   5.6        -0.44803554  0.30526316  5.1
  0.51754386  5.56666667 -1.75298369  0.30877193  5.2         0.5245614
  5.36666667 -1.44047976]",2756.2309849262238
0.1894240000000001,[0.8401762],"[ 0.3         5.          0.5122807   5.6        -0.44803554  0.30526316
  5.1         0.51754386  5.56666667 -1.75298369  0.30877193  5.2
  0.5245614   5.36666667 -1.44047976  0.31403509  5.13333333  0.52807018
  5.43333333 -0.15982378]",2756.3152763843536
0.18433200000000002,[0.8386004],"[ 0.30526316  5.1         0.51754386  5.56666667 -1.75298369  0.30877193
  5.2         0.5245614   5.36666667 -1.44047976  0.31403509  5.13333333
  0.52807018  5.43333333 -0.15982378  0.32105263  5.1         0.53333333
  5.5        -0.1613996 ]",2756.385085582733
0.17912000000000003,[-0.14236341],"[ 0.30877193  5.2         0.5245614   5.36666667 -1.44047976  0.31403509
  5.13333333  0.52807018  5.43333333 -0.15982378  0.32105263  5.1
  0.53333333  5.5        -0.1613996   0.32631579  5.36666667  0.54210526
  5.3        -1.14236343]",2756.464975833893
0.173888,[0.83059597],"[ 0.31403509  5.13333333  0.52807018  5.43333333 -0.15982378  0.32105263
  5.1         0.53333333  5.5        -0.1613996   0.32631579  5.36666667
  0.54210526  5.3        -1.14236343  0.33333333  5.43333333  0.54912281
  5.2        -0.16940403]",2756.5459423065186
0.16873600000000002,[-0.12899196],"[ 0.32105263  5.1         0.53333333  5.5        -0.1613996   0.32631579
  5.36666667  0.54210526  5.3        -1.14236343  0.33333333  5.43333333
  0.54912281  5.2        -0.16940403  0.33684211  5.4         0.55263158
  5.26666667 -1.12899196]",2756.625264406204
0.16867600000000005,[-0.96681],"[ 0.32631579  5.36666667  0.54210526  5.3        -1.14236343  0.33333333
  5.43333333  0.54912281  5.2        -0.16940403  0.33684211  5.4
  0.55263158  5.26666667 -1.12899196  0.34210526  5.46666667  0.55614035
  5.13333333 -1.96680999]",2756.7061970233917
0.16624,[-0.74897885],"[ 0.33333333  5.43333333  0.54912281  5.2        -0.16940403  0.33684211
  5.4         0.55263158  5.26666667 -1.12899196  0.34210526  5.46666667
  0.55614035  5.13333333 -1.96680999  0.34736842  5.36666667  0.56315789
  5.23333333 -1.74897885]",2756.790050983429
0.17135199999999998,[-0.4781881],"[ 0.33684211  5.4         0.55263158  5.26666667 -1.12899196  0.34210526
  5.46666667  0.55614035  5.13333333 -1.96680999  0.34736842  5.36666667
  0.56315789  5.23333333 -1.74897885  0.35438596  5.23333333  0.57017544
  5.43333333 -1.47818804]",2756.871114253998
0.17378799999999991,[-0.92769843],"[ 0.34210526  5.46666667  0.55614035  5.13333333 -1.96680999  0.34736842
  5.36666667  0.56315789  5.23333333 -1.74897885  0.35438596  5.23333333
  0.57017544  5.43333333 -1.47818804  0.36315789  5.26666667  0.57719298
  5.5        -1.92769837]",2756.9450001716614
0.17121199999999998,[-0.54592025],"[ 0.34736842  5.36666667  0.56315789  5.23333333 -1.74897885  0.35438596
  5.23333333  0.57017544  5.43333333 -1.47818804  0.36315789  5.26666667
  0.57719298  5.5        -1.92769837  0.37017544  5.26666667  0.58421053
  5.56666667 -1.54592025]",2757.0250244140625
0.168696,[0.8256788],"[ 0.35438596  5.23333333  0.57017544  5.43333333 -1.47818804  0.36315789
  5.26666667  0.57719298  5.5        -1.92769837  0.37017544  5.26666667
  0.58421053  5.56666667 -1.54592025  0.37719298  5.2         0.59122807
  5.66666667 -0.17432117]",2757.105137825012
0.163524,[-0.93914795],"[ 0.36315789  5.26666667  0.57719298  5.5        -1.92769837  0.37017544
  5.26666667  0.58421053  5.56666667 -1.54592025  0.37719298  5.2
  0.59122807  5.66666667 -0.17432117  0.38421053  5.26666667  0.59824561
  5.56666667 -1.93914795]",2757.1912422180176
0.16092800000000007,[-0.31001157],"[ 0.37017544  5.26666667  0.58421053  5.56666667 -1.54592025  0.37719298
  5.2         0.59122807  5.66666667 -0.17432117  0.38421053  5.26666667
  0.59824561  5.56666667 -1.93914795  0.38947368  5.36666667  0.60526316
  5.36666667 -1.31001163]",2757.2668714523315
0.15839199999999998,[-0.800814],"[ 0.37719298  5.2         0.59122807  5.66666667 -0.17432117  0.38421053
  5.26666667  0.59824561  5.56666667 -1.93914795  0.38947368  5.36666667
  0.60526316  5.36666667 -1.31001163  0.39298246  5.3         0.60877193
  5.46666667 -1.80081391]",2757.3454394340515
0.15843200000000007,[0.77809596],"[ 0.38421053  5.26666667  0.59824561  5.56666667 -1.93914795  0.38947368
  5.36666667  0.60526316  5.36666667 -1.31001163  0.39298246  5.3
  0.60877193  5.46666667 -1.80081391  0.39649123  5.2         0.61052632
  5.6        -0.22190404]",2757.4313304424286
0.16088799999999992,[0.03308504],"[ 0.38947368  5.36666667  0.60526316  5.36666667 -1.31001163  0.39298246
  5.3         0.60877193  5.46666667 -1.80081391  0.39649123  5.2
  0.61052632  5.6        -0.22190404  0.40350877  5.2         0.61403509
  5.66666667 -0.96691495]",2757.50514793396
0.16332399999999997,[0.69198024],"[ 0.39298246  5.3         0.60877193  5.46666667 -1.80081391  0.39649123
  5.2         0.61052632  5.6        -0.22190404  0.40350877  5.2
  0.61403509  5.66666667 -0.96691495  0.41052632  5.36666667  0.62280702
  5.53333333 -0.30801976]",2757.5901079177856
0.17099200000000003,[-0.7973392],"[ 0.39649123  5.2         0.61052632  5.6        -0.22190404  0.40350877
  5.2         0.61403509  5.66666667 -0.96691495  0.41052632  5.36666667
  0.62280702  5.53333333 -0.30801976  0.41754386  5.43333333  0.63157895
  5.46666667 -1.7973392 ]",2757.6692118644714
0.17358800000000002,[-0.6449436],"[ 0.40350877  5.2         0.61403509  5.66666667 -0.96691495  0.41052632
  5.36666667  0.62280702  5.53333333 -0.30801976  0.41754386  5.43333333
  0.63157895  5.46666667 -1.7973392   0.4245614   5.46666667  0.63859649
  5.43333333 -1.64494359]",2757.751497745514
0.17626399999999998,[0.02178664],"[ 0.41052632  5.36666667  0.62280702  5.53333333 -0.30801976  0.41754386
  5.43333333  0.63157895  5.46666667 -1.7973392   0.4245614   5.46666667
  0.63859649  5.43333333 -1.64494359  0.42982456  5.36666667  0.64385965
  5.6        -0.97821337]",2757.831955909729
0.17878,[-0.5167986],"[ 0.41754386  5.43333333  0.63157895  5.46666667 -1.7973392   0.4245614
  5.46666667  0.63859649  5.43333333 -1.64494359  0.42982456  5.36666667
  0.64385965  5.6        -0.97821337  0.43684211  5.36666667  0.64912281
  5.7        -1.51679862]",2757.9056215286255
0.176184,[0.6031078],"[ 0.4245614   5.46666667  0.63859649  5.43333333 -1.64494359  0.42982456
  5.36666667  0.64385965  5.6        -0.97821337  0.43684211  5.36666667
  0.64912281  5.7        -1.51679862  0.44210526  5.4         0.65438596
  5.66666667 -0.39689219]",2757.9915537834167
0.17632399999999998,[-0.6297562],"[ 0.42982456  5.36666667  0.64385965  5.6        -0.97821337  0.43684211
  5.36666667  0.64912281  5.7        -1.51679862  0.44210526  5.4
  0.65438596  5.66666667 -0.39689219  0.44736842  5.43333333  0.66140351
  5.7        -1.62975621]",2758.0710921287537
0.17370800000000003,[0.04308374],"[ 0.43684211  5.36666667  0.64912281  5.7        -1.51679862  0.44210526
  5.4         0.65438596  5.66666667 -0.39689219  0.44736842  5.43333333
  0.66140351  5.7        -1.62975621  0.45263158  5.6         0.66666667
  5.63333333 -0.95691627]",2758.1451318264008
0.17885999999999996,[0.86732745],"[ 0.44210526  5.4         0.65438596  5.66666667 -0.39689219  0.44736842
  5.43333333  0.66140351  5.7        -1.62975621  0.45263158  5.6
  0.66666667  5.63333333 -0.95691627  0.45964912  5.5         0.67192982
  5.7        -0.13267255]",2758.231602907181
0.17886000000000002,[0.6105296],"[ 0.44736842  5.43333333  0.66140351  5.7        -1.62975621  0.45263158
  5.6         0.66666667  5.63333333 -0.95691627  0.45964912  5.5
  0.67192982  5.7        -0.13267255  0.46491228  5.56666667  0.67894737
  5.56666667 -0.3894704 ]",2758.3050150871277
0.18381199999999998,[-0.64355433],"[ 0.45263158  5.6         0.66666667  5.63333333 -0.95691627  0.45964912
  5.5         0.67192982  5.7        -0.13267255  0.46491228  5.56666667
  0.67894737  5.56666667 -0.3894704   0.47368421  5.73333333  0.68421053
  5.33333333 -1.64355433]",2758.3888161182404
0.1786000000000001,[-0.7505467],"[ 0.45964912  5.5         0.67192982  5.7        -0.13267255  0.46491228
  5.56666667  0.67894737  5.56666667 -0.3894704   0.47368421  5.73333333
  0.68421053  5.33333333 -1.64355433  0.47719298  5.76666667  0.68947368
  5.36666667 -1.75054669]",2758.465720653534
0.171072,[-0.1131366],"[ 0.46491228  5.56666667  0.67894737  5.56666667 -0.3894704   0.47368421
  5.73333333  0.68421053  5.33333333 -1.64355433  0.47719298  5.76666667
  0.68947368  5.36666667 -1.75054669  0.48070175  5.56666667  0.69298246
  5.6        -1.11313665]",2758.5450327396393
0.16598000000000002,[0.4932688],"[ 0.47368421  5.73333333  0.68421053  5.33333333 -1.64355433  0.47719298
  5.76666667  0.68947368  5.36666667 -1.75054669  0.48070175  5.56666667
  0.69298246  5.6        -1.11313665  0.48421053  5.53333333  0.69824561
  5.66666667 -0.50673121]",2758.626371383667
0.168396,[-0.12961493],"[ 0.47719298  5.76666667  0.68947368  5.36666667 -1.75054669  0.48070175
  5.56666667  0.69298246  5.6        -1.11313665  0.48421053  5.53333333
  0.69824561  5.66666667 -0.50673121  0.49298246  5.7         0.70526316
  5.5        -1.12961495]",2758.7110505104065
0.170952,[-0.9053954],"[ 0.48070175  5.56666667  0.69298246  5.6        -1.11313665  0.48421053
  5.53333333  0.69824561  5.66666667 -0.50673121  0.49298246  5.7
  0.70526316  5.5        -1.12961495  0.50175439  5.76666667  0.71403509
  5.36666667 -1.90539539]",2758.790772676468
0.1710919999999999,[-0.22134204],"[ 0.48421053  5.53333333  0.69824561  5.66666667 -0.50673121  0.49298246
  5.7         0.70526316  5.5        -1.12961495  0.50175439  5.76666667
  0.71403509  5.36666667 -1.90539539  0.50701754  5.63333333  0.72105263
  5.46666667 -1.22134209]",2758.8721656799316
0.17366800000000004,[-0.7579493],"[ 0.49298246  5.7         0.70526316  5.5        -1.12961495  0.50175439
  5.76666667  0.71403509  5.36666667 -1.90539539  0.50701754  5.63333333
  0.72105263  5.46666667 -1.22134209  0.5122807   5.53333333  0.7245614
  5.6        -1.75794935]",2758.9537308216095
0.17872,[0.6775136],"[ 0.50175439  5.76666667  0.71403509  5.36666667 -1.90539539  0.50701754
  5.63333333  0.72105263  5.46666667 -1.22134209  0.5122807   5.53333333
  0.7245614   5.6        -1.75794935  0.51929825  5.53333333  0.73157895
  5.56666667 -0.3224864 ]",2759.030840396881
0.1787200000000001,[0.45623115],"[ 0.50701754  5.63333333  0.72105263  5.46666667 -1.22134209  0.5122807
  5.53333333  0.7245614   5.6        -1.75794935  0.51929825  5.53333333
  0.73157895  5.56666667 -0.3224864   0.52631579  5.53333333  0.73859649
  5.56666667 -0.54376888]",2759.11461687088
0.18125600000000008,[-0.6042792],"[ 0.5122807   5.53333333  0.7245614   5.6        -1.75794935  0.51929825
  5.53333333  0.73157895  5.56666667 -0.3224864   0.52631579  5.53333333
  0.73859649  5.56666667 -0.54376888  0.53508772  5.73333333  0.74736842
  5.36666667 -1.60427928]",2759.1863117218018
