reward,action,obs,time
,,"[0.         0.         0.         0.         0.         0.
 0.         0.         0.         0.         0.         0.
 0.         0.         0.         0.02982456 5.63333333 0.24561404
 5.43333333 0.        ]",2637.2497231960297
0.002475999999999999,[0.98043156],"[ 0.          0.          0.          0.          0.          0.
  0.          0.          0.          0.          0.02982456  5.63333333
  0.24561404  5.43333333  0.          0.03157895  5.76666667  0.24561404
  5.36666667 -0.01956844]",2637.408129930496
3.999999999999837e-05,[-0.9341546],"[ 0.          0.          0.          0.          0.          0.02982456
  5.63333333  0.24561404  5.43333333  0.          0.03157895  5.76666667
  0.24561404  5.36666667 -0.01956844  0.02982456  5.56666667  0.24561404
  5.46666667 -1.93415463]",2637.4540300369263
0.0025359999999999966,[0.2271692],"[ 0.02982456  5.63333333  0.24561404  5.43333333  0.          0.03157895
  5.76666667  0.24561404  5.36666667 -0.01956844  0.02982456  5.56666667
  0.24561404  5.46666667 -1.93415463  0.03157895  5.66666667  0.24561404
  5.4        -0.77283078]",2637.505900144577
0.0025359999999999966,[-0.2797753],"[ 0.03157895  5.76666667  0.24561404  5.36666667 -0.01956844  0.02982456
  5.56666667  0.24561404  5.46666667 -1.93415463  0.03157895  5.66666667
  0.24561404  5.4        -0.77283078  0.03157895  5.66666667  0.24561404
  5.4        -1.27977526]",2637.5601482391357
0.0025559999999999958,[0.6526091],"[ 0.02982456  5.56666667  0.24561404  5.46666667 -1.93415463  0.03157895
  5.66666667  0.24561404  5.4        -0.77283078  0.03157895  5.66666667
  0.24561404  5.4        -1.27977526  0.03157895  5.63333333  0.24385965
  5.4        -0.34739089]",2637.6102368831635
0.0025359999999999966,[0.40590718],"[ 0.03157895  5.66666667  0.24561404  5.4        -0.77283078  0.03157895
  5.66666667  0.24561404  5.4        -1.27977526  0.03157895  5.63333333
  0.24385965  5.4        -0.34739089  0.03157895  5.66666667  0.24561404
  5.4        -0.59409285]",2637.6548125743866
0.0,[-0.9134935],"[ 0.03157895  5.66666667  0.24561404  5.4        -1.27977526  0.03157895
  5.63333333  0.24385965  5.4        -0.34739089  0.03157895  5.66666667
  0.24561404  5.4        -0.59409285  0.02982456  5.63333333  0.24385965
  5.43333333 -1.91349351]",2637.7062952518463
0.002575999999999995,[0.3705403],"[ 0.03157895  5.63333333  0.24385965  5.4        -0.34739089  0.03157895
  5.66666667  0.24561404  5.4        -0.59409285  0.02982456  5.63333333
  0.24385965  5.43333333 -1.91349351  0.03157895  5.6         0.24561404
  5.43333333 -0.62945974]",2637.7551534175873
0.0025359999999999966,[-0.7516898],"[ 0.03157895  5.66666667  0.24561404  5.4        -0.59409285  0.02982456
  5.63333333  0.24385965  5.43333333 -1.91349351  0.03157895  5.6
  0.24561404  5.43333333 -0.62945974  0.03157895  5.66666667  0.24561404
  5.36666667 -1.75168979]",2637.8109846115112
0.002575999999999995,[-0.05069014],"[ 0.02982456  5.63333333  0.24385965  5.43333333 -1.91349351  0.03157895
  5.6         0.24561404  5.43333333 -0.62945974  0.03157895  5.66666667
  0.24561404  5.36666667 -1.75168979  0.03157895  5.6         0.24561404
  5.4        -1.05069017]",2637.871104478836
0.0026359999999999995,[0.19544865],"[ 0.03157895  5.6         0.24561404  5.43333333 -0.62945974  0.03157895
  5.66666667  0.24561404  5.36666667 -1.75168979  0.03157895  5.6
  0.24561404  5.4        -1.05069017  0.03157895  5.5         0.24736842
  5.53333333 -0.80455136]",2637.9460287094116
0.0076879999999999935,[-0.58868533],"[ 0.03157895  5.66666667  0.24561404  5.36666667 -1.75168979  0.03157895
  5.6         0.24561404  5.4        -1.05069017  0.03157895  5.5
  0.24736842  5.53333333 -0.80455136  0.03508772  5.6         0.24736842
  5.43333333 -1.58868527]",2638.025456428528
0.007667999999999994,[-0.96944404],"[ 0.03157895  5.6         0.24561404  5.4        -1.05069017  0.03157895
  5.5         0.24736842  5.53333333 -0.80455136  0.03508772  5.6
  0.24736842  5.43333333 -1.58868527  0.03508772  5.63333333  0.24912281
  5.36666667 -1.96944404]",2638.109110355377
0.010343999999999999,[-0.79562426],"[ 0.03157895  5.5         0.24736842  5.53333333 -0.80455136  0.03508772
  5.6         0.24736842  5.43333333 -1.58868527  0.03508772  5.63333333
  0.24912281  5.36666667 -1.96944404  0.03684211  5.43333333  0.25087719
  5.56666667 -1.79562426]",2638.1863713264465
0.015515999999999997,[-0.16384286],"[ 0.03508772  5.6         0.24736842  5.43333333 -1.58868527  0.03508772
  5.63333333  0.24912281  5.36666667 -1.96944404  0.03684211  5.43333333
  0.25087719  5.56666667 -1.79562426  0.04035088  5.33333333  0.25438596
  5.66666667 -1.16384292]",2638.2654547691345
0.020587999999999995,[0.01753037],"[ 0.03508772  5.63333333  0.24912281  5.36666667 -1.96944404  0.03684211
  5.43333333  0.25087719  5.56666667 -1.79562426  0.04035088  5.33333333
  0.25438596  5.66666667 -1.16384292  0.04385965  5.4         0.25789474
  5.66666667 -0.98246962]",2638.34819149971
0.028195999999999992,[0.22836399],"[ 0.03684211  5.43333333  0.25087719  5.56666667 -1.79562426  0.04035088
  5.33333333  0.25438596  5.66666667 -1.16384292  0.04385965  5.4
  0.25789474  5.66666667 -0.98246962  0.04912281  5.5         0.26315789
  5.53333333 -0.77163601]",2638.4255208969116
0.033268,[-0.25889626],"[ 0.04035088  5.33333333  0.25438596  5.66666667 -1.16384292  0.04385965
  5.4         0.25789474  5.66666667 -0.98246962  0.04912281  5.5
  0.26315789  5.53333333 -0.77163601  0.05263158  5.56666667  0.26842105
  5.5        -1.25889623]",2638.510904073715
0.0384,[-0.12180292],"[ 0.04385965  5.4         0.25789474  5.66666667 -0.98246962  0.04912281
  5.5         0.26315789  5.53333333 -0.77163601  0.05263158  5.56666667
  0.26842105  5.5        -1.25889623  0.05614035  5.53333333  0.27017544
  5.5        -1.12180293]",2638.586669921875
0.038419999999999996,[-0.7279757],"[ 0.04912281  5.5         0.26315789  5.53333333 -0.77163601  0.05263158
  5.56666667  0.26842105  5.5        -1.25889623  0.05614035  5.53333333
  0.27017544  5.5        -1.12180293  0.05614035  5.5         0.27192982
  5.53333333 -1.72797573]",2638.664879322052
0.03851999999999999,[-0.06325416],"[ 0.05263158  5.56666667  0.26842105  5.5        -1.25889623  0.05614035
  5.53333333  0.27017544  5.5        -1.12180293  0.05614035  5.5
  0.27192982  5.53333333 -1.72797573  0.05789474  5.46666667  0.27192982
  5.53333333 -1.06325412]",2638.745094537735
0.046108,[-0.33564347],"[ 0.05614035  5.53333333  0.27017544  5.5        -1.12180293  0.05614035
  5.5         0.27192982  5.53333333 -1.72797573  0.05789474  5.46666667
  0.27192982  5.53333333 -1.06325412  0.06140351  5.4         0.2754386
  5.63333333 -1.33564353]",2638.8256952762604
0.043572000000000013,[-0.30834374],"[ 0.05614035  5.5         0.27192982  5.53333333 -1.72797573  0.05789474
  5.46666667  0.27192982  5.53333333 -1.06325412  0.06140351  5.4
  0.2754386   5.63333333 -1.33564353  0.06140351  5.46666667  0.2754386
  5.6        -1.30834377]",2638.9099311828613
0.048684000000000005,[0.9167669],"[ 0.05789474  5.46666667  0.27192982  5.53333333 -1.06325412  0.06140351
  5.4         0.2754386   5.63333333 -1.33564353  0.06140351  5.46666667
  0.2754386   5.6        -1.30834377  0.06491228  5.46666667  0.27894737
  5.6        -0.08323312]",2638.9865412712097
0.05118000000000002,[-0.60689896],"[ 0.06140351  5.4         0.2754386   5.63333333 -1.33564353  0.06140351
  5.46666667  0.2754386   5.6        -1.30834377  0.06491228  5.46666667
  0.27894737  5.6        -0.08323312  0.06666667  5.53333333  0.28245614
  5.56666667 -1.60689902]",2639.0650696754456
0.05878799999999999,[-0.49764535],"[ 0.06140351  5.46666667  0.2754386   5.6        -1.30834377  0.06491228
  5.46666667  0.27894737  5.6        -0.08323312  0.06666667  5.53333333
  0.28245614  5.56666667 -1.60689902  0.07192982  5.66666667  0.28421053
  5.36666667 -1.49764538]",2639.1500232219696
0.061383999999999994,[0.03430111],"[ 0.06491228  5.46666667  0.27894737  5.6        -0.08323312  0.06666667
  5.53333333  0.28245614  5.56666667 -1.60689902  0.07192982  5.66666667
  0.28421053  5.36666667 -1.49764538  0.07192982  5.56666667  0.28596491
  5.46666667 -0.9656989 ]",2639.225324869156
0.061404,[0.37632084],"[ 0.06666667  5.53333333  0.28245614  5.56666667 -1.60689902  0.07192982
  5.66666667  0.28421053  5.36666667 -1.49764538  0.07192982  5.56666667
  0.28596491  5.46666667 -0.9656989   0.07368421  5.5         0.28596491
  5.56666667 -0.62367916]",2639.3049290180206
0.066476,[-0.70305413],"[ 0.07192982  5.66666667  0.28421053  5.36666667 -1.49764538  0.07192982
  5.56666667  0.28596491  5.46666667 -0.9656989   0.07368421  5.5
  0.28596491  5.56666667 -0.62367916  0.07719298  5.63333333  0.28947368
  5.46666667 -1.70305419]",2639.3899273872375
0.07410399999999999,[-0.14992711],"[ 0.07192982  5.56666667  0.28596491  5.46666667 -0.9656989   0.07368421
  5.5         0.28596491  5.56666667 -0.62367916  0.07719298  5.63333333
  0.28947368  5.46666667 -1.70305419  0.08245614  5.63333333  0.29473684
  5.43333333 -1.14992714]",2639.4709870815277
0.081812,[0.46308416],"[ 0.07368421  5.5         0.28596491  5.56666667 -0.62367916  0.07719298
  5.63333333  0.28947368  5.46666667 -1.70305419  0.08245614  5.63333333
  0.29473684  5.43333333 -1.14992714  0.0877193   5.46666667  0.30175439
  5.6        -0.53691584]",2639.551242828369
0.08690400000000001,[0.48083708],"[ 0.07719298  5.63333333  0.28947368  5.46666667 -1.70305419  0.08245614
  5.63333333  0.29473684  5.43333333 -1.14992714  0.0877193   5.46666667
  0.30175439  5.6        -0.53691584  0.09473684  5.6         0.30877193
  5.53333333 -0.51916289]",2639.631226539612
0.09451199999999998,[-0.26177806],"[ 0.08245614  5.63333333  0.29473684  5.43333333 -1.14992714  0.0877193
  5.46666667  0.30175439  5.6        -0.53691584  0.09473684  5.6
  0.30877193  5.53333333 -0.51916289  0.1         5.73333333  0.31403509
  5.36666667 -1.26177812]",2639.7051043510437
0.09694799999999999,[-0.8336006],"[ 0.0877193   5.46666667  0.30175439  5.6        -0.53691584  0.09473684
  5.6         0.30877193  5.53333333 -0.51916289  0.1         5.73333333
  0.31403509  5.36666667 -1.26177812  0.10350877  5.73333333  0.31929825
  5.36666667 -1.83360052]",2639.7850253582
0.09441200000000001,[-0.58090496],"[ 0.09473684  5.6         0.30877193  5.53333333 -0.51916289  0.1
  5.73333333  0.31403509  5.36666667 -1.26177812  0.10350877  5.73333333
  0.31929825  5.36666667 -1.83360052  0.10526316  5.6         0.32105263
  5.53333333 -1.58090496]",2639.869978427887
0.09195600000000001,[0.50053596],"[ 0.1         5.73333333  0.31403509  5.36666667 -1.26177812  0.10350877
  5.73333333  0.31929825  5.36666667 -1.83360052  0.10526316  5.6
  0.32105263  5.53333333 -1.58090496  0.10701754  5.5         0.3245614
  5.66666667 -0.49946404]",2639.9514157772064
0.086844,[-0.7765557],"[ 0.10350877  5.73333333  0.31929825  5.36666667 -1.83360052  0.10526316
  5.6         0.32105263  5.53333333 -1.58090496  0.10701754  5.5
  0.3245614   5.66666667 -0.49946404  0.10877193  5.6         0.32807018
  5.6        -1.77655578]",2640.025114297867
0.08934,[-0.57610106],"[ 0.10526316  5.6         0.32105263  5.53333333 -1.58090496  0.10701754
  5.5         0.3245614   5.66666667 -0.49946404  0.10877193  5.6
  0.32807018  5.6        -1.77655578  0.11403509  5.76666667  0.33508772
  5.43333333 -1.57610106]",2640.111366033554
0.0893,[0.2087058],"[ 0.10701754  5.5         0.3245614   5.66666667 -0.49946404  0.10877193
  5.6         0.32807018  5.6        -1.77655578  0.11403509  5.76666667
  0.33508772  5.43333333 -1.57610106  0.11754386  5.8         0.34210526
  5.53333333 -0.79129422]",2640.1914126873016
0.1278,[-0.7563592],"[ 0.10877193  5.6         0.32807018  5.6        -1.77655578  0.11403509
  5.76666667  0.33508772  5.43333333 -1.57610106  0.11754386  5.8
  0.34210526  5.53333333 -0.79129422  0.14385965  5.5         0.34736842
  5.63333333 -1.75635922]",2640.264950990677
0.130316,[0.20970376],"[ 0.11403509  5.76666667  0.33508772  5.43333333 -1.57610106  0.11754386
  5.8         0.34210526  5.53333333 -0.79129422  0.14385965  5.5
  0.34736842  5.63333333 -1.75635922  0.14736842  5.53333333  0.35438596
  5.5        -0.79029626]",2640.3508746623993
0.130296,[-0.68329096],"[ 0.11754386  5.8         0.34210526  5.53333333 -0.79129422  0.14385965
  5.5         0.34736842  5.63333333 -1.75635922  0.14736842  5.53333333
  0.35438596  5.5        -0.79029626  0.15087719  5.5         0.36140351
  5.56666667 -1.68329096]",2640.424885749817
0.137984,[-0.786044],"[ 0.14385965  5.5         0.34736842  5.63333333 -1.75635922  0.14736842
  5.53333333  0.35438596  5.5        -0.79029626  0.15087719  5.5
  0.36140351  5.56666667 -1.68329096  0.15614035  5.53333333  0.37017544
  5.56666667 -1.786044  ]",2640.511227607727
0.143136,[-0.8195214],"[ 0.14736842  5.53333333  0.35438596  5.5        -0.79029626  0.15087719
  5.5         0.36140351  5.56666667 -1.68329096  0.15614035  5.53333333
  0.37017544  5.56666667 -1.786044    0.16315789  5.46666667  0.3754386
  5.73333333 -1.81952143]",2640.591449737549
0.148348,[0.09326147],"[ 0.15087719  5.5         0.36140351  5.56666667 -1.68329096  0.15614035
  5.53333333  0.37017544  5.56666667 -1.786044    0.16315789  5.46666667
  0.3754386   5.73333333 -1.81952143  0.16842105  5.36666667  0.38070175
  5.83333333 -0.90673852]",2640.67142534256
0.145832,[0.7791044],"[ 0.15614035  5.53333333  0.37017544  5.56666667 -1.786044    0.16315789
  5.46666667  0.3754386   5.73333333 -1.81952143  0.16842105  5.36666667
  0.38070175  5.83333333 -0.90673852  0.17192982  5.43333333  0.38596491
  5.83333333 -0.22089559]",2640.7450971603394
0.15331999999999998,[0.6105603],"[ 0.16315789  5.46666667  0.3754386   5.73333333 -1.81952143  0.16842105
  5.36666667  0.38070175  5.83333333 -0.90673852  0.17192982  5.43333333
  0.38596491  5.83333333 -0.22089559  0.17719298  5.63333333  0.39122807
  5.6        -0.3894397 ]",2640.834751844406
0.15831199999999995,[-0.04072774],"[ 0.16842105  5.36666667  0.38070175  5.83333333 -0.90673852  0.17192982
  5.43333333  0.38596491  5.83333333 -0.22089559  0.17719298  5.63333333
  0.39122807  5.6        -0.3894397   0.18245614  5.76666667  0.39473684
  5.46666667 -1.04072773]",2640.9110865592957
0.158392,[-0.94440395],"[ 0.17192982  5.43333333  0.38596491  5.83333333 -0.22089559  0.17719298
  5.63333333  0.39122807  5.6        -0.3894397   0.18245614  5.76666667
  0.39473684  5.46666667 -1.04072773  0.18596491  5.76666667  0.39824561
  5.43333333 -1.94440389]",2640.991299390793
0.15591600000000003,[-0.12946367],"[ 0.17719298  5.63333333  0.39122807  5.6        -0.3894397   0.18245614
  5.76666667  0.39473684  5.46666667 -1.04072773  0.18596491  5.76666667
  0.39824561  5.43333333 -1.94440389  0.18947368  5.63333333  0.40350877
  5.6        -1.12946367]",2641.071195602417
0.155876,[-0.46565694],"[ 0.18245614  5.76666667  0.39473684  5.46666667 -1.04072773  0.18596491
  5.76666667  0.39824561  5.43333333 -1.94440389  0.18947368  5.63333333
  0.40350877  5.6        -1.12946367  0.19473684  5.53333333  0.40877193
  5.7        -1.465657  ]",2641.1508729457855
0.158472,[0.10543435],"[ 0.18596491  5.76666667  0.39824561  5.43333333 -1.94440389  0.18947368
  5.63333333  0.40350877  5.6        -1.12946367  0.19473684  5.53333333
  0.40877193  5.7        -1.465657    0.20350877  5.6         0.41754386
  5.63333333 -0.89456564]",2641.239182472229
0.161068,[0.3194901],"[ 0.18947368  5.63333333  0.40350877  5.6        -1.12946367  0.19473684
  5.53333333  0.40877193  5.7        -1.465657    0.20350877  5.6
  0.41754386  5.63333333 -0.89456564  0.21052632  5.66666667  0.4245614
  5.63333333 -0.68050992]",2641.3118267059326
0.16614,[0.4701098],"[ 0.19473684  5.53333333  0.40877193  5.7        -1.465657    0.20350877
  5.6         0.41754386  5.63333333 -0.89456564  0.21052632  5.66666667
  0.4245614   5.63333333 -0.68050992  0.21754386  5.73333333  0.43157895
  5.53333333 -0.52989018]",2641.3919439315796
0.17113199999999998,[-0.57008004],"[ 0.20350877  5.6         0.41754386  5.63333333 -0.89456564  0.21052632
  5.66666667  0.4245614   5.63333333 -0.68050992  0.21754386  5.73333333
  0.43157895  5.53333333 -0.52989018  0.22280702  5.8         0.43684211
  5.43333333 -1.57008004]",2641.470866918564
0.17368799999999998,[0.22271676],"[ 0.21052632  5.66666667  0.4245614   5.63333333 -0.68050992  0.21754386
  5.73333333  0.43157895  5.53333333 -0.52989018  0.22280702  5.8
  0.43684211  5.43333333 -1.57008004  0.22631579  5.7         0.43859649
  5.4        -0.77728325]",2641.551285266876
0.171232,[0.6446377],"[ 0.21754386  5.73333333  0.43157895  5.53333333 -0.52989018  0.22280702
  5.8         0.43684211  5.43333333 -1.57008004  0.22631579  5.7
  0.43859649  5.4        -0.77728325  0.22631579  5.63333333  0.44035088
  5.46666667 -0.3553623 ]",2641.6313269138336
0.168676,[0.1952691],"[ 0.22280702  5.8         0.43684211  5.43333333 -1.57008004  0.22631579
  5.7         0.43859649  5.4        -0.77728325  0.22631579  5.63333333
  0.44035088  5.46666667 -0.3553623   0.22982456  5.8         0.44210526
  5.33333333 -0.80473089]",2641.7112901210785
0.17117200000000005,[-0.91553205],"[ 0.22631579  5.7         0.43859649  5.4        -0.77728325  0.22631579
  5.63333333  0.44035088  5.46666667 -0.3553623   0.22982456  5.8
  0.44210526  5.33333333 -0.80473089  0.23508772  5.93333333  0.44561404
  5.2        -1.91553211]",2641.790766477585
0.137844,[0.63356],"[ 0.22631579  5.63333333  0.44035088  5.46666667 -0.3553623   0.22982456
  5.8         0.44210526  5.33333333 -0.80473089  0.23508772  5.93333333
  0.44561404  5.2        -1.91553211  0.23859649  5.8         0.45087719
  5.23333333 -0.36644   ]",2641.871748685837
0.14309600000000006,[-0.5698352],"[ 0.22982456  5.8         0.44210526  5.33333333 -0.80473089  0.23508772
  5.93333333  0.44561404  5.2        -1.91553211  0.23859649  5.8
  0.45087719  5.23333333 -0.36644     0.24561404  5.6         0.45789474
  5.36666667 -1.56983519]",2641.9518115520477
0.148148,[-0.01852908],"[ 0.23508772  5.93333333  0.44561404  5.2        -1.91553211  0.23859649
  5.8         0.45087719  5.23333333 -0.36644     0.24561404  5.6
  0.45789474  5.36666667 -1.56983519  0.25263158  5.66666667  0.46666667
  5.23333333 -1.01852906]",2642.035395383835
0.150724,[-0.9581905],"[ 0.23859649  5.8         0.45087719  5.23333333 -0.36644     0.24561404
  5.6         0.45789474  5.36666667 -1.56983519  0.25263158  5.66666667
  0.46666667  5.23333333 -1.01852906  0.25964912  5.66666667  0.47368421
  5.16666667 -1.95819044]",2642.11248588562
0.14814800000000003,[-0.91814506],"[ 0.24561404  5.6         0.45789474  5.36666667 -1.56983519  0.25263158
  5.66666667  0.46666667  5.23333333 -1.01852906  0.25964912  5.66666667
  0.47368421  5.16666667 -1.95819044  0.26491228  5.63333333  0.47894737
  5.2        -1.91814506]",2642.1910405158997
0.148168,[-0.8788452],"[ 0.25263158  5.66666667  0.46666667  5.23333333 -1.01852906  0.25964912
  5.66666667  0.47368421  5.16666667 -1.95819044  0.26491228  5.63333333
  0.47894737  5.2        -1.91814506  0.27017544  5.5         0.48421053
  5.33333333 -1.87884521]",2642.270827293396
0.14828799999999998,[0.7017282],"[ 0.25964912  5.66666667  0.47368421  5.16666667 -1.95819044  0.26491228
  5.63333333  0.47894737  5.2        -1.91814506  0.27017544  5.5
  0.48421053  5.33333333 -1.87884521  0.27368421  5.36666667  0.48947368
  5.36666667 -0.29827178]",2642.3512423038483
0.145872,[-0.92045146],"[ 0.26491228  5.63333333  0.47894737  5.2        -1.91814506  0.27017544
  5.5         0.48421053  5.33333333 -1.87884521  0.27368421  5.36666667
  0.48947368  5.36666667 -0.29827178  0.27719298  5.33333333  0.49298246
  5.3        -1.9204514 ]",2642.4312307834625
0.145872,[0.9161096],"[ 0.27017544  5.5         0.48421053  5.33333333 -1.87884521  0.27368421
  5.36666667  0.48947368  5.36666667 -0.29827178  0.27719298  5.33333333
  0.49298246  5.3        -1.9204514   0.28245614  5.46666667  0.49649123
  5.1        -0.08389038]",2642.511373281479
0.145912,[0.27310067],"[ 0.27368421  5.36666667  0.48947368  5.36666667 -0.29827178  0.27719298
  5.33333333  0.49298246  5.3        -1.9204514   0.28245614  5.46666667
  0.49649123  5.1        -0.08389038  0.28596491  5.4         0.5
  5.16666667 -0.72689933]",2642.591808319092
0.14834799999999998,[0.7739306],"[ 0.27719298  5.33333333  0.49298246  5.3        -1.9204514   0.28245614
  5.46666667  0.49649123  5.1        -0.08389038  0.28596491  5.4
  0.5         5.16666667 -0.72689933  0.29122807  5.46666667  0.50350877
  5.06666667 -0.22606939]",2642.671840906143
0.150824,[0.39224488],"[ 0.28245614  5.46666667  0.49649123  5.1        -0.08389038  0.28596491
  5.4         0.5         5.16666667 -0.72689933  0.29122807  5.46666667
  0.50350877  5.06666667 -0.22606939  0.29824561  5.5         0.50877193
  4.86666667 -0.60775512]",2642.7518632411957
0.148308,[-0.64904666],"[ 0.28596491  5.4         0.5         5.16666667 -0.72689933  0.29122807
  5.46666667  0.50350877  5.06666667 -0.22606939  0.29824561  5.5
  0.50877193  4.86666667 -0.60775512  0.30526316  5.5         0.51578947
  4.73333333 -1.64904666]",2642.824938774109
0.14585200000000004,[-0.9635199],"[ 0.29122807  5.46666667  0.50350877  5.06666667 -0.22606939  0.29824561
  5.5         0.50877193  4.86666667 -0.60775512  0.30526316  5.5
  0.51578947  4.73333333 -1.64904666  0.31052632  5.4         0.52280702
  4.8        -1.96351981]",2642.9053559303284
0.13832400000000003,[-0.98746115],"[ 0.29824561  5.5         0.50877193  4.86666667 -0.60775512  0.30526316
  5.5         0.51578947  4.73333333 -1.64904666  0.31052632  5.4
  0.52280702  4.8        -1.96351981  0.3122807   5.23333333  0.52807018
  5.         -1.98746109]",2642.9862189292908
0.13842400000000002,[0.26795104],"[ 0.30526316  5.5         0.51578947  4.73333333 -1.64904666  0.31052632
  5.4         0.52280702  4.8        -1.96351981  0.3122807   5.23333333
  0.52807018  5.         -1.98746109  0.31754386  5.13333333  0.53157895
  5.1        -0.73204899]",2643.071191549301
0.13836400000000001,[0.76325077],"[ 0.31052632  5.4         0.52280702  4.8        -1.96351981  0.3122807
  5.23333333  0.52807018  5.         -1.98746109  0.31754386  5.13333333
  0.53157895  5.1        -0.73204899  0.32105263  5.13333333  0.53508772
  5.1        -0.23674923]",2643.151500225067
0.14589199999999997,[-0.47125062],"[ 0.3122807   5.23333333  0.52807018  5.         -1.98746109  0.31754386
  5.13333333  0.53157895  5.1        -0.73204899  0.32105263  5.13333333
  0.53508772  5.1        -0.23674923  0.32631579  5.3         0.54035088
  4.83333333 -1.47125065]",2643.230933904648
0.14850800000000003,[0.44473213],"[ 0.31754386  5.13333333  0.53157895  5.1        -0.73204899  0.32105263
  5.13333333  0.53508772  5.1        -0.23674923  0.32631579  5.3
  0.54035088  4.83333333 -1.47125065  0.33157895  5.36666667  0.54385965
  4.66666667 -0.55526787]",2643.311202764511
0.14611199999999996,[-0.01866672],"[ 0.32105263  5.13333333  0.53508772  5.1        -0.23674923  0.32631579
  5.3         0.54035088  4.83333333 -1.47125065  0.33157895  5.36666667
  0.54385965  4.66666667 -0.55526787  0.33508772  5.23333333  0.54736842
  4.66666667 -1.01866674]",2643.3914868831635
0.15372000000000002,[-0.30326912],"[ 0.32631579  5.3         0.54035088  4.83333333 -1.47125065  0.33157895
  5.36666667  0.54385965  4.66666667 -0.55526787  0.33508772  5.23333333
  0.54736842  4.66666667 -1.01866674  0.34385965  5.2         0.55438596
  4.56666667 -1.30326915]",2643.4713966846466
0.15364,[-0.9534897],"[ 0.33157895  5.36666667  0.54385965  4.66666667 -0.55526787  0.33508772
  5.23333333  0.54736842  4.66666667 -1.01866674  0.34385965  5.2
  0.55438596  4.56666667 -1.30326915  0.35087719  5.13333333  0.56315789
  4.53333333 -1.95348978]",2643.5515706539154
0.156296,[-0.3000537],"[ 0.33508772  5.23333333  0.54736842  4.66666667 -1.01866674  0.34385965
  5.2         0.55438596  4.56666667 -1.30326915  0.35087719  5.13333333
  0.56315789  4.53333333 -1.95348978  0.35964912  5.03333333  0.57192982
  4.63333333 -1.30005372]",2643.6309344768524
0.15378000000000003,[-0.30524293],"[ 0.34385965  5.2         0.55438596  4.56666667 -1.30326915  0.35087719
  5.13333333  0.56315789  4.53333333 -1.95348978  0.35964912  5.03333333
  0.57192982  4.63333333 -1.30005372  0.36491228  4.96666667  0.57894737
  4.7        -1.3052429 ]",2643.712541103363
0.15376000000000004,[-0.2012159],"[ 0.35087719  5.13333333  0.56315789  4.53333333 -1.95348978  0.35964912
  5.03333333  0.57192982  4.63333333 -1.30005372  0.36491228  4.96666667
  0.57894737  4.7        -1.3052429   0.37017544  4.96666667  0.58245614
  4.56666667 -1.20121586]",2643.791324853897
0.15114399999999995,[-0.96991086],"[ 0.35964912  5.03333333  0.57192982  4.63333333 -1.30005372  0.36491228
  4.96666667  0.57894737  4.7        -1.3052429   0.37017544  4.96666667
  0.58245614  4.56666667 -1.20121586  0.37368421  4.93333333  0.5877193
  4.46666667 -1.96991086]",2643.8713569641113
0.15110400000000002,[0.21695444],"[ 0.36491228  4.96666667  0.57894737  4.7        -1.3052429   0.37017544
  4.96666667  0.58245614  4.56666667 -1.20121586  0.37368421  4.93333333
  0.5877193   4.46666667 -1.96991086  0.37719298  4.86666667  0.59122807
  4.5        -0.78304553]",2643.953934907913
0.15110400000000002,[0.39929938],"[ 0.37017544  4.96666667  0.58245614  4.56666667 -1.20121586  0.37368421
  4.93333333  0.5877193   4.46666667 -1.96991086  0.37719298  4.86666667
  0.59122807  4.5        -0.78304553  0.38070175  4.83333333  0.59473684
  4.56666667 -0.60070062]",2644.0348830223083
0.15364000000000005,[-0.36828065],"[ 0.37368421  4.93333333  0.5877193   4.46666667 -1.96991086  0.37719298
  4.86666667  0.59122807  4.5        -0.78304553  0.38070175  4.83333333
  0.59473684  4.56666667 -0.60070062  0.3877193   5.          0.59824561
  4.33333333 -1.36828065]",2644.1151559352875
0.15613600000000005,[-0.6022433],"[ 0.37719298  4.86666667  0.59122807  4.5        -0.78304553  0.38070175
  4.83333333  0.59473684  4.56666667 -0.60070062  0.3877193   5.
  0.59824561  4.33333333 -1.36828065  0.39298246  5.03333333  0.60175439
  4.2        -1.6022433 ]",2644.1951463222504
0.15375999999999995,[-0.8819786],"[ 0.38070175  4.83333333  0.59473684  4.56666667 -0.60070062  0.3877193
  5.          0.59824561  4.33333333 -1.36828065  0.39298246  5.03333333
  0.60175439  4.2        -1.6022433   0.39649123  4.8         0.60701754
  4.26666667 -1.88197851]",2644.2750067710876
