reward,action,obs,time
,,"[0.         0.         0.         0.         0.         0.
 0.         0.         0.         0.         0.         0.
 0.         0.         0.         0.03157895 5.63333333 0.24561404
 5.4        0.        ]",2254.48109292984
-0.00012000000000000205,[-0.8696943],"[ 0.          0.          0.          0.          0.          0.
  0.          0.          0.          0.          0.03157895  5.63333333
  0.24561404  5.4         0.          0.03157895  5.83333333  0.24385965
  5.33333333 -1.86969423]",2254.6330873966217
-0.0025559999999999958,[-0.9400133],"[ 0.          0.          0.          0.          0.          0.03157895
  5.63333333  0.24561404  5.4         0.          0.03157895  5.83333333
  0.24385965  5.33333333 -1.86969423  0.02982456  5.63333333  0.24561404
  5.43333333 -1.94001329]",2254.6877875328064
-0.002576000000000002,[-0.9707725],"[ 0.03157895  5.63333333  0.24561404  5.4         0.          0.03157895
  5.83333333  0.24385965  5.33333333 -1.86969423  0.02982456  5.63333333
  0.24561404  5.43333333 -1.94001329  0.02982456  5.66666667  0.24561404
  5.4        -1.9707725 ]",2254.7337024211884
-0.0025559999999999958,[0.8336185],"[ 0.03157895  5.83333333  0.24385965  5.33333333 -1.86969423  0.02982456
  5.63333333  0.24561404  5.43333333 -1.94001329  0.02982456  5.66666667
  0.24561404  5.4        -1.9707725   0.02982456  5.63333333  0.24385965
  5.4        -0.16638148]",2254.7899911403656
0.0,[0.12246379],"[ 0.02982456  5.63333333  0.24561404  5.43333333 -1.94001329  0.02982456
  5.66666667  0.24561404  5.4        -1.9707725   0.02982456  5.63333333
  0.24385965  5.4        -0.16638148  0.03157895  5.63333333  0.24385965
  5.43333333 -0.87753618]",2254.839227437973
-0.0025159999999999974,[-0.66354275],"[ 0.02982456  5.66666667  0.24561404  5.4        -1.9707725   0.02982456
  5.63333333  0.24385965  5.4        -0.16638148  0.03157895  5.63333333
  0.24385965  5.43333333 -0.87753618  0.02982456  5.56666667  0.24561404
  5.46666667 -1.66354275]",2254.8894135951996
0.00016000000000000042,[-0.18249543],"[ 0.02982456  5.63333333  0.24385965  5.4        -0.16638148  0.03157895
  5.63333333  0.24385965  5.43333333 -0.87753618  0.02982456  5.56666667
  0.24561404  5.46666667 -1.66354275  0.03157895  5.36666667  0.24736842
  5.63333333 -1.18249547]",2254.939441204071
0.0026359999999999995,[-0.43094337],"[ 0.03157895  5.63333333  0.24385965  5.43333333 -0.87753618  0.02982456
  5.56666667  0.24561404  5.46666667 -1.66354275  0.03157895  5.36666667
  0.24736842  5.63333333 -1.18249547  0.03333333  5.5         0.24912281
  5.56666667 -1.43094337]",2254.989832878113
0.007708,[0.74868476],"[ 0.02982456  5.56666667  0.24561404  5.46666667 -1.66354275  0.03157895
  5.36666667  0.24736842  5.63333333 -1.18249547  0.03333333  5.5
  0.24912281  5.56666667 -1.43094337  0.03684211  5.56666667  0.24912281
  5.43333333 -0.25131524]",2255.039869785309
0.007747999999999998,[-0.44654965],"[ 0.03157895  5.36666667  0.24736842  5.63333333 -1.18249547  0.03333333
  5.5         0.24912281  5.56666667 -1.43094337  0.03684211  5.56666667
  0.24912281  5.43333333 -0.25131524  0.03684211  5.5         0.25087719
  5.5        -1.44654965]",2255.102782726288
0.015395999999999998,[0.55226195],"[ 0.03333333  5.5         0.24912281  5.56666667 -1.43094337  0.03684211
  5.56666667  0.24912281  5.43333333 -0.25131524  0.03684211  5.5
  0.25087719  5.5        -1.44654965  0.04210526  5.53333333  0.25438596
  5.43333333 -0.44773805]",2255.1867446899414
0.020508,[-0.7555677],"[ 0.03684211  5.56666667  0.24912281  5.43333333 -0.25131524  0.03684211
  5.5         0.25087719  5.5        -1.44654965  0.04210526  5.53333333
  0.25438596  5.43333333 -0.44773805  0.04561404  5.53333333  0.25964912
  5.4        -1.75556779]",2255.263340473175
0.028096,[0.303283],"[ 0.03684211  5.5         0.25087719  5.5        -1.44654965  0.04210526
  5.53333333  0.25438596  5.43333333 -0.44773805  0.04561404  5.53333333
  0.25964912  5.4        -1.75556779  0.05087719  5.66666667  0.26491228
  5.3        -0.69671702]",2255.3428547382355
0.035804,[-0.72982514],"[ 0.04210526  5.53333333  0.25438596  5.43333333 -0.44773805  0.04561404
  5.53333333  0.25964912  5.4        -1.75556779  0.05087719  5.66666667
  0.26491228  5.3        -0.69671702  0.05614035  5.6         0.27017544
  5.33333333 -1.72982514]",2255.4231531620026
0.03834,[-0.27102616],"[ 0.04561404  5.53333333  0.25964912  5.4        -1.75556779  0.05087719
  5.66666667  0.26491228  5.3        -0.69671702  0.05614035  5.6
  0.27017544  5.33333333 -1.72982514  0.05789474  5.63333333  0.27192982
  5.33333333 -1.27102613]",2255.5029649734497
0.040976,[-0.774022],"[ 0.05087719  5.66666667  0.26491228  5.3        -0.69671702  0.05614035
  5.6         0.27017544  5.33333333 -1.72982514  0.05789474  5.63333333
  0.27192982  5.33333333 -1.27102613  0.05964912  5.5         0.2754386
  5.4        -1.77402198]",2255.576838493347
0.046107999999999996,[-0.9085015],"[ 0.05614035  5.6         0.27017544  5.33333333 -1.72982514  0.05789474
  5.63333333  0.27192982  5.33333333 -1.27102613  0.05964912  5.5
  0.2754386   5.4        -1.77402198  0.06315789  5.46666667  0.27719298
  5.4        -1.90850151]",2255.6632809638977
0.048724,[0.8134002],"[ 0.05789474  5.63333333  0.27192982  5.33333333 -1.27102613  0.05964912
  5.5         0.2754386   5.4        -1.77402198  0.06315789  5.46666667
  0.27719298  5.4        -1.90850151  0.06491228  5.36666667  0.28070175
  5.5        -0.18659979]",2255.742618083954
0.053835999999999995,[-0.6608982],"[ 0.05964912  5.5         0.2754386   5.4        -1.77402198  0.06315789
  5.46666667  0.27719298  5.4        -1.90850151  0.06491228  5.36666667
  0.28070175  5.5        -0.18659979  0.06842105  5.36666667  0.28421053
  5.5        -1.66089821]",2255.8230817317963
0.061404,[0.36626273],"[ 0.06315789  5.46666667  0.27719298  5.4        -1.90850151  0.06491228
  5.36666667  0.28070175  5.5        -0.18659979  0.06842105  5.36666667
  0.28421053  5.5        -1.66089821  0.07368421  5.53333333  0.28596491
  5.33333333 -0.63373727]",2255.903030872345
0.06412,[0.47147468],"[ 0.06491228  5.36666667  0.28070175  5.5        -0.18659979  0.06842105
  5.36666667  0.28421053  5.5        -1.66089821  0.07368421  5.53333333
  0.28596491  5.33333333 -0.63373727  0.0754386   5.46666667  0.28947368
  5.3        -0.52852535]",2255.9830808639526
0.07418399999999999,[-0.00757713],"[ 0.06842105  5.36666667  0.28421053  5.5        -1.66089821  0.07368421
  5.53333333  0.28596491  5.33333333 -0.63373727  0.0754386   5.46666667
  0.28947368  5.3        -0.52852535  0.08070175  5.53333333  0.29298246
  5.2        -1.00757718]",2256.062684774399
0.08183200000000002,[-0.28062463],"[ 0.07368421  5.53333333  0.28596491  5.33333333 -0.63373727  0.0754386
  5.46666667  0.28947368  5.3        -0.52852535  0.08070175  5.53333333
  0.29298246  5.2        -1.00757718  0.08596491  5.6         0.29824561
  5.06666667 -1.28062463]",2256.1430337429047
0.08698399999999999,[-0.7995936],"[ 0.0754386   5.46666667  0.28947368  5.3        -0.52852535  0.08070175
  5.53333333  0.29298246  5.2        -1.00757718  0.08596491  5.6
  0.29824561  5.06666667 -1.28062463  0.08947368  5.5         0.30175439
  5.1        -1.79959369]",2256.2193071842194
0.08958,[-0.907536],"[ 0.08070175  5.53333333  0.29298246  5.2        -1.00757718  0.08596491
  5.6         0.29824561  5.06666667 -1.28062463  0.08947368  5.5
  0.30175439  5.1        -1.79959369  0.09298246  5.43333333  0.30701754
  5.2        -1.90753603]",2256.2986686229706
0.097288,[-0.5834178],"[ 0.08596491  5.6         0.29824561  5.06666667 -1.28062463  0.08947368
  5.5         0.30175439  5.1        -1.79959369  0.09298246  5.43333333
  0.30701754  5.2        -1.90753603  0.09649123  5.3         0.3122807
  5.33333333 -1.58341777]",2256.379077911377
0.09972400000000001,[-0.34389228],"[ 0.08947368  5.5         0.30175439  5.1        -1.79959369  0.09298246
  5.43333333  0.30701754  5.2        -1.90753603  0.09649123  5.3
  0.3122807   5.33333333 -1.58341777  0.1         5.3         0.31578947
  5.33333333 -1.34389234]",2256.462741613388
0.099804,[-0.24293289],"[ 0.09298246  5.43333333  0.30701754  5.2        -1.90753603  0.09649123
  5.3         0.3122807   5.33333333 -1.58341777  0.1         5.3
  0.31578947  5.33333333 -1.34389234  0.10175439  5.3         0.31929825
  5.3        -1.24293292]",2256.5439491271973
0.09728800000000001,[-0.9361663],"[ 0.09649123  5.3         0.3122807   5.33333333 -1.58341777  0.1
  5.3         0.31578947  5.33333333 -1.34389234  0.10175439  5.3
  0.31929825  5.3        -1.24293292  0.10350877  5.3         0.32105263
  5.26666667 -1.93616629]",2256.6233291625977
0.09984399999999999,[0.14117712],"[ 0.1         5.3         0.31578947  5.33333333 -1.34389234  0.10175439
  5.3         0.31929825  5.3        -1.24293292  0.10350877  5.3
  0.32105263  5.26666667 -1.93616629  0.10526316  5.23333333  0.32280702
  5.26666667 -0.85882288]",2256.7059955596924
0.094832,[-0.49579006],"[ 0.10175439  5.3         0.31929825  5.3        -1.24293292  0.10350877
  5.3         0.32105263  5.26666667 -1.93616629  0.10526316  5.23333333
  0.32280702  5.26666667 -0.85882288  0.10701754  5.1         0.3245614
  5.36666667 -1.49579   ]",2256.786855697632
0.09221599999999999,[-0.828684],"[ 0.10350877  5.3         0.32105263  5.26666667 -1.93616629  0.10526316
  5.23333333  0.32280702  5.26666667 -0.85882288  0.10701754  5.1
  0.3245614   5.36666667 -1.49579     0.10877193  5.2         0.32807018
  5.23333333 -1.82868397]",2256.8645844459534
0.08722400000000001,[0.18193987],"[ 0.10526316  5.23333333  0.32280702  5.26666667 -0.85882288  0.10701754
  5.1         0.3245614   5.36666667 -1.49579     0.10877193  5.2
  0.32807018  5.23333333 -1.82868397  0.11052632  5.13333333  0.33157895
  5.26666667 -0.81806016]",2256.942649126053
0.08215199999999998,[0.45719242],"[ 0.10701754  5.1         0.3245614   5.36666667 -1.49579     0.10877193
  5.2         0.32807018  5.23333333 -1.82868397  0.11052632  5.13333333
  0.33157895  5.26666667 -0.81806016  0.1122807   5.          0.33157895
  5.36666667 -0.54280758]",2257.023547410965
0.08215199999999998,[-0.7696985],"[ 0.10877193  5.2         0.32807018  5.23333333 -1.82868397  0.11052632
  5.13333333  0.33157895  5.26666667 -0.81806016  0.1122807   5.
  0.33157895  5.36666667 -0.54280758  0.11403509  5.03333333  0.33684211
  5.16666667 -1.7696985 ]",2257.1028282642365
0.120052,[-0.9743404],"[ 0.11052632  5.13333333  0.33157895  5.26666667 -0.81806016  0.1122807
  5.          0.33157895  5.36666667 -0.54280758  0.11403509  5.03333333
  0.33684211  5.16666667 -1.7696985   0.14210526  5.63333333  0.34035088
  5.         -1.97434044]",2257.1827671527863
0.112564,[0.9491404],"[ 0.1122807   5.          0.33157895  5.36666667 -0.54280758  0.11403509
  5.03333333  0.33684211  5.16666667 -1.7696985   0.14210526  5.63333333
  0.34035088  5.         -1.97434044  0.14035088  5.3         0.34561404
  5.16666667 -0.05085957]",2257.2629613876343
0.11765599999999998,[-0.6358239],"[ 0.11403509  5.03333333  0.33684211  5.16666667 -1.7696985   0.14210526
  5.63333333  0.34035088  5.         -1.97434044  0.14035088  5.3
  0.34561404  5.16666667 -0.05085957  0.14561404  5.23333333  0.35087719
  5.33333333 -1.63582397]",2257.342594385147
0.11763599999999999,[-0.07251593],"[ 0.14210526  5.63333333  0.34035088  5.         -1.97434044  0.14035088
  5.3         0.34561404  5.16666667 -0.05085957  0.14561404  5.23333333
  0.35087719  5.33333333 -1.63582397  0.14912281  5.26666667  0.35964912
  5.23333333 -1.07251596]",2257.4238352775574
0.11777600000000002,[0.5223019],"[ 0.14035088  5.3         0.34561404  5.16666667 -0.05085957  0.14561404
  5.23333333  0.35087719  5.33333333 -1.63582397  0.14912281  5.26666667
  0.35964912  5.23333333 -1.07251596  0.15438596  5.2         0.36666667
  5.2        -0.47769809]",2257.503088951111
0.125364,[-0.5709727],"[ 0.14561404  5.23333333  0.35087719  5.33333333 -1.63582397  0.14912281
  5.26666667  0.35964912  5.23333333 -1.07251596  0.15438596  5.2
  0.36666667  5.2        -0.47769809  0.16140351  5.26666667  0.3754386
  5.16666667 -1.57097268]",2257.5769357681274
0.12536399999999998,[-0.75981355],"[ 0.14912281  5.26666667  0.35964912  5.23333333 -1.07251596  0.15438596
  5.2         0.36666667  5.2        -0.47769809  0.16140351  5.26666667
  0.3754386   5.16666667 -1.57097268  0.16666667  5.33333333  0.38070175
  5.03333333 -1.75981355]",2257.6631093025208
0.125524,[-0.36513108],"[ 0.15438596  5.2         0.36666667  5.2        -0.47769809  0.16140351
  5.26666667  0.3754386   5.16666667 -1.57097268  0.16666667  5.33333333
  0.38070175  5.03333333 -1.75981355  0.17192982  5.13333333  0.3877193
  5.13333333 -1.36513114]",2257.7437422275543
0.13063599999999997,[-0.88571703],"[ 0.16140351  5.26666667  0.3754386   5.16666667 -1.57097268  0.16666667
  5.33333333  0.38070175  5.03333333 -1.75981355  0.17192982  5.13333333
  0.3877193   5.13333333 -1.36513114  0.17894737  5.03333333  0.39473684
  5.23333333 -1.88571703]",2257.8228464126587
0.135708,[-0.7501553],"[ 0.16666667  5.33333333  0.38070175  5.03333333 -1.75981355  0.17192982
  5.13333333  0.3877193   5.13333333 -1.36513114  0.17894737  5.03333333
  0.39473684  5.23333333 -1.88571703  0.18596491  5.03333333  0.4
  5.3        -1.75015533]",2257.902982234955
0.14079999999999998,[-0.19969384],"[ 0.17192982  5.13333333  0.3877193   5.13333333 -1.36513114  0.17894737
  5.03333333  0.39473684  5.23333333 -1.88571703  0.18596491  5.03333333
  0.4         5.3        -1.75015533  0.19298246  4.93333333  0.40701754
  5.43333333 -1.1996938 ]",2257.982647895813
0.143316,[0.47607487],"[ 0.17894737  5.03333333  0.39473684  5.23333333 -1.88571703  0.18596491
  5.03333333  0.4         5.3        -1.75015533  0.19298246  4.93333333
  0.40701754  5.43333333 -1.1996938   0.19824561  5.          0.4122807
  5.46666667 -0.52392513]",2258.062663078308
0.15094399999999997,[-0.06354067],"[ 0.18596491  5.03333333  0.4         5.3        -1.75015533  0.19298246
  4.93333333  0.40701754  5.43333333 -1.1996938   0.19824561  5.
  0.4122807   5.46666667 -0.52392513  0.20526316  5.06666667  0.41929825
  5.36666667 -1.0635407 ]",2258.1426582336426
0.156016,[-0.48051047],"[ 0.19298246  4.93333333  0.40701754  5.43333333 -1.1996938   0.19824561
  5.          0.4122807   5.46666667 -0.52392513  0.20526316  5.06666667
  0.41929825  5.36666667 -1.0635407   0.21052632  5.13333333  0.42631579
  5.23333333 -1.48051047]",2258.2231771945953
0.16368400000000002,[0.9619656],"[ 0.19824561  5.          0.4122807   5.46666667 -0.52392513  0.20526316
  5.06666667  0.41929825  5.36666667 -1.0635407   0.21052632  5.13333333
  0.42631579  5.23333333 -1.48051047  0.21754386  5.06666667  0.43157895
  5.3        -0.03803438]",2258.302626848221
0.168736,[-0.07347371],"[ 0.20526316  5.06666667  0.41929825  5.36666667 -1.0635407   0.21052632
  5.13333333  0.42631579  5.23333333 -1.48051047  0.21754386  5.06666667
  0.43157895  5.3        -0.03803438  0.22280702  5.03333333  0.43684211
  5.4        -1.07347369]",2258.3826315402985
0.173788,[-0.38318667],"[ 0.21052632  5.13333333  0.42631579  5.23333333 -1.48051047  0.21754386
  5.06666667  0.43157895  5.3        -0.03803438  0.22280702  5.03333333
  0.43684211  5.4        -1.07347369  0.22807018  5.23333333  0.44385965
  5.23333333 -1.3831867 ]",2258.463050842285
0.17887999999999998,[-0.70003235],"[ 0.21754386  5.06666667  0.43157895  5.3        -0.03803438  0.22280702
  5.03333333  0.43684211  5.4        -1.07347369  0.22807018  5.23333333
  0.44385965  5.23333333 -1.3831867   0.23333333  5.2         0.44736842
  5.26666667 -1.70003235]",2258.555291891098
0.18397199999999997,[-0.7208699],"[ 0.22280702  5.03333333  0.43684211  5.4        -1.07347369  0.22807018
  5.23333333  0.44385965  5.23333333 -1.3831867   0.23333333  5.2
  0.44736842  5.26666667 -1.70003235  0.23859649  5.1         0.45438596
  5.36666667 -1.7208699 ]",2258.61714553833
0.19168000000000002,[-0.19489236],"[ 0.22807018  5.23333333  0.44385965  5.23333333 -1.3831867   0.23333333
  5.2         0.44736842  5.26666667 -1.70003235  0.23859649  5.1
  0.45438596  5.36666667 -1.7208699   0.24561404  5.06666667  0.46140351
  5.43333333 -1.19489241]",2258.7028481960297
0.16649999999999995,[-0.05354416],"[ 0.23333333  5.2         0.44736842  5.26666667 -1.70003235  0.23859649
  5.1         0.45438596  5.36666667 -1.7208699   0.24561404  5.06666667
  0.46140351  5.43333333 -1.19489241  0.25614035  5.03333333  0.47017544
  5.5        -1.05354416]",2258.783100128174
0.17900000000000002,[-0.435644],"[ 0.23859649  5.1         0.45438596  5.36666667 -1.7208699   0.24561404
  5.06666667  0.46140351  5.43333333 -1.19489241  0.25614035  5.03333333
  0.47017544  5.5        -1.05354416  0.26315789  5.16666667  0.47894737
  5.46666667 -1.43564403]",2258.8633165359497
0.17892,[-0.07667392],"[ 0.24561404  5.06666667  0.46140351  5.43333333 -1.19489241  0.25614035
  5.03333333  0.47017544  5.5        -1.05354416  0.26315789  5.16666667
  0.47894737  5.46666667 -1.43564403  0.26842105  5.23333333  0.48245614
  5.43333333 -1.07667387]",2258.960771560669
0.176444,[-0.5316854],"[ 0.25614035  5.03333333  0.47017544  5.5        -1.05354416  0.26315789
  5.16666667  0.47894737  5.46666667 -1.43564403  0.26842105  5.23333333
  0.48245614  5.43333333 -1.07667387  0.27017544  5.13333333  0.48421053
  5.56666667 -1.53168535]",2259.0229275226593
0.171292,[-0.53832453],"[ 0.26315789  5.16666667  0.47894737  5.46666667 -1.43564403  0.26842105
  5.23333333  0.48245614  5.43333333 -1.07667387  0.27017544  5.13333333
  0.48421053  5.56666667 -1.53168535  0.27192982  5.13333333  0.48596491
  5.56666667 -1.53832459]",2259.096939563751
0.16623999999999994,[-0.30782527],"[ 0.26842105  5.23333333  0.48245614  5.43333333 -1.07667387  0.27017544
  5.13333333  0.48421053  5.56666667 -1.53168535  0.27192982  5.13333333
  0.48596491  5.56666667 -1.53832459  0.2754386   5.1         0.48947368
  5.6        -1.30782533]",2259.1828787326813
0.16626000000000002,[-0.9101054],"[ 0.27017544  5.13333333  0.48421053  5.56666667 -1.53168535  0.27192982
  5.13333333  0.48596491  5.56666667 -1.53832459  0.2754386   5.1
  0.48947368  5.6        -1.30782533  0.28070175  5.13333333  0.49473684
  5.6        -1.91010547]",2259.2626979351044
0.16614000000000004,[-0.7954431],"[ 0.27192982  5.13333333  0.48596491  5.56666667 -1.53832459  0.2754386
  5.1         0.48947368  5.6        -1.30782533  0.28070175  5.13333333
  0.49473684  5.6        -1.91010547  0.28596491  5.13333333  0.49824561
  5.66666667 -1.79544306]",2259.343272447586
0.16100800000000004,[-0.14370386],"[ 0.2754386   5.1         0.48947368  5.6        -1.30782533  0.28070175
  5.13333333  0.49473684  5.6        -1.91010547  0.28596491  5.13333333
  0.49824561  5.66666667 -1.79544306  0.28947368  5.06666667  0.50175439
  5.86666667 -1.14370382]",2259.4231214523315
0.15843200000000002,[-0.04361639],"[ 0.28070175  5.13333333  0.49473684  5.6        -1.91010547  0.28596491
  5.13333333  0.49824561  5.66666667 -1.79544306  0.28947368  5.06666667
  0.50175439  5.86666667 -1.14370382  0.29473684  5.1         0.50526316
  5.86666667 -1.04361641]",2259.5031950473785
0.150644,[-0.23123121],"[ 0.28596491  5.13333333  0.49824561  5.66666667 -1.79544306  0.28947368
  5.06666667  0.50175439  5.86666667 -1.14370382  0.29473684  5.1
  0.50526316  5.86666667 -1.04361641  0.29649123  5.2         0.50877193
  5.73333333 -1.23123121]",2259.582596063614
0.14557199999999998,[-0.8802788],"[ 0.28947368  5.06666667  0.50175439  5.86666667 -1.14370382  0.29473684
  5.1         0.50526316  5.86666667 -1.04361641  0.29649123  5.2
  0.50877193  5.73333333 -1.23123121  0.29824561  5.2         0.5122807
  5.73333333 -1.88027883]",2259.6631541252136
0.137944,[-0.22547738],"[ 0.29473684  5.1         0.50526316  5.86666667 -1.04361641  0.29649123
  5.2         0.50877193  5.73333333 -1.23123121  0.29824561  5.2
  0.5122807   5.73333333 -1.88027883  0.3         5.2         0.5122807
  5.83333333 -1.22547734]",2259.7428946495056
0.135468,[-0.5913818],"[ 0.29649123  5.2         0.50877193  5.73333333 -1.23123121  0.29824561
  5.2         0.5122807   5.73333333 -1.88027883  0.3         5.2
  0.5122807   5.83333333 -1.22547734  0.30350877  5.13333333  0.51403509
  5.96666667 -1.59138179]",2259.8228948116302
0.130256,[0.02573297],"[ 0.29824561  5.2         0.5122807   5.73333333 -1.88027883  0.3
  5.2         0.5122807   5.83333333 -1.22547734  0.30350877  5.13333333
  0.51403509  5.96666667 -1.59138179  0.30701754  5.23333333  0.51929825
  5.93333333 -0.97426701]",2259.898529291153
0.12766,[0.26431435],"[ 0.3         5.2         0.5122807   5.83333333 -1.22547734  0.30350877
  5.13333333  0.51403509  5.96666667 -1.59138179  0.30701754  5.23333333
  0.51929825  5.93333333 -0.97426701  0.31052632  5.26666667  0.52280702
  5.93333333 -0.73568565]",2259.9768455028534
0.12512400000000004,[0.90674794],"[ 0.30350877  5.13333333  0.51403509  5.96666667 -1.59138179  0.30701754
  5.23333333  0.51929825  5.93333333 -0.97426701  0.31052632  5.26666667
  0.52280702  5.93333333 -0.73568565  0.31403509  5.43333333  0.52807018
  5.8        -0.09325206]",2260.058776140213
0.11991199999999998,[0.3260743],"[ 0.30701754  5.23333333  0.51929825  5.93333333 -0.97426701  0.31052632
  5.26666667  0.52280702  5.93333333 -0.73568565  0.31403509  5.43333333
  0.52807018  5.8        -0.09325206  0.31578947  5.56666667  0.53157895
  5.7        -0.6739257 ]",2260.1369540691376
0.11727600000000007,[-0.02402588],"[ 0.31052632  5.26666667  0.52280702  5.93333333 -0.73568565  0.31403509
  5.43333333  0.52807018  5.8        -0.09325206  0.31578947  5.56666667
  0.53157895  5.7        -0.6739257   0.31929825  5.6         0.53157895
  5.6        -1.02402592]",2260.2209300994873
0.10707200000000001,[-0.80915296],"[ 0.31403509  5.43333333  0.52807018  5.8        -0.09325206  0.31578947
  5.56666667  0.53157895  5.7        -0.6739257   0.31929825  5.6
  0.53157895  5.6        -1.02402592  0.31929825  5.53333333  0.53333333
  5.66666667 -1.80915296]",2260.3009576797485
0.094312,[-0.25962102],"[ 0.31578947  5.56666667  0.53157895  5.7        -0.6739257   0.31929825
  5.6         0.53157895  5.6        -1.02402592  0.31929825  5.53333333
  0.53333333  5.66666667 -1.80915296  0.32105263  5.46666667  0.53508772
  5.8        -1.25962102]",2260.382983446121
0.08929999999999999,[-0.9177419],"[ 0.31929825  5.6         0.53157895  5.6        -1.02402592  0.31929825
  5.53333333  0.53333333  5.66666667 -1.80915296  0.32105263  5.46666667
  0.53508772  5.8        -1.25962102  0.3245614   5.43333333  0.53684211
  5.9        -1.91774189]",2260.462824821472
0.08932000000000001,[-0.6576444],"[ 0.31929825  5.53333333  0.53333333  5.66666667 -1.80915296  0.32105263
  5.46666667  0.53508772  5.8        -1.25962102  0.3245614   5.43333333
  0.53684211  5.9        -1.91774189  0.32982456  5.46666667  0.54210526
  5.9        -1.65764439]",2260.5436305999756
0.094412,[0.58888465],"[ 0.32105263  5.46666667  0.53508772  5.8        -1.25962102  0.3245614
  5.43333333  0.53684211  5.9        -1.91774189  0.32982456  5.46666667
  0.54210526  5.9        -1.65764439  0.33508772  5.4         0.54736842
  6.03333333 -0.41111535]",2260.626473903656
0.09692800000000001,[0.4745405],"[ 0.3245614   5.43333333  0.53684211  5.9        -1.91774189  0.32982456
  5.46666667  0.54210526  5.9        -1.65764439  0.33508772  5.4
  0.54736842  6.03333333 -0.41111535  0.33859649  5.46666667  0.55087719
  6.03333333 -0.52545953]",2260.703316450119
0.09423200000000004,[-0.85207343],"[ 0.32982456  5.46666667  0.54210526  5.9        -1.65764439  0.33508772
  5.4         0.54736842  6.03333333 -0.41111535  0.33859649  5.46666667
  0.55087719  6.03333333 -0.52545953  0.34035088  5.66666667  0.55614035
  5.83333333 -1.85207343]",2260.7833569049835
0.09167599999999998,[-0.35650364],"[ 0.33508772  5.4         0.54736842  6.03333333 -0.41111535  0.33859649
  5.46666667  0.55087719  6.03333333 -0.52545953  0.34035088  5.66666667
  0.55614035  5.83333333 -1.85207343  0.34385965  5.7         0.55964912
  5.73333333 -1.35650361]",2260.8629138469696
0.08666399999999996,[0.7494475],"[ 0.33859649  5.46666667  0.55087719  6.03333333 -0.52545953  0.34035088
  5.66666667  0.55614035  5.83333333 -1.85207343  0.34385965  5.7
  0.55964912  5.73333333 -1.35650361  0.34561404  5.53333333  0.55964912
  5.9        -0.25055248]",2260.9429683685303
0.08402799999999994,[-0.85049564],"[ 0.34035088  5.66666667  0.55614035  5.83333333 -1.85207343  0.34385965
  5.7         0.55964912  5.73333333 -1.35650361  0.34561404  5.53333333
  0.55964912  5.9        -0.25055248  0.34736842  5.6         0.56140351
  5.93333333 -1.85049558]",2261.023159265518
0.08650399999999997,[0.47342664],"[ 0.34385965  5.7         0.55964912  5.73333333 -1.35650361  0.34561404
  5.53333333  0.55964912  5.9        -0.25055248  0.34736842  5.6
  0.56140351  5.93333333 -1.85049558  0.35438596  5.76666667  0.56666667
  5.73333333 -0.52657336]",2261.097146987915
0.094252,[0.49837017],"[ 0.34561404  5.53333333  0.55964912  5.9        -0.25055248  0.34736842
  5.6         0.56140351  5.93333333 -1.85049558  0.35438596  5.76666667
  0.56666667  5.73333333 -0.52657336  0.36140351  5.73333333  0.57368421
  5.73333333 -0.50162983]",2261.1829175949097
0.10187999999999997,[-0.5484539],"[ 0.34736842  5.6         0.56140351  5.93333333 -1.85049558  0.35438596
  5.76666667  0.56666667  5.73333333 -0.52657336  0.36140351  5.73333333
  0.57368421  5.73333333 -0.50162983  0.36842105  5.8         0.58070175
  5.66666667 -1.54845393]",2261.2630796432495
0.10952799999999996,[-0.7929462],"[ 0.35438596  5.76666667  0.56666667  5.73333333 -0.52657336  0.36140351
  5.73333333  0.57368421  5.73333333 -0.50162983  0.36842105  5.8
  0.58070175  5.66666667 -1.54845393  0.3754386   5.83333333  0.58947368
  5.6        -1.79294622]",2261.3368389606476
0.11469999999999998,[-0.59966326],"[ 0.36140351  5.73333333  0.57368421  5.73333333 -0.50162983  0.36842105
  5.8         0.58070175  5.66666667 -1.54845393  0.3754386   5.83333333
  0.58947368  5.6        -1.79294622  0.38245614  5.66666667  0.59649123
  5.76666667 -1.59966326]",2261.41779589653
0.11478,[0.14173818],"[ 0.36842105  5.8         0.58070175  5.66666667 -1.54845393  0.3754386
  5.83333333  0.58947368  5.6        -1.79294622  0.38245614  5.66666667
  0.59649123  5.76666667 -1.59966326  0.38596491  5.63333333  0.6
  5.86666667 -0.85826182]",2261.497237920761
