reward,action,obs,time
,,"[0.         0.         0.         0.         0.         0.
 0.         0.         0.         0.         0.         0.
 0.         0.         0.         0.03157895 5.7        0.24385965
 5.4        0.        ]",600.5116562843323
-0.00012000000000000205,[-0.43412665],"[ 0.          0.          0.          0.          0.          0.
  0.          0.          0.          0.          0.03157895  5.7
  0.24385965  5.4         0.          0.03157895  5.9         0.24385965
  5.3        -1.43412662]",600.6724717617035
7.999999999999674e-05,[-0.01923152],"[ 0.          0.          0.          0.          0.          0.03157895
  5.7         0.24385965  5.4         0.          0.03157895  5.9
  0.24385965  5.3        -1.43412662  0.03157895  5.56666667  0.24561404
  5.43333333 -1.01923156]",600.7199943065643
-1.9999999999999185e-05,[-0.32938948],"[ 0.03157895  5.7         0.24385965  5.4         0.          0.03157895
  5.9         0.24385965  5.3        -1.43412662  0.03157895  5.56666667
  0.24561404  5.43333333 -1.01923156  0.03157895  5.73333333  0.24561404
  5.36666667 -1.32938945]",600.7753229141235
-1.9999999999999185e-05,[0.87055224],"[ 0.03157895  5.9         0.24385965  5.3        -1.43412662  0.03157895
  5.56666667  0.24561404  5.43333333 -1.01923156  0.03157895  5.73333333
  0.24561404  5.36666667 -1.32938945  0.03157895  5.73333333  0.24385965
  5.36666667 -0.12944776]",600.8259463310242
-1.9999999999999185e-05,[0.6664251],"[ 0.03157895  5.56666667  0.24561404  5.43333333 -1.01923156  0.03157895
  5.73333333  0.24561404  5.36666667 -1.32938945  0.03157895  5.73333333
  0.24385965  5.36666667 -0.12944776  0.03157895  5.73333333  0.24385965
  5.36666667 -0.33357489]",600.8758225440979
-1.9999999999999185e-05,[0.23196039],"[ 0.03157895  5.73333333  0.24561404  5.36666667 -1.32938945  0.03157895
  5.73333333  0.24385965  5.36666667 -0.12944776  0.03157895  5.73333333
  0.24385965  5.36666667 -0.33357489  0.03157895  5.73333333  0.24385965
  5.4        -0.76803958]",600.9259526729584
0.0,[0.9725933],"[ 0.03157895  5.73333333  0.24385965  5.36666667 -0.12944776  0.03157895
  5.73333333  0.24385965  5.36666667 -0.33357489  0.03157895  5.73333333
  0.24385965  5.4        -0.76803958  0.03157895  5.7         0.24561404
  5.4        -0.02740669]",600.9762115478516
0.0050120000000000026,[0.89258254],"[ 0.03157895  5.73333333  0.24385965  5.36666667 -0.33357489  0.03157895
  5.73333333  0.24385965  5.4        -0.76803958  0.03157895  5.7
  0.24561404  5.4        -0.02740669  0.03508772  5.86666667  0.24561404
  5.2        -0.10741746]",601.0270454883575
0.007488000000000002,[-0.36261886],"[ 0.03157895  5.73333333  0.24385965  5.4        -0.76803958  0.03157895
  5.7         0.24561404  5.4        -0.02740669  0.03508772  5.86666667
  0.24561404  5.2        -0.10741746  0.03684211  6.          0.24561404
  5.1        -1.36261892]",601.1070210933685
0.010023999999999998,[0.82464373],"[ 0.03157895  5.7         0.24561404  5.4        -0.02740669  0.03508772
  5.86666667  0.24561404  5.2        -0.10741746  0.03684211  6.
  0.24561404  5.1        -1.36261892  0.03859649  6.03333333  0.24561404
  5.06666667 -0.17535627]",601.1867833137512
0.010104000000000002,[-0.7937301],"[ 0.03508772  5.86666667  0.24561404  5.2        -0.10741746  0.03684211
  6.          0.24561404  5.1        -1.36261892  0.03859649  6.03333333
  0.24561404  5.06666667 -0.17535627  0.03859649  5.9         0.24736842
  5.16666667 -1.79373002]",601.2668797969818
0.015155999999999998,[0.38502967],"[ 0.03684211  6.          0.24561404  5.1        -1.36261892  0.03859649
  6.03333333  0.24561404  5.06666667 -0.17535627  0.03859649  5.9
  0.24736842  5.16666667 -1.79373002  0.04210526  6.          0.24736842
  5.06666667 -0.61497033]",601.3468899726868
0.020307999999999993,[-0.8696689],"[ 0.03859649  6.03333333  0.24561404  5.06666667 -0.17535627  0.03859649
  5.9         0.24736842  5.16666667 -1.79373002  0.04210526  6.
  0.24736842  5.06666667 -0.61497033  0.04561404  5.93333333  0.25087719
  5.03333333 -1.86966896]",601.4268178939819
0.027976,[-0.8544736],"[ 0.03859649  5.9         0.24736842  5.16666667 -1.79373002  0.04210526
  6.          0.24736842  5.06666667 -0.61497033  0.04561404  5.93333333
  0.25087719  5.03333333 -1.86966896  0.05087719  5.93333333  0.25789474
  5.03333333 -1.85447359]",601.5068383216858
0.030672000000000005,[-0.30799958],"[ 0.04210526  6.          0.24736842  5.06666667 -0.61497033  0.04561404
  5.93333333  0.25087719  5.03333333 -1.86966896  0.05087719  5.93333333
  0.25789474  5.03333333 -1.85447359  0.05263158  5.7         0.26491228
  5.13333333 -1.30799961]",601.5868027210236
0.03586399999999999,[-0.05025168],"[ 0.04561404  5.93333333  0.25087719  5.03333333 -1.86966896  0.05087719
  5.93333333  0.25789474  5.03333333 -1.85447359  0.05263158  5.7
  0.26491228  5.13333333 -1.30799961  0.05614035  5.56666667  0.27017544
  5.2        -1.05025172]",601.6669914722443
0.04349200000000001,[-0.02849369],"[ 0.05087719  5.93333333  0.25789474  5.03333333 -1.85447359  0.05263158
  5.7         0.26491228  5.13333333 -1.30799961  0.05614035  5.56666667
  0.27017544  5.2        -1.05025172  0.06140351  5.63333333  0.27368421
  5.06666667 -1.02849364]",601.7469232082367
0.048584,[0.68353295],"[ 0.05263158  5.7         0.26491228  5.13333333 -1.30799961  0.05614035
  5.56666667  0.27017544  5.2        -1.05025172  0.06140351  5.63333333
  0.27368421  5.06666667 -1.02849364  0.06491228  5.66666667  0.2754386
  4.96666667 -0.31646705]",601.8270592689514
0.053655999999999995,[-0.6737776],"[ 0.05614035  5.56666667  0.27017544  5.2        -1.05025172  0.06140351
  5.63333333  0.27368421  5.06666667 -1.02849364  0.06491228  5.66666667
  0.2754386   4.96666667 -0.31646705  0.06842105  5.73333333  0.27719298
  4.9        -1.67377758]",601.906902551651
0.061264,[-0.29833174],"[ 0.06140351  5.63333333  0.27368421  5.06666667 -1.02849364  0.06491228
  5.66666667  0.2754386   4.96666667 -0.31646705  0.06842105  5.73333333
  0.27719298  4.9        -1.67377758  0.07368421  5.83333333  0.27894737
  4.76666667 -1.29833174]",601.987007856369
0.061484000000000004,[-0.83357894],"[ 0.06491228  5.66666667  0.2754386   4.96666667 -0.31646705  0.06842105
  5.73333333  0.27719298  4.9        -1.67377758  0.07368421  5.83333333
  0.27894737  4.76666667 -1.29833174  0.07368421  5.66666667  0.28245614
  4.86666667 -1.83357894]",602.0670125484467
0.0639,[-0.9659339],"[ 0.06842105  5.73333333  0.27719298  4.9        -1.67377758  0.07368421
  5.83333333  0.27894737  4.76666667 -1.29833174  0.07368421  5.66666667
  0.28245614  4.86666667 -1.83357894  0.0754386   5.56666667  0.28596491
  4.96666667 -1.96593392]",602.1470983028412
0.07174799999999999,[-0.8210118],"[ 0.07368421  5.83333333  0.27894737  4.76666667 -1.29833174  0.07368421
  5.66666667  0.28245614  4.86666667 -1.83357894  0.0754386   5.56666667
  0.28596491  4.96666667 -1.96593392  0.08070175  5.43333333  0.29298246
  5.1        -1.82101178]",602.2274367809296
0.07945599999999998,[-0.46089986],"[ 0.07368421  5.66666667  0.28245614  4.86666667 -1.83357894  0.0754386
  5.56666667  0.28596491  4.96666667 -1.96593392  0.08070175  5.43333333
  0.29298246  5.1        -1.82101178  0.08596491  5.36666667  0.3
  5.16666667 -1.46089983]",602.3069543838501
0.087124,[-0.66093624],"[ 0.0754386   5.56666667  0.28596491  4.96666667 -1.96593392  0.08070175
  5.43333333  0.29298246  5.1        -1.82101178  0.08596491  5.36666667
  0.3         5.16666667 -1.46089983  0.09122807  5.36666667  0.30526316
  5.13333333 -1.66093624]",602.3870866298676
0.092296,[0.877447],"[ 0.08070175  5.43333333  0.29298246  5.1        -1.82101178  0.08596491
  5.36666667  0.3         5.16666667 -1.46089983  0.09122807  5.36666667
  0.30526316  5.13333333 -1.66093624  0.09473684  5.26666667  0.30877193
  5.1        -0.12255299]",602.4668920040131
0.09233599999999997,[-0.4087948],"[ 0.08596491  5.36666667  0.3         5.16666667 -1.46089983  0.09122807
  5.36666667  0.30526316  5.13333333 -1.66093624  0.09473684  5.26666667
  0.30877193  5.1        -0.12255299  0.09473684  5.16666667  0.31052632
  5.06666667 -1.40879476]",602.5468864440918
0.092316,[-0.56722194],"[ 0.09122807  5.36666667  0.30526316  5.13333333 -1.66093624  0.09473684
  5.26666667  0.30877193  5.1        -0.12255299  0.09473684  5.16666667
  0.31052632  5.06666667 -1.40879476  0.09824561  5.36666667  0.3122807
  4.83333333 -1.56722188]",602.620377779007
0.092476,[-0.91177315],"[ 0.09473684  5.26666667  0.30877193  5.1        -0.12255299  0.09473684
  5.16666667  0.31052632  5.06666667 -1.40879476  0.09824561  5.36666667
  0.3122807   4.83333333 -1.56722188  0.1         5.23333333  0.3122807
  4.9        -1.9117732 ]",602.7005136013031
0.09001999999999999,[-0.7240064],"[ 0.09473684  5.16666667  0.31052632  5.06666667 -1.40879476  0.09824561
  5.36666667  0.3122807   4.83333333 -1.56722188  0.1         5.23333333
  0.3122807   4.9        -1.9117732   0.1         5.1         0.31403509
  5.1        -1.72400641]",602.7853503227234
0.09511199999999997,[-0.61549336],"[ 0.09824561  5.36666667  0.3122807   4.83333333 -1.56722188  0.1
  5.23333333  0.3122807   4.9        -1.9117732   0.1         5.1
  0.31403509  5.1        -1.72400641  0.10350877  5.          0.31929825
  5.2        -1.6154933 ]",602.8669378757477
0.097728,[0.76717895],"[ 0.1         5.23333333  0.3122807   4.9        -1.9117732   0.1
  5.1         0.31403509  5.1        -1.72400641  0.10350877  5.
  0.31929825  5.2        -1.6154933   0.10877193  5.          0.32631579
  5.23333333 -0.23282105]",602.9472668170929
0.09770799999999999,[-0.38171625],"[ 0.1         5.1         0.31403509  5.1        -1.72400641  0.10350877
  5.          0.31929825  5.2        -1.6154933   0.10877193  5.
  0.32631579  5.23333333 -0.23282105  0.1122807   4.96666667  0.33333333
  5.23333333 -1.38171625]",603.0290982723236
0.095132,[-0.21155383],"[ 0.10350877  5.          0.31929825  5.2        -1.6154933   0.10877193
  5.          0.32631579  5.23333333 -0.23282105  0.1122807   4.96666667
  0.33333333  5.23333333 -1.38171625  0.11578947  5.          0.34035088
  5.1        -1.21155381]",603.1071236133575
0.09760799999999999,[0.16591717],"[ 0.10877193  5.          0.32631579  5.23333333 -0.23282105  0.1122807
  4.96666667  0.33333333  5.23333333 -1.38171625  0.11578947  5.
  0.34035088  5.1        -1.21155381  0.11929825  4.9         0.34210526
  5.16666667 -0.83408284]",603.1869084835052
0.092436,[0.18344928],"[ 0.1122807   4.96666667  0.33333333  5.23333333 -1.38171625  0.11578947
  5.          0.34035088  5.1        -1.21155381  0.11929825  4.9
  0.34210526  5.16666667 -0.83408284  0.11929825  4.86666667  0.34385965
  5.16666667 -0.81655073]",603.2613286972046
0.08736399999999997,[-0.9054841],"[ 0.11578947  5.          0.34035088  5.1        -1.21155381  0.11929825
  4.9         0.34210526  5.16666667 -0.83408284  0.11929825  4.86666667
  0.34385965  5.16666667 -0.81655073  0.12105263  4.86666667  0.34561404
  5.06666667 -1.90548408]",603.3472139835358
0.11526,[0.63136876],"[ 0.11929825  4.9         0.34210526  5.16666667 -0.83408284  0.11929825
  4.86666667  0.34385965  5.16666667 -0.81655073  0.12105263  4.86666667
  0.34561404  5.06666667 -1.90548408  0.14385965  5.26666667  0.34912281
  5.1        -0.36863124]",603.427241563797
0.11280400000000004,[-0.0994569],"[ 0.11929825  4.86666667  0.34385965  5.16666667 -0.81655073  0.12105263
  4.86666667  0.34561404  5.06666667 -1.90548408  0.14385965  5.26666667
  0.34912281  5.1        -0.36863124  0.14561404  5.16666667  0.35263158
  5.3        -1.09945691]",603.5069096088409
0.11284400000000001,[0.19384778],"[ 0.12105263  4.86666667  0.34561404  5.06666667 -1.90548408  0.14385965
  5.26666667  0.34912281  5.1        -0.36863124  0.14561404  5.16666667
  0.35263158  5.3        -1.09945691  0.15087719  5.2         0.35964912
  5.23333333 -0.80615222]",603.5827579498291
0.11783599999999998,[-0.58015025],"[ 0.14385965  5.26666667  0.34912281  5.1        -0.36863124  0.14561404
  5.16666667  0.35263158  5.3        -1.09945691  0.15087719  5.2
  0.35964912  5.23333333 -0.80615222  0.15438596  5.23333333  0.36491228
  5.1        -1.58015025]",603.6617724895477
0.12035200000000001,[0.8728494],"[ 0.14561404  5.16666667  0.35263158  5.3        -1.09945691  0.15087719
  5.2         0.35964912  5.23333333 -0.80615222  0.15438596  5.23333333
  0.36491228  5.1        -1.58015025  0.15789474  5.2         0.37192982
  5.1        -0.1271506 ]",603.7407512664795
0.12029200000000002,[0.53507626],"[ 0.15087719  5.2         0.35964912  5.23333333 -0.80615222  0.15438596
  5.23333333  0.36491228  5.1        -1.58015025  0.15789474  5.2
  0.37192982  5.1        -0.1271506   0.16315789  5.16666667  0.37719298
  5.23333333 -0.46492374]",603.8245279788971
0.120112,[-0.9188898],"[ 0.15438596  5.23333333  0.36491228  5.1        -1.58015025  0.15789474
  5.2         0.37192982  5.1        -0.1271506   0.16315789  5.16666667
  0.37719298  5.23333333 -0.46492374  0.16842105  5.4         0.38245614
  5.06666667 -1.91888976]",603.9070796966553
0.117516,[0.2917977],"[ 0.15789474  5.2         0.37192982  5.1        -0.1271506   0.16315789
  5.16666667  0.37719298  5.23333333 -0.46492374  0.16842105  5.4
  0.38245614  5.06666667 -1.91888976  0.17192982  5.46666667  0.38596491
  4.96666667 -0.7082023 ]",603.9869148731232
0.11755599999999997,[0.38634402],"[ 0.16315789  5.16666667  0.37719298  5.23333333 -0.46492374  0.16842105
  5.4         0.38245614  5.06666667 -1.91888976  0.17192982  5.46666667
  0.38596491  4.96666667 -0.7082023   0.1754386   5.3         0.38947368
  5.06666667 -0.61365598]",604.0668611526489
0.12510399999999997,[-0.01355378],"[ 0.16842105  5.4         0.38245614  5.06666667 -1.91888976  0.17192982
  5.46666667  0.38596491  4.96666667 -0.7082023   0.1754386   5.3
  0.38947368  5.06666667 -0.61365598  0.18070175  5.4         0.39298246
  4.96666667 -1.01355374]",604.1471118927002
0.13029599999999997,[0.8728219],"[ 0.17192982  5.46666667  0.38596491  4.96666667 -0.7082023   0.1754386
  5.3         0.38947368  5.06666667 -0.61365598  0.18070175  5.4
  0.39298246  4.96666667 -1.01355374  0.1877193   5.46666667  0.39824561
  4.83333333 -0.12717807]",604.2270226478577
0.14043999999999998,[-0.5165284],"[ 0.1754386   5.3         0.38947368  5.06666667 -0.61365598  0.18070175
  5.4         0.39298246  4.96666667 -1.01355374  0.1877193   5.46666667
  0.39824561  4.83333333 -0.12717807  0.19649123  5.46666667  0.40701754
  4.8        -1.51652837]",604.3068206310272
0.15309999999999996,[0.46438828],"[ 0.18070175  5.4         0.39298246  4.96666667 -1.01355374  0.1877193
  5.46666667  0.39824561  4.83333333 -0.12717807  0.19649123  5.46666667
  0.40701754  4.8        -1.51652837  0.20526316  5.53333333  0.41578947
  4.63333333 -0.53561175]",604.3868572711945
0.15567600000000006,[-0.50345874],"[ 0.1877193   5.46666667  0.39824561  4.83333333 -0.12717807  0.19649123
  5.46666667  0.40701754  4.8        -1.51652837  0.20526316  5.53333333
  0.41578947  4.63333333 -0.53561175  0.21052632  5.4         0.42105263
  4.63333333 -1.50345874]",604.4668381214142
0.155676,[-0.06870126],"[ 0.19649123  5.46666667  0.40701754  4.8        -1.51652837  0.20526316
  5.53333333  0.41578947  4.63333333 -0.53561175  0.21052632  5.4
  0.42105263  4.63333333 -1.50345874  0.21578947  5.4         0.4245614
  4.56666667 -1.06870127]",604.5407528877258
0.15569600000000006,[0.384468],"[ 0.20526316  5.53333333  0.41578947  4.63333333 -0.53561175  0.21052632
  5.4         0.42105263  4.63333333 -1.50345874  0.21578947  5.4
  0.4245614   4.56666667 -1.06870127  0.21929825  5.33333333  0.43157895
  4.63333333 -0.61553204]",604.62686419487
0.158232,[0.8912589],"[ 0.21052632  5.4         0.42105263  4.63333333 -1.50345874  0.21578947
  5.4         0.4245614   4.56666667 -1.06870127  0.21929825  5.33333333
  0.43157895  4.63333333 -0.61553204  0.2245614   5.4         0.43508772
  4.53333333 -0.1087411 ]",604.7068538665771
0.163204,[0.6404566],"[ 0.21578947  5.4         0.4245614   4.56666667 -1.06870127  0.21929825
  5.33333333  0.43157895  4.63333333 -0.61553204  0.2245614   5.4
  0.43508772  4.53333333 -0.1087411   0.23157895  5.53333333  0.43684211
  4.33333333 -0.35954338]",604.7868874073029
0.17338800000000001,[-0.35856307],"[ 0.21929825  5.33333333  0.43157895  4.63333333 -0.61553204  0.2245614
  5.4         0.43508772  4.53333333 -0.1087411   0.23157895  5.53333333
  0.43684211  4.33333333 -0.35954338  0.23859649  5.56666667  0.43859649
  4.2        -1.35856307]",604.8668055534363
0.173448,[0.27349877],"[ 0.2245614   5.4         0.43508772  4.53333333 -0.1087411   0.23157895
  5.53333333  0.43684211  4.33333333 -0.35954338  0.23859649  5.56666667
  0.43859649  4.2        -1.35856307  0.24035088  5.46666667  0.44210526
  4.13333333 -0.72650123]",604.9470417499542
0.14311600000000002,[0.32343456],"[ 0.23157895  5.53333333  0.43684211  4.33333333 -0.35954338  0.23859649
  5.56666667  0.43859649  4.2        -1.35856307  0.24035088  5.46666667
  0.44210526  4.13333333 -0.72650123  0.24210526  5.3         0.44561404
  4.13333333 -0.67656541]",605.0270686149597
0.14812799999999998,[0.4622956],"[ 0.23859649  5.56666667  0.43859649  4.2        -1.35856307  0.24035088
  5.46666667  0.44210526  4.13333333 -0.72650123  0.24210526  5.3
  0.44561404  4.13333333 -0.67656541  0.24736842  5.36666667  0.44912281
  4.         -0.53770441]",605.1068692207336
0.15068399999999998,[-0.03709764],"[ 0.24035088  5.46666667  0.44210526  4.13333333 -0.72650123  0.24210526
  5.3         0.44561404  4.13333333 -0.67656541  0.24736842  5.36666667
  0.44912281  4.         -0.53770441  0.25438596  5.4         0.45087719
  3.86666667 -1.03709769]",605.1868135929108
0.15076399999999998,[-0.1529605],"[ 0.24210526  5.3         0.44561404  4.13333333 -0.67656541  0.24736842
  5.36666667  0.44912281  4.         -0.53770441  0.25438596  5.4
  0.45087719  3.86666667 -1.03709769  0.25789474  5.3         0.45614035
  3.83333333 -1.15296054]",605.2669327259064
0.14828799999999998,[-0.8017938],"[ 0.24736842  5.36666667  0.44912281  4.         -0.53770441  0.25438596
  5.4         0.45087719  3.86666667 -1.03709769  0.25789474  5.3
  0.45614035  3.83333333 -1.15296054  0.25964912  5.13333333  0.46140351
  3.76666667 -1.80179381]",605.34694647789
0.14068,[0.52385485],"[ 0.25438596  5.4         0.45087719  3.86666667 -1.03709769  0.25789474
  5.3         0.45614035  3.83333333 -1.15296054  0.25964912  5.13333333
  0.46140351  3.76666667 -1.80179381  0.25964912  5.          0.46315789
  3.73333333 -0.47614515]",605.4271562099457
0.13574800000000004,[0.67535317],"[ 0.25789474  5.3         0.45614035  3.83333333 -1.15296054  0.25964912
  5.13333333  0.46140351  3.76666667 -1.80179381  0.25964912  5.
  0.46315789  3.73333333 -0.47614515  0.26140351  4.93333333  0.46666667
  3.73333333 -0.32464683]",605.5070776939392
0.14074000000000003,[0.6652472],"[ 0.25964912  5.13333333  0.46140351  3.76666667 -1.80179381  0.25964912
  5.          0.46315789  3.73333333 -0.47614515  0.26140351  4.93333333
  0.46666667  3.73333333 -0.32464683  0.26842105  5.2         0.46491228
  3.66666667 -0.3347528 ]",605.5870108604431
0.14311600000000002,[0.35982808],"[ 0.25964912  5.          0.46315789  3.73333333 -0.47614515  0.26140351
  4.93333333  0.46666667  3.73333333 -0.32464683  0.26842105  5.2
  0.46491228  3.66666667 -0.3347528   0.27368421  5.33333333  0.46666667
  3.66666667 -0.64017189]",605.6670227050781
0.13552800000000004,[0.02643748],"[ 0.26140351  4.93333333  0.46666667  3.73333333 -0.32464683  0.26842105
  5.2         0.46491228  3.66666667 -0.3347528   0.27368421  5.33333333
  0.46666667  3.66666667 -0.64017189  0.27368421  5.3         0.46666667
  3.66666667 -0.97356254]",605.7469923496246
0.125384,[-0.27113083],"[ 0.26842105  5.2         0.46491228  3.66666667 -0.3347528   0.27368421
  5.33333333  0.46666667  3.66666667 -0.64017189  0.27368421  5.3
  0.46666667  3.66666667 -0.97356254  0.27368421  5.23333333  0.47017544
  3.7        -1.2711308 ]",605.8272929191589
0.11517999999999999,[-0.50676006],"[ 0.27368421  5.33333333  0.46666667  3.66666667 -0.64017189  0.27368421
  5.3         0.46666667  3.66666667 -0.97356254  0.27368421  5.23333333
  0.47017544  3.7        -1.2711308   0.2754386   5.2         0.4754386
  3.83333333 -1.50676012]",605.9070148468018
0.107572,[-0.04163155],"[ 0.27368421  5.3         0.46666667  3.66666667 -0.97356254  0.27368421
  5.23333333  0.47017544  3.7        -1.2711308   0.2754386   5.2
  0.4754386   3.83333333 -1.50676012  0.27894737  5.16666667  0.48245614
  4.         -1.04163158]",605.9869065284729
0.10237999999999996,[0.18140279],"[ 0.27368421  5.23333333  0.47017544  3.7        -1.2711308   0.2754386
  5.2         0.4754386   3.83333333 -1.50676012  0.27894737  5.16666667
  0.48245614  4.         -1.04163158  0.28070175  5.16666667  0.48596491
  4.03333333 -0.8185972 ]",606.0670840740204
0.09722800000000004,[-0.21384116],"[ 0.2754386   5.2         0.4754386   3.83333333 -1.50676012  0.27894737
  5.16666667  0.48245614  4.         -1.04163158  0.28070175  5.16666667
  0.48596491  4.03333333 -0.8185972   0.28245614  5.23333333  0.48596491
  3.93333333 -1.2138412 ]",606.14692735672
0.08700399999999997,[0.51188916],"[ 0.27894737  5.16666667  0.48245614  4.         -1.04163158  0.28070175
  5.16666667  0.48596491  4.03333333 -0.8185972   0.28245614  5.23333333
  0.48596491  3.93333333 -1.2138412   0.27894737  5.16666667  0.48245614
  3.96666667 -0.48811084]",606.226357460022
0.07168800000000003,[-0.17362234],"[ 0.28070175  5.16666667  0.48596491  4.03333333 -0.8185972   0.28245614
  5.23333333  0.48596491  3.93333333 -1.2138412   0.27894737  5.16666667
  0.48245614  3.96666667 -0.48811084  0.27368421  5.2         0.47894737
  4.         -1.17362237]",606.3026988506317
0.06402000000000002,[-0.9860555],"[ 0.28245614  5.23333333  0.48596491  3.93333333 -1.2138412   0.27894737
  5.16666667  0.48245614  3.96666667 -0.48811084  0.27368421  5.2
  0.47894737  4.         -1.17362237  0.2754386   5.33333333  0.4754386
  3.93333333 -1.98605549]",606.3861720561981
0.048763999999999974,[-0.83813244],"[ 0.27894737  5.16666667  0.48245614  3.96666667 -0.48811084  0.27368421
  5.2         0.47894737  4.         -1.17362237  0.2754386   5.33333333
  0.4754386   3.93333333 -1.98605549  0.27192982  5.23333333  0.47719298
  4.13333333 -1.83813238]",606.4668850898743
0.04620800000000003,[-0.47050396],"[ 0.27368421  5.2         0.47894737  4.         -1.17362237  0.2754386
  5.33333333  0.4754386   3.93333333 -1.98605549  0.27192982  5.23333333
  0.47719298  4.13333333 -1.83813238  0.27192982  5.13333333  0.48245614
  4.4        -1.47050393]",606.5468199253082
0.05121999999999999,[0.73027396],"[ 0.2754386   5.33333333  0.4754386   3.93333333 -1.98605549  0.27192982
  5.23333333  0.47719298  4.13333333 -1.83813238  0.27192982  5.13333333
  0.48245614  4.4        -1.47050393  0.27719298  5.13333333  0.4877193
  4.46666667 -0.26972604]",606.6270039081573
0.048663999999999985,[-0.85796976],"[ 0.27192982  5.23333333  0.47719298  4.13333333 -1.83813238  0.27192982
  5.13333333  0.48245614  4.4        -1.47050393  0.27719298  5.13333333
  0.4877193   4.46666667 -0.26972604  0.28070175  5.2         0.49122807
  4.4        -1.85796976]",606.7068409919739
0.048604000000000036,[-0.05316427],"[ 0.27192982  5.13333333  0.48245614  4.4        -1.47050393  0.27719298
  5.13333333  0.4877193   4.46666667 -0.26972604  0.28070175  5.2
  0.49122807  4.4        -1.85796976  0.2877193   5.33333333  0.49298246
  4.23333333 -1.05316424]",606.7864513397217
0.03839999999999999,[0.06419256],"[ 0.27719298  5.13333333  0.4877193   4.46666667 -0.26972604  0.28070175
  5.2         0.49122807  4.4        -1.85796976  0.2877193   5.33333333
  0.49298246  4.23333333 -1.05316424  0.28421053  5.2         0.49298246
  4.26666667 -0.93580747]",606.866861820221
0.03578400000000004,[0.3797727],"[ 0.28070175  5.2         0.49122807  4.4        -1.85796976  0.2877193
  5.33333333  0.49298246  4.23333333 -1.05316424  0.28421053  5.2
  0.49298246  4.26666667 -0.93580747  0.28421053  5.13333333  0.49298246
  4.23333333 -0.62022734]",606.9468913078308
0.040796,[-0.94084334],"[ 0.2877193   5.33333333  0.49298246  4.23333333 -1.05316424  0.28421053
  5.2         0.49298246  4.26666667 -0.93580747  0.28421053  5.13333333
  0.49298246  4.23333333 -0.62022734  0.2877193   5.16666667  0.49298246
  4.1        -1.94084334]",607.0268931388855
0.040756000000000014,[-0.66379374],"[ 0.28421053  5.2         0.49298246  4.26666667 -0.93580747  0.28421053
  5.13333333  0.49298246  4.23333333 -0.62022734  0.2877193   5.16666667
  0.49298246  4.1        -1.94084334  0.28947368  5.16666667  0.49649123
  4.13333333 -1.6637938 ]",607.1068291664124
0.030812000000000006,[0.00164459],"[ 0.28421053  5.13333333  0.49298246  4.23333333 -0.62022734  0.2877193
  5.16666667  0.49298246  4.1        -1.94084334  0.28947368  5.16666667
  0.49649123  4.13333333 -1.6637938   0.28947368  4.96666667  0.50175439
  4.4        -0.99835539]",607.186808347702
0.025839999999999974,[-0.77352583],"[ 0.2877193   5.16666667  0.49298246  4.1        -1.94084334  0.28947368
  5.16666667  0.49649123  4.13333333 -1.6637938   0.28947368  4.96666667
  0.50175439  4.4        -0.99835539  0.29122807  4.86666667  0.50350877
  4.36666667 -1.77352583]",607.2647018432617
0.03348799999999996,[0.8548815],"[ 0.28947368  5.16666667  0.49649123  4.13333333 -1.6637938   0.28947368
  4.96666667  0.50175439  4.4        -0.99835539  0.29122807  4.86666667
  0.50350877  4.36666667 -1.77352583  0.29649123  4.86666667  0.50701754
  4.2        -0.14511847]",607.3409843444824
0.036024,[-0.86131597],"[ 0.28947368  4.96666667  0.50175439  4.4        -0.99835539  0.29122807
  4.86666667  0.50350877  4.36666667 -1.77352583  0.29649123  4.86666667
  0.50701754  4.2        -0.14511847  0.29824561  4.83333333  0.5122807
  4.33333333 -1.86131597]",607.4204952716827
0.043591999999999964,[0.00848829],"[ 0.29122807  4.86666667  0.50350877  4.36666667 -1.77352583  0.29649123
  4.86666667  0.50701754  4.2        -0.14511847  0.29824561  4.83333333
  0.5122807   4.33333333 -1.86131597  0.30526316  4.96666667  0.51578947
  4.23333333 -0.9915117 ]",607.5047800540924
0.043632000000000004,[0.03930797],"[ 0.29649123  4.86666667  0.50701754  4.2        -0.14511847  0.29824561
  4.83333333  0.5122807   4.33333333 -1.86131597  0.30526316  4.96666667
  0.51578947  4.23333333 -0.9915117   0.30877193  4.86666667  0.51929825
  4.2        -0.96069205]",607.5853533744812
