reward,action,obs,time
,,"[0.         0.         0.         0.         0.         0.
 0.         0.         0.         0.         0.         0.
 0.         0.         0.         0.02982456 5.63333333 0.24561404
 5.4        0.        ]",2560.4480862617493
0.002456,[0.9757841],"[ 0.          0.          0.          0.          0.          0.
  0.          0.          0.          0.          0.02982456  5.63333333
  0.24561404  5.4         0.          0.03157895  5.8         0.24385965
  5.33333333 -0.02421588]",2560.609035730362
3.999999999999837e-05,[-0.8458419],"[ 0.          0.          0.          0.          0.          0.02982456
  5.63333333  0.24561404  5.4         0.          0.03157895  5.8
  0.24385965  5.33333333 -0.02421588  0.02982456  5.56666667  0.24561404
  5.46666667 -1.84584188]",2560.660817861557
1.9999999999999185e-05,[-0.8595566],"[ 0.02982456  5.63333333  0.24561404  5.4         0.          0.03157895
  5.8         0.24385965  5.33333333 -0.02421588  0.02982456  5.56666667
  0.24561404  5.46666667 -1.84584188  0.02982456  5.6         0.24561404
  5.43333333 -1.85955667]",2560.712788581848
0.002575999999999995,[0.43101373],"[ 0.03157895  5.8         0.24385965  5.33333333 -0.02421588  0.02982456
  5.56666667  0.24561404  5.46666667 -1.84584188  0.02982456  5.6
  0.24561404  5.43333333 -1.85955667  0.03157895  5.6         0.24561404
  5.43333333 -0.5689863 ]",2560.758969306946
1.9999999999999185e-05,[-0.14050072],"[ 0.02982456  5.56666667  0.24561404  5.46666667 -1.84584188  0.02982456
  5.6         0.24561404  5.43333333 -1.85955667  0.03157895  5.6
  0.24561404  5.43333333 -0.5689863   0.02982456  5.6         0.24561404
  5.43333333 -1.14050078]",2560.811106443405
1.9999999999999185e-05,[-0.9580536],"[ 0.02982456  5.6         0.24561404  5.43333333 -1.85955667  0.03157895
  5.6         0.24561404  5.43333333 -0.5689863   0.02982456  5.6
  0.24561404  5.43333333 -1.14050078  0.02982456  5.6         0.24561404
  5.4        -1.95805359]",2560.8611307144165
0.002595999999999994,[0.17985669],"[ 0.03157895  5.6         0.24561404  5.43333333 -0.5689863   0.02982456
  5.6         0.24561404  5.43333333 -1.14050078  0.02982456  5.6
  0.24561404  5.4        -1.95805359  0.03157895  5.56666667  0.24561404
  5.46666667 -0.82014334]",2560.9113936424255
0.005252,[-0.94328785],"[ 0.02982456  5.6         0.24561404  5.43333333 -1.14050078  0.02982456
  5.6         0.24561404  5.4        -1.95805359  0.03157895  5.56666667
  0.24561404  5.46666667 -0.82014334  0.03333333  5.4         0.24736842
  5.6        -1.94328785]",2560.9615483283997
0.007767999999999997,[-0.93065274],"[ 0.02982456  5.6         0.24561404  5.4        -1.95805359  0.03157895
  5.56666667  0.24561404  5.46666667 -0.82014334  0.03333333  5.4
  0.24736842  5.6        -1.94328785  0.03508772  5.46666667  0.24912281
  5.56666667 -1.93065274]",2561.0116147994995
0.010383999999999997,[0.5804789],"[ 0.03157895  5.56666667  0.24561404  5.46666667 -0.82014334  0.03333333
  5.4         0.24736842  5.6        -1.94328785  0.03508772  5.46666667
  0.24912281  5.56666667 -1.93065274  0.03684211  5.36666667  0.24912281
  5.66666667 -0.41952109]",2561.061996459961
0.010423999999999996,[-0.17901766],"[ 0.03333333  5.4         0.24736842  5.6        -1.94328785  0.03508772
  5.46666667  0.24912281  5.56666667 -1.93065274  0.03684211  5.36666667
  0.24912281  5.66666667 -0.41952109  0.03684211  5.3         0.25087719
  5.76666667 -1.17901766]",2561.1272246837616
0.015475999999999995,[0.569616],"[ 0.03508772  5.46666667  0.24912281  5.56666667 -1.93065274  0.03684211
  5.36666667  0.24912281  5.66666667 -0.41952109  0.03684211  5.3
  0.25087719  5.76666667 -1.17901766  0.04035088  5.4         0.25263158
  5.7        -0.43038398]",2561.207759141922
0.017931999999999997,[0.38396308],"[ 0.03684211  5.36666667  0.24912281  5.66666667 -0.41952109  0.03684211
  5.3         0.25087719  5.76666667 -1.17901766  0.04035088  5.4
  0.25263158  5.7        -0.43038398  0.04210526  5.56666667  0.25789474
  5.53333333 -0.61603689]",2561.287010192871
0.025539999999999997,[0.78059703],"[ 0.03684211  5.3         0.25087719  5.76666667 -1.17901766  0.04035088
  5.4         0.25263158  5.7        -0.43038398  0.04210526  5.56666667
  0.25789474  5.53333333 -0.61603689  0.04736842  5.66666667  0.25964912
  5.4        -0.21940297]",2561.3669064044952
0.028055999999999987,[-0.7673798],"[ 0.04035088  5.4         0.25263158  5.7        -0.43038398  0.04210526
  5.56666667  0.25789474  5.53333333 -0.61603689  0.04736842  5.66666667
  0.25964912  5.4        -0.21940297  0.04912281  5.73333333  0.26315789
  5.33333333 -1.76737976]",2561.4470188617706
0.030591999999999998,[-0.70099807],"[ 0.04210526  5.56666667  0.25789474  5.53333333 -0.61603689  0.04736842
  5.66666667  0.25964912  5.4        -0.21940297  0.04912281  5.73333333
  0.26315789  5.33333333 -1.76737976  0.05087719  5.76666667  0.26315789
  5.26666667 -1.70099807]",2561.5224413871765
0.03069199999999999,[-0.79608405],"[ 0.04736842  5.66666667  0.25964912  5.4        -0.21940297  0.04912281
  5.73333333  0.26315789  5.33333333 -1.76737976  0.05087719  5.76666667
  0.26315789  5.26666667 -1.70099807  0.05087719  5.6         0.26491228
  5.46666667 -1.79608405]",2561.6018211841583
0.030791999999999996,[0.37565535],"[ 0.04912281  5.73333333  0.26315789  5.33333333 -1.76737976  0.05087719
  5.76666667  0.26315789  5.26666667 -1.70099807  0.05087719  5.6
  0.26491228  5.46666667 -1.79608405  0.05087719  5.43333333  0.26491228
  5.6        -0.62434465]",2561.6810817718506
0.03588399999999999,[-0.332889],"[ 0.05087719  5.76666667  0.26315789  5.26666667 -1.70099807  0.05087719
  5.6         0.26491228  5.46666667 -1.79608405  0.05087719  5.43333333
  0.26491228  5.6        -0.62434465  0.05438596  5.46666667  0.26842105
  5.63333333 -1.33288896]",2561.761296749115
0.04604799999999999,[-0.5739345],"[ 0.05087719  5.6         0.26491228  5.46666667 -1.79608405  0.05087719
  5.43333333  0.26491228  5.6        -0.62434465  0.05438596  5.46666667
  0.26842105  5.63333333 -1.33288896  0.06140351  5.56666667  0.27368421
  5.5        -1.57393456]",2561.8417313098907
0.048743999999999996,[0.4951769],"[ 0.05087719  5.43333333  0.26491228  5.6        -0.62434465  0.05438596
  5.46666667  0.26842105  5.63333333 -1.33288896  0.06140351  5.56666667
  0.27368421  5.5        -1.57393456  0.06491228  5.5         0.27894737
  5.56666667 -0.50482309]",2561.9221470355988
0.058868,[-0.5455899],"[ 0.05438596  5.46666667  0.26842105  5.63333333 -1.33288896  0.06140351
  5.56666667  0.27368421  5.5        -1.57393456  0.06491228  5.5
  0.27894737  5.56666667 -0.50482309  0.07017544  5.43333333  0.28596491
  5.63333333 -1.54558992]",2562.002937078476
0.066476,[-0.73480344],"[ 0.06140351  5.56666667  0.27368421  5.5        -1.57393456  0.06491228
  5.5         0.27894737  5.56666667 -0.50482309  0.07017544  5.43333333
  0.28596491  5.63333333 -1.54558992  0.0754386   5.56666667  0.29122807
  5.46666667 -1.73480344]",2562.081042289734
0.071628,[-0.7396717],"[ 0.06491228  5.5         0.27894737  5.56666667 -0.50482309  0.07017544
  5.43333333  0.28596491  5.63333333 -1.54558992  0.0754386   5.56666667
  0.29122807  5.46666667 -1.73480344  0.08070175  5.5         0.29473684
  5.56666667 -1.73967171]",2562.165951728821
0.079396,[-0.47447875],"[ 0.07017544  5.43333333  0.28596491  5.63333333 -1.54558992  0.0754386
  5.56666667  0.29122807  5.46666667 -1.73480344  0.08070175  5.5
  0.29473684  5.56666667 -1.73967171  0.08421053  5.33333333  0.29824561
  5.76666667 -1.47447872]",2562.2409386634827
0.08704399999999998,[-0.54425466],"[ 0.0754386   5.56666667  0.29122807  5.46666667 -1.73480344  0.08070175
  5.5         0.29473684  5.56666667 -1.73967171  0.08421053  5.33333333
  0.29824561  5.76666667 -1.47447872  0.08947368  5.36666667  0.30175439
  5.83333333 -1.54425466]",2562.3210122585297
0.09213600000000001,[-0.84502286],"[ 0.08070175  5.5         0.29473684  5.56666667 -1.73967171  0.08421053
  5.33333333  0.29824561  5.76666667 -1.47447872  0.08947368  5.36666667
  0.30175439  5.83333333 -1.54425466  0.09473684  5.36666667  0.30701754
  5.86666667 -1.84502292]",2562.405118227005
0.09720799999999999,[0.96523786],"[ 0.08421053  5.33333333  0.29824561  5.76666667 -1.47447872  0.08947368
  5.36666667  0.30175439  5.83333333 -1.54425466  0.09473684  5.36666667
  0.30701754  5.86666667 -1.84502292  0.1         5.26666667  0.3122807
  5.96666667 -0.03476214]",2562.4821314811707
0.09978400000000001,[0.29548723],"[ 0.08947368  5.36666667  0.30175439  5.83333333 -1.54425466  0.09473684
  5.36666667  0.30701754  5.86666667 -1.84502292  0.1         5.26666667
  0.3122807   5.96666667 -0.03476214  0.10350877  5.3         0.31929825
  6.         -0.70451277]",2562.5672521591187
0.1021,[-0.15742205],"[ 0.09473684  5.36666667  0.30701754  5.86666667 -1.84502292  0.1
  5.26666667  0.3122807   5.96666667 -0.03476214  0.10350877  5.3
  0.31929825  6.         -0.70451277  0.10701754  5.6         0.3245614
  5.83333333 -1.15742207]",2562.6412439346313
0.104596,[0.4971844],"[ 0.1         5.26666667  0.3122807   5.96666667 -0.03476214  0.10350877
  5.3         0.31929825  6.         -0.70451277  0.10701754  5.6
  0.3245614   5.83333333 -1.15742207  0.10877193  5.63333333  0.32807018
  5.76666667 -0.5028156 ]",2562.7211623191833
0.10210000000000001,[-0.70639384],"[ 0.10350877  5.3         0.31929825  6.         -0.70451277  0.10701754
  5.6         0.3245614   5.83333333 -1.15742207  0.10877193  5.63333333
  0.32807018  5.76666667 -0.5028156   0.11052632  5.63333333  0.32982456
  5.8        -1.70639384]",2562.8018369674683
0.10211999999999999,[-0.8856906],"[ 0.10701754  5.6         0.3245614   5.83333333 -1.15742207  0.10877193
  5.63333333  0.32807018  5.76666667 -0.5028156   0.11052632  5.63333333
  0.32982456  5.8        -1.70639384  0.1122807   5.76666667  0.33333333
  5.7        -1.88569069]",2562.881023168564
0.09708800000000001,[-0.87798715],"[ 0.10877193  5.63333333  0.32807018  5.76666667 -0.5028156   0.11052632
  5.63333333  0.32982456  5.8        -1.70639384  0.1122807   5.76666667
  0.33333333  5.7        -1.88569069  0.11403509  5.73333333  0.33684211
  5.9        -1.87798715]",2562.965476036072
0.135768,[-0.60841656],"[ 0.11052632  5.63333333  0.32982456  5.8        -1.70639384  0.1122807
  5.76666667  0.33333333  5.7        -1.88569069  0.11403509  5.73333333
  0.33684211  5.9        -1.87798715  0.14210526  5.23333333  0.34210526
  6.06666667 -1.60841656]",2563.0410120487213
0.138204,[-0.11879825],"[ 0.1122807   5.76666667  0.33333333  5.7        -1.88569069  0.11403509
  5.73333333  0.33684211  5.9        -1.87798715  0.14210526  5.23333333
  0.34210526  6.06666667 -1.60841656  0.14561404  5.46666667  0.34912281
  6.13333333 -1.11879826]",2563.125129699707
0.143176,[0.05108198],"[ 0.11403509  5.73333333  0.33684211  5.9        -1.87798715  0.14210526
  5.23333333  0.34210526  6.06666667 -1.60841656  0.14561404  5.46666667
  0.34912281  6.13333333 -1.11879826  0.14912281  5.53333333  0.35614035
  6.16666667 -0.94891804]",2563.2011003494263
0.148148,[0.37452757],"[ 0.14210526  5.23333333  0.34210526  6.06666667 -1.60841656  0.14561404
  5.46666667  0.34912281  6.13333333 -1.11879826  0.14912281  5.53333333
  0.35614035  6.16666667 -0.94891804  0.15263158  5.6         0.36140351
  6.13333333 -0.62547243]",2563.280977010727
0.14557199999999998,[-0.45118618],"[ 0.14561404  5.46666667  0.34912281  6.13333333 -1.11879826  0.14912281
  5.53333333  0.35614035  6.16666667 -0.94891804  0.15263158  5.6
  0.36140351  6.13333333 -0.62547243  0.15438596  5.66666667  0.36666667
  6.06666667 -1.45118618]",2563.362804412842
0.137944,[0.8707998],"[ 0.14912281  5.53333333  0.35614035  6.16666667 -0.94891804  0.15263158
  5.6         0.36140351  6.13333333 -0.62547243  0.15438596  5.66666667
  0.36666667  6.06666667 -1.45118618  0.15614035  5.7         0.36842105
  6.06666667 -0.12920022]",2563.4416739940643
0.13540799999999997,[-0.2909942],"[ 0.15263158  5.6         0.36140351  6.13333333 -0.62547243  0.15438596
  5.66666667  0.36666667  6.06666667 -1.45118618  0.15614035  5.7
  0.36842105  6.06666667 -0.12920022  0.15789474  5.6         0.36842105
  6.16666667 -1.29099417]",2563.5285351276398
0.130156,[0.7382787],"[ 0.15438596  5.66666667  0.36666667  6.06666667 -1.45118618  0.15614035
  5.7         0.36842105  6.06666667 -0.12920022  0.15789474  5.6
  0.36842105  6.16666667 -1.29099417  0.15964912  5.76666667  0.37368421
  6.06666667 -0.26172131]",2563.601352453232
0.12765999999999997,[0.26893383],"[ 0.15614035  5.7         0.36842105  6.06666667 -0.12920022  0.15789474
  5.6         0.36842105  6.16666667 -1.29099417  0.15964912  5.76666667
  0.37368421  6.06666667 -0.26172131  0.16315789  5.8         0.37719298
  6.1        -0.73106617]",2563.6876406669617
0.12755999999999998,[0.0678755],"[ 0.15789474  5.6         0.36842105  6.16666667 -1.29099417  0.15964912
  5.76666667  0.37368421  6.06666667 -0.26172131  0.16315789  5.8
  0.37719298  6.1        -0.73106617  0.16842105  5.9         0.38070175
  6.03333333 -0.9321245 ]",2563.7670102119446
0.129996,[0.1717984],"[ 0.15964912  5.76666667  0.37368421  6.06666667 -0.26172131  0.16315789
  5.8         0.37719298  6.1        -0.73106617  0.16842105  5.9
  0.38070175  6.03333333 -0.9321245   0.17368421  5.93333333  0.3877193
  6.03333333 -0.82820159]",2563.8414738178253
0.12744,[-0.83495396],"[ 0.16315789  5.8         0.37719298  6.1        -0.73106617  0.16842105
  5.9         0.38070175  6.03333333 -0.9321245   0.17368421  5.93333333
  0.3877193   6.03333333 -0.82820159  0.17719298  5.96666667  0.39122807
  6.03333333 -1.83495402]",2563.928873538971
0.12488399999999995,[-0.9625744],"[ 0.16842105  5.9         0.38070175  6.03333333 -0.9321245   0.17368421
  5.93333333  0.3877193   6.03333333 -0.82820159  0.17719298  5.96666667
  0.39122807  6.03333333 -1.83495402  0.18070175  5.96666667  0.39649123
  6.1        -1.96257448]",2564.0071997642517
0.12234799999999998,[-0.5746124],"[ 0.17368421  5.93333333  0.3877193   6.03333333 -0.82820159  0.17719298
  5.96666667  0.39122807  6.03333333 -1.83495402  0.18070175  5.96666667
  0.39649123  6.1        -1.96257448  0.18421053  5.83333333  0.39824561
  6.33333333 -1.57461238]",2564.0810050964355
0.12236800000000003,[-0.13574122],"[ 0.17719298  5.96666667  0.39122807  6.03333333 -1.83495402  0.18070175
  5.96666667  0.39649123  6.1        -1.96257448  0.18421053  5.83333333
  0.39824561  6.33333333 -1.57461238  0.1877193   5.83333333  0.4
  6.46666667 -1.13574123]",2564.1651468276978
0.11995200000000002,[-0.39782926],"[ 0.18070175  5.96666667  0.39649123  6.1        -1.96257448  0.18421053
  5.83333333  0.39824561  6.33333333 -1.57461238  0.1877193   5.83333333
  0.4         6.46666667 -1.13574123  0.18947368  5.9         0.40350877
  6.43333333 -1.39782929]",2564.2475969791412
0.11995200000000002,[-0.38410378],"[ 0.18421053  5.83333333  0.39824561  6.33333333 -1.57461238  0.1877193
  5.83333333  0.4         6.46666667 -1.13574123  0.18947368  5.9
  0.40350877  6.43333333 -1.39782929  0.19122807  5.93333333  0.40526316
  6.4        -1.38410378]",2564.321322441101
0.125064,[-0.3764212],"[ 0.1877193   5.83333333  0.4         6.46666667 -1.13574123  0.18947368
  5.9         0.40350877  6.43333333 -1.39782929  0.19122807  5.93333333
  0.40526316  6.4        -1.38410378  0.19649123  5.93333333  0.40701754
  6.43333333 -1.37642121]",2564.406986474991
0.12770000000000006,[-0.81695235],"[ 0.18947368  5.9         0.40350877  6.43333333 -1.39782929  0.19122807
  5.93333333  0.40526316  6.4        -1.38410378  0.19649123  5.93333333
  0.40701754  6.43333333 -1.37642121  0.2         5.93333333  0.4122807
  6.5        -1.81695235]",2564.4825444221497
0.13279199999999997,[-0.8302415],"[ 0.19122807  5.93333333  0.40526316  6.4        -1.38410378  0.19649123
  5.93333333  0.40701754  6.43333333 -1.37642121  0.2         5.93333333
  0.4122807   6.5        -1.81695235  0.20526316  5.93333333  0.41754386
  6.56666667 -1.83024144]",2564.561168193817
0.09928400000000001,[-0.9792561],"[ 0.19649123  5.93333333  0.40701754  6.43333333 -1.37642121  0.2
  5.93333333  0.4122807   6.5        -1.81695235  0.20526316  5.93333333
  0.41754386  6.56666667 -1.83024144  0.21052632  5.9         0.42105263
  6.7        -1.97925615]",2564.6449110507965
0.09686800000000001,[0.8446775],"[ 0.2         5.93333333  0.4122807   6.5        -1.81695235  0.20526316
  5.93333333  0.41754386  6.56666667 -1.83024144  0.21052632  5.9
  0.42105263  6.7        -1.97925615  0.2122807   5.9         0.42280702
  6.8        -0.15532249]",2564.7214000225067
0.09435200000000002,[-0.23096527],"[ 0.20526316  5.93333333  0.41754386  6.56666667 -1.83024144  0.21052632
  5.9         0.42105263  6.7        -1.97925615  0.2122807   5.9
  0.42280702  6.8        -0.15532249  0.21403509  5.9         0.4245614
  6.83333333 -1.23096526]",2564.8008618354797
0.08660399999999999,[0.8828718],"[ 0.21052632  5.9         0.42105263  6.7        -1.97925615  0.2122807
  5.9         0.42280702  6.8        -0.15532249  0.21403509  5.9
  0.4245614   6.83333333 -1.23096526  0.2122807   6.1         0.4245614
  6.7        -0.11712819]",2564.885086774826
0.08402799999999999,[-0.10336982],"[ 0.2122807   5.9         0.42280702  6.8        -0.15532249  0.21403509
  5.9         0.4245614   6.83333333 -1.23096526  0.2122807   6.1
  0.4245614   6.7        -0.11712819  0.2122807   6.2         0.4245614
  6.63333333 -1.10336983]",2564.9610776901245
0.08141200000000001,[-0.7760147],"[ 0.21403509  5.9         0.4245614   6.83333333 -1.23096526  0.2122807
  6.1         0.4245614   6.7        -0.11712819  0.2122807   6.2
  0.4245614   6.63333333 -1.10336983  0.2122807   6.33333333  0.42631579
  6.53333333 -1.77601469]",2565.0407712459564
0.08394800000000002,[-0.32095698],"[ 0.2122807   6.1         0.4245614   6.7        -0.11712819  0.2122807
  6.2         0.4245614   6.63333333 -1.10336983  0.2122807   6.33333333
  0.42631579  6.53333333 -1.77601469  0.21578947  6.26666667  0.42807018
  6.7        -1.32095695]",2565.124578475952
0.08923999999999999,[0.3817764],"[ 0.2122807   6.2         0.4245614   6.63333333 -1.10336983  0.2122807
  6.33333333  0.42631579  6.53333333 -1.77601469  0.21578947  6.26666667
  0.42807018  6.7        -1.32095695  0.22105263  6.13333333  0.43157895
  6.9        -0.61822361]",2565.200914621353
0.09427200000000002,[0.87838817],"[ 0.2122807   6.33333333  0.42631579  6.53333333 -1.77601469  0.21578947
  6.26666667  0.42807018  6.7        -1.32095695  0.22105263  6.13333333
  0.43157895  6.9        -0.61822361  0.22807018  6.3         0.43859649
  6.86666667 -0.12161183]",2565.2820477485657
0.096748,[-0.9625704],"[ 0.21578947  6.26666667  0.42807018  6.7        -1.32095695  0.22105263
  6.13333333  0.43157895  6.9        -0.61822361  0.22807018  6.3
  0.43859649  6.86666667 -0.12161183  0.23508772  6.53333333  0.44736842
  6.73333333 -1.96257043]",2565.3655264377594
0.09670799999999999,[0.17351243],"[ 0.22105263  6.13333333  0.43157895  6.9        -0.61822361  0.22807018
  6.3         0.43859649  6.86666667 -0.12161183  0.23508772  6.53333333
  0.44736842  6.73333333 -1.96257043  0.24035088  6.63333333  0.45438596
  6.66666667 -0.82648754]",2565.4411404132843
0.09423199999999998,[-0.41100574],"[ 0.22807018  6.3         0.43859649  6.86666667 -0.12161183  0.23508772
  6.53333333  0.44736842  6.73333333 -1.96257043  0.24035088  6.63333333
  0.45438596  6.66666667 -0.82648754  0.24210526  6.53333333  0.45614035
  6.76666667 -1.41100574]",2565.5276885032654
0.09423200000000004,[0.37458912],"[ 0.23508772  6.53333333  0.44736842  6.73333333 -1.96257043  0.24035088
  6.63333333  0.45438596  6.66666667 -0.82648754  0.24210526  6.53333333
  0.45614035  6.76666667 -1.41100574  0.24561404  6.53333333  0.45789474
  6.8        -0.62541091]",2565.6070291996
0.094132,[0.40202597],"[ 0.24035088  6.63333333  0.45438596  6.66666667 -0.82648754  0.24210526
  6.53333333  0.45614035  6.76666667 -1.41100574  0.24561404  6.53333333
  0.45789474  6.8        -0.62541091  0.24912281  6.56666667  0.46140351
  6.83333333 -0.59797406]",2565.6868391036987
0.09656799999999999,[0.20587581],"[ 0.24210526  6.53333333  0.45614035  6.76666667 -1.41100574  0.24561404
  6.53333333  0.45789474  6.8        -0.62541091  0.24912281  6.56666667
  0.46140351  6.83333333 -0.59797406  0.25438596  6.76666667  0.46842105
  6.76666667 -0.79412419]",2565.7628469467163
0.10425600000000002,[-0.8229017],"[ 0.24561404  6.53333333  0.45789474  6.8        -0.62541091  0.24912281
  6.56666667  0.46140351  6.83333333 -0.59797406  0.25438596  6.76666667
  0.46842105  6.76666667 -0.79412419  0.26140351  6.8         0.4754386
  6.76666667 -1.82290173]",2565.8471744060516
0.109428,[0.62621236],"[ 0.24912281  6.56666667  0.46140351  6.83333333 -0.59797406  0.25438596
  6.76666667  0.46842105  6.76666667 -0.79412419  0.26140351  6.8
  0.4754386   6.76666667 -1.82290173  0.26666667  6.73333333  0.48070175
  6.8        -0.37378764]",2565.927360534668
0.10695199999999998,[0.06975432],"[ 0.25438596  6.76666667  0.46842105  6.76666667 -0.79412419  0.26140351
  6.8         0.4754386   6.76666667 -1.82290173  0.26666667  6.73333333
  0.48070175  6.8        -0.37378764  0.27017544  6.6         0.48245614
  6.93333333 -0.9302457 ]",2566.006945848465
0.10427599999999997,[0.50741667],"[ 0.26140351  6.8         0.4754386   6.76666667 -1.82290173  0.26666667
  6.73333333  0.48070175  6.8        -0.37378764  0.27017544  6.6
  0.48245614  6.93333333 -0.9302457   0.27192982  6.8         0.48596491
  6.8        -0.49258333]",2566.087975502014
0.10162000000000004,[0.5364484],"[ 0.26666667  6.73333333  0.48070175  6.8        -0.37378764  0.27017544
  6.6         0.48245614  6.93333333 -0.9302457   0.27192982  6.8
  0.48596491  6.8        -0.49258333  0.2754386   6.96666667  0.48947368
  6.73333333 -0.46355158]",2566.168053150177
0.10155999999999998,[-0.7894611],"[ 0.27017544  6.6         0.48245614  6.93333333 -0.9302457   0.27192982
  6.8         0.48596491  6.8        -0.49258333  0.2754386   6.96666667
  0.48947368  6.73333333 -0.46355158  0.28070175  7.03333333  0.49473684
  6.63333333 -1.78946114]",2566.2471520900726
0.10922799999999999,[-0.6887369],"[ 0.27192982  6.8         0.48596491  6.8        -0.49258333  0.2754386
  6.96666667  0.48947368  6.73333333 -0.46355158  0.28070175  7.03333333
  0.49473684  6.63333333 -1.78946114  0.2877193   7.03333333  0.5
  6.63333333 -1.68873692]",2566.3269653320312
0.10932799999999998,[-0.49769518],"[ 0.2754386   6.96666667  0.48947368  6.73333333 -0.46355158  0.28070175
  7.03333333  0.49473684  6.63333333 -1.78946114  0.2877193   7.03333333
  0.5         6.63333333 -1.68873692  0.28947368  6.86666667  0.50350877
  6.76666667 -1.49769521]",2566.407534837723
0.1146,[-0.62866396],"[ 0.28070175  7.03333333  0.49473684  6.63333333 -1.78946114  0.2877193
  7.03333333  0.5         6.63333333 -1.68873692  0.28947368  6.86666667
  0.50350877  6.76666667 -1.49769521  0.29122807  6.8         0.50350877
  6.83333333 -1.62866402]",2566.487286567688
0.11973199999999999,[-0.8574418],"[ 0.2877193   7.03333333  0.5         6.63333333 -1.68873692  0.28947368
  6.86666667  0.50350877  6.76666667 -1.49769521  0.29122807  6.8
  0.50350877  6.83333333 -1.62866402  0.29473684  6.86666667  0.50701754
  6.9        -1.85744178]",2566.5666995048523
0.12752,[-0.75492984],"[ 0.28947368  6.86666667  0.50350877  6.76666667 -1.49769521  0.29122807
  6.8         0.50350877  6.83333333 -1.62866402  0.29473684  6.86666667
  0.50701754  6.9        -1.85744178  0.3         6.8         0.51403509
  7.         -1.75492978]",2566.644617319107
0.130076,[-0.25537157],"[ 0.29122807  6.8         0.50350877  6.83333333 -1.62866402  0.29473684
  6.86666667  0.50701754  6.9        -1.85744178  0.3         6.8
  0.51403509  7.         -1.75492978  0.30526316  6.73333333  0.52105263
  7.03333333 -1.25537157]",2566.7210445404053
0.12742000000000003,[-0.81504714],"[ 0.29473684  6.86666667  0.50701754  6.9        -1.85744178  0.3
  6.8         0.51403509  7.         -1.75492978  0.30526316  6.73333333
  0.52105263  7.03333333 -1.25537157  0.30877193  6.76666667  0.5245614
  6.96666667 -1.81504714]",2566.8072171211243
0.11983200000000001,[0.01619458],"[ 0.3         6.8         0.51403509  7.         -1.75492978  0.30526316
  6.73333333  0.52105263  7.03333333 -1.25537157  0.30877193  6.76666667
  0.5245614   6.96666667 -1.81504714  0.31052632  6.8         0.5245614
  7.         -0.98380542]",2566.891270875931
0.11232400000000001,[-0.36152163],"[ 0.30526316  6.73333333  0.52105263  7.03333333 -1.25537157  0.30877193
  6.76666667  0.5245614   6.96666667 -1.81504714  0.31052632  6.8
  0.5245614   7.         -0.98380542  0.3122807   6.76666667  0.5245614
  7.1        -1.3615216 ]",2566.9642395973206
0.107232,[-0.38901064],"[ 0.30877193  6.76666667  0.5245614   6.96666667 -1.81504714  0.31052632
  6.8         0.5245614   7.         -0.98380542  0.3122807   6.76666667
  0.5245614   7.1        -1.3615216   0.31403509  6.83333333  0.52807018
  7.03333333 -1.38901067]",2567.045462369919
0.10719200000000002,[0.16220465],"[ 0.31052632  6.8         0.5245614   7.         -0.98380542  0.3122807
  6.76666667  0.5245614   7.1        -1.3615216   0.31403509  6.83333333
  0.52807018  7.03333333 -1.38901067  0.31578947  6.8         0.52807018
  7.03333333 -0.83779538]",2567.12149143219
0.10461599999999997,[-0.29876488],"[ 0.3122807   6.76666667  0.5245614   7.1        -1.3615216   0.31403509
  6.83333333  0.52807018  7.03333333 -1.38901067  0.31578947  6.8
  0.52807018  7.03333333 -0.83779538  0.31754386  6.83333333  0.53157895
  7.03333333 -1.29876494]",2567.2127697467804
0.104576,[-0.05549459],"[ 0.31403509  6.83333333  0.52807018  7.03333333 -1.38901067  0.31578947
  6.8         0.52807018  7.03333333 -0.83779538  0.31754386  6.83333333
  0.53157895  7.03333333 -1.29876494  0.32105263  6.93333333  0.53508772
  7.03333333 -1.05549455]",2567.28702044487
0.10469600000000001,[0.9182206],"[ 0.31578947  6.8         0.52807018  7.03333333 -0.83779538  0.31754386
  6.83333333  0.53157895  7.03333333 -1.29876494  0.32105263  6.93333333
  0.53508772  7.03333333 -1.05549455  0.32631579  6.93333333  0.53859649
  7.1        -0.08177942]",2567.368825674057
0.09700800000000004,[0.01680866],"[ 0.31754386  6.83333333  0.53157895  7.03333333 -1.29876494  0.32105263
  6.93333333  0.53508772  7.03333333 -1.05549455  0.32631579  6.93333333
  0.53859649  7.1        -0.08177942  0.32807018  7.          0.54210526
  7.         -0.98319137]",2567.4470179080963
