reward,action,obs,time
,,"[0.         0.         0.         0.         0.         0.
 0.         0.         0.         0.         0.         0.
 0.         0.         0.         0.03333333 6.         0.24385965
 5.26666667 0.        ]",107.55703401565552
-0.002375999999999996,[0.02562884],"[ 0.          0.          0.          0.          0.          0.
  0.          0.          0.          0.          0.03333333  6.
  0.24385965  5.26666667  0.          0.03157895  5.7         0.24561404
  5.4        -0.97437114]",107.71353244781494
4.000000000000531e-05,[-0.63084996],"[ 0.          0.          0.          0.          0.          0.03333333
  6.          0.24385965  5.26666667  0.          0.03157895  5.7
  0.24561404  5.4        -0.97437114  0.03333333  5.93333333  0.24385965
  5.3        -1.63084996]",107.76366138458252
-0.0024359999999999937,[-0.28573588],"[ 0.03333333  6.          0.24385965  5.26666667  0.          0.03157895
  5.7         0.24561404  5.4        -0.97437114  0.03333333  5.93333333
  0.24385965  5.3        -1.63084996  0.03157895  5.8         0.24385965
  5.36666667 -1.28573585]",107.81359338760376
0.00012000000000000205,[-0.8690035],"[ 0.03157895  5.7         0.24561404  5.4        -0.97437114  0.03333333
  5.93333333  0.24385965  5.3        -1.63084996  0.03157895  5.8
  0.24385965  5.36666667 -1.28573585  0.03333333  5.8         0.24561404
  5.36666667 -1.86900353]",107.86422109603882
-0.0024359999999999937,[-0.6515348],"[ 0.03333333  5.93333333  0.24385965  5.3        -1.63084996  0.03157895
  5.8         0.24385965  5.36666667 -1.28573585  0.03333333  5.8
  0.24561404  5.36666667 -1.86900353  0.03157895  5.8         0.24385965
  5.36666667 -1.6515348 ]",107.91463470458984
-0.002375999999999996,[0.9657701],"[ 0.03157895  5.8         0.24385965  5.36666667 -1.28573585  0.03333333
  5.8         0.24561404  5.36666667 -1.86900353  0.03157895  5.8
  0.24385965  5.36666667 -1.6515348   0.03157895  5.7         0.24561404
  5.46666667 -0.03422987]",107.96827626228333
-0.0022959999999999994,[0.69584405],"[ 0.03333333  5.8         0.24561404  5.36666667 -1.86900353  0.03157895
  5.8         0.24385965  5.36666667 -1.6515348   0.03157895  5.7
  0.24561404  5.46666667 -0.03422987  0.03157895  5.56666667  0.24736842
  5.56666667 -0.30415595]",108.02138137817383
0.0002400000000000041,[-0.25394395],"[ 0.03157895  5.8         0.24385965  5.36666667 -1.6515348   0.03157895
  5.7         0.24561404  5.46666667 -0.03422987  0.03157895  5.56666667
  0.24736842  5.56666667 -0.30415595  0.03333333  5.6         0.24736842
  5.56666667 -1.25394392]",108.07057118415833
0.0026560000000000056,[0.28371784],"[ 0.03157895  5.7         0.24561404  5.46666667 -0.03422987  0.03157895
  5.56666667  0.24736842  5.56666667 -0.30415595  0.03333333  5.6
  0.24736842  5.56666667 -1.25394392  0.03508772  5.83333333  0.24561404
  5.3        -0.71628213]",108.13577699661255
0.005172000000000003,[-0.27159655],"[ 0.03157895  5.56666667  0.24736842  5.56666667 -0.30415595  0.03333333
  5.6         0.24736842  5.56666667 -1.25394392  0.03508772  5.83333333
  0.24561404  5.3        -0.71628213  0.03684211  5.9         0.24561404
  5.2        -1.27159655]",108.21226119995117
0.007768000000000004,[-0.37740424],"[ 0.03333333  5.6         0.24736842  5.56666667 -1.25394392  0.03508772
  5.83333333  0.24561404  5.3        -0.71628213  0.03684211  5.9
  0.24561404  5.2        -1.27159655  0.03859649  5.83333333  0.24912281
  5.26666667 -1.37740421]",108.29823136329651
0.012920000000000001,[0.3562346],"[ 0.03508772  5.83333333  0.24561404  5.3        -0.71628213  0.03684211
  5.9         0.24561404  5.2        -1.27159655  0.03859649  5.83333333
  0.24912281  5.26666667 -1.37740421  0.04210526  5.76666667  0.25263158
  5.33333333 -0.64376539]",108.37864589691162
0.023124,[0.916204],"[ 0.03684211  5.9         0.24561404  5.2        -1.27159655  0.03859649
  5.83333333  0.24912281  5.26666667 -1.37740421  0.04210526  5.76666667
  0.25263158  5.33333333 -0.64376539  0.04912281  5.8         0.25964912
  5.26666667 -0.08379602]",108.45216274261475
0.030692000000000007,[-0.9982231],"[ 0.03859649  5.83333333  0.24912281  5.26666667 -1.37740421  0.04210526
  5.76666667  0.25263158  5.33333333 -0.64376539  0.04912281  5.8
  0.25964912  5.26666667 -0.08379602  0.05438596  5.96666667  0.26315789
  5.1        -1.99822307]",108.53443431854248
0.035784,[-0.36824358],"[ 0.04210526  5.76666667  0.25263158  5.33333333 -0.64376539  0.04912281
  5.8         0.25964912  5.26666667 -0.08379602  0.05438596  5.96666667
  0.26315789  5.1        -1.99822307  0.05789474  6.          0.26491228
  4.96666667 -1.36824358]",108.61237001419067
0.035904000000000005,[-0.8092022],"[ 0.04912281  5.8         0.25964912  5.26666667 -0.08379602  0.05438596
  5.96666667  0.26315789  5.1        -1.99822307  0.05789474  6.
  0.26491228  4.96666667 -1.36824358  0.05789474  5.8         0.26666667
  5.1        -1.80920219]",108.69851803779602
0.036024000000000014,[0.5905673],"[ 0.05438596  5.96666667  0.26315789  5.1        -1.99822307  0.05789474
  6.          0.26491228  4.96666667 -1.36824358  0.05789474  5.8
  0.26666667  5.1        -1.80920219  0.05789474  5.6         0.27017544
  5.2        -0.40943271]",108.77613234519958
0.04119600000000001,[0.70076156],"[ 0.05789474  6.          0.26491228  4.96666667 -1.36824358  0.05789474
  5.8         0.26666667  5.1        -1.80920219  0.05789474  5.6
  0.27017544  5.2        -0.40943271  0.06140351  5.5         0.27368421
  5.23333333 -0.29923844]",108.8520712852478
0.051280000000000006,[-0.9587274],"[ 0.05789474  5.8         0.26666667  5.1        -1.80920219  0.05789474
  5.6         0.27017544  5.2        -0.40943271  0.06140351  5.5
  0.27368421  5.23333333 -0.29923844  0.06842105  5.73333333  0.27719298
  5.         -1.95872736]",108.93218970298767
0.06144400000000001,[-0.8603269],"[ 0.05789474  5.6         0.27017544  5.2        -0.40943271  0.06140351
  5.5         0.27368421  5.23333333 -0.29923844  0.06842105  5.73333333
  0.27719298  5.         -1.95872736  0.0754386   5.83333333  0.28245614
  4.9        -1.86032689]",109.01713013648987
0.069092,[-0.918555],"[ 0.06140351  5.5         0.27368421  5.23333333 -0.29923844  0.06842105
  5.73333333  0.27719298  5.         -1.95872736  0.0754386   5.83333333
  0.28245614  4.9        -1.86032689  0.07894737  5.56666667  0.2877193
  5.1        -1.91855502]",109.09997987747192
0.074444,[-0.30598825],"[ 0.06842105  5.73333333  0.27719298  5.         -1.95872736  0.0754386
  5.83333333  0.28245614  4.9        -1.86032689  0.07894737  5.56666667
  0.2877193   5.1        -1.91855502  0.08421053  5.4         0.29649123
  5.23333333 -1.30598831]",109.17807412147522
0.08718399999999998,[-0.8065823],"[ 0.0754386   5.83333333  0.28245614  4.9        -1.86032689  0.07894737
  5.56666667  0.2877193   5.1        -1.91855502  0.08421053  5.4
  0.29649123  5.23333333 -1.30598831  0.09122807  5.33333333  0.30526316
  5.2        -1.80658221]",109.26141905784607
0.094832,[0.0652253],"[ 0.07894737  5.56666667  0.2877193   5.1        -1.91855502  0.08421053
  5.4         0.29649123  5.23333333 -1.30598831  0.09122807  5.33333333
  0.30526316  5.2        -1.80658221  0.09824561  5.36666667  0.3122807
  5.2        -0.9347747 ]",109.33504271507263
0.105096,[0.1670609],"[ 0.08421053  5.4         0.29649123  5.23333333 -1.30598831  0.09122807
  5.33333333  0.30526316  5.2        -1.80658221  0.09824561  5.36666667
  0.3122807   5.2        -0.9347747   0.10350877  5.3         0.32105263
  5.33333333 -0.83293909]",109.4135205745697
0.11006799999999997,[0.10699745],"[ 0.09122807  5.33333333  0.30526316  5.2        -1.80658221  0.09824561
  5.36666667  0.3122807   5.2        -0.9347747   0.10350877  5.3
  0.32105263  5.33333333 -0.83293909  0.10701754  5.43333333  0.3245614
  5.23333333 -0.89300257]",109.49809551239014
0.112564,[0.52728283],"[ 0.09824561  5.36666667  0.3122807   5.2        -0.9347747   0.10350877
  5.3         0.32105263  5.33333333 -0.83293909  0.10701754  5.43333333
  0.3245614   5.23333333 -0.89300257  0.10877193  5.4         0.32982456
  5.1        -0.47271717]",109.57830119132996
0.11516,[-0.8729807],"[ 0.10350877  5.3         0.32105263  5.33333333 -0.83293909  0.10701754
  5.43333333  0.3245614   5.23333333 -0.89300257  0.10877193  5.4
  0.32982456  5.1        -0.47271717  0.1122807   5.36666667  0.33333333
  4.96666667 -1.87298071]",109.65801095962524
0.11801599999999998,[0.28575242],"[ 0.10701754  5.43333333  0.3245614   5.23333333 -0.89300257  0.10877193
  5.4         0.32982456  5.1        -0.47271717  0.1122807   5.36666667
  0.33333333  4.96666667 -1.87298071  0.11578947  5.1         0.33684211
  4.86666667 -0.71424758]",109.73821997642517
0.11811600000000003,[0.82021445],"[ 0.10877193  5.4         0.32982456  5.1        -0.47271717  0.1122807
  5.36666667  0.33333333  4.96666667 -1.87298071  0.11578947  5.1
  0.33684211  4.86666667 -0.71424758  0.11754386  5.          0.34210526
  5.03333333 -0.17978555]",109.81850743293762
0.15355999999999997,[-0.61847353],"[ 0.1122807   5.36666667  0.33333333  4.96666667 -1.87298071  0.11578947
  5.1         0.33684211  4.86666667 -0.71424758  0.11754386  5.
  0.34210526  5.03333333 -0.17978555  0.14385965  5.5         0.34561404
  5.         -1.61847353]",109.89886331558228
0.156036,[0.09758815],"[ 0.11578947  5.1         0.33684211  4.86666667 -0.71424758  0.11754386
  5.          0.34210526  5.03333333 -0.17978555  0.14385965  5.5
  0.34561404  5.         -1.61847353  0.14912281  5.56666667  0.35087719
  4.73333333 -0.90241182]",109.97807455062866
0.151024,[0.17823642],"[ 0.11754386  5.          0.34210526  5.03333333 -0.17978555  0.14385965
  5.5         0.34561404  5.         -1.61847353  0.14912281  5.56666667
  0.35087719  4.73333333 -0.90241182  0.15263158  5.43333333  0.35789474
  4.73333333 -0.82176358]",110.05860090255737
0.15112399999999998,[-0.22452721],"[ 0.14385965  5.5         0.34561404  5.         -1.61847353  0.14912281
  5.56666667  0.35087719  4.73333333 -0.90241182  0.15263158  5.43333333
  0.35789474  4.73333333 -0.82176358  0.15789474  5.43333333  0.36491228
  4.66666667 -1.22452724]",110.13939070701599
0.15881199999999998,[0.3503302],"[ 0.14912281  5.56666667  0.35087719  4.73333333 -0.90241182  0.15263158
  5.43333333  0.35789474  4.73333333 -0.82176358  0.15789474  5.43333333
  0.36491228  4.66666667 -1.22452724  0.16666667  5.43333333  0.37368421
  4.63333333 -0.64966977]",110.21854448318481
0.168936,[0.16110612],"[ 0.15263158  5.43333333  0.35789474  4.73333333 -0.82176358  0.15789474
  5.43333333  0.36491228  4.66666667 -1.22452724  0.16666667  5.43333333
  0.37368421  4.63333333 -0.64966977  0.17368421  5.4         0.38421053
  4.63333333 -0.83889389]",110.2988018989563
0.179,[0.58696365],"[ 0.15789474  5.43333333  0.36491228  4.66666667 -1.22452724  0.16666667
  5.43333333  0.37368421  4.63333333 -0.64966977  0.17368421  5.4
  0.38421053  4.63333333 -0.83889389  0.18070175  5.46666667  0.38947368
  4.5        -0.41303635]",110.37863612174988
0.17896000000000004,[0.98148334],"[ 0.16666667  5.43333333  0.37368421  4.63333333 -0.64966977  0.17368421
  5.4         0.38421053  4.63333333 -0.83889389  0.18070175  5.46666667
  0.38947368  4.5        -0.41303635  0.18421053  5.43333333  0.39122807
  4.4        -0.01851666]",110.45217704772949
0.17652400000000001,[0.6287307],"[ 0.17368421  5.4         0.38421053  4.63333333 -0.83889389  0.18070175
  5.46666667  0.38947368  4.5        -0.41303635  0.18421053  5.43333333
  0.39122807  4.4        -0.01851666  0.18947368  5.46666667  0.39122807
  4.2        -0.37126929]",110.53868222236633
0.174008,[-0.61020815],"[ 0.18070175  5.46666667  0.38947368  4.5        -0.41303635  0.18421053
  5.43333333  0.39122807  4.4        -0.01851666  0.18947368  5.46666667
  0.39122807  4.2        -0.37126929  0.19473684  5.5         0.39298246
  4.03333333 -1.61020815]",110.61857008934021
0.16877599999999995,[0.5238812],"[ 0.18421053  5.43333333  0.39122807  4.4        -0.01851666  0.18947368
  5.46666667  0.39122807  4.2        -0.37126929  0.19473684  5.5
  0.39298246  4.03333333 -1.61020815  0.19473684  5.43333333  0.39473684
  4.         -0.4761188 ]",110.69865918159485
0.16110800000000003,[-0.26231423],"[ 0.18947368  5.46666667  0.39122807  4.2        -0.37126929  0.19473684
  5.5         0.39298246  4.03333333 -1.61020815  0.19473684  5.43333333
  0.39473684  4.         -0.4761188   0.19473684  5.26666667  0.39824561
  4.1        -1.2623142 ]",110.77809619903564
0.158512,[0.3208921],"[ 0.19473684  5.5         0.39298246  4.03333333 -1.61020815  0.19473684
  5.43333333  0.39473684  4.         -0.4761188   0.19473684  5.26666667
  0.39824561  4.1        -1.2623142   0.2         5.26666667  0.40175439
  3.96666667 -0.6791079 ]",110.85847806930542
0.155996,[0.68577266],"[ 0.19473684  5.43333333  0.39473684  4.         -0.4761188   0.19473684
  5.26666667  0.39824561  4.1        -1.2623142   0.2         5.26666667
  0.40175439  3.96666667 -0.6791079   0.20526316  5.23333333  0.40526316
  3.86666667 -0.31422734]",110.93206405639648
0.16106800000000002,[0.821846],"[ 0.19473684  5.26666667  0.39824561  4.1        -1.2623142   0.2
  5.26666667  0.40175439  3.96666667 -0.6791079   0.20526316  5.23333333
  0.40526316  3.86666667 -0.31422734  0.21403509  5.23333333  0.41052632
  3.7        -0.17815399]",111.01856923103333
0.1662,[-0.15015404],"[ 0.2         5.26666667  0.40175439  3.96666667 -0.6791079   0.20526316
  5.23333333  0.40526316  3.86666667 -0.31422734  0.21403509  5.23333333
  0.41052632  3.7        -0.17815399  0.22105263  5.33333333  0.41403509
  3.63333333 -1.15015399]",111.09889054298401
0.16616,[-0.44083348],"[ 0.20526316  5.23333333  0.40526316  3.86666667 -0.31422734  0.21403509
  5.23333333  0.41052632  3.7        -0.17815399  0.22105263  5.33333333
  0.41403509  3.63333333 -1.15015399  0.22280702  5.36666667  0.41578947
  3.66666667 -1.44083345]",111.17857098579407
0.15605599999999997,[-0.14396124],"[ 0.21403509  5.23333333  0.41052632  3.7        -0.17815399  0.22105263
  5.33333333  0.41403509  3.63333333 -1.15015399  0.22280702  5.36666667
  0.41578947  3.66666667 -1.44083345  0.21929825  5.13333333  0.41929825
  3.8        -1.14396119]",111.25879669189453
0.148268,[-0.67101085],"[ 0.22105263  5.33333333  0.41403509  3.63333333 -1.15015399  0.22280702
  5.36666667  0.41578947  3.66666667 -1.44083345  0.21929825  5.13333333
  0.41929825  3.8        -1.14396119  0.21754386  5.06666667  0.42280702
  3.93333333 -1.67101085]",111.33875465393066
0.14565200000000003,[-0.35906488],"[ 0.22280702  5.36666667  0.41578947  3.66666667 -1.44083345  0.21929825
  5.13333333  0.41929825  3.8        -1.14396119  0.21754386  5.06666667
  0.42280702  3.93333333 -1.67101085  0.21754386  5.06666667  0.42280702
  3.96666667 -1.35906482]",111.41853547096252
0.11024799999999997,[0.27138594],"[ 0.21929825  5.13333333  0.41929825  3.8        -1.14396119  0.21754386
  5.06666667  0.42280702  3.93333333 -1.67101085  0.21754386  5.06666667
  0.42280702  3.96666667 -1.35906482  0.21929825  4.93333333  0.42807018
  4.06666667 -0.72861409]",111.49208378791809
0.110308,[0.6681553],"[ 0.21754386  5.06666667  0.42280702  3.93333333 -1.67101085  0.21754386
  5.06666667  0.42280702  3.96666667 -1.35906482  0.21929825  4.93333333
  0.42807018  4.06666667 -0.72861409  0.2245614   4.9         0.43157895
  4.         -0.33184469]",111.57197999954224
0.11526,[0.34398738],"[ 0.21754386  5.06666667  0.42280702  3.96666667 -1.35906482  0.21929825
  4.93333333  0.42807018  4.06666667 -0.72861409  0.2245614   4.9
  0.43157895  4.         -0.33184469  0.23157895  5.03333333  0.43508772
  3.8        -0.65601265]",111.65205979347229
0.110148,[0.02178835],"[ 0.21929825  4.93333333  0.42807018  4.06666667 -0.72861409  0.2245614
  4.9         0.43157895  4.         -0.33184469  0.23157895  5.03333333
  0.43508772  3.8        -0.65601265  0.23333333  5.03333333  0.43684211
  3.73333333 -0.97821164]",111.73202681541443
0.09742800000000001,[0.86457133],"[ 0.2245614   4.9         0.43157895  4.         -0.33184469  0.23157895
  5.03333333  0.43508772  3.8        -0.65601265  0.23333333  5.03333333
  0.43684211  3.73333333 -0.97821164  0.23333333  4.93333333  0.43684211
  3.76666667 -0.13542867]",111.81207990646362
0.08714400000000003,[0.6945871],"[ 0.23157895  5.03333333  0.43508772  3.8        -0.65601265  0.23333333
  5.03333333  0.43684211  3.73333333 -0.97821164  0.23333333  4.93333333
  0.43684211  3.76666667 -0.13542867  0.23333333  5.          0.43508772
  3.7        -0.30541289]",111.89202380180359
0.08452799999999999,[-0.6087233],"[ 0.23333333  5.03333333  0.43684211  3.73333333 -0.97821164  0.23333333
  4.93333333  0.43684211  3.76666667 -0.13542867  0.23333333  5.
  0.43508772  3.7        -0.30541289  0.23859649  5.16666667  0.43684211
  3.66666667 -1.60872328]",111.972003698349
0.07939599999999997,[-0.7069846],"[ 0.23333333  4.93333333  0.43684211  3.76666667 -0.13542867  0.23333333
  5.          0.43508772  3.7        -0.30541289  0.23859649  5.16666667
  0.43684211  3.66666667 -1.60872328  0.23859649  5.16666667  0.44035088
  3.8        -1.70698452]",112.05646657943726
0.069332,[-0.6195481],"[ 0.23333333  5.          0.43508772  3.7        -0.30541289  0.23859649
  5.16666667  0.43684211  3.66666667 -1.60872328  0.23859649  5.16666667
  0.44035088  3.8        -1.70698452  0.23684211  4.93333333  0.44561404
  4.03333333 -1.61954808]",112.1403272151947
0.06685600000000003,[0.08715469],"[ 0.23859649  5.16666667  0.43684211  3.66666667 -1.60872328  0.23859649
  5.16666667  0.44035088  3.8        -1.70698452  0.23684211  4.93333333
  0.44561404  4.03333333 -1.61954808  0.24035088  4.83333333  0.45087719
  4.16666667 -0.91284531]",112.21351528167725
0.07190800000000003,[0.4043069],"[ 0.23859649  5.16666667  0.44035088  3.8        -1.70698452  0.23684211
  4.93333333  0.44561404  4.03333333 -1.61954808  0.24035088  4.83333333
  0.45087719  4.16666667 -0.91284531  0.24385965  4.86666667  0.45614035
  4.16666667 -0.59569311]",112.2924497127533
0.07937599999999995,[0.25912547],"[ 0.23684211  4.93333333  0.44561404  4.03333333 -1.61954808  0.24035088
  4.83333333  0.45087719  4.16666667 -0.91284531  0.24385965  4.86666667
  0.45614035  4.16666667 -0.59569311  0.24912281  5.03333333  0.45789474
  4.1        -0.74087453]",112.38324546813965
0.074264,[-0.89578307],"[ 0.24035088  4.83333333  0.45087719  4.16666667 -0.91284531  0.24385965
  4.86666667  0.45614035  4.16666667 -0.59569311  0.24912281  5.03333333
  0.45789474  4.1        -0.74087453  0.25087719  5.03333333  0.45964912
  4.06666667 -1.89578307]",112.46197366714478
0.069212,[0.69433165],"[ 0.24385965  4.86666667  0.45614035  4.16666667 -0.59569311  0.24912281
  5.03333333  0.45789474  4.1        -0.74087453  0.25087719  5.03333333
  0.45964912  4.06666667 -1.89578307  0.25263158  4.9         0.46140351
  4.         -0.30566835]",112.54207849502563
0.05655199999999999,[0.40088764],"[ 0.24912281  5.03333333  0.45789474  4.1        -0.74087453  0.25087719
  5.03333333  0.45964912  4.06666667 -1.89578307  0.25263158  4.9
  0.46140351  4.         -0.30566835  0.25263158  4.7         0.46491228
  4.16666667 -0.59911239]",112.62187314033508
0.053976000000000024,[0.77207303],"[ 0.25087719  5.03333333  0.45964912  4.06666667 -1.89578307  0.25263158
  4.9         0.46140351  4.         -0.30566835  0.25263158  4.7
  0.46491228  4.16666667 -0.59911239  0.25789474  4.83333333  0.46842105
  4.13333333 -0.22792697]",112.70290946960449
0.06152399999999997,[-0.28939],"[ 0.25263158  4.9         0.46140351  4.         -0.30566835  0.25263158
  4.7         0.46491228  4.16666667 -0.59911239  0.25789474  4.83333333
  0.46842105  4.13333333 -0.22792697  0.26491228  5.06666667  0.46842105
  3.93333333 -1.28938997]",112.77842974662781
0.06901200000000002,[0.6333214],"[ 0.25263158  4.7         0.46491228  4.16666667 -0.59911239  0.25789474
  4.83333333  0.46842105  4.13333333 -0.22792697  0.26491228  5.06666667
  0.46842105  3.93333333 -1.28938997  0.26666667  5.13333333  0.46842105
  3.83333333 -0.3666786 ]",112.86411261558533
0.07418399999999997,[-0.549448],"[ 0.25789474  4.83333333  0.46842105  4.13333333 -0.22792697  0.26491228
  5.06666667  0.46842105  3.93333333 -1.28938997  0.26666667  5.13333333
  0.46842105  3.83333333 -0.3666786   0.26842105  4.96666667  0.47192982
  3.83333333 -1.54944801]",112.93609547615051
0.081812,[0.76884496],"[ 0.26491228  5.06666667  0.46842105  3.93333333 -1.28938997  0.26666667
  5.13333333  0.46842105  3.83333333 -0.3666786   0.26842105  4.96666667
  0.47192982  3.83333333 -1.54944801  0.27368421  5.03333333  0.4754386
  3.73333333 -0.23115504]",113.01752805709839
0.08934000000000003,[-0.82014155],"[ 0.26666667  5.13333333  0.46842105  3.83333333 -0.3666786   0.26842105
  4.96666667  0.47192982  3.83333333 -1.54944801  0.27368421  5.03333333
  0.4754386   3.73333333 -0.23115504  0.28070175  5.13333333  0.47894737
  3.7        -1.82014155]",113.10803031921387
0.08927999999999997,[-0.450547],"[ 0.26842105  4.96666667  0.47192982  3.83333333 -1.54944801  0.27368421
  5.03333333  0.4754386   3.73333333 -0.23115504  0.28070175  5.13333333
  0.47894737  3.7        -1.82014155  0.28596491  5.2         0.48421053
  3.7        -1.45054698]",113.18279123306274
0.07672000000000001,[0.2177405],"[ 0.27368421  5.03333333  0.4754386   3.73333333 -0.23115504  0.28070175
  5.13333333  0.47894737  3.7        -1.82014155  0.28596491  5.2
  0.48421053  3.7        -1.45054698  0.28421053  4.96666667  0.48947368
  3.8        -0.78225946]",113.26308703422546
0.07679999999999998,[0.69938344],"[ 0.28070175  5.13333333  0.47894737  3.7        -1.82014155  0.28596491
  5.2         0.48421053  3.7        -1.45054698  0.28421053  4.96666667
  0.48947368  3.8        -0.78225946  0.28596491  4.83333333  0.49298246
  3.8        -0.30061656]",113.33998727798462
0.084308,[-0.05024432],"[ 0.28596491  5.2         0.48421053  3.7        -1.45054698  0.28421053
  4.96666667  0.48947368  3.8        -0.78225946  0.28596491  4.83333333
  0.49298246  3.8        -0.30061656  0.29122807  5.          0.49298246
  3.7        -1.05024433]",113.4229187965393
0.09193599999999996,[0.7770058],"[ 0.28421053  4.96666667  0.48947368  3.8        -0.78225946  0.28596491
  4.83333333  0.49298246  3.8        -0.30061656  0.29122807  5.
  0.49298246  3.7        -1.05024433  0.29649123  5.13333333  0.49649123
  3.76666667 -0.22299421]",113.50253772735596
0.08440800000000004,[0.505914],"[ 0.28596491  4.83333333  0.49298246  3.8        -0.30061656  0.29122807
  5.          0.49298246  3.7        -1.05024433  0.29649123  5.13333333
  0.49649123  3.76666667 -0.22299421  0.29649123  5.06666667  0.49824561
  3.8        -0.49408603]",113.58246374130249
0.08948,[-0.12217365],"[ 0.29122807  5.          0.49298246  3.7        -1.05024433  0.29649123
  5.13333333  0.49649123  3.76666667 -0.22299421  0.29649123  5.06666667
  0.49824561  3.8        -0.49408603  0.3         5.13333333  0.5
  3.7        -1.12217367]",113.66207814216614
0.09700799999999998,[0.6070182],"[ 0.29649123  5.13333333  0.49649123  3.76666667 -0.22299421  0.29649123
  5.06666667  0.49824561  3.8        -0.49408603  0.3         5.13333333
  0.5         3.7        -1.12217367  0.30350877  5.13333333  0.50350877
  3.73333333 -0.39298183]",113.74683713912964
0.09183599999999997,[-0.34348035],"[ 0.29649123  5.06666667  0.49824561  3.8        -0.49408603  0.3
  5.13333333  0.5         3.7        -1.12217367  0.30350877  5.13333333
  0.50350877  3.73333333 -0.39298183  0.30350877  5.13333333  0.50701754
  3.93333333 -1.34348035]",113.82423305511475
0.09433199999999997,[-0.8345007],"[ 0.3         5.13333333  0.5         3.7        -1.12217367  0.30350877
  5.13333333  0.50350877  3.73333333 -0.39298183  0.30350877  5.13333333
  0.50701754  3.93333333 -1.34348035  0.30877193  5.26666667  0.50701754
  3.86666667 -1.83450067]",113.9042272567749
0.08686400000000005,[-0.36591217],"[ 0.30350877  5.13333333  0.50350877  3.73333333 -0.39298183  0.30350877
  5.13333333  0.50701754  3.93333333 -1.34348035  0.30877193  5.26666667
  0.50701754  3.86666667 -1.83450067  0.30877193  5.1         0.51403509
  3.96666667 -1.3659122 ]",113.98264980316162
0.08696400000000004,[-0.6657164],"[ 0.30350877  5.13333333  0.50701754  3.93333333 -1.34348035  0.30877193
  5.26666667  0.50701754  3.86666667 -1.83450067  0.30877193  5.1
  0.51403509  3.96666667 -1.3659122   0.31052632  4.93333333  0.51929825
  4.16666667 -1.66571641]",114.06280469894409
0.08942,[-0.4330207],"[ 0.30877193  5.26666667  0.50701754  3.86666667 -1.83450067  0.30877193
  5.1         0.51403509  3.96666667 -1.3659122   0.31052632  4.93333333
  0.51929825  4.16666667 -1.66571641  0.31403509  4.96666667  0.5245614
  4.2        -1.43302071]",114.14370775222778
0.09187600000000001,[-0.37054697],"[ 0.30877193  5.1         0.51403509  3.96666667 -1.3659122   0.31052632
  4.93333333  0.51929825  4.16666667 -1.66571641  0.31403509  4.96666667
  0.5245614   4.2        -1.43302071  0.31578947  4.93333333  0.52807018
  4.26666667 -1.37054694]",114.22290134429932
0.08939999999999998,[-0.71193975],"[ 0.31052632  4.93333333  0.51929825  4.16666667 -1.66571641  0.31403509
  4.96666667  0.5245614   4.2        -1.43302071  0.31578947  4.93333333
  0.52807018  4.26666667 -1.37054694  0.31929825  4.93333333  0.53157895
  4.3        -1.71193981]",114.30414843559265
0.08191200000000004,[-0.94186765],"[ 0.31403509  4.96666667  0.5245614   4.2        -1.43302071  0.31578947
  4.93333333  0.52807018  4.26666667 -1.37054694  0.31929825  4.93333333
  0.53157895  4.3        -1.71193981  0.32105263  4.86666667  0.53333333
  4.33333333 -1.94186759]",114.40598273277283
0.084588,[0.13696285],"[ 0.31578947  4.93333333  0.52807018  4.26666667 -1.37054694  0.31929825
  4.93333333  0.53157895  4.3        -1.71193981  0.32105263  4.86666667
  0.53333333  4.33333333 -1.94186759  0.3245614   4.73333333  0.53859649
  4.4        -0.86303717]",114.45603919029236
0.08446799999999999,[0.42888057],"[ 0.31929825  4.93333333  0.53157895  4.3        -1.71193981  0.32105263
  4.86666667  0.53333333  4.33333333 -1.94186759  0.3245614   4.73333333
  0.53859649  4.4        -0.86303717  0.32631579  4.76666667  0.54035088
  4.43333333 -0.57111943]",114.53601098060608
0.079316,[-0.8092564],"[ 0.32105263  4.86666667  0.53333333  4.33333333 -1.94186759  0.3245614
  4.73333333  0.53859649  4.4        -0.86303717  0.32631579  4.76666667
  0.54035088  4.43333333 -0.57111943  0.32807018  4.9         0.54035088
  4.36666667 -1.80925632]",114.61607551574707
