reward,action,obs,time
,,"[0.         0.         0.         0.         0.         0.
 0.         0.         0.         0.         0.         0.
 0.         0.         0.         0.02982456 5.56666667 0.24561404
 5.46666667 0.        ]",448.54576897621155
0.002475999999999999,[0.23270823],"[ 0.          0.          0.          0.          0.          0.
  0.          0.          0.          0.          0.02982456  5.56666667
  0.24561404  5.46666667  0.          0.03157895  5.7         0.24385965
  5.4        -0.76729178]",448.707724571228
7.999999999999674e-05,[0.5689049],"[ 0.          0.          0.          0.          0.          0.02982456
  5.56666667  0.24561404  5.46666667  0.          0.03157895  5.7
  0.24385965  5.4        -0.76729178  0.02982456  5.43333333  0.24561404
  5.53333333 -0.43109512]",448.76037859916687
0.0,[-0.38836804],"[ 0.02982456  5.56666667  0.24561404  5.46666667  0.          0.03157895
  5.7         0.24385965  5.4        -0.76729178  0.02982456  5.43333333
  0.24561404  5.53333333 -0.43109512  0.02982456  5.56666667  0.24561404
  5.46666667 -1.38836801]",448.8067934513092
0.0,[0.36275515],"[ 0.03157895  5.7         0.24385965  5.4        -0.76729178  0.02982456
  5.43333333  0.24561404  5.53333333 -0.43109512  0.02982456  5.56666667
  0.24561404  5.46666667 -1.38836801  0.02982456  5.56666667  0.24561404
  5.46666667 -0.63724482]",448.86280822753906
0.0025559999999999958,[0.459431],"[ 0.02982456  5.43333333  0.24561404  5.53333333 -0.43109512  0.02982456
  5.56666667  0.24561404  5.46666667 -1.38836801  0.02982456  5.56666667
  0.24561404  5.46666667 -0.63724482  0.03157895  5.56666667  0.24561404
  5.43333333 -0.54056901]",448.91324043273926
0.0024959999999999982,[-0.2632921],"[ 0.02982456  5.56666667  0.24561404  5.46666667 -1.38836801  0.02982456
  5.56666667  0.24561404  5.46666667 -0.63724482  0.03157895  5.56666667
  0.24561404  5.43333333 -0.54056901  0.03157895  5.66666667  0.24561404
  5.36666667 -1.26329207]",448.96351504325867
0.005052000000000001,[-0.7532135],"[ 0.02982456  5.56666667  0.24561404  5.46666667 -0.63724482  0.03157895
  5.56666667  0.24561404  5.43333333 -0.54056901  0.03157895  5.66666667
  0.24561404  5.36666667 -1.26329207  0.03333333  5.66666667  0.24561404
  5.36666667 -1.75321352]",449.01374983787537
0.0024959999999999982,[-0.45317686],"[ 0.03157895  5.56666667  0.24561404  5.43333333 -0.54056901  0.03157895
  5.66666667  0.24561404  5.36666667 -1.26329207  0.03333333  5.66666667
  0.24561404  5.36666667 -1.75321352  0.03157895  5.66666667  0.24561404
  5.4        -1.45317686]",449.05765175819397
3.999999999999837e-05,[-0.8334546],"[ 0.03157895  5.66666667  0.24561404  5.36666667 -1.26329207  0.03333333
  5.66666667  0.24561404  5.36666667 -1.75321352  0.03157895  5.66666667
  0.24561404  5.4        -1.45317686  0.02982456  5.5         0.24736842
  5.56666667 -1.83345461]",449.1348125934601
0.007767999999999997,[0.4464193],"[ 0.03333333  5.66666667  0.24561404  5.36666667 -1.75321352  0.03157895
  5.66666667  0.24561404  5.4        -1.45317686  0.02982456  5.5
  0.24736842  5.56666667 -1.83345461  0.03508772  5.4         0.24912281
  5.66666667 -0.5535807 ]",449.21013045310974
0.012859999999999996,[-0.5871379],"[ 0.03157895  5.66666667  0.24561404  5.4        -1.45317686  0.02982456
  5.5         0.24736842  5.56666667 -1.83345461  0.03508772  5.4
  0.24912281  5.66666667 -0.5535807   0.03859649  5.43333333  0.25263158
  5.66666667 -1.58713794]",449.2945969104767
0.017891999999999998,[-0.30785584],"[ 0.02982456  5.5         0.24736842  5.56666667 -1.83345461  0.03508772
  5.4         0.24912281  5.66666667 -0.5535807   0.03859649  5.43333333
  0.25263158  5.66666667 -1.58713794  0.04210526  5.56666667  0.25614035
  5.56666667 -1.30785584]",449.37481021881104
0.020508,[0.1393593],"[ 0.03508772  5.4         0.24912281  5.66666667 -0.5535807   0.03859649
  5.43333333  0.25263158  5.66666667 -1.58713794  0.04210526  5.56666667
  0.25614035  5.56666667 -1.30785584  0.04385965  5.46666667  0.25789474
  5.63333333 -0.8606407 ]",449.44998145103455
0.025619999999999997,[0.02974465],"[ 0.03859649  5.43333333  0.25263158  5.66666667 -1.58713794  0.04210526
  5.56666667  0.25614035  5.56666667 -1.30785584  0.04385965  5.46666667
  0.25789474  5.63333333 -0.8606407   0.04736842  5.46666667  0.26140351
  5.6        -0.97025537]",449.53483629226685
0.033228,[0.7607193],"[ 0.04210526  5.56666667  0.25614035  5.56666667 -1.30785584  0.04385965
  5.46666667  0.25789474  5.63333333 -0.8606407   0.04736842  5.46666667
  0.26140351  5.6        -0.97025537  0.05263158  5.56666667  0.26666667
  5.53333333 -0.2392807 ]",449.6148293018341
0.038299999999999994,[-0.49198496],"[ 0.04385965  5.46666667  0.25789474  5.63333333 -0.8606407   0.04736842
  5.46666667  0.26140351  5.6        -0.97025537  0.05263158  5.56666667
  0.26666667  5.53333333 -0.2392807   0.05614035  5.63333333  0.27017544
  5.43333333 -1.49198496]",449.68917512893677
0.043332,[0.5204497],"[ 0.04736842  5.46666667  0.26140351  5.6        -0.97025537  0.05263158
  5.56666667  0.26666667  5.53333333 -0.2392807   0.05614035  5.63333333
  0.27017544  5.43333333 -1.49198496  0.05964912  5.76666667  0.27368421
  5.36666667 -0.4795503 ]",449.7683548927307
0.045908,[0.3319281],"[ 0.05263158  5.56666667  0.26666667  5.53333333 -0.2392807   0.05614035
  5.63333333  0.27017544  5.43333333 -1.49198496  0.05964912  5.76666667
  0.27368421  5.36666667 -0.4795503   0.06140351  5.73333333  0.2754386
  5.43333333 -0.66807187]",449.85328793525696
0.051000000000000004,[-0.23707567],"[ 0.05614035  5.63333333  0.27017544  5.43333333 -1.49198496  0.05964912
  5.76666667  0.27368421  5.36666667 -0.4795503   0.06140351  5.73333333
  0.2754386   5.43333333 -0.66807187  0.06491228  5.76666667  0.27719298
  5.36666667 -1.23707569]",449.92928981781006
0.05613199999999998,[-0.6133574],"[ 0.05964912  5.76666667  0.27368421  5.36666667 -0.4795503   0.06140351
  5.73333333  0.2754386   5.43333333 -0.66807187  0.06491228  5.76666667
  0.27719298  5.36666667 -1.23707569  0.06842105  5.73333333  0.28070175
  5.33333333 -1.61335742]",450.01475644111633
0.056311999999999994,[-0.1629502],"[ 0.06140351  5.73333333  0.2754386   5.43333333 -0.66807187  0.06491228
  5.76666667  0.27719298  5.36666667 -1.23707569  0.06842105  5.73333333
  0.28070175  5.33333333 -1.61335742  0.07017544  5.56666667  0.28596491
  5.46666667 -1.16295016]",450.094824552536
0.06383999999999998,[-0.846319],"[ 0.06491228  5.76666667  0.27719298  5.36666667 -1.23707569  0.06842105
  5.73333333  0.28070175  5.33333333 -1.61335742  0.07017544  5.56666667
  0.28596491  5.46666667 -1.16295016  0.07368421  5.53333333  0.28947368
  5.53333333 -1.84631896]",450.16925835609436
0.06901199999999999,[-0.10664935],"[ 0.06842105  5.73333333  0.28070175  5.33333333 -1.61335742  0.07017544
  5.56666667  0.28596491  5.46666667 -1.16295016  0.07368421  5.53333333
  0.28947368  5.53333333 -1.84631896  0.07719298  5.56666667  0.29298246
  5.5        -1.1066494 ]",450.24833130836487
0.074164,[-0.5951178],"[ 0.07017544  5.56666667  0.28596491  5.46666667 -1.16295016  0.07368421
  5.53333333  0.28947368  5.53333333 -1.84631896  0.07719298  5.56666667
  0.29298246  5.5        -1.1066494   0.08070175  5.5         0.29649123
  5.56666667 -1.59511781]",450.33481907844543
0.07929599999999999,[-0.36248997],"[ 0.07368421  5.53333333  0.28947368  5.53333333 -1.84631896  0.07719298
  5.56666667  0.29298246  5.5        -1.1066494   0.08070175  5.5
  0.29649123  5.56666667 -1.59511781  0.08596491  5.46666667  0.3
  5.53333333 -1.36248994]",450.40904712677
0.08448799999999998,[-0.76318604],"[ 0.07719298  5.56666667  0.29298246  5.5        -1.1066494   0.08070175
  5.5         0.29649123  5.56666667 -1.59511781  0.08596491  5.46666667
  0.3         5.53333333 -1.36248994  0.08947368  5.43333333  0.30526316
  5.6        -1.76318598]",450.49481201171875
0.087064,[-0.8114654],"[ 0.08070175  5.5         0.29649123  5.56666667 -1.59511781  0.08596491
  5.46666667  0.3         5.53333333 -1.36248994  0.08947368  5.43333333
  0.30526316  5.6        -1.76318598  0.09298246  5.4         0.30877193
  5.63333333 -1.81146538]",450.57483077049255
0.09221599999999999,[0.612975],"[ 0.08596491  5.46666667  0.3         5.53333333 -1.36248994  0.08947368
  5.43333333  0.30526316  5.6        -1.76318598  0.09298246  5.4
  0.30877193  5.63333333 -1.81146538  0.09473684  5.33333333  0.31052632
  5.73333333 -0.387025  ]",450.65484642982483
0.09463199999999998,[-0.26320568],"[ 0.08947368  5.43333333  0.30526316  5.6        -1.76318598  0.09298246
  5.4         0.30877193  5.63333333 -1.81146538  0.09473684  5.33333333
  0.31052632  5.73333333 -0.387025    0.09473684  5.4         0.31052632
  5.73333333 -1.26320565]",450.73522567749023
0.09193600000000002,[0.23818931],"[ 0.09298246  5.4         0.30877193  5.63333333 -1.81146538  0.09473684
  5.33333333  0.31052632  5.73333333 -0.387025    0.09473684  5.4
  0.31052632  5.73333333 -1.26320565  0.09824561  5.53333333  0.3122807
  5.63333333 -0.76181066]",450.8119282722473
0.08942000000000001,[0.6435387],"[ 0.09473684  5.33333333  0.31052632  5.73333333 -0.387025    0.09473684
  5.4         0.31052632  5.73333333 -1.26320565  0.09824561  5.53333333
  0.3122807   5.63333333 -0.76181066  0.1         5.5         0.31403509
  5.6        -0.35646129]",450.8891010284424
0.08942000000000001,[0.02301932],"[ 0.09473684  5.4         0.31052632  5.73333333 -1.26320565  0.09824561
  5.53333333  0.3122807   5.63333333 -0.76181066  0.1         5.5
  0.31403509  5.6        -0.35646129  0.10350877  5.63333333  0.31754386
  5.46666667 -0.97698069]",450.9688584804535
0.08932,[0.6503206],"[ 0.09824561  5.53333333  0.3122807   5.63333333 -0.76181066  0.1
  5.5         0.31403509  5.6        -0.35646129  0.10350877  5.63333333
  0.31754386  5.46666667 -0.97698069  0.10526316  5.7         0.32105263
  5.4        -0.34967941]",451.0533027648926
0.08932,[0.3706884],"[ 0.1         5.5         0.31403509  5.6        -0.35646129  0.10350877
  5.63333333  0.31754386  5.46666667 -0.97698069  0.10526316  5.7
  0.32105263  5.4        -0.34967941  0.10877193  5.7         0.32280702
  5.43333333 -0.62931156]",451.13327980041504
0.081672,[0.12201077],"[ 0.10350877  5.63333333  0.31754386  5.46666667 -0.97698069  0.10526316
  5.7         0.32105263  5.4        -0.34967941  0.10877193  5.7
  0.32280702  5.43333333 -0.62931156  0.10877193  5.76666667  0.32631579
  5.33333333 -0.87798923]",451.214626789093
0.079176,[0.06102502],"[ 0.10526316  5.7         0.32105263  5.4        -0.34967941  0.10877193
  5.7         0.32280702  5.43333333 -0.62931156  0.10877193  5.76666667
  0.32631579  5.33333333 -0.87798923  0.11052632  5.73333333  0.32631579
  5.33333333 -0.93897498]",451.295040845871
0.07669999999999999,[-0.3038959],"[ 0.10877193  5.7         0.32280702  5.43333333 -0.62931156  0.10877193
  5.76666667  0.32631579  5.33333333 -0.87798923  0.11052632  5.73333333
  0.32631579  5.33333333 -0.93897498  0.1122807   5.73333333  0.32982456
  5.33333333 -1.30389595]",451.3748426437378
0.07412400000000001,[-0.26976594],"[ 0.10877193  5.76666667  0.32631579  5.33333333 -0.87798923  0.11052632
  5.73333333  0.32631579  5.33333333 -0.93897498  0.1122807   5.73333333
  0.32982456  5.33333333 -1.30389595  0.1122807   5.73333333  0.33157895
  5.33333333 -1.26976597]",451.45486187934875
0.069072,[-0.6883894],"[ 0.11052632  5.73333333  0.32631579  5.33333333 -0.93897498  0.1122807
  5.73333333  0.32982456  5.33333333 -1.30389595  0.1122807   5.73333333
  0.33157895  5.33333333 -1.26976597  0.1122807   5.66666667  0.33508772
  5.4        -1.68838942]",451.53484892845154
0.066496,[0.46707085],"[ 0.1122807   5.73333333  0.32982456  5.33333333 -1.30389595  0.1122807
  5.73333333  0.33157895  5.33333333 -1.26976597  0.1122807   5.66666667
  0.33508772  5.4        -1.68838942  0.11403509  5.66666667  0.33508772
  5.46666667 -0.53292918]",451.6149024963379
0.06388,[0.91351014],"[ 0.1122807   5.73333333  0.33157895  5.33333333 -1.26976597  0.1122807
  5.66666667  0.33508772  5.4        -1.68838942  0.11403509  5.66666667
  0.33508772  5.46666667 -0.53292918  0.11403509  5.6         0.33859649
  5.5        -0.08648986]",451.6945343017578
0.06619599999999999,[-0.45581284],"[ 0.1122807   5.66666667  0.33508772  5.4        -1.68838942  0.11403509
  5.66666667  0.33508772  5.46666667 -0.53292918  0.11403509  5.6
  0.33859649  5.5        -0.08648986  0.11929825  5.96666667  0.33859649
  5.26666667 -1.45581281]",451.7682526111603
0.06362000000000002,[-0.10441751],"[ 0.11403509  5.66666667  0.33508772  5.46666667 -0.53292918  0.11403509
  5.6         0.33859649  5.5        -0.08648986  0.11929825  5.96666667
  0.33859649  5.26666667 -1.45581281  0.12105263  6.03333333  0.33684211
  5.         -1.10441756]",451.8484697341919
0.05850799999999999,[-0.9880017],"[ 0.11403509  5.6         0.33859649  5.5        -0.08648986  0.11929825
  5.96666667  0.33859649  5.26666667 -1.45581281  0.12105263  6.03333333
  0.33684211  5.         -1.10441756  0.12105263  5.96666667  0.33684211
  5.03333333 -1.9880017 ]",451.93247842788696
0.050859999999999995,[-0.472259],"[ 0.11929825  5.96666667  0.33859649  5.26666667 -1.45581281  0.12105263
  6.03333333  0.33684211  5.         -1.10441756  0.12105263  5.96666667
  0.33684211  5.03333333 -1.9880017   0.12105263  5.9         0.34035088
  5.13333333 -1.47225904]",452.0124258995056
0.08163200000000001,[-0.80078363],"[ 0.12105263  6.03333333  0.33684211  5.         -1.10441756  0.12105263
  5.96666667  0.33684211  5.03333333 -1.9880017   0.12105263  5.9
  0.34035088  5.13333333 -1.47225904  0.14561404  5.7         0.34561404
  5.23333333 -1.80078363]",452.094806432724
0.08171199999999998,[-0.17699714],"[ 0.12105263  5.96666667  0.33684211  5.03333333 -1.9880017   0.12105263
  5.9         0.34035088  5.13333333 -1.47225904  0.14561404  5.7
  0.34561404  5.23333333 -1.80078363  0.14912281  5.53333333  0.35438596
  5.2        -1.17699718]",452.1749310493469
0.084228,[-0.45733094],"[ 0.12105263  5.9         0.34035088  5.13333333 -1.47225904  0.14561404
  5.7         0.34561404  5.23333333 -1.80078363  0.14912281  5.53333333
  0.35438596  5.2        -1.17699718  0.15263158  5.53333333  0.36315789
  5.23333333 -1.45733094]",452.2549705505371
0.08938000000000001,[-0.7957413],"[ 0.14561404  5.7         0.34561404  5.23333333 -1.80078363  0.14912281
  5.53333333  0.35438596  5.2        -1.17699718  0.15263158  5.53333333
  0.36315789  5.23333333 -1.45733094  0.15614035  5.53333333  0.36842105
  5.13333333 -1.79574132]",452.3349013328552
0.08442799999999999,[0.3197354],"[ 0.14912281  5.53333333  0.35438596  5.2        -1.17699718  0.15263158
  5.53333333  0.36315789  5.23333333 -1.45733094  0.15614035  5.53333333
  0.36842105  5.13333333 -1.79574132  0.15614035  5.4         0.37192982
  5.16666667 -0.68026459]",452.41507291793823
0.08442800000000002,[0.59180987],"[ 0.15263158  5.53333333  0.36315789  5.23333333 -1.45733094  0.15614035
  5.53333333  0.36842105  5.13333333 -1.79574132  0.15614035  5.4
  0.37192982  5.16666667 -0.68026459  0.15789474  5.36666667  0.37192982
  5.16666667 -0.40819013]",452.4950213432312
0.084368,[0.5886487],"[ 0.15614035  5.53333333  0.36842105  5.13333333 -1.79574132  0.15614035
  5.4         0.37192982  5.16666667 -0.68026459  0.15789474  5.36666667
  0.37192982  5.16666667 -0.40819013  0.16140351  5.6         0.37017544
  4.86666667 -0.41135132]",452.5749304294586
0.084348,[0.07463047],"[ 0.15614035  5.4         0.37192982  5.16666667 -0.68026459  0.15789474
  5.36666667  0.37192982  5.16666667 -0.40819013  0.16140351  5.6
  0.37017544  4.86666667 -0.41135132  0.16315789  5.7         0.37017544
  4.7        -0.9253695 ]",452.6549139022827
0.084348,[-0.5905858],"[ 0.15789474  5.36666667  0.37192982  5.16666667 -0.40819013  0.16140351
  5.6         0.37017544  4.86666667 -0.41135132  0.16315789  5.7
  0.37017544  4.7        -0.9253695   0.16666667  5.7         0.37017544
  4.63333333 -1.59058583]",452.73493123054504
0.08704399999999998,[0.70378923],"[ 0.16140351  5.6         0.37017544  4.86666667 -0.41135132  0.16315789
  5.7         0.37017544  4.7        -0.9253695   0.16666667  5.7
  0.37017544  4.63333333 -1.59058583  0.16842105  5.53333333  0.3754386
  4.66666667 -0.29621077]",452.8149092197418
0.09219600000000001,[-0.47388995],"[ 0.16315789  5.7         0.37017544  4.7        -0.9253695   0.16666667
  5.7         0.37017544  4.63333333 -1.59058583  0.16842105  5.53333333
  0.3754386   4.66666667 -0.29621077  0.17368421  5.43333333  0.38245614
  4.6        -1.47388995]",452.89495515823364
0.10485600000000002,[0.9658779],"[ 0.16666667  5.7         0.37017544  4.63333333 -1.59058583  0.16842105
  5.53333333  0.3754386   4.66666667 -0.29621077  0.17368421  5.43333333
  0.38245614  4.6        -1.47388995  0.18421053  5.63333333  0.38596491
  4.3        -0.03412211]",452.9749150276184
0.11256400000000003,[0.6095371],"[ 0.16842105  5.53333333  0.3754386   4.66666667 -0.29621077  0.17368421
  5.43333333  0.38245614  4.6        -1.47388995  0.18421053  5.63333333
  0.38596491  4.3        -0.03412211  0.18947368  5.56666667  0.39122807
  4.3        -0.39046288]",453.05487084388733
0.11763600000000003,[0.60261774],"[ 0.17368421  5.43333333  0.38245614  4.6        -1.47388995  0.18421053
  5.63333333  0.38596491  4.3        -0.03412211  0.18947368  5.56666667
  0.39122807  4.3        -0.39046288  0.19298246  5.56666667  0.39122807
  4.16666667 -0.39738226]",453.13489508628845
0.122708,[0.7073327],"[ 0.18421053  5.63333333  0.38596491  4.3        -0.03412211  0.18947368
  5.56666667  0.39122807  4.3        -0.39046288  0.19298246  5.56666667
  0.39122807  4.16666667 -0.39738226  0.19824561  5.63333333  0.39122807
  3.86666667 -0.29266733]",453.21496653556824
0.130376,[-0.64080834],"[ 0.18947368  5.56666667  0.39122807  4.3        -0.39046288  0.19298246
  5.56666667  0.39122807  4.16666667 -0.39738226  0.19824561  5.63333333
  0.39122807  3.86666667 -0.29266733  0.20350877  5.56666667  0.38947368
  3.66666667 -1.64080834]",453.2949275970459
0.130596,[-0.74978185],"[ 0.19298246  5.56666667  0.39122807  4.16666667 -0.39738226  0.19824561
  5.63333333  0.39122807  3.86666667 -0.29266733  0.20350877  5.56666667
  0.38947368  3.66666667 -1.64080834  0.20877193  5.56666667  0.39122807
  3.63333333 -1.74978185]",453.3749580383301
0.120512,[0.5948123],"[ 0.19824561  5.63333333  0.39122807  3.86666667 -0.29266733  0.20350877
  5.56666667  0.38947368  3.66666667 -1.64080834  0.20877193  5.56666667
  0.39122807  3.63333333 -1.74978185  0.20350877  5.4         0.39649123
  3.7        -0.40518773]",453.4548177719116
0.120592,[-0.19222385],"[ 0.20350877  5.56666667  0.38947368  3.66666667 -1.64080834  0.20877193
  5.56666667  0.39122807  3.63333333 -1.74978185  0.20350877  5.4
  0.39649123  3.7        -0.40518773  0.20350877  5.2         0.40175439
  3.76666667 -1.19222379]",453.53492045402527
0.130736,[0.6628783],"[ 0.20877193  5.56666667  0.39122807  3.63333333 -1.74978185  0.20350877
  5.4         0.39649123  3.7        -0.40518773  0.20350877  5.2
  0.40175439  3.76666667 -1.19222379  0.21052632  5.26666667  0.40350877
  3.66666667 -0.33712173]",453.6148753166199
0.09990400000000002,[0.18060711],"[ 0.20350877  5.4         0.39649123  3.7        -0.40518773  0.20350877
  5.2         0.40175439  3.76666667 -1.19222379  0.21052632  5.26666667
  0.40350877  3.66666667 -0.33712173  0.21403509  5.33333333  0.40877193
  3.73333333 -0.81939292]",453.6950192451477
0.10234000000000001,[0.53793806],"[ 0.20350877  5.2         0.40175439  3.76666667 -1.19222379  0.21052632
  5.26666667  0.40350877  3.66666667 -0.33712173  0.21403509  5.33333333
  0.40877193  3.73333333 -0.81939292  0.21929825  5.36666667  0.41052632
  3.66666667 -0.46206194]",453.77857637405396
0.10234000000000001,[0.38019693],"[ 0.21052632  5.26666667  0.40350877  3.66666667 -0.33712173  0.21403509
  5.33333333  0.40877193  3.73333333 -0.81939292  0.21929825  5.36666667
  0.41052632  3.66666667 -0.46206194  0.22280702  5.36666667  0.41403509
  3.63333333 -0.61980307]",453.8481614589691
0.09976399999999999,[0.00329651],"[ 0.21403509  5.33333333  0.40877193  3.73333333 -0.81939292  0.21929825
  5.36666667  0.41052632  3.66666667 -0.46206194  0.22280702  5.36666667
  0.41403509  3.63333333 -0.61980307  0.2245614   5.4         0.41578947
  3.66666667 -0.99670351]",453.9290280342102
0.09716799999999998,[0.5010693],"[ 0.21929825  5.36666667  0.41052632  3.66666667 -0.46206194  0.22280702
  5.36666667  0.41403509  3.63333333 -0.61980307  0.2245614   5.4
  0.41578947  3.66666667 -0.99670351  0.22280702  5.33333333  0.41754386
  3.73333333 -0.49893069]",454.0125050544739
0.09457200000000002,[0.03985275],"[ 0.22280702  5.36666667  0.41403509  3.63333333 -0.61980307  0.2245614
  5.4         0.41578947  3.66666667 -0.99670351  0.22280702  5.33333333
  0.41754386  3.73333333 -0.49893069  0.22280702  5.36666667  0.41929825
  3.76666667 -0.96014726]",454.09467601776123
0.08704400000000001,[-0.2346495],"[ 0.2245614   5.4         0.41578947  3.66666667 -0.99670351  0.22280702
  5.33333333  0.41754386  3.73333333 -0.49893069  0.22280702  5.36666667
  0.41929825  3.76666667 -0.96014726  0.22105263  5.36666667  0.41578947
  3.73333333 -1.23464954]",454.1750445365906
0.07696000000000003,[-0.77335477],"[ 0.22280702  5.33333333  0.41754386  3.73333333 -0.49893069  0.22280702
  5.36666667  0.41929825  3.76666667 -0.96014726  0.22105263  5.36666667
  0.41578947  3.73333333 -1.23464954  0.21578947  5.23333333  0.41578947
  3.83333333 -1.77335477]",454.2550368309021
0.06935200000000002,[0.36928806],"[ 0.22280702  5.36666667  0.41929825  3.76666667 -0.96014726  0.22105263
  5.36666667  0.41578947  3.73333333 -1.23464954  0.21578947  5.23333333
  0.41578947  3.83333333 -1.77335477  0.21403509  5.13333333  0.41754386
  3.9        -0.63071191]",454.33495926856995
0.066716,[-0.64095795],"[ 0.22105263  5.36666667  0.41578947  3.73333333 -1.23464954  0.21578947
  5.23333333  0.41578947  3.83333333 -1.77335477  0.21403509  5.13333333
  0.41754386  3.9        -0.63071191  0.21403509  5.1         0.41929825
  4.03333333 -1.64095795]",454.4150445461273
0.06653599999999998,[-0.4564565],"[ 0.21578947  5.23333333  0.41578947  3.83333333 -1.77335477  0.21403509
  5.13333333  0.41754386  3.9        -0.63071191  0.21403509  5.1
  0.41929825  4.03333333 -1.64095795  0.21929825  5.3         0.41929825
  3.93333333 -1.45645654]",454.4881908893585
0.05134,[0.23040181],"[ 0.21403509  5.13333333  0.41754386  3.9        -0.63071191  0.21403509
  5.1         0.41929825  4.03333333 -1.64095795  0.21929825  5.3
  0.41929825  3.93333333 -1.45645654  0.21929825  5.26666667  0.42280702
  4.03333333 -0.76959819]",454.5683960914612
0.04365199999999997,[-0.39190978],"[ 0.21403509  5.1         0.41929825  4.03333333 -1.64095795  0.21929825
  5.3         0.41929825  3.93333333 -1.45645654  0.21929825  5.26666667
  0.42280702  4.03333333 -0.76959819  0.21929825  5.23333333  0.42280702
  4.06666667 -1.39190984]",454.6532738208771
0.041076,[-0.20424305],"[ 0.21929825  5.3         0.41929825  3.93333333 -1.45645654  0.21929825
  5.26666667  0.42280702  4.03333333 -0.76959819  0.21929825  5.23333333
  0.42280702  4.06666667 -1.39190984  0.22105263  5.26666667  0.42280702
  3.93333333 -1.20424306]",454.7351088523865
0.03606400000000004,[0.04867207],"[ 0.21929825  5.26666667  0.42280702  4.03333333 -0.76959819  0.21929825
  5.23333333  0.42280702  4.06666667 -1.39190984  0.22105263  5.26666667
  0.42280702  3.93333333 -1.20424306  0.22280702  5.16666667  0.42631579
  3.96666667 -0.95132792]",454.81492948532104
0.030891999999999975,[0.7508018],"[ 0.21929825  5.23333333  0.42280702  4.06666667 -1.39190984  0.22105263
  5.26666667  0.42280702  3.93333333 -1.20424306  0.22280702  5.16666667
  0.42631579  3.96666667 -0.95132792  0.2245614   5.2         0.42807018
  3.96666667 -0.2491982 ]",454.8950183391571
0.028296000000000043,[0.7520316],"[ 0.22105263  5.26666667  0.42280702  3.93333333 -1.20424306  0.22280702
  5.16666667  0.42631579  3.96666667 -0.95132792  0.2245614   5.2
  0.42807018  3.96666667 -0.2491982   0.22807018  5.26666667  0.42807018
  3.86666667 -0.24796838]",454.97523164749146
0.04093599999999997,[0.5322686],"[ 0.22280702  5.16666667  0.42631579  3.96666667 -0.95132792  0.2245614
  5.2         0.42807018  3.96666667 -0.2491982   0.22807018  5.26666667
  0.42807018  3.86666667 -0.24796838  0.23157895  5.33333333  0.4245614
  3.66666667 -0.46773142]",455.05493783950806
0.03827999999999998,[-0.55032384],"[ 0.2245614   5.2         0.42807018  3.96666667 -0.2491982   0.22807018
  5.26666667  0.42807018  3.86666667 -0.24796838  0.23157895  5.33333333
  0.4245614   3.66666667 -0.46773142  0.22982456  5.3         0.4245614
  3.63333333 -1.55032384]",455.13501358032227
0.02302399999999999,[0.4586941],"[ 0.22807018  5.26666667  0.42807018  3.86666667 -0.24796838  0.23157895
  5.33333333  0.4245614   3.66666667 -0.46773142  0.22982456  5.3
  0.4245614   3.63333333 -1.55032384  0.22631579  5.23333333  0.42280702
  3.63333333 -0.5413059 ]",455.21481466293335
0.012940000000000007,[0.6904083],"[ 0.23157895  5.33333333  0.4245614   3.66666667 -0.46773142  0.22982456
  5.3         0.4245614   3.63333333 -1.55032384  0.22631579  5.23333333
  0.42280702  3.63333333 -0.5413059   0.22280702  5.06666667  0.42280702
  3.7        -0.30959171]",455.29494047164917
0.01034400000000002,[-0.93524003],"[ 0.22982456  5.3         0.4245614   3.63333333 -1.55032384  0.22631579
  5.23333333  0.42280702  3.63333333 -0.5413059   0.22280702  5.06666667
  0.42280702  3.7        -0.30959171  0.22631579  5.16666667  0.42280702
  3.66666667 -1.93524003]",455.36997270584106
0.012799999999999978,[-0.11287628],"[ 0.22631579  5.23333333  0.42280702  3.63333333 -0.5413059   0.22280702
  5.06666667  0.42280702  3.7        -0.30959171  0.22631579  5.16666667
  0.42280702  3.66666667 -1.93524003  0.23157895  5.33333333  0.4245614
  3.66666667 -1.1128763 ]",455.4500558376312
0.007767999999999997,[0.21080402],"[ 0.22280702  5.06666667  0.42280702  3.7        -0.30959171  0.22631579
  5.16666667  0.42280702  3.66666667 -1.93524003  0.23157895  5.33333333
  0.4245614   3.66666667 -1.1128763   0.22982456  5.23333333  0.42982456
  3.83333333 -0.78919601]",455.5348448753357
0.015436000000000005,[0.8851133],"[ 0.22631579  5.16666667  0.42280702  3.66666667 -1.93524003  0.23157895
  5.33333333  0.4245614   3.66666667 -1.1128763   0.22982456  5.23333333
  0.42982456  3.83333333 -0.78919601  0.23333333  5.16666667  0.43333333
  3.8        -0.1148867 ]",455.6149218082428
