reward,action,obs,time
,,"[0.         0.         0.         0.         0.         0.
 0.         0.         0.         0.         0.         0.
 0.         0.         0.         0.03157895 5.7        0.24561404
 5.4        0.        ]",3019.607672691345
0.0024160000000000015,[0.68122256],"[ 0.          0.          0.          0.          0.          0.
  0.          0.          0.          0.          0.03157895  5.7
  0.24561404  5.4         0.          0.03333333  5.93333333  0.24385965
  5.26666667 -0.31877744]",3019.6760420799255
3.999999999999837e-05,[0.42624137],"[ 0.          0.          0.          0.          0.          0.03157895
  5.7         0.24561404  5.4         0.          0.03333333  5.93333333
  0.24385965  5.26666667 -0.31877744  0.03157895  5.63333333  0.24561404
  5.43333333 -0.5737586 ]",3019.7276108264923
0.0,[0.183683],"[ 0.03157895  5.7         0.24561404  5.4         0.          0.03333333
  5.93333333  0.24385965  5.26666667 -0.31877744  0.03157895  5.63333333
  0.24561404  5.43333333 -0.5737586   0.03157895  5.7         0.24385965
  5.36666667 -0.81631702]",3019.7931156158447
0.0,[-0.2139666],"[ 0.03333333  5.93333333  0.24385965  5.26666667 -0.31877744  0.03157895
  5.63333333  0.24561404  5.43333333 -0.5737586   0.03157895  5.7
  0.24385965  5.36666667 -0.81631702  0.03157895  5.7         0.24385965
  5.4        -1.21396661]",3019.843412876129
0.0,[0.25876668],"[ 0.03157895  5.63333333  0.24561404  5.43333333 -0.5737586   0.03157895
  5.7         0.24385965  5.36666667 -0.81631702  0.03157895  5.7
  0.24385965  5.4        -1.21396661  0.03157895  5.7         0.24561404
  5.36666667 -0.74123335]",3019.931574821472
-5.9999999999997555e-05,[-0.8785826],"[ 0.03157895  5.7         0.24385965  5.36666667 -0.81631702  0.03157895
  5.7         0.24385965  5.4        -1.21396661  0.03157895  5.7
  0.24561404  5.36666667 -0.74123335  0.03157895  5.8         0.24561404
  5.3        -1.8785826 ]",3019.982009410858
0.002475999999999999,[-0.52004755],"[ 0.03157895  5.7         0.24385965  5.4        -1.21396661  0.03157895
  5.7         0.24561404  5.36666667 -0.74123335  0.03157895  5.8
  0.24561404  5.3        -1.8785826   0.03333333  5.83333333  0.24561404
  5.3        -1.52004755]",3020.0669453144073
1.9999999999999185e-05,[0.12708005],"[ 0.03157895  5.7         0.24561404  5.36666667 -0.74123335  0.03157895
  5.8         0.24561404  5.3        -1.8785826   0.03333333  5.83333333
  0.24561404  5.3        -1.52004755  0.03157895  5.66666667  0.24561404
  5.43333333 -0.87291992]",3020.1169078350067
0.0026359999999999995,[0.57784957],"[ 0.03157895  5.8         0.24561404  5.3        -1.8785826   0.03333333
  5.83333333  0.24561404  5.3        -1.52004755  0.03157895  5.66666667
  0.24561404  5.43333333 -0.87291992  0.03333333  5.56666667  0.24736842
  5.5        -0.42215043]",3020.2008697986603
0.007828000000000002,[-0.09115286],"[ 0.03333333  5.83333333  0.24561404  5.3        -1.52004755  0.03157895
  5.66666667  0.24561404  5.43333333 -0.87291992  0.03333333  5.56666667
  0.24736842  5.5        -0.42215043  0.03684211  5.43333333  0.25087719
  5.63333333 -1.09115291]",3020.2510232925415
0.010324,[-0.3792363],"[ 0.03157895  5.66666667  0.24561404  5.43333333 -0.87291992  0.03333333
  5.56666667  0.24736842  5.5        -0.42215043  0.03684211  5.43333333
  0.25087719  5.63333333 -1.09115291  0.03859649  5.53333333  0.25263158
  5.56666667 -1.37923634]",3020.3419988155365
0.01278,[0.7104704],"[ 0.03333333  5.56666667  0.24736842  5.5        -0.42215043  0.03684211
  5.43333333  0.25087719  5.63333333 -1.09115291  0.03859649  5.53333333
  0.25263158  5.56666667 -1.37923634  0.04035088  5.7         0.25438596
  5.43333333 -0.28952962]",3020.3912360668182
0.017931999999999997,[-0.13595349],"[ 0.03684211  5.43333333  0.25087719  5.63333333 -1.09115291  0.03859649
  5.53333333  0.25263158  5.56666667 -1.37923634  0.04035088  5.7
  0.25438596  5.43333333 -0.28952962  0.04385965  5.63333333  0.25614035
  5.4        -1.13595343]",3020.4413933753967
0.020508,[-0.97787756],"[ 0.03859649  5.53333333  0.25263158  5.56666667 -1.37923634  0.04035088
  5.7         0.25438596  5.43333333 -0.28952962  0.04385965  5.63333333
  0.25614035  5.4        -1.13595343  0.04561404  5.6         0.25789474
  5.4        -1.97787762]",3020.4914858341217
0.0256,[0.6763506],"[ 0.04035088  5.7         0.25438596  5.43333333 -0.28952962  0.04385965
  5.63333333  0.25614035  5.4        -1.13595343  0.04561404  5.6
  0.25789474  5.4        -1.97787762  0.04912281  5.63333333  0.26140351
  5.33333333 -0.32364941]",3020.559395313263
0.02819599999999999,[0.8203014],"[ 0.04385965  5.63333333  0.25614035  5.4        -1.13595343  0.04561404
  5.6         0.25789474  5.4        -1.97787762  0.04912281  5.63333333
  0.26140351  5.33333333 -0.32364941  0.05087719  5.56666667  0.26491228
  5.4        -0.17969859]",3020.6404774188995
0.035744,[-0.55189204],"[ 0.04561404  5.6         0.25789474  5.4        -1.97787762  0.04912281
  5.63333333  0.26140351  5.33333333 -0.32364941  0.05087719  5.56666667
  0.26491228  5.4        -0.17969859  0.05614035  5.76666667  0.26842105
  5.3        -1.55189204]",3020.719405412674
0.043292,[-0.6661116],"[ 0.04912281  5.63333333  0.26140351  5.33333333 -0.32364941  0.05087719
  5.56666667  0.26491228  5.4        -0.17969859  0.05614035  5.76666667
  0.26842105  5.3        -1.55189204  0.06140351  5.96666667  0.27017544
  5.03333333 -1.66611159]",3020.8040091991425
0.043392,[-0.98522615],"[ 0.05087719  5.56666667  0.26491228  5.4        -0.17969859  0.05614035
  5.76666667  0.26842105  5.3        -1.55189204  0.06140351  5.96666667
  0.27017544  5.03333333 -1.66611159  0.06140351  5.8         0.27192982
  5.1        -1.98522615]",3020.8733735084534
0.046088000000000004,[0.34042135],"[ 0.05614035  5.76666667  0.26842105  5.3        -1.55189204  0.06140351
  5.96666667  0.27017544  5.03333333 -1.66611159  0.06140351  5.8
  0.27192982  5.1        -1.98522615  0.06315789  5.56666667  0.27368421
  5.23333333 -0.65957868]",3020.959324836731
0.05138,[-0.20574954],"[ 0.06140351  5.96666667  0.27017544  5.03333333 -1.66611159  0.06140351
  5.8         0.27192982  5.1        -1.98522615  0.06315789  5.56666667
  0.27368421  5.23333333 -0.65957868  0.06842105  5.5         0.28070175
  5.23333333 -1.20574951]",3021.041727542877
0.06643600000000001,[-0.69558597],"[ 0.06140351  5.8         0.27192982  5.1        -1.98522615  0.06315789
  5.56666667  0.27368421  5.23333333 -0.65957868  0.06842105  5.5
  0.28070175  5.23333333 -1.20574951  0.07719298  5.66666667  0.2877193
  5.06666667 -1.69558597]",3021.119335412979
0.07420400000000002,[-0.571304],"[ 0.06315789  5.56666667  0.27368421  5.23333333 -0.65957868  0.06842105
  5.5         0.28070175  5.23333333 -1.20574951  0.07719298  5.66666667
  0.2877193   5.06666667 -1.69558597  0.08245614  5.56666667  0.29473684
  5.1        -1.57130408]",3021.202664375305
0.08452800000000002,[-0.8531398],"[ 0.06842105  5.5         0.28070175  5.23333333 -1.20574951  0.07719298
  5.66666667  0.2877193   5.06666667 -1.69558597  0.08245614  5.56666667
  0.29473684  5.1        -1.57130408  0.08947368  5.4         0.30350877
  5.2        -1.85313988]",3021.279404401779
0.092256,[0.48244599],"[ 0.07719298  5.66666667  0.2877193   5.06666667 -1.69558597  0.08245614
  5.56666667  0.29473684  5.1        -1.57130408  0.08947368  5.4
  0.30350877  5.2        -1.85313988  0.09473684  5.3         0.31052632
  5.2        -0.51755404]",3021.362874984741
0.10004400000000002,[-0.90864617],"[ 0.08245614  5.56666667  0.29473684  5.1        -1.57130408  0.08947368
  5.4         0.30350877  5.2        -1.85313988  0.09473684  5.3
  0.31052632  5.2        -0.51755404  0.1         5.2         0.31578947
  5.13333333 -1.90864611]",3021.4402067661285
0.1025,[-0.3232376],"[ 0.08947368  5.4         0.30350877  5.2        -1.85313988  0.09473684
  5.3         0.31052632  5.2        -0.51755404  0.1         5.2
  0.31578947  5.13333333 -1.90864611  0.10350877  5.4         0.31929825
  5.         -1.32323766]",3021.51957821846
0.10499600000000002,[-0.80771863],"[ 0.09473684  5.3         0.31052632  5.2        -0.51755404  0.1
  5.2         0.31578947  5.13333333 -1.90864611  0.10350877  5.4
  0.31929825  5.         -1.32323766  0.10350877  5.33333333  0.31929825
  5.06666667 -1.80771863]",3021.5993208885193
0.107572,[0.3035365],"[ 0.1         5.2         0.31578947  5.13333333 -1.90864611  0.10350877
  5.4         0.31929825  5.         -1.32323766  0.10350877  5.33333333
  0.31929825  5.06666667 -1.80771863  0.10701754  5.2         0.32280702
  5.16666667 -0.69646347]",3021.6792788505554
0.104996,[-0.59474397],"[ 0.10350877  5.4         0.31929825  5.         -1.32323766  0.10350877
  5.33333333  0.31929825  5.06666667 -1.80771863  0.10701754  5.2
  0.32280702  5.16666667 -0.69646347  0.10877193  5.1         0.32807018
  5.16666667 -1.59474397]",3021.758992910385
0.110208,[-0.9511663],"[ 0.10350877  5.33333333  0.31929825  5.06666667 -1.80771863  0.10701754
  5.2         0.32280702  5.16666667 -0.69646347  0.10877193  5.1
  0.32807018  5.16666667 -1.59474397  0.11403509  5.03333333  0.33508772
  5.         -1.95116627]",3021.833685398102
0.11552,[0.70204294],"[ 0.10701754  5.2         0.32280702  5.16666667 -0.69646347  0.10877193
  5.1         0.32807018  5.16666667 -1.59474397  0.11403509  5.03333333
  0.33508772  5.         -1.95116627  0.11929825  4.86666667  0.34210526
  5.06666667 -0.29795706]",3021.9130914211273
0.14850799999999997,[-0.31034046],"[ 0.10877193  5.1         0.32807018  5.16666667 -1.59474397  0.11403509
  5.03333333  0.33508772  5.         -1.95116627  0.11929825  4.86666667
  0.34210526  5.06666667 -0.29795706  0.14561404  5.2         0.34912281
  5.23333333 -1.3103404 ]",3021.994172334671
0.14842799999999995,[0.2860743],"[ 0.11403509  5.03333333  0.33508772  5.         -1.95116627  0.11929825
  4.86666667  0.34210526  5.06666667 -0.29795706  0.14561404  5.2
  0.34912281  5.23333333 -1.3103404   0.14736842  5.3         0.35438596
  5.1        -0.71392572]",3022.0792274475098
0.151064,[-0.9386036],"[ 0.11929825  4.86666667  0.34210526  5.06666667 -0.29795706  0.14561404
  5.2         0.34912281  5.23333333 -1.3103404   0.14736842  5.3
  0.35438596  5.1        -0.71392572  0.15263158  5.2         0.36315789
  4.96666667 -1.93860364]",3022.1613295078278
0.15615600000000002,[-0.69810545],"[ 0.14561404  5.2         0.34912281  5.23333333 -1.3103404   0.14736842
  5.3         0.35438596  5.1        -0.71392572  0.15263158  5.2
  0.36315789  4.96666667 -1.93860364  0.15789474  5.16666667  0.37017544
  4.9        -1.69810545]",3022.2388033866882
0.158932,[0.13736542],"[ 0.14736842  5.3         0.35438596  5.1        -0.71392572  0.15263158
  5.2         0.36315789  4.96666667 -1.93860364  0.15789474  5.16666667
  0.37017544  4.9        -1.69810545  0.16491228  5.          0.37719298
  5.1        -0.8626346 ]",3022.3215000629425
0.15394000000000002,[-0.8672596],"[ 0.15263158  5.2         0.36315789  4.96666667 -1.93860364  0.15789474
  5.16666667  0.37017544  4.9        -1.69810545  0.16491228  5.
  0.37719298  5.1        -0.8626346   0.16666667  5.          0.38070175
  5.16666667 -1.86725962]",3022.3940122127533
0.16144800000000004,[0.8011246],"[ 0.15789474  5.16666667  0.37017544  4.9        -1.69810545  0.16491228
  5.          0.37719298  5.1        -0.8626346   0.16666667  5.
  0.38070175  5.16666667 -1.86725962  0.17192982  5.1         0.3877193
  5.06666667 -0.19887543]",3022.483397960663
0.168996,[-0.28756934],"[ 0.16491228  5.          0.37719298  5.1        -0.8626346   0.16666667
  5.          0.38070175  5.16666667 -1.86725962  0.17192982  5.1
  0.3877193   5.06666667 -0.19887543  0.17894737  5.06666667  0.39298246
  5.06666667 -1.28756928]",3022.5589578151703
0.17145200000000002,[-0.48959395],"[ 0.16666667  5.          0.38070175  5.16666667 -1.86725962  0.17192982
  5.1         0.3877193   5.06666667 -0.19887543  0.17894737  5.06666667
  0.39298246  5.06666667 -1.28756928  0.18596491  5.16666667  0.4
  4.93333333 -1.48959398]",3022.640392303467
0.17159200000000005,[-0.20341527],"[ 0.17192982  5.1         0.3877193   5.06666667 -0.19887543  0.17894737
  5.06666667  0.39298246  5.06666667 -1.28756928  0.18596491  5.16666667
  0.4         4.93333333 -1.48959398  0.19473684  5.1         0.40877193
  5.         -1.20341527]",3022.7195539474487
0.17668400000000006,[-0.89153117],"[ 0.17894737  5.06666667  0.39298246  5.06666667 -1.28756928  0.18596491
  5.16666667  0.4         4.93333333 -1.48959398  0.19473684  5.1
  0.40877193  5.         -1.20341527  0.20350877  5.03333333  0.41754386
  5.1        -1.89153123]",3022.799251794815
0.17660399999999998,[-0.7294613],"[ 0.18596491  5.16666667  0.4         4.93333333 -1.48959398  0.19473684
  5.1         0.40877193  5.         -1.20341527  0.20350877  5.03333333
  0.41754386  5.1        -1.89153123  0.21052632  5.          0.42631579
  5.1        -1.72946131]",3022.8783991336823
0.17660400000000004,[-0.0883008],"[ 0.19473684  5.1         0.40877193  5.         -1.20341527  0.20350877
  5.03333333  0.41754386  5.1        -1.89153123  0.21052632  5.
  0.42631579  5.1        -1.72946131  0.21578947  4.9         0.43157895
  5.16666667 -1.08830082]",3022.9592373371124
0.17652399999999996,[0.21531668],"[ 0.20350877  5.03333333  0.41754386  5.1        -1.89153123  0.21052632
  5.          0.42631579  5.1        -1.72946131  0.21578947  4.9
  0.43157895  5.16666667 -1.08830082  0.22105263  4.93333333  0.43508772
  5.2        -0.78468335]",3023.0395424365997
0.17912,[0.1537169],"[ 0.21052632  5.          0.42631579  5.1        -1.72946131  0.21578947
  4.9         0.43157895  5.16666667 -1.08830082  0.22105263  4.93333333
  0.43508772  5.2        -0.78468335  0.22631579  5.06666667  0.44035088
  5.06666667 -0.84628308]",3023.119285583496
0.18674799999999997,[-0.01070707],"[ 0.21578947  4.9         0.43157895  5.16666667 -1.08830082  0.22105263
  4.93333333  0.43508772  5.2        -0.78468335  0.22631579  5.06666667
  0.44035088  5.06666667 -0.84628308  0.23157895  5.06666667  0.44736842
  4.96666667 -1.01070702]",3023.201002597809
0.189224,[-0.7265028],"[ 0.22105263  4.93333333  0.43508772  5.2        -0.78468335  0.22631579
  5.06666667  0.44035088  5.06666667 -0.84628308  0.23157895  5.06666667
  0.44736842  4.96666667 -1.01070702  0.23684211  5.06666667  0.45087719
  4.96666667 -1.72650278]",3023.2791073322296
0.19429600000000005,[-0.98776954],"[ 0.22631579  5.06666667  0.44035088  5.06666667 -0.84628308  0.23157895
  5.06666667  0.44736842  4.96666667 -1.01070702  0.23684211  5.06666667
  0.45087719  4.96666667 -1.72650278  0.24210526  5.03333333  0.45438596
  5.03333333 -1.9877696 ]",3023.3598351478577
0.19178,[0.3839159],"[ 0.23157895  5.06666667  0.44736842  4.96666667 -1.01070702  0.23684211
  5.06666667  0.45087719  4.96666667 -1.72650278  0.24210526  5.03333333
  0.45438596  5.03333333 -1.9877696   0.24561404  4.9         0.46140351
  5.16666667 -0.6160841 ]",3023.4341282844543
0.189124,[0.2592366],"[ 0.23684211  5.06666667  0.45087719  4.96666667 -1.72650278  0.24210526
  5.03333333  0.45438596  5.03333333 -1.9877696   0.24561404  4.9
  0.46140351  5.16666667 -0.6160841   0.24912281  4.9         0.46491228
  5.23333333 -0.74076343]",3023.5193378925323
0.16110800000000003,[-0.39744982],"[ 0.24210526  5.03333333  0.45438596  5.03333333 -1.9877696   0.24561404
  4.9         0.46140351  5.16666667 -0.6160841   0.24912281  4.9
  0.46491228  5.23333333 -0.74076343  0.25614035  5.06666667  0.47017544
  5.03333333 -1.39744985]",3023.599495410919
0.163684,[-0.8242171],"[ 0.24561404  4.9         0.46140351  5.16666667 -0.6160841   0.24912281
  4.9         0.46491228  5.23333333 -0.74076343  0.25614035  5.06666667
  0.47017544  5.03333333 -1.39744985  0.25964912  5.13333333  0.47368421
  4.93333333 -1.82421708]",3023.682275056839
0.161148,[-0.7513343],"[ 0.24912281  4.9         0.46491228  5.23333333 -0.74076343  0.25614035
  5.06666667  0.47017544  5.03333333 -1.39744985  0.25964912  5.13333333
  0.47368421  4.93333333 -1.82421708  0.26315789  5.          0.47719298
  5.1        -1.75133431]",3023.759142637253
0.161208,[0.00775097],"[ 0.25614035  5.06666667  0.47017544  5.03333333 -1.39744985  0.25964912
  5.13333333  0.47368421  4.93333333 -1.82421708  0.26315789  5.
  0.47719298  5.1        -1.75133431  0.26842105  4.86666667  0.48245614
  5.2        -0.99224901]",3023.8430235385895
0.16106800000000004,[-0.2637918],"[ 0.25964912  5.13333333  0.47368421  4.93333333 -1.82421708  0.26315789
  5.          0.47719298  5.1        -1.75133431  0.26842105  4.86666667
  0.48245614  5.2        -0.99224901  0.2754386   4.93333333  0.48947368
  5.16666667 -1.2637918 ]",3023.913614988327
0.16614,[-0.8364572],"[ 0.26315789  5.          0.47719298  5.1        -1.75133431  0.26842105
  4.86666667  0.48245614  5.2        -0.99224901  0.2754386   4.93333333
  0.48947368  5.16666667 -1.2637918   0.28070175  5.          0.49649123
  5.1        -1.83645725]",3023.999247074127
0.16626,[0.41738304],"[ 0.26842105  4.86666667  0.48245614  5.2        -0.99224901  0.2754386
  4.93333333  0.48947368  5.16666667 -1.2637918   0.28070175  5.
  0.49649123  5.1        -1.83645725  0.28596491  4.9         0.50175439
  5.16666667 -0.58261693]",3024.0807967185974
0.16372399999999998,[0.8809156],"[ 0.2754386   4.93333333  0.48947368  5.16666667 -1.2637918   0.28070175
  5.          0.49649123  5.1        -1.83645725  0.28596491  4.9
  0.50175439  5.16666667 -0.58261693  0.29122807  4.83333333  0.50526316
  5.3        -0.11908442]",3024.1594355106354
0.16108799999999998,[0.5436172],"[ 0.28070175  5.          0.49649123  5.1        -1.83645725  0.28596491
  4.9         0.50175439  5.16666667 -0.58261693  0.29122807  4.83333333
  0.50526316  5.3        -0.11908442  0.29649123  5.06666667  0.5122807
  5.06666667 -0.45638281]",3024.239366054535
0.155836,[-0.77144265],"[ 0.28596491  4.9         0.50175439  5.16666667 -0.58261693  0.29122807
  4.83333333  0.50526316  5.3        -0.11908442  0.29649123  5.06666667
  0.5122807   5.06666667 -0.45638281  0.30175439  5.23333333  0.51754386
  4.83333333 -1.77144265]",3024.3197560310364
0.14810799999999996,[-0.18673475],"[ 0.29122807  4.83333333  0.50526316  5.3        -0.11908442  0.29649123
  5.06666667  0.5122807   5.06666667 -0.45638281  0.30175439  5.23333333
  0.51754386  4.83333333 -1.77144265  0.30526316  5.26666667  0.51754386
  4.8        -1.1867348 ]",3024.3994147777557
0.1405,[-0.08393356],"[ 0.29649123  5.06666667  0.5122807   5.06666667 -0.45638281  0.30175439
  5.23333333  0.51754386  4.83333333 -1.77144265  0.30526316  5.26666667
  0.51754386  4.8        -1.1867348   0.30701754  5.13333333  0.51929825
  4.9        -1.08393359]",3024.4796164035797
0.14041999999999996,[-0.938763],"[ 0.30175439  5.23333333  0.51754386  4.83333333 -1.77144265  0.30526316
  5.26666667  0.51754386  4.8        -1.1867348   0.30701754  5.13333333
  0.51929825  4.9        -1.08393359  0.3122807   5.16666667  0.52631579
  4.9        -1.93876302]",3024.5640132427216
0.14812799999999998,[0.8791438],"[ 0.30526316  5.26666667  0.51754386  4.8        -1.1867348   0.30701754
  5.13333333  0.51929825  4.9        -1.08393359  0.3122807   5.16666667
  0.52631579  4.9        -1.93876302  0.32280702  5.13333333  0.53684211
  4.86666667 -0.12085623]",3024.643602848053
0.15595600000000007,[-0.36367062],"[ 0.30701754  5.13333333  0.51929825  4.9        -1.08393359  0.3122807
  5.16666667  0.52631579  4.9        -1.93876302  0.32280702  5.13333333
  0.53684211  4.86666667 -0.12085623  0.33333333  5.          0.54912281
  4.96666667 -1.36367059]",3024.723564147949
0.1610080000000001,[-0.51113796],"[ 0.3122807   5.16666667  0.52631579  4.9        -1.93876302  0.32280702
  5.13333333  0.53684211  4.86666667 -0.12085623  0.33333333  5.
  0.54912281  4.96666667 -1.36367059  0.34210526  5.1         0.55614035
  4.86666667 -1.51113796]",3024.806802034378
0.15847200000000006,[0.61160773],"[ 0.32280702  5.13333333  0.53684211  4.86666667 -0.12085623  0.33333333
  5.          0.54912281  4.96666667 -1.36367059  0.34210526  5.1
  0.55614035  4.86666667 -1.51113796  0.34561404  5.06666667  0.55964912
  4.83333333 -0.38839227]",3024.882890701294
0.15338,[-0.71455836],"[ 0.33333333  5.          0.54912281  4.96666667 -1.36367059  0.34210526
  5.1         0.55614035  4.86666667 -1.51113796  0.34561404  5.06666667
  0.55964912  4.83333333 -0.38839227  0.34736842  5.          0.56315789
  4.8        -1.71455836]",3024.9647195339203
0.15835200000000005,[-0.8661418],"[ 0.34210526  5.1         0.55614035  4.86666667 -1.51113796  0.34561404
  5.06666667  0.55964912  4.83333333 -0.38839227  0.34736842  5.
  0.56315789  4.8        -1.71455836  0.35438596  5.1         0.56666667
  4.56666667 -1.8661418 ]",3025.043564081192
0.158412,[-0.9943517],"[ 0.34561404  5.06666667  0.55964912  4.83333333 -0.38839227  0.34736842
  5.          0.56315789  4.8        -1.71455836  0.35438596  5.1
  0.56666667  4.56666667 -1.8661418   0.35789474  5.          0.57017544
  4.63333333 -1.99435163]",3025.1267504692078
0.15347999999999995,[-0.5657731],"[ 0.34736842  5.          0.56315789  4.8        -1.71455836  0.35438596
  5.1         0.56666667  4.56666667 -1.8661418   0.35789474  5.
  0.57017544  4.63333333 -1.99435163  0.36140351  4.86666667  0.5754386
  4.86666667 -1.56577313]",3025.203877925873
0.16120800000000002,[-0.01873595],"[ 0.35438596  5.1         0.56666667  4.56666667 -1.8661418   0.35789474
  5.          0.57017544  4.63333333 -1.99435163  0.36140351  4.86666667
  0.5754386   4.86666667 -1.56577313  0.37017544  4.83333333  0.58421053
  4.9        -1.018736  ]",3025.2836396694183
0.17137200000000002,[0.7114475],"[ 0.35789474  5.          0.57017544  4.63333333 -1.99435163  0.36140351
  4.86666667  0.5754386   4.86666667 -1.56577313  0.37017544  4.83333333
  0.58421053  4.9        -1.018736    0.38070175  4.8         0.59473684
  4.83333333 -0.28855252]",3025.3868873119354
0.17636400000000002,[0.23331158],"[ 0.36140351  4.86666667  0.5754386   4.86666667 -1.56577313  0.37017544
  4.83333333  0.58421053  4.9        -1.018736    0.38070175  4.8
  0.59473684  4.83333333 -0.28855252  0.38947368  4.86666667  0.60526316
  4.7        -0.76668841]",3025.44149518013
0.17630400000000002,[0.11897452],"[ 0.37017544  4.83333333  0.58421053  4.9        -1.018736    0.38070175
  4.8         0.59473684  4.83333333 -0.28855252  0.38947368  4.86666667
  0.60526316  4.7        -0.76668841  0.39649123  5.03333333  0.60877193
  4.56666667 -0.88102549]",3025.52197766304
0.17127199999999998,[-0.7895672],"[ 0.38070175  4.8         0.59473684  4.83333333 -0.28855252  0.38947368
  4.86666667  0.60526316  4.7        -0.76668841  0.39649123  5.03333333
  0.60877193  4.56666667 -0.88102549  0.39824561  4.96666667  0.6122807
  4.53333333 -1.78956723]",3025.5970916748047
0.16618000000000005,[-0.6025288],"[ 0.38947368  4.86666667  0.60526316  4.7        -0.76668841  0.39649123
  5.03333333  0.60877193  4.56666667 -0.88102549  0.39824561  4.96666667
  0.6122807   4.53333333 -1.78956723  0.4         4.83333333  0.61403509
  4.5        -1.60252881]",3025.6833221912384
0.16366400000000003,[0.5258861],"[ 0.39649123  5.03333333  0.60877193  4.56666667 -0.88102549  0.39824561
  4.96666667  0.6122807   4.53333333 -1.78956723  0.4         4.83333333
  0.61403509  4.5        -1.60252881  0.40350877  4.7         0.61929825
  4.66666667 -0.47411388]",3025.7630298137665
0.16634,[-0.06003385],"[ 0.39824561  4.96666667  0.6122807   4.53333333 -1.78956723  0.4
  4.83333333  0.61403509  4.5        -1.60252881  0.40350877  4.7
  0.61929825  4.66666667 -0.47411388  0.41052632  4.73333333  0.62280702
  4.7        -1.0600338 ]",3025.843002796173
0.16889600000000005,[-0.79772794],"[ 0.4         4.83333333  0.61403509  4.5        -1.60252881  0.40350877
  4.7         0.61929825  4.66666667 -0.47411388  0.41052632  4.73333333
  0.62280702  4.7        -1.0600338   0.41754386  4.9         0.62982456
  4.56666667 -1.79772794]",3025.923775434494
0.16899600000000004,[-0.6788316],"[ 0.40350877  4.7         0.61929825  4.66666667 -0.47411388  0.41052632
  4.73333333  0.62280702  4.7        -1.0600338   0.41754386  4.9
  0.62982456  4.56666667 -1.79772794  0.42105263  4.76666667  0.63684211
  4.53333333 -1.67883158]",3026.003373861313
0.17670400000000003,[0.5338443],"[ 0.41052632  4.73333333  0.62280702  4.7        -1.0600338   0.41754386
  4.9         0.62982456  4.56666667 -1.79772794  0.42105263  4.76666667
  0.63684211  4.53333333 -1.67883158  0.42807018  4.56666667  0.64385965
  4.66666667 -0.46615571]",3026.083755493164
0.17926000000000003,[-0.27648848],"[ 0.41754386  4.9         0.62982456  4.56666667 -1.79772794  0.42105263
  4.76666667  0.63684211  4.53333333 -1.67883158  0.42807018  4.56666667
  0.64385965  4.66666667 -0.46615571  0.43508772  4.6         0.65087719
  4.63333333 -1.27648854]",3026.1631276607513
0.18165600000000004,[0.84058005],"[ 0.42105263  4.76666667  0.63684211  4.53333333 -1.67883158  0.42807018
  4.56666667  0.64385965  4.66666667 -0.46615571  0.43508772  4.6
  0.65087719  4.63333333 -1.27648854  0.44736842  4.83333333  0.65964912
  4.5        -0.15941995]",3026.242882013321
0.173908,[0.21934357],"[ 0.42807018  4.56666667  0.64385965  4.66666667 -0.46615571  0.43508772
  4.6         0.65087719  4.63333333 -1.27648854  0.44736842  4.83333333
  0.65964912  4.5        -0.15941995  0.45263158  4.83333333  0.66491228
  4.5        -0.78065646]",3026.3264174461365
0.16627999999999998,[0.66245764],"[ 0.43508772  4.6         0.65087719  4.63333333 -1.27648854  0.44736842
  4.83333333  0.65964912  4.5        -0.15941995  0.45263158  4.83333333
  0.66491228  4.5        -0.78065646  0.45614035  4.86666667  0.66842105
  4.33333333 -0.33754236]",3026.397269010544
0.16625999999999996,[-0.4753452],"[ 0.44736842  4.83333333  0.65964912  4.5        -0.15941995  0.45263158
  4.83333333  0.66491228  4.5        -0.78065646  0.45614035  4.86666667
  0.66842105  4.33333333 -0.33754236  0.45964912  4.86666667  0.67017544
  4.2        -1.47534513]",3026.477146625519
0.17133200000000004,[-0.900826],"[ 0.45263158  4.83333333  0.66491228  4.5        -0.78065646  0.45614035
  4.86666667  0.66842105  4.33333333 -0.33754236  0.45964912  4.86666667
  0.67017544  4.2        -1.47534513  0.46491228  4.86666667  0.6754386
  4.13333333 -1.90082598]",3026.5573511123657
