reward,action,obs,time
,,"[0.         0.         0.         0.         0.         0.
 0.         0.         0.         0.         0.         0.
 0.         0.         0.         0.03333333 5.86666667 0.24385965
 5.3        0.        ]",2368.955854177475
-0.0024160000000000015,[-0.29904944],"[ 0.          0.          0.          0.          0.          0.
  0.          0.          0.          0.          0.03333333  5.86666667
  0.24385965  5.3         0.          0.03157895  5.63333333  0.24385965
  5.4        -1.29904938]",2369.1163368225098
-0.0024959999999999982,[0.503281],"[ 0.          0.          0.          0.          0.          0.03333333
  5.86666667  0.24385965  5.3         0.          0.03157895  5.63333333
  0.24385965  5.4        -1.29904938  0.03157895  5.76666667  0.24385965
  5.36666667 -0.496719  ]",2369.166407108307
-0.0024360000000000007,[0.7633501],"[ 0.03333333  5.86666667  0.24385965  5.3         0.          0.03157895
  5.63333333  0.24385965  5.4        -1.29904938  0.03157895  5.76666667
  0.24385965  5.36666667 -0.496719    0.03157895  5.66666667  0.24561404
  5.4        -0.23664987]",2369.219347715378
-0.0024360000000000007,[-0.8500368],"[ 0.03157895  5.63333333  0.24385965  5.4        -1.29904938  0.03157895
  5.76666667  0.24385965  5.36666667 -0.496719    0.03157895  5.66666667
  0.24561404  5.4        -0.23664987  0.03157895  5.66666667  0.24385965
  5.4        -1.85003686]",2369.268410921097
-0.0024360000000000007,[0.7021965],"[ 0.03157895  5.76666667  0.24385965  5.36666667 -0.496719    0.03157895
  5.66666667  0.24561404  5.4        -0.23664987  0.03157895  5.66666667
  0.24385965  5.4        -1.85003686  0.03157895  5.66666667  0.24561404
  5.4        -0.29780352]",2369.3211414813995
-0.0024959999999999982,[-0.44549885],"[ 0.03157895  5.66666667  0.24561404  5.4        -0.23664987  0.03157895
  5.66666667  0.24385965  5.4        -1.85003686  0.03157895  5.66666667
  0.24561404  5.4        -0.29780352  0.03157895  5.76666667  0.24561404
  5.3        -1.44549882]",2369.3733649253845
3.999999999999837e-05,[-0.7570004],"[ 0.03157895  5.66666667  0.24385965  5.4        -1.85003686  0.03157895
  5.66666667  0.24561404  5.4        -0.29780352  0.03157895  5.76666667
  0.24561404  5.3        -1.44549882  0.03333333  5.8         0.24561404
  5.3        -1.75700045]",2369.417530298233
0.00012000000000000205,[-0.5271971],"[ 0.03157895  5.66666667  0.24561404  5.4        -0.29780352  0.03157895
  5.76666667  0.24561404  5.3        -1.44549882  0.03333333  5.8
  0.24561404  5.3        -1.75700045  0.03333333  5.66666667  0.24561404
  5.4        -1.52719712]",2369.471517086029
0.00021999999999999797,[-0.5715254],"[ 0.03157895  5.76666667  0.24561404  5.3        -1.44549882  0.03333333
  5.8         0.24561404  5.3        -1.75700045  0.03333333  5.66666667
  0.24561404  5.4        -1.52719712  0.03333333  5.5         0.24736842
  5.6        -1.57152534]",2369.539403438568
0.005372000000000002,[-0.94725645],"[ 0.03333333  5.8         0.24561404  5.3        -1.75700045  0.03333333
  5.66666667  0.24561404  5.4        -1.52719712  0.03333333  5.5
  0.24736842  5.6        -1.57152534  0.03684211  5.43333333  0.25087719
  5.63333333 -1.94725645]",2369.62007522583
0.010523999999999999,[-0.6324409],"[ 0.03333333  5.66666667  0.24561404  5.4        -1.52719712  0.03333333
  5.5         0.24736842  5.6        -1.57152534  0.03684211  5.43333333
  0.25087719  5.63333333 -1.94725645  0.04035088  5.36666667  0.25263158
  5.76666667 -1.63244092]",2369.693319797516
0.013119999999999998,[0.16848022],"[ 0.03333333  5.5         0.24736842  5.6        -1.57152534  0.03684211
  5.43333333  0.25087719  5.63333333 -1.94725645  0.04035088  5.36666667
  0.25263158  5.76666667 -1.63244092  0.04210526  5.3         0.25614035
  5.83333333 -0.83151978]",2369.772887468338
0.015595999999999999,[0.5818411],"[ 0.03684211  5.43333333  0.25087719  5.63333333 -1.94725645  0.04035088
  5.36666667  0.25263158  5.76666667 -1.63244092  0.04210526  5.3
  0.25614035  5.83333333 -0.83151978  0.04385965  5.43333333  0.25964912
  5.76666667 -0.41815889]",2369.8593304157257
0.020608,[-0.769495],"[ 0.04035088  5.36666667  0.25263158  5.76666667 -1.63244092  0.04210526
  5.3         0.25614035  5.83333333 -0.83151978  0.04385965  5.43333333
  0.25964912  5.76666667 -0.41815889  0.04736842  5.6         0.26140351
  5.53333333 -1.76949501]",2369.933342695236
0.020608,[0.82860166],"[ 0.04210526  5.3         0.25614035  5.83333333 -0.83151978  0.04385965
  5.43333333  0.25964912  5.76666667 -0.41815889  0.04736842  5.6
  0.26140351  5.53333333 -1.76949501  0.04736842  5.6         0.26315789
  5.46666667 -0.17139834]",2370.012804031372
0.023183999999999996,[-0.15153673],"[ 0.04385965  5.43333333  0.25964912  5.76666667 -0.41815889  0.04736842
  5.6         0.26140351  5.53333333 -1.76949501  0.04736842  5.6
  0.26315789  5.46666667 -0.17139834  0.04912281  5.56666667  0.26315789
  5.53333333 -1.1515367 ]",2370.0958366394043
0.02821600000000001,[-0.65038496],"[ 0.04736842  5.6         0.26140351  5.53333333 -1.76949501  0.04736842
  5.6         0.26315789  5.46666667 -0.17139834  0.04912281  5.56666667
  0.26315789  5.53333333 -1.1515367   0.05263158  5.7         0.26491228
  5.5        -1.6503849 ]",2370.1736164093018
0.033367999999999995,[0.30157146],"[ 0.04736842  5.6         0.26315789  5.46666667 -0.17139834  0.04912281
  5.56666667  0.26315789  5.53333333 -1.1515367   0.05263158  5.7
  0.26491228  5.5        -1.6503849   0.05614035  5.63333333  0.27017544
  5.6        -0.69842851]",2370.2528381347656
0.041055999999999995,[-0.41760945],"[ 0.04912281  5.56666667  0.26315789  5.53333333 -1.1515367   0.05263158
  5.7         0.26491228  5.5        -1.6503849   0.05614035  5.63333333
  0.27017544  5.6        -0.69842851  0.06140351  5.6         0.2754386
  5.63333333 -1.41760945]",2370.3389406204224
0.05122,[0.62008536],"[ 0.05263158  5.7         0.26491228  5.5        -1.6503849   0.05614035
  5.63333333  0.27017544  5.6        -0.69842851  0.06140351  5.6
  0.2754386   5.63333333 -1.41760945  0.06842105  5.7         0.28245614
  5.53333333 -0.37991464]",2370.4136023521423
0.061343999999999996,[0.03559715],"[ 0.05614035  5.63333333  0.27017544  5.6        -0.69842851  0.06140351
  5.6         0.2754386   5.63333333 -1.41760945  0.06842105  5.7
  0.28245614  5.53333333 -0.37991464  0.07368421  5.63333333  0.2877193
  5.53333333 -0.96440285]",2370.49297952652
0.06905200000000002,[-0.96268845],"[ 0.06140351  5.6         0.2754386   5.63333333 -1.41760945  0.06842105
  5.7         0.28245614  5.53333333 -0.37991464  0.07368421  5.63333333
  0.2877193   5.53333333 -0.96440285  0.07894737  5.7         0.29298246
  5.4        -1.96268845]",2370.582907676697
0.07158800000000001,[0.66438437],"[ 0.06842105  5.7         0.28245614  5.53333333 -0.37991464  0.07368421
  5.63333333  0.2877193   5.53333333 -0.96440285  0.07894737  5.7
  0.29298246  5.4        -1.96268845  0.08070175  5.63333333  0.29649123
  5.43333333 -0.33561563]",2370.657247543335
0.0768,[-0.64636993],"[ 0.07368421  5.63333333  0.2877193   5.53333333 -0.96440285  0.07894737
  5.7         0.29298246  5.4        -1.96268845  0.08070175  5.63333333
  0.29649123  5.43333333 -0.33561563  0.08421053  5.46666667  0.29824561
  5.63333333 -1.64636993]",2370.741967201233
0.08442800000000002,[-0.5999656],"[ 0.07894737  5.7         0.29298246  5.4        -1.96268845  0.08070175
  5.63333333  0.29649123  5.43333333 -0.33561563  0.08421053  5.46666667
  0.29824561  5.63333333 -1.64636993  0.08947368  5.53333333  0.30350877
  5.56666667 -1.59996557]",2370.8215210437775
0.09217600000000001,[-0.95592666],"[ 0.08070175  5.63333333  0.29649123  5.43333333 -0.33561563  0.08421053
  5.46666667  0.29824561  5.63333333 -1.64636993  0.08947368  5.53333333
  0.30350877  5.56666667 -1.59996557  0.09473684  5.5         0.30877193
  5.6        -1.95592666]",2370.9032611846924
0.097348,[-0.49882182],"[ 0.08421053  5.46666667  0.29824561  5.63333333 -1.64636993  0.08947368
  5.53333333  0.30350877  5.56666667 -1.59996557  0.09473684  5.5
  0.30877193  5.6        -1.95592666  0.1         5.43333333  0.31403509
  5.7        -1.49882185]",2370.9828736782074
0.1024,[0.35197997],"[ 0.08947368  5.53333333  0.30350877  5.56666667 -1.59996557  0.09473684
  5.5         0.30877193  5.6        -1.95592666  0.1         5.43333333
  0.31403509  5.7        -1.49882185  0.10350877  5.4         0.32105263
  5.76666667 -0.64802003]",2371.0637962818146
0.10733200000000001,[0.24459405],"[ 0.09473684  5.5         0.30877193  5.6        -1.95592666  0.1
  5.43333333  0.31403509  5.7        -1.49882185  0.10350877  5.4
  0.32105263  5.76666667 -0.64802003  0.10701754  5.53333333  0.32807018
  5.66666667 -0.75540596]",2371.137874364853
0.109728,[-0.9216226],"[ 0.1         5.43333333  0.31403509  5.7        -1.49882185  0.10350877
  5.4         0.32105263  5.76666667 -0.64802003  0.10701754  5.53333333
  0.32807018  5.66666667 -0.75540596  0.1122807   5.73333333  0.33157895
  5.5        -1.92162251]",2371.222660779953
0.10463600000000003,[-0.7440113],"[ 0.10350877  5.4         0.32105263  5.76666667 -0.64802003  0.10701754
  5.53333333  0.32807018  5.66666667 -0.75540596  0.1122807   5.73333333
  0.33157895  5.5        -1.92162251  0.1122807   5.63333333  0.33508772
  5.5        -1.74401128]",2371.303236246109
0.10221999999999998,[0.15572023],"[ 0.10701754  5.53333333  0.32807018  5.66666667 -0.75540596  0.1122807
  5.73333333  0.33157895  5.5        -1.92162251  0.1122807   5.63333333
  0.33508772  5.5        -1.74401128  0.1122807   5.33333333  0.33508772
  5.73333333 -0.84427977]",2371.381766796112
0.107592,[-0.5297741],"[ 0.1122807   5.73333333  0.33157895  5.5        -1.92162251  0.1122807
  5.63333333  0.33508772  5.5        -1.74401128  0.1122807   5.33333333
  0.33508772  5.73333333 -0.84427977  0.11754386  5.03333333  0.33859649
  5.76666667 -1.52977419]",2371.463283777237
0.138004,[0.690571],"[ 0.1122807   5.63333333  0.33508772  5.5        -1.74401128  0.1122807
  5.33333333  0.33508772  5.73333333 -0.84427977  0.11754386  5.03333333
  0.33859649  5.76666667 -1.52977419  0.14210526  5.63333333  0.34561404
  5.63333333 -0.30942899]",2371.5427117347717
0.14323599999999997,[-0.12874992],"[ 0.1122807   5.33333333  0.33508772  5.73333333 -0.84427977  0.11754386
  5.03333333  0.33859649  5.76666667 -1.52977419  0.14210526  5.63333333
  0.34561404  5.63333333 -0.30942899  0.14561404  5.43333333  0.35263158
  5.7        -1.12874997]",2371.622866868973
0.145712,[0.77134156],"[ 0.11754386  5.03333333  0.33859649  5.76666667 -1.52977419  0.14210526
  5.63333333  0.34561404  5.63333333 -0.30942899  0.14561404  5.43333333
  0.35263158  5.7        -1.12874997  0.14912281  5.53333333  0.35964912
  5.6        -0.22865844]",2371.6986413002014
0.148348,[-0.14895907],"[ 0.14210526  5.63333333  0.34561404  5.63333333 -0.30942899  0.14561404
  5.43333333  0.35263158  5.7        -1.12874997  0.14912281  5.53333333
  0.35964912  5.6        -0.22865844  0.15438596  5.53333333  0.36666667
  5.56666667 -1.14895904]",2371.78692483902
0.150844,[-0.26735085],"[ 0.14561404  5.43333333  0.35263158  5.7        -1.12874997  0.14912281
  5.53333333  0.35964912  5.6        -0.22865844  0.15438596  5.53333333
  0.36666667  5.56666667 -1.14895904  0.15964912  5.56666667  0.37368421
  5.5        -1.26735091]",2371.8646953105927
0.150844,[-0.7611607],"[ 0.14912281  5.53333333  0.35964912  5.6        -0.22865844  0.15438596
  5.53333333  0.36666667  5.56666667 -1.14895904  0.15964912  5.56666667
  0.37368421  5.5        -1.26735091  0.16491228  5.53333333  0.37894737
  5.56666667 -1.76116061]",2371.9425415992737
0.14327600000000001,[-0.33513793],"[ 0.15438596  5.53333333  0.36666667  5.56666667 -1.14895904  0.15964912
  5.56666667  0.37368421  5.5        -1.26735091  0.16491228  5.53333333
  0.37894737  5.56666667 -1.76116061  0.16666667  5.46666667  0.38245614
  5.7        -1.33513796]",2372.016823530197
0.14325600000000002,[-0.51930004],"[ 0.15964912  5.56666667  0.37368421  5.5        -1.26735091  0.16491228
  5.53333333  0.37894737  5.56666667 -1.76116061  0.16666667  5.46666667
  0.38245614  5.7        -1.33513796  0.17192982  5.43333333  0.38421053
  5.8        -1.51929998]",2372.097991704941
0.14072,[0.5640351],"[ 0.16491228  5.53333333  0.37894737  5.56666667 -1.76116061  0.16666667
  5.46666667  0.38245614  5.7        -1.33513796  0.17192982  5.43333333
  0.38421053  5.8        -1.51929998  0.1754386   5.46666667  0.38947368
  5.76666667 -0.43596488]",2372.1829109191895
0.14321599999999998,[0.00772443],"[ 0.16666667  5.46666667  0.38245614  5.7        -1.33513796  0.17192982
  5.43333333  0.38421053  5.8        -1.51929998  0.1754386   5.46666667
  0.38947368  5.76666667 -0.43596488  0.17894737  5.5         0.39298246
  5.73333333 -0.9922756 ]",2372.2628943920135
0.14557199999999998,[-0.03657165],"[ 0.17192982  5.43333333  0.38421053  5.8        -1.51929998  0.1754386
  5.46666667  0.38947368  5.76666667 -0.43596488  0.17894737  5.5
  0.39298246  5.73333333 -0.9922756   0.18421053  5.66666667  0.39824561
  5.56666667 -1.03657162]",2372.340849876404
0.14309599999999997,[0.45531654],"[ 0.1754386   5.46666667  0.38947368  5.76666667 -0.43596488  0.17894737
  5.5         0.39298246  5.73333333 -0.9922756   0.18421053  5.66666667
  0.39824561  5.56666667 -1.03657162  0.1877193   5.6         0.40175439
  5.53333333 -0.54468346]",2372.4228160381317
0.14305600000000002,[-0.5798171],"[ 0.17894737  5.5         0.39298246  5.73333333 -0.9922756   0.18421053
  5.66666667  0.39824561  5.56666667 -1.03657162  0.1877193   5.6
  0.40175439  5.53333333 -0.54468346  0.19298246  5.63333333  0.40701754
  5.5        -1.57981706]",2372.502429962158
0.14044,[-0.92007345],"[ 0.18421053  5.66666667  0.39824561  5.56666667 -1.03657162  0.1877193
  5.6         0.40175439  5.53333333 -0.54468346  0.19298246  5.63333333
  0.40701754  5.5        -1.57981706  0.19649123  5.66666667  0.4122807
  5.43333333 -1.92007351]",2372.5828244686127
0.14309599999999997,[-0.31730887],"[ 0.1877193   5.6         0.40175439  5.53333333 -0.54468346  0.19298246
  5.63333333  0.40701754  5.5        -1.57981706  0.19649123  5.66666667
  0.4122807   5.43333333 -1.92007351  0.20175439  5.46666667  0.41578947
  5.6        -1.3173089 ]",2372.6572782993317
0.14323599999999997,[-0.08159424],"[ 0.19298246  5.63333333  0.40701754  5.5        -1.57981706  0.19649123
  5.66666667  0.4122807   5.43333333 -1.92007351  0.20175439  5.46666667
  0.41578947  5.6        -1.3173089   0.20526316  5.36666667  0.41929825
  5.76666667 -1.08159423]",2372.742862701416
0.143276,[0.51554066],"[ 0.19649123  5.66666667  0.4122807   5.43333333 -1.92007351  0.20175439
  5.46666667  0.41578947  5.6        -1.3173089   0.20526316  5.36666667
  0.41929825  5.76666667 -1.08159423  0.21052632  5.5         0.4245614
  5.66666667 -0.48445934]",2372.823128223419
0.15082399999999999,[-0.6148529],"[ 0.20175439  5.46666667  0.41578947  5.6        -1.3173089   0.20526316
  5.36666667  0.41929825  5.76666667 -1.08159423  0.21052632  5.5
  0.4245614   5.66666667 -0.48445934  0.21578947  5.6         0.42982456
  5.56666667 -1.61485291]",2372.900767803192
0.15827199999999997,[0.19763705],"[ 0.20526316  5.36666667  0.41929825  5.76666667 -1.08159423  0.21052632
  5.5         0.4245614   5.66666667 -0.48445934  0.21578947  5.6
  0.42982456  5.56666667 -1.61485291  0.22105263  5.66666667  0.43508772
  5.43333333 -0.80236292]",2372.982241868973
0.15815200000000001,[-0.11275084],"[ 0.21052632  5.5         0.4245614   5.66666667 -0.48445934  0.21578947
  5.6         0.42982456  5.56666667 -1.61485291  0.22105263  5.66666667
  0.43508772  5.43333333 -0.80236292  0.22631579  5.56666667  0.44035088
  5.56666667 -1.11275089]",2373.063015937805
0.132932,[-0.8866775],"[ 0.21578947  5.6         0.42982456  5.56666667 -1.61485291  0.22105263
  5.66666667  0.43508772  5.43333333 -0.80236292  0.22631579  5.56666667
  0.44035088  5.56666667 -1.11275089  0.23333333  5.6         0.44736842
  5.5        -1.8866775 ]",2373.1369383335114
0.13540799999999997,[0.29776776],"[ 0.22105263  5.66666667  0.43508772  5.43333333 -0.80236292  0.22631579
  5.56666667  0.44035088  5.56666667 -1.11275089  0.23333333  5.6
  0.44736842  5.5        -1.8866775   0.23859649  5.53333333  0.45438596
  5.5        -0.70223224]",2373.2212007045746
0.14062000000000002,[0.8180162],"[ 0.22631579  5.56666667  0.44035088  5.56666667 -1.11275089  0.23333333
  5.6         0.44736842  5.5        -1.8866775   0.23859649  5.53333333
  0.45438596  5.5        -0.70223224  0.24561404  5.46666667  0.45964912
  5.6        -0.18198383]",2373.3027863502502
0.1405,[-0.36840206],"[ 0.23333333  5.6         0.44736842  5.5        -1.8866775   0.23859649
  5.53333333  0.45438596  5.5        -0.70223224  0.24561404  5.46666667
  0.45964912  5.6        -0.18198383  0.25087719  5.66666667  0.46491228
  5.4        -1.368402  ]",2373.3870153427124
0.14044000000000004,[-0.41447794],"[ 0.23859649  5.53333333  0.45438596  5.5        -0.70223224  0.24561404
  5.46666667  0.45964912  5.6        -0.18198383  0.25087719  5.66666667
  0.46491228  5.4        -1.368402    0.25614035  5.8         0.46666667
  5.16666667 -1.41447794]",2373.4628961086273
0.137944,[0.04283095],"[ 0.24561404  5.46666667  0.45964912  5.6        -0.18198383  0.25087719
  5.66666667  0.46491228  5.4        -1.368402    0.25614035  5.8
  0.46666667  5.16666667 -1.41447794  0.25964912  5.66666667  0.47017544
  5.2        -0.95716906]",2373.5432319641113
0.143056,[-0.68497646],"[ 0.25087719  5.66666667  0.46491228  5.4        -1.368402    0.25614035
  5.8         0.46666667  5.16666667 -1.41447794  0.25964912  5.66666667
  0.47017544  5.2        -0.95716906  0.26491228  5.6         0.47719298
  5.23333333 -1.68497646]",2373.6235163211823
0.14557199999999998,[-0.30966553],"[ 0.25614035  5.8         0.46666667  5.16666667 -1.41447794  0.25964912
  5.66666667  0.47017544  5.2        -0.95716906  0.26491228  5.6
  0.47719298  5.23333333 -1.68497646  0.27192982  5.63333333  0.48421053
  5.16666667 -1.30966556]",2373.703014612198
0.15332000000000004,[-0.5451586],"[ 0.25964912  5.66666667  0.47017544  5.2        -0.95716906  0.26491228
  5.6         0.47719298  5.23333333 -1.68497646  0.27192982  5.63333333
  0.48421053  5.16666667 -1.30966556  0.28070175  5.53333333  0.49473684
  5.23333333 -1.54515862]",2373.7866592407227
0.16100800000000004,[-0.8717956],"[ 0.26491228  5.6         0.47719298  5.23333333 -1.68497646  0.27192982
  5.63333333  0.48421053  5.16666667 -1.30966556  0.28070175  5.53333333
  0.49473684  5.23333333 -1.54515862  0.28947368  5.53333333  0.50526316
  5.26666667 -1.87179565]",2373.8631522655487
0.16627999999999998,[-0.33619416],"[ 0.27192982  5.63333333  0.48421053  5.16666667 -1.30966556  0.28070175
  5.53333333  0.49473684  5.23333333 -1.54515862  0.28947368  5.53333333
  0.50526316  5.26666667 -1.87179565  0.29824561  5.43333333  0.5122807
  5.3        -1.33619416]",2373.9438183307648
0.16628000000000004,[-0.18558288],"[ 0.28070175  5.53333333  0.49473684  5.23333333 -1.54515862  0.28947368
  5.53333333  0.50526316  5.26666667 -1.87179565  0.29824561  5.43333333
  0.5122807   5.3        -1.33619416  0.30175439  5.36666667  0.51754386
  5.3        -1.18558288]",2374.023356437683
0.16627999999999998,[0.8164449],"[ 0.28947368  5.53333333  0.50526316  5.26666667 -1.87179565  0.29824561
  5.43333333  0.5122807   5.3        -1.33619416  0.30175439  5.36666667
  0.51754386  5.3        -1.18558288  0.30701754  5.4         0.52105263
  5.16666667 -0.18355513]",2374.102963209152
0.163684,[-0.44032615],"[ 0.29824561  5.43333333  0.5122807   5.3        -1.33619416  0.30175439
  5.36666667  0.51754386  5.3        -1.18558288  0.30701754  5.4
  0.52105263  5.16666667 -0.18355513  0.30877193  5.5         0.52280702
  5.06666667 -1.44032621]",2374.177567958832
0.16094800000000004,[-0.35567302],"[ 0.30175439  5.36666667  0.51754386  5.3        -1.18558288  0.30701754
  5.4         0.52105263  5.16666667 -0.18355513  0.30877193  5.5
  0.52280702  5.06666667 -1.44032621  0.3122807   5.6         0.52280702
  4.9        -1.35567307]",2374.2641792297363
0.15839200000000003,[-0.67387164],"[ 0.30701754  5.4         0.52105263  5.16666667 -0.18355513  0.30877193
  5.5         0.52280702  5.06666667 -1.44032621  0.3122807   5.6
  0.52280702  4.9        -1.35567307  0.31403509  5.5         0.52631579
  4.93333333 -1.67387164]",2374.3426852226257
0.15855199999999997,[0.51073337],"[ 0.30877193  5.5         0.52280702  5.06666667 -1.44032621  0.3122807
  5.6         0.52280702  4.9        -1.35567307  0.31403509  5.5
  0.52631579  4.93333333 -1.67387164  0.31929825  5.36666667  0.53157895
  5.03333333 -0.48926663]",2374.4232699871063
0.16118799999999997,[-0.89036906],"[ 0.3122807   5.6         0.52280702  4.9        -1.35567307  0.31403509
  5.5         0.52631579  4.93333333 -1.67387164  0.31929825  5.36666667
  0.53157895  5.03333333 -0.48926663  0.32631579  5.33333333  0.53859649
  5.         -1.89036906]",2374.5020928382874
0.16627999999999996,[-0.8506257],"[ 0.31403509  5.5         0.52631579  4.93333333 -1.67387164  0.31929825
  5.36666667  0.53157895  5.03333333 -0.48926663  0.32631579  5.33333333
  0.53859649  5.         -1.89036906  0.33508772  5.43333333  0.54736842
  4.86666667 -1.85062575]",2374.5831487178802
0.16883599999999999,[-0.8215957],"[ 0.31929825  5.36666667  0.53157895  5.03333333 -0.48926663  0.32631579
  5.33333333  0.53859649  5.         -1.89036906  0.33508772  5.43333333
  0.54736842  4.86666667 -1.85062575  0.34210526  5.33333333  0.55614035
  4.96666667 -1.82159567]",2374.6572704315186
0.16384399999999996,[-0.16442661],"[ 0.32631579  5.33333333  0.53859649  5.         -1.89036906  0.33508772
  5.43333333  0.54736842  4.86666667 -1.85062575  0.34210526  5.33333333
  0.55614035  4.96666667 -1.82159567  0.34561404  5.16666667  0.55964912
  5.1        -1.16442657]",2374.7430698871613
0.16384400000000005,[-0.84754395],"[ 0.33508772  5.43333333  0.54736842  4.86666667 -1.85062575  0.34210526
  5.33333333  0.55614035  4.96666667 -1.82159567  0.34561404  5.16666667
  0.55964912  5.1        -1.16442657  0.35087719  5.1         0.56666667
  5.06666667 -1.84754395]",2374.822906970978
0.16122800000000004,[0.02825186],"[ 0.34210526  5.33333333  0.55614035  4.96666667 -1.82159567  0.34561404
  5.16666667  0.55964912  5.1        -1.16442657  0.35087719  5.1
  0.56666667  5.06666667 -1.84754395  0.35614035  5.13333333  0.57017544
  5.         -0.97174811]",2374.9029722213745
0.161408,[0.21110791],"[ 0.34561404  5.16666667  0.55964912  5.1        -1.16442657  0.35087719
  5.1         0.56666667  5.06666667 -1.84754395  0.35614035  5.13333333
  0.57017544  5.         -0.97174811  0.36140351  5.03333333  0.5754386
  5.1        -0.78889209]",2374.9828770160675
0.16398400000000002,[0.16275352],"[ 0.35087719  5.1         0.56666667  5.06666667 -1.84754395  0.35614035
  5.13333333  0.57017544  5.         -0.97174811  0.36140351  5.03333333
  0.5754386   5.1        -0.78889209  0.36842105  5.13333333  0.58070175
  5.03333333 -0.83724648]",2375.0631289482117
0.16644000000000003,[-0.49089918],"[ 0.35614035  5.13333333  0.57017544  5.         -0.97174811  0.36140351
  5.03333333  0.5754386   5.1        -0.78889209  0.36842105  5.13333333
  0.58070175  5.03333333 -0.83724648  0.37368421  5.16666667  0.5877193
  4.9        -1.49089921]",2375.1429023742676
0.16899599999999998,[-0.81915116],"[ 0.36140351  5.03333333  0.5754386   5.1        -0.78889209  0.36842105
  5.13333333  0.58070175  5.03333333 -0.83724648  0.37368421  5.16666667
  0.5877193   4.9        -1.49089921  0.38070175  5.1         0.59473684
  4.86666667 -1.81915116]",2375.2229466438293
0.16909599999999997,[-0.22639956],"[ 0.36842105  5.13333333  0.58070175  5.03333333 -0.83724648  0.37368421
  5.16666667  0.5877193   4.9        -1.49089921  0.38070175  5.1
  0.59473684  4.86666667 -1.81915116  0.3877193   4.96666667  0.60175439
  5.         -1.22639954]",2375.3029267787933
0.16394399999999998,[-0.77743095],"[ 0.37368421  5.16666667  0.5877193   4.9        -1.49089921  0.38070175
  5.1         0.59473684  4.86666667 -1.81915116  0.3877193   4.96666667
  0.60175439  5.         -1.22639954  0.39298246  4.93333333  0.60701754
  5.03333333 -1.77743101]",2375.3842046260834
0.15623599999999993,[0.36311635],"[ 0.38070175  5.1         0.59473684  4.86666667 -1.81915116  0.3877193
  4.96666667  0.60175439  5.         -1.22639954  0.39298246  4.93333333
  0.60701754  5.03333333 -1.77743101  0.39649123  5.          0.6122807
  5.03333333 -0.63688362]",2375.465517759323
0.151084,[-0.8561305],"[ 0.3877193   4.96666667  0.60175439  5.         -1.22639954  0.39298246
  4.93333333  0.60701754  5.03333333 -1.77743101  0.39649123  5.
  0.6122807   5.03333333 -0.63688362  0.40175439  4.96666667  0.61578947
  5.1        -1.85613048]",2375.542736530304
0.15357999999999994,[-0.823348],"[ 0.39298246  4.93333333  0.60701754  5.03333333 -1.77743101  0.39649123
  5.          0.6122807   5.03333333 -0.63688362  0.40175439  4.96666667
  0.61578947  5.1        -1.85613048  0.40701754  5.          0.61929825
  4.93333333 -1.82334805]",2375.6186397075653
0.15110400000000002,[-0.4962052],"[ 0.39649123  5.          0.6122807   5.03333333 -0.63688362  0.40175439
  4.96666667  0.61578947  5.1        -1.85613048  0.40701754  5.
  0.61929825  4.93333333 -1.82334805  0.41052632  4.9         0.6245614
  4.96666667 -1.49620521]",2375.6992151737213
0.15887199999999996,[0.36681414],"[ 0.40175439  4.96666667  0.61578947  5.1        -1.85613048  0.40701754
  5.          0.61929825  4.93333333 -1.82334805  0.41052632  4.9
  0.6245614   4.96666667 -1.49620521  0.41754386  4.83333333  0.62982456
  5.1        -0.63318586]",2375.782779455185
0.163964,[-0.6631001],"[ 0.40701754  5.          0.61929825  4.93333333 -1.82334805  0.41052632
  4.9         0.6245614   4.96666667 -1.49620521  0.41754386  4.83333333
  0.62982456  5.1        -0.63318586  0.4245614   4.96666667  0.63684211
  5.03333333 -1.66310012]",2375.862790584564
0.17153199999999996,[-0.20910689],"[ 0.41052632  4.9         0.6245614   4.96666667 -1.49620521  0.41754386
  4.83333333  0.62982456  5.1        -0.63318586  0.4245614   4.96666667
  0.63684211  5.03333333 -1.66310012  0.43157895  5.03333333  0.64385965
  4.9        -1.20910692]",2375.9430842399597
0.16897599999999996,[-0.9368496],"[ 0.41754386  4.83333333  0.62982456  5.1        -0.63318586  0.4245614
  4.96666667  0.63684211  5.03333333 -1.66310012  0.43157895  5.03333333
  0.64385965  4.9        -1.20910692  0.43508772  4.9         0.65087719
  4.96666667 -1.93684959]",2376.0229330062866
