reward,action,obs,time
,,"[0.         0.         0.         0.         0.         0.
 0.         0.         0.         0.         0.         0.
 0.         0.         0.         0.03157895 5.66666667 0.24561404
 5.4        0.        ]",2177.820681810379
-0.00010000000000000286,[0.0519883],"[ 0.          0.          0.          0.          0.          0.
  0.          0.          0.          0.          0.03157895  5.66666667
  0.24561404  5.4         0.          0.03157895  5.83333333  0.24385965
  5.33333333 -0.9480117 ]",2178.0419125556946
5.9999999999997555e-05,[-0.9127186],"[ 0.          0.          0.          0.          0.          0.03157895
  5.66666667  0.24561404  5.4         0.          0.03157895  5.83333333
  0.24385965  5.33333333 -0.9480117   0.03157895  5.56666667  0.24385965
  5.43333333 -1.91271853]",2178.0958721637726
1.9999999999999185e-05,[0.32471532],"[ 0.03157895  5.66666667  0.24561404  5.4         0.          0.03157895
  5.83333333  0.24385965  5.33333333 -0.9480117   0.03157895  5.56666667
  0.24385965  5.43333333 -1.91271853  0.03157895  5.63333333  0.24385965
  5.4        -0.67528468]",2178.1440708637238
1.9999999999999185e-05,[0.26958779],"[ 0.03157895  5.83333333  0.24385965  5.33333333 -0.9480117   0.03157895
  5.56666667  0.24385965  5.43333333 -1.91271853  0.03157895  5.63333333
  0.24385965  5.4        -0.67528468  0.03157895  5.63333333  0.24385965
  5.4        -0.73041224]",2178.1955745220184
0.0,[-0.16253425],"[ 0.03157895  5.56666667  0.24385965  5.43333333 -1.91271853  0.03157895
  5.63333333  0.24385965  5.4        -0.67528468  0.03157895  5.63333333
  0.24385965  5.4        -0.73041224  0.03157895  5.66666667  0.24385965
  5.4        -1.16253424]",2178.2446234226227
0.0,[-0.9015653],"[ 0.03157895  5.63333333  0.24385965  5.4        -0.67528468  0.03157895
  5.63333333  0.24385965  5.4        -0.73041224  0.03157895  5.66666667
  0.24385965  5.4        -1.16253424  0.03157895  5.66666667  0.24561404
  5.43333333 -1.90156531]",2178.294901609421
3.999999999999837e-05,[0.05040027],"[ 0.03157895  5.63333333  0.24385965  5.4        -0.73041224  0.03157895
  5.66666667  0.24385965  5.4        -1.16253424  0.03157895  5.66666667
  0.24561404  5.43333333 -1.90156531  0.03157895  5.6         0.24561404
  5.43333333 -0.94959974]",2178.34508228302
0.0,[-0.37179518],"[ 0.03157895  5.66666667  0.24385965  5.4        -1.16253424  0.03157895
  5.66666667  0.24561404  5.43333333 -1.90156531  0.03157895  5.6
  0.24561404  5.43333333 -0.94959974  0.03157895  5.66666667  0.24561404
  5.33333333 -1.37179518]",2178.3949868679047
5.9999999999997555e-05,[-0.323815],"[ 0.03157895  5.66666667  0.24561404  5.43333333 -1.90156531  0.03157895
  5.6         0.24561404  5.43333333 -0.94959974  0.03157895  5.66666667
  0.24561404  5.33333333 -1.37179518  0.03157895  5.56666667  0.24561404
  5.46666667 -1.32381499]",2178.4452846050262
0.0026160000000000003,[0.5644498],"[ 0.03157895  5.6         0.24561404  5.43333333 -0.94959974  0.03157895
  5.66666667  0.24561404  5.33333333 -1.37179518  0.03157895  5.56666667
  0.24561404  5.46666667 -1.32381499  0.03333333  5.56666667  0.24736842
  5.46666667 -0.43555021]",2178.5150032043457
0.005151999999999997,[-0.07797658],"[ 0.03157895  5.66666667  0.24561404  5.33333333 -1.37179518  0.03157895
  5.56666667  0.24561404  5.46666667 -1.32381499  0.03333333  5.56666667
  0.24736842  5.46666667 -0.43555021  0.03508772  5.6         0.24736842
  5.46666667 -1.07797658]",2178.589314222336
0.010203999999999998,[0.16027264],"[ 0.03157895  5.56666667  0.24561404  5.46666667 -1.32381499  0.03333333
  5.56666667  0.24736842  5.46666667 -0.43555021  0.03508772  5.6
  0.24736842  5.46666667 -1.07797658  0.03859649  5.7         0.25087719
  5.33333333 -0.83972734]",2178.675146341324
0.01278,[0.669947],"[ 0.03333333  5.56666667  0.24736842  5.46666667 -0.43555021  0.03508772
  5.6         0.24736842  5.46666667 -1.07797658  0.03859649  5.7
  0.25087719  5.33333333 -0.83972734  0.04035088  5.66666667  0.25263158
  5.3        -0.33005297]",2178.7560782432556
0.017852,[0.14355727],"[ 0.03508772  5.6         0.24736842  5.46666667 -1.07797658  0.03859649
  5.7         0.25087719  5.33333333 -0.83972734  0.04035088  5.66666667
  0.25263158  5.3        -0.33005297  0.04385965  5.73333333  0.25614035
  5.23333333 -0.85644275]",2178.8351571559906
0.020387999999999996,[-0.85727125],"[ 0.03859649  5.7         0.25087719  5.33333333 -0.83972734  0.04035088
  5.66666667  0.25263158  5.3        -0.33005297  0.04385965  5.73333333
  0.25614035  5.23333333 -0.85644275  0.04561404  5.76666667  0.25614035
  5.16666667 -1.85727119]",2178.914728164673
0.017912,[-0.91591513],"[ 0.04035088  5.66666667  0.25263158  5.3        -0.33005297  0.04385965
  5.73333333  0.25614035  5.23333333 -0.85644275  0.04561404  5.76666667
  0.25614035  5.16666667 -1.85727119  0.04385965  5.63333333  0.25614035
  5.26666667 -1.91591513]",2178.994848251343
0.018032,[0.7224994],"[ 0.04385965  5.73333333  0.25614035  5.23333333 -0.85644275  0.04561404
  5.76666667  0.25614035  5.16666667 -1.85727119  0.04385965  5.63333333
  0.25614035  5.26666667 -1.91591513  0.04385965  5.43333333  0.25789474
  5.5        -0.27750063]",2179.0752835273743
0.020588000000000002,[-0.61518764],"[ 0.04561404  5.76666667  0.25614035  5.16666667 -1.85727119  0.04385965
  5.63333333  0.25614035  5.26666667 -1.91591513  0.04385965  5.43333333
  0.25789474  5.5        -0.27750063  0.04561404  5.43333333  0.25789474
  5.53333333 -1.61518764]",2179.156200170517
0.025619999999999997,[-0.19936219],"[ 0.04385965  5.63333333  0.25614035  5.26666667 -1.91591513  0.04385965
  5.43333333  0.25789474  5.5        -0.27750063  0.04561404  5.43333333
  0.25789474  5.53333333 -1.61518764  0.04912281  5.56666667  0.26140351
  5.4        -1.19936216]",2179.235203742981
0.033328,[-0.7209835],"[ 0.04385965  5.43333333  0.25789474  5.5        -0.27750063  0.04561404
  5.43333333  0.25789474  5.53333333 -1.61518764  0.04912281  5.56666667
  0.26140351  5.4        -1.19936216  0.05438596  5.5         0.26666667
  5.4        -1.72098351]",2179.3151853084564
0.041156000000000005,[0.90634704],"[ 0.04561404  5.43333333  0.25789474  5.53333333 -1.61518764  0.04912281
  5.56666667  0.26140351  5.4        -1.19936216  0.05438596  5.5
  0.26666667  5.4        -1.72098351  0.05964912  5.4         0.27368421
  5.5        -0.09365296]",2179.3949780464172
0.048684,[-0.89714354],"[ 0.04912281  5.56666667  0.26140351  5.4        -1.19936216  0.05438596
  5.5         0.26666667  5.4        -1.72098351  0.05964912  5.4
  0.27368421  5.5        -0.09365296  0.06491228  5.36666667  0.28070175
  5.53333333 -1.8971436 ]",2179.4768097400665
0.056291999999999995,[0.56513786],"[ 0.05438596  5.5         0.26666667  5.4        -1.72098351  0.05964912
  5.4         0.27368421  5.5        -0.09365296  0.06491228  5.36666667
  0.28070175  5.53333333 -1.8971436   0.07017544  5.53333333  0.28596491
  5.33333333 -0.43486214]",2179.548824071884
0.05886800000000001,[-0.13008486],"[ 0.05964912  5.4         0.27368421  5.5        -0.09365296  0.06491228
  5.36666667  0.28070175  5.53333333 -1.8971436   0.07017544  5.53333333
  0.28596491  5.33333333 -0.43486214  0.07192982  5.5         0.28596491
  5.33333333 -1.13008487]",2179.6348235607147
0.06395999999999999,[0.03770924],"[ 0.06491228  5.36666667  0.28070175  5.53333333 -1.8971436   0.07017544
  5.53333333  0.28596491  5.33333333 -0.43486214  0.07192982  5.5
  0.28596491  5.33333333 -1.13008487  0.0754386   5.56666667  0.2877193
  5.3        -0.96229076]",2179.7142565250397
0.06651599999999999,[-0.17949128],"[ 0.07017544  5.53333333  0.28596491  5.33333333 -0.43486214  0.07192982
  5.5         0.28596491  5.33333333 -1.13008487  0.0754386   5.56666667
  0.2877193   5.3        -0.96229076  0.07719298  5.56666667  0.29122807
  5.26666667 -1.17949128]",2179.794148206711
0.07414400000000002,[-0.7901235],"[ 0.07192982  5.5         0.28596491  5.33333333 -1.13008487  0.0754386
  5.56666667  0.2877193   5.3        -0.96229076  0.07719298  5.56666667
  0.29122807  5.26666667 -1.17949128  0.08245614  5.56666667  0.29473684
  5.23333333 -1.79012346]",2179.874153137207
0.08191200000000001,[0.9148303],"[ 0.0754386   5.56666667  0.2877193   5.3        -0.96229076  0.07719298
  5.56666667  0.29122807  5.26666667 -1.17949128  0.08245614  5.56666667
  0.29473684  5.23333333 -1.79012346  0.0877193   5.46666667  0.30175439
  5.26666667 -0.08516967]",2179.9543976783752
0.08702400000000002,[-0.22445333],"[ 0.07719298  5.56666667  0.29122807  5.26666667 -1.17949128  0.08245614
  5.56666667  0.29473684  5.23333333 -1.79012346  0.0877193   5.46666667
  0.30175439  5.26666667 -0.08516967  0.09122807  5.36666667  0.30701754
  5.43333333 -1.22445333]",2180.0498321056366
0.08948,[-0.32301092],"[ 0.08245614  5.56666667  0.29473684  5.23333333 -1.79012346  0.0877193
  5.46666667  0.30175439  5.26666667 -0.08516967  0.09122807  5.36666667
  0.30701754  5.43333333 -1.22445333  0.09473684  5.53333333  0.31052632
  5.3        -1.32301092]",2180.11074924469
0.097028,[-0.16822655],"[ 0.0877193   5.46666667  0.30175439  5.26666667 -0.08516967  0.09122807
  5.36666667  0.30701754  5.43333333 -1.22445333  0.09473684  5.53333333
  0.31052632  5.3        -1.32301092  0.10175439  5.76666667  0.3122807
  5.         -1.1682266 ]",2180.193027496338
0.09461199999999999,[-0.80750287],"[ 0.09122807  5.36666667  0.30701754  5.43333333 -1.22445333  0.09473684
  5.53333333  0.31052632  5.3        -1.32301092  0.10175439  5.76666667
  0.3122807   5.         -1.1682266   0.10350877  5.63333333  0.31403509
  5.         -1.80750287]",2180.2754101753235
0.09467199999999998,[0.27156892],"[ 0.09473684  5.53333333  0.31052632  5.3        -1.32301092  0.10175439
  5.76666667  0.3122807   5.         -1.1682266   0.10350877  5.63333333
  0.31403509  5.         -1.80750287  0.10526316  5.5         0.31754386
  5.1        -0.72843111]",2180.3592562675476
0.09225599999999996,[-0.49880624],"[ 0.10175439  5.76666667  0.3122807   5.         -1.1682266   0.10350877
  5.63333333  0.31403509  5.         -1.80750287  0.10526316  5.5
  0.31754386  5.1        -0.72843111  0.10701754  5.33333333  0.32631579
  5.13333333 -1.49880624]",2180.435526371002
0.09718799999999998,[-0.8388723],"[ 0.10350877  5.63333333  0.31403509  5.         -1.80750287  0.10526316
  5.5         0.31754386  5.1        -0.72843111  0.10701754  5.33333333
  0.32631579  5.13333333 -1.49880624  0.1122807   5.66666667  0.33684211
  5.1        -1.83887231]",2180.5135865211487
0.145792,[0.07142763],"[ 0.10526316  5.5         0.31754386  5.1        -0.72843111  0.10701754
  5.33333333  0.32631579  5.13333333 -1.49880624  0.1122807   5.66666667
  0.33684211  5.1        -1.83887231  0.14385965  5.46666667  0.34561404
  5.13333333 -0.92857236]",2180.592994451523
0.14828799999999998,[0.8119576],"[ 0.10701754  5.33333333  0.32631579  5.13333333 -1.49880624  0.1122807
  5.66666667  0.33684211  5.1        -1.83887231  0.14385965  5.46666667
  0.34561404  5.13333333 -0.92857236  0.14561404  5.36666667  0.35263158
  5.16666667 -0.1880424 ]",2180.672690629959
0.15080399999999997,[-0.98170567],"[ 0.1122807   5.66666667  0.33684211  5.1        -1.83887231  0.14385965
  5.46666667  0.34561404  5.13333333 -0.92857236  0.14561404  5.36666667
  0.35263158  5.16666667 -0.1880424   0.14912281  5.43333333  0.35614035
  4.9        -1.98170567]",2180.752802848816
0.14826799999999998,[0.4122005],"[ 0.14385965  5.46666667  0.34561404  5.13333333 -0.92857236  0.14561404
  5.36666667  0.35263158  5.16666667 -0.1880424   0.14912281  5.43333333
  0.35614035  4.9        -1.98170567  0.15087719  5.53333333  0.35614035
  4.63333333 -0.58779949]",2180.834463596344
0.14317599999999997,[-0.62896276],"[ 0.14561404  5.36666667  0.35263158  5.16666667 -0.1880424   0.14912281
  5.43333333  0.35614035  4.9        -1.98170567  0.15087719  5.53333333
  0.35614035  4.63333333 -0.58779949  0.15263158  5.43333333  0.35789474
  4.63333333 -1.62896276]",2180.9217114448547
0.14053999999999994,[-0.7455468],"[ 0.14912281  5.43333333  0.35614035  4.9        -1.98170567  0.15087719
  5.53333333  0.35614035  4.63333333 -0.58779949  0.15263158  5.43333333
  0.35789474  4.63333333 -1.62896276  0.15614035  5.46666667  0.36315789
  4.6        -1.74554682]",2180.9986312389374
0.143176,[0.65606517],"[ 0.15087719  5.53333333  0.35614035  4.63333333 -0.58779949  0.15263158
  5.43333333  0.35789474  4.63333333 -1.62896276  0.15614035  5.46666667
  0.36315789  4.6        -1.74554682  0.16315789  5.3         0.37192982
  4.7        -0.34393483]",2181.078667163849
0.14842800000000006,[-0.18153274],"[ 0.15263158  5.43333333  0.35789474  4.63333333 -1.62896276  0.15614035
  5.46666667  0.36315789  4.6        -1.74554682  0.16315789  5.3
  0.37192982  4.7        -0.34393483  0.17192982  5.23333333  0.38245614
  4.7        -1.18153274]",2181.158539056778
0.16112800000000002,[-0.8507147],"[ 0.15614035  5.46666667  0.36315789  4.6        -1.74554682  0.16315789
  5.3         0.37192982  4.7        -0.34393483  0.17192982  5.23333333
  0.38245614  4.7        -1.18153274  0.18245614  5.33333333  0.39122807
  4.46666667 -1.85071468]",2181.2388706207275
0.16636000000000004,[-0.3785276],"[ 0.16315789  5.3         0.37192982  4.7        -0.34393483  0.17192982
  5.23333333  0.38245614  4.7        -1.18153274  0.18245614  5.33333333
  0.39122807  4.46666667 -1.85071468  0.18947368  5.2         0.4
  4.46666667 -1.37852764]",2181.318675994873
0.17159200000000002,[-0.8589294],"[ 0.17192982  5.23333333  0.38245614  4.7        -1.18153274  0.18245614
  5.33333333  0.39122807  4.46666667 -1.85071468  0.18947368  5.2
  0.4         4.46666667 -1.37852764  0.19473684  5.          0.40701754
  4.56666667 -1.8589294 ]",2181.39851975441
0.17163200000000006,[0.21849963],"[ 0.18245614  5.33333333  0.39122807  4.46666667 -1.85071468  0.18947368
  5.2         0.4         4.46666667 -1.37852764  0.19473684  5.
  0.40701754  4.56666667 -1.8589294   0.2         4.93333333  0.41403509
  4.5        -0.78150034]",2181.4787929058075
0.17416800000000002,[-0.5206394],"[ 0.18947368  5.2         0.4         4.46666667 -1.37852764  0.19473684
  5.          0.40701754  4.56666667 -1.8589294   0.2         4.93333333
  0.41403509  4.5        -0.78150034  0.20701754  4.86666667  0.41929825
  4.5        -1.52063942]",2181.5586199760437
0.17660400000000004,[0.43078694],"[ 0.19473684  5.          0.40701754  4.56666667 -1.8589294   0.2
  4.93333333  0.41403509  4.5        -0.78150034  0.20701754  4.86666667
  0.41929825  4.5        -1.52063942  0.2122807   4.96666667  0.4245614
  4.36666667 -0.56921303]",2181.636718273163
0.17930000000000007,[0.28782555],"[ 0.2         4.93333333  0.41403509  4.5        -0.78150034  0.20701754
  4.86666667  0.41929825  4.5        -1.52063942  0.2122807   4.96666667
  0.4245614   4.36666667 -0.56921303  0.21754386  4.9         0.42982456
  4.33333333 -0.71217442]",2181.718827009201
0.17942000000000002,[-0.9679563],"[ 0.20701754  4.86666667  0.41929825  4.5        -1.52063942  0.2122807
  4.96666667  0.4245614   4.36666667 -0.56921303  0.21754386  4.9
  0.42982456  4.33333333 -0.71217442  0.2245614   4.93333333  0.43508772
  4.16666667 -1.9679563 ]",2181.7988584041595
0.18962400000000007,[-0.4827963],"[ 0.2122807   4.96666667  0.4245614   4.36666667 -0.56921303  0.21754386
  4.9         0.42982456  4.33333333 -0.71217442  0.2245614   4.93333333
  0.43508772  4.16666667 -1.9679563   0.23333333  4.83333333  0.44210526
  4.03333333 -1.48279631]",2181.880078792572
0.194756,[0.6996275],"[ 0.21754386  4.9         0.42982456  4.33333333 -0.71217442  0.2245614
  4.93333333  0.43508772  4.16666667 -1.9679563   0.23333333  4.83333333
  0.44210526  4.03333333 -1.48279631  0.23859649  4.66666667  0.45263158
  4.13333333 -0.30037248]",2181.9616787433624
0.19976800000000003,[-0.39192897],"[ 0.2245614   4.93333333  0.43508772  4.16666667 -1.9679563   0.23333333
  4.83333333  0.44210526  4.03333333 -1.48279631  0.23859649  4.66666667
  0.45263158  4.13333333 -0.30037248  0.24385965  4.66666667  0.45789474
  4.16666667 -1.39192891]",2182.0421681404114
0.202444,[-0.3959382],"[ 0.23333333  4.83333333  0.44210526  4.03333333 -1.48279631  0.23859649
  4.66666667  0.45263158  4.13333333 -0.30037248  0.24385965  4.66666667
  0.45789474  4.16666667 -1.39192891  0.25087719  4.8         0.45964912
  3.93333333 -1.39593816]",2182.1184918880463
0.16148800000000002,[-0.6064348],"[ 0.23859649  4.66666667  0.45263158  4.13333333 -0.30037248  0.24385965
  4.66666667  0.45789474  4.16666667 -1.39192891  0.25087719  4.8
  0.45964912  3.93333333 -1.39593816  0.25438596  4.7         0.46491228
  3.86666667 -1.60643482]",2182.20175075531
0.16408399999999998,[0.88884753],"[ 0.24385965  4.66666667  0.45789474  4.16666667 -1.39192891  0.25087719
  4.8         0.45964912  3.93333333 -1.39593816  0.25438596  4.7
  0.46491228  3.86666667 -1.60643482  0.25789474  4.53333333  0.47017544
  3.96666667 -0.11115247]",2182.2789199352264
0.171812,[0.8450177],"[ 0.25087719  4.8         0.45964912  3.93333333 -1.39593816  0.25438596
  4.7         0.46491228  3.86666667 -1.60643482  0.25789474  4.53333333
  0.47017544  3.96666667 -0.11115247  0.26666667  4.5         0.47894737
  3.9        -0.15498233]",2182.358783721924
0.184552,[0.45655298],"[ 0.25438596  4.7         0.46491228  3.86666667 -1.60643482  0.25789474
  4.53333333  0.47017544  3.96666667 -0.11115247  0.26666667  4.5
  0.47894737  3.9        -0.15498233  0.27719298  4.66666667  0.48596491
  3.7        -0.54344702]",2182.4390122890472
0.19207999999999997,[0.51205224],"[ 0.25789474  4.53333333  0.47017544  3.96666667 -0.11115247  0.26666667
  4.5         0.47894737  3.9        -0.15498233  0.27719298  4.66666667
  0.48596491  3.7        -0.54344702  0.28421053  4.8         0.49122807
  3.73333333 -0.48794776]",2182.5226821899414
0.189564,[-0.1639683],"[ 0.26666667  4.5         0.47894737  3.9        -0.15498233  0.27719298
  4.66666667  0.48596491  3.7        -0.54344702  0.28421053  4.8
  0.49122807  3.73333333 -0.48794776  0.28596491  4.76666667  0.49298246
  3.73333333 -1.16396832]",2182.601455450058
0.18439200000000003,[-0.7779556],"[ 0.27719298  4.66666667  0.48596491  3.7        -0.54344702  0.28421053
  4.8         0.49122807  3.73333333 -0.48794776  0.28596491  4.76666667
  0.49298246  3.73333333 -1.16396832  0.28947368  4.7         0.49649123
  3.73333333 -1.77795553]",2182.6788771152496
0.17163199999999995,[-0.19389863],"[ 0.28421053  4.8         0.49122807  3.73333333 -0.48794776  0.28596491
  4.76666667  0.49298246  3.73333333 -1.16396832  0.28947368  4.7
  0.49649123  3.73333333 -1.77795553  0.28947368  4.6         0.50350877
  3.9        -1.19389868]",2182.7590415477753
0.164064,[-0.12972254],"[ 0.28596491  4.76666667  0.49298246  3.73333333 -1.16396832  0.28947368
  4.7         0.49649123  3.73333333 -1.77795553  0.28947368  4.6
  0.50350877  3.9        -1.19389868  0.29473684  4.53333333  0.51052632
  4.13333333 -1.1297226 ]",2182.8385784626007
0.16396400000000003,[0.14393672],"[ 0.28947368  4.7         0.49649123  3.73333333 -1.77795553  0.28947368
  4.6         0.50350877  3.9        -1.19389868  0.29473684  4.53333333
  0.51052632  4.13333333 -1.1297226   0.30175439  4.56666667  0.51578947
  4.06666667 -0.85606325]",2182.918553352356
0.161288,[-0.47833988],"[ 0.28947368  4.6         0.50350877  3.9        -1.19389868  0.29473684
  4.53333333  0.51052632  4.13333333 -1.1297226   0.30175439  4.56666667
  0.51578947  4.06666667 -0.85606325  0.30526316  4.56666667  0.51754386
  4.         -1.47833991]",2183.000871181488
0.15615599999999996,[-0.39554325],"[ 0.29473684  4.53333333  0.51052632  4.13333333 -1.1297226   0.30175439
  4.56666667  0.51578947  4.06666667 -0.85606325  0.30526316  4.56666667
  0.51754386  4.         -1.47833991  0.30701754  4.53333333  0.52105263
  4.06666667 -1.39554322]",2183.0731942653656
0.15360000000000001,[0.09565785],"[ 0.30175439  4.56666667  0.51578947  4.06666667 -0.85606325  0.30526316
  4.56666667  0.51754386  4.         -1.47833991  0.30701754  4.53333333
  0.52105263  4.06666667 -1.39554322  0.3122807   4.46666667  0.5245614
  4.2        -0.90434217]",2183.1588175296783
0.15106399999999995,[0.8480574],"[ 0.30526316  4.56666667  0.51754386  4.         -1.47833991  0.30701754
  4.53333333  0.52105263  4.06666667 -1.39554322  0.3122807   4.46666667
  0.5245614   4.2        -0.90434217  0.31578947  4.53333333  0.52982456
  4.16666667 -0.15194261]",2183.2394273281097
0.14838800000000002,[-0.32477438],"[ 0.30701754  4.53333333  0.52105263  4.06666667 -1.39554322  0.3122807
  4.46666667  0.5245614   4.2        -0.90434217  0.31578947  4.53333333
  0.52982456  4.16666667 -0.15194261  0.31929825  4.66666667  0.53157895
  4.06666667 -1.32477438]",2183.319901943207
0.14068,[0.5061989],"[ 0.3122807   4.46666667  0.5245614   4.2        -0.90434217  0.31578947
  4.53333333  0.52982456  4.16666667 -0.15194261  0.31929825  4.66666667
  0.53157895  4.06666667 -1.32477438  0.32105263  4.76666667  0.53157895
  3.96666667 -0.49380112]",2183.3988847732544
0.12788,[0.66804945],"[ 0.31578947  4.53333333  0.52982456  4.16666667 -0.15194261  0.31929825
  4.66666667  0.53157895  4.06666667 -1.32477438  0.32105263  4.76666667
  0.53157895  3.96666667 -0.49380112  0.32105263  4.7         0.53333333
  4.06666667 -0.33195055]",2183.4789311885834
0.12773999999999996,[-0.47914922],"[ 0.31929825  4.66666667  0.53157895  4.06666667 -1.32477438  0.32105263
  4.76666667  0.53157895  3.96666667 -0.49380112  0.32105263  4.7
  0.53333333  4.06666667 -0.33195055  0.32631579  4.76666667  0.53684211
  4.03333333 -1.47914922]",2183.552794456482
0.12769999999999998,[-0.53716195],"[ 0.32105263  4.76666667  0.53157895  3.96666667 -0.49380112  0.32105263
  4.7         0.53333333  4.06666667 -0.33195055  0.32631579  4.76666667
  0.53684211  4.03333333 -1.47914922  0.33157895  4.83333333  0.54035088
  3.96666667 -1.53716195]",2183.638595342636
0.11765599999999998,[0.21538483],"[ 0.32105263  4.7         0.53333333  4.06666667 -0.33195055  0.32631579
  4.76666667  0.53684211  4.03333333 -1.47914922  0.33157895  4.83333333
  0.54035088  3.96666667 -1.53716195  0.33157895  4.66666667  0.54561404
  4.16666667 -0.78461516]",2183.7188823223114
0.11761600000000001,[0.03555043],"[ 0.32631579  4.76666667  0.53684211  4.03333333 -1.47914922  0.33157895
  4.83333333  0.54035088  3.96666667 -1.53716195  0.33157895  4.66666667
  0.54561404  4.16666667 -0.78461516  0.33508772  4.63333333  0.54912281
  4.2        -0.96444958]",2183.799786090851
0.12258799999999999,[0.8332344],"[ 0.33157895  4.83333333  0.54035088  3.96666667 -1.53716195  0.33157895
  4.66666667  0.54561404  4.16666667 -0.78461516  0.33508772  4.63333333
  0.54912281  4.2        -0.96444958  0.34210526  4.7         0.55438596
  4.06666667 -0.16676557]",2183.8823914527893
0.117416,[-0.87750304],"[ 0.33157895  4.66666667  0.54561404  4.16666667 -0.78461516  0.33508772
  4.63333333  0.54912281  4.2        -0.96444958  0.34210526  4.7
  0.55438596  4.06666667 -0.16676557  0.34736842  4.76666667  0.55789474
  4.         -1.87750304]",2183.959055662155
0.10978799999999993,[-0.97405666],"[ 0.33508772  4.63333333  0.54912281  4.2        -0.96444958  0.34210526
  4.7         0.55438596  4.06666667 -0.16676557  0.34736842  4.76666667
  0.55789474  4.         -1.87750304  0.35263158  4.86666667  0.56140351
  3.93333333 -1.97405672]",2184.038707256317
0.09976399999999996,[0.3315228],"[ 0.34210526  4.7         0.55438596  4.06666667 -0.16676557  0.34736842
  4.76666667  0.55789474  4.         -1.87750304  0.35263158  4.86666667
  0.56140351  3.93333333 -1.97405672  0.35263158  4.66666667  0.56491228
  4.03333333 -0.66847718]",2184.1127672195435
0.09986399999999995,[-0.2082341],"[ 0.34736842  4.76666667  0.55789474  4.         -1.87750304  0.35263158
  4.86666667  0.56140351  3.93333333 -1.97405672  0.35263158  4.66666667
  0.56491228  4.03333333 -0.66847718  0.35438596  4.46666667  0.56842105
  4.16666667 -1.20823407]",2184.193563222885
0.10232000000000001,[-0.75387055],"[ 0.35263158  4.86666667  0.56140351  3.93333333 -1.97405672  0.35263158
  4.66666667  0.56491228  4.03333333 -0.66847718  0.35438596  4.46666667
  0.56842105  4.16666667 -1.20823407  0.35964912  4.56666667  0.57368421
  4.13333333 -1.75387049]",2184.2800652980804
0.11248400000000003,[0.7339408],"[ 0.35263158  4.66666667  0.56491228  4.03333333 -0.66847718  0.35438596
  4.46666667  0.56842105  4.16666667 -1.20823407  0.35964912  4.56666667
  0.57368421  4.13333333 -1.75387049  0.36666667  4.56666667  0.58070175
  4.23333333 -0.26605922]",2184.3630561828613
0.112524,[-0.3082025],"[ 0.35438596  4.46666667  0.56842105  4.16666667 -1.20823407  0.35964912
  4.56666667  0.57368421  4.13333333 -1.75387049  0.36666667  4.56666667
  0.58070175  4.23333333 -0.26605922  0.37192982  4.43333333  0.5877193
  4.36666667 -1.30820251]",2184.4386882781982
0.11248399999999996,[-0.7658718],"[ 0.35964912  4.56666667  0.57368421  4.13333333 -1.75387049  0.36666667
  4.56666667  0.58070175  4.23333333 -0.26605922  0.37192982  4.43333333
  0.5877193   4.36666667 -1.30820251  0.37894737  4.53333333  0.59473684
  4.16666667 -1.76587176]",2184.518931388855
0.12019200000000003,[-0.08773314],"[ 0.36666667  4.56666667  0.58070175  4.23333333 -0.26605922  0.37192982
  4.43333333  0.5877193   4.36666667 -1.30820251  0.37894737  4.53333333
  0.59473684  4.16666667 -1.76587176  0.3877193   4.46666667  0.60175439
  4.16666667 -1.08773315]",2184.5990674495697
0.1279,[-0.6275624],"[ 0.37192982  4.43333333  0.5877193   4.36666667 -1.30820251  0.37894737
  4.53333333  0.59473684  4.16666667 -1.76587176  0.3877193   4.46666667
  0.60175439  4.16666667 -1.08773315  0.39473684  4.36666667  0.60877193
  4.3        -1.6275624 ]",2184.67915725708
0.12785999999999997,[-0.64024854],"[ 0.37894737  4.53333333  0.59473684  4.16666667 -1.76587176  0.3877193
  4.46666667  0.60175439  4.16666667 -1.08773315  0.39473684  4.36666667
  0.60877193  4.3        -1.6275624   0.4         4.36666667  0.61578947
  4.26666667 -1.64024854]",2184.7591898441315
0.13305200000000006,[0.31015944],"[ 0.3877193   4.46666667  0.60175439  4.16666667 -1.08773315  0.39473684
  4.36666667  0.60877193  4.3        -1.6275624   0.4         4.36666667
  0.61578947  4.26666667 -1.64024854  0.40701754  4.3         0.62280702
  4.3        -0.68984056]",2184.8390502929688
0.13568799999999992,[-0.54749846],"[ 0.39473684  4.36666667  0.60877193  4.3        -1.6275624   0.4
  4.36666667  0.61578947  4.26666667 -1.64024854  0.40701754  4.3
  0.62280702  4.3        -0.68984056  0.4122807   4.3         0.62631579
  4.3        -1.54749846]",2184.919467687607
