reward,action,obs,time
,,"[0.         0.         0.         0.         0.         0.
 0.         0.         0.         0.         0.         0.
 0.         0.         0.         0.03333333 5.9        0.24385965
 5.23333333 0.        ]",1780.5659537315369
-0.004951999999999998,[0.9318602],"[ 0.          0.          0.          0.          0.          0.
  0.          0.          0.          0.          0.03333333  5.9
  0.24385965  5.23333333  0.          0.02982456  5.63333333  0.24561404
  5.4        -0.06813979]",1780.7297627925873
3.999999999999837e-05,[-0.26407972],"[ 0.          0.          0.          0.          0.          0.03333333
  5.9         0.24385965  5.23333333  0.          0.02982456  5.63333333
  0.24561404  5.4        -0.06813979  0.03333333  5.83333333  0.24385965
  5.33333333 -1.26407969]",1780.7765381336212
-0.004951999999999998,[-0.2525021],"[ 0.03333333  5.9         0.24385965  5.23333333  0.          0.02982456
  5.63333333  0.24561404  5.4        -0.06813979  0.03333333  5.83333333
  0.24385965  5.33333333 -1.26407969  0.02982456  5.63333333  0.24385965
  5.43333333 -1.25250208]",1780.8320038318634
-0.004951999999999998,[-0.5806707],"[ 0.02982456  5.63333333  0.24561404  5.4        -0.06813979  0.03333333
  5.83333333  0.24385965  5.33333333 -1.26407969  0.02982456  5.63333333
  0.24385965  5.43333333 -1.25250208  0.02982456  5.63333333  0.24561404
  5.4        -1.58067071]",1780.882036447525
-0.0024160000000000015,[-0.58585167],"[ 0.03333333  5.83333333  0.24385965  5.33333333 -1.26407969  0.02982456
  5.63333333  0.24385965  5.43333333 -1.25250208  0.02982456  5.63333333
  0.24561404  5.4        -1.58067071  0.03157895  5.66666667  0.24561404
  5.4        -1.58585167]",1780.9320294857025
-0.0024160000000000015,[-0.6653262],"[ 0.02982456  5.63333333  0.24385965  5.43333333 -1.25250208  0.02982456
  5.63333333  0.24561404  5.4        -1.58067071  0.03157895  5.66666667
  0.24561404  5.4        -1.58585167  0.03157895  5.66666667  0.24561404
  5.4        -1.66532612]",1780.9822418689728
-0.0023960000000000023,[0.33101737],"[ 0.02982456  5.63333333  0.24561404  5.4        -1.58067071  0.03157895
  5.66666667  0.24561404  5.4        -1.58585167  0.03157895  5.66666667
  0.24561404  5.4        -1.66532612  0.03157895  5.63333333  0.24561404
  5.43333333 -0.66898263]",1781.03258228302
-0.0023159999999999986,[-0.19294041],"[ 0.03157895  5.66666667  0.24561404  5.4        -1.58585167  0.03157895
  5.66666667  0.24561404  5.4        -1.66532612  0.03157895  5.63333333
  0.24561404  5.43333333 -0.66898263  0.03157895  5.5         0.24736842
  5.56666667 -1.19294047]",1781.0827691555023
0.00025999999999999635,[-0.54167116],"[ 0.03157895  5.66666667  0.24561404  5.4        -1.66532612  0.03157895
  5.63333333  0.24561404  5.43333333 -0.66898263  0.03157895  5.5
  0.24736842  5.56666667 -1.19294047  0.03333333  5.46666667  0.24736842
  5.6        -1.54167116]",1781.1332459449768
0.0027359999999999954,[0.168606],"[ 0.03157895  5.63333333  0.24561404  5.43333333 -0.66898263  0.03157895
  5.5         0.24736842  5.56666667 -1.19294047  0.03333333  5.46666667
  0.24736842  5.6        -1.54167116  0.03508772  5.6         0.24912281
  5.5        -0.83139402]",1781.1855421066284
0.0027560000000000015,[0.4076818],"[ 0.03157895  5.5         0.24736842  5.56666667 -1.19294047  0.03333333
  5.46666667  0.24736842  5.6        -1.54167116  0.03508772  5.6
  0.24912281  5.5        -0.83139402  0.03508772  5.56666667  0.24912281
  5.53333333 -0.59231818]",1781.2681148052216
0.005271999999999999,[-0.70840013],"[ 0.03333333  5.46666667  0.24736842  5.6        -1.54167116  0.03508772
  5.6         0.24912281  5.5        -0.83139402  0.03508772  5.56666667
  0.24912281  5.53333333 -0.59231818  0.03684211  5.63333333  0.24912281
  5.46666667 -1.70840013]",1781.336591243744
0.0078079999999999955,[0.41718364],"[ 0.03508772  5.6         0.24912281  5.5        -0.83139402  0.03508772
  5.56666667  0.24912281  5.53333333 -0.59231818  0.03684211  5.63333333
  0.24912281  5.46666667 -1.70840013  0.03859649  5.66666667  0.25087719
  5.33333333 -0.58281636]",1781.4169461727142
0.012979999999999997,[-0.83103806],"[ 0.03508772  5.56666667  0.24912281  5.53333333 -0.59231818  0.03684211
  5.63333333  0.24912281  5.46666667 -1.70840013  0.03859649  5.66666667
  0.25087719  5.33333333 -0.58281636  0.04210526  5.56666667  0.25438596
  5.4        -1.831038  ]",1781.5027136802673
0.01805199999999999,[0.60013735],"[ 0.03684211  5.63333333  0.24912281  5.46666667 -1.70840013  0.03859649
  5.66666667  0.25087719  5.33333333 -0.58281636  0.04210526  5.56666667
  0.25438596  5.4        -1.831038    0.04561404  5.63333333  0.25789474
  5.36666667 -0.39986265]",1781.583294391632
0.023224,[-0.5269465],"[ 0.03859649  5.66666667  0.25087719  5.33333333 -0.58281636  0.04210526
  5.56666667  0.25438596  5.4        -1.831038    0.04561404  5.63333333
  0.25789474  5.36666667 -0.39986265  0.04912281  5.53333333  0.26315789
  5.5        -1.52694654]",1781.662572145462
0.030851999999999997,[-0.9756323],"[ 0.04210526  5.56666667  0.25438596  5.4        -1.831038    0.04561404
  5.63333333  0.25789474  5.36666667 -0.39986265  0.04912281  5.53333333
  0.26315789  5.5        -1.52694654  0.05438596  5.6         0.26842105
  5.46666667 -1.97563231]",1781.7394223213196
0.036004,[-0.7885756],"[ 0.04561404  5.63333333  0.25789474  5.36666667 -0.39986265  0.04912281
  5.53333333  0.26315789  5.5        -1.52694654  0.05438596  5.6
  0.26842105  5.46666667 -1.97563231  0.05789474  5.53333333  0.27192982
  5.5        -1.78857565]",1781.8166182041168
0.04123600000000001,[-0.91704506],"[ 0.04912281  5.53333333  0.26315789  5.5        -1.52694654  0.05438596
  5.6         0.26842105  5.46666667 -1.97563231  0.05789474  5.53333333
  0.27192982  5.5        -1.78857565  0.06140351  5.33333333  0.2754386
  5.63333333 -1.91704512]",1781.896744966507
0.046348,[-0.33789787],"[ 0.05438596  5.6         0.26842105  5.46666667 -1.97563231  0.05789474
  5.53333333  0.27192982  5.5        -1.78857565  0.06140351  5.33333333
  0.2754386   5.63333333 -1.91704512  0.06491228  5.33333333  0.27894737
  5.73333333 -1.3378979 ]",1781.9767739772797
0.056412,[0.2842308],"[ 0.05789474  5.53333333  0.27192982  5.5        -1.78857565  0.06140351
  5.33333333  0.2754386   5.63333333 -1.91704512  0.06491228  5.33333333
  0.27894737  5.73333333 -1.3378979   0.06842105  5.33333333  0.28245614
  5.73333333 -0.71576917]",1782.0574808120728
0.05643200000000002,[0.44567373],"[ 0.06140351  5.33333333  0.2754386   5.63333333 -1.91704512  0.06491228
  5.33333333  0.27894737  5.73333333 -1.3378979   0.06842105  5.33333333
  0.28245614  5.73333333 -0.71576917  0.07192982  5.5         0.2877193
  5.63333333 -0.5543263 ]",1782.1407589912415
0.069052,[-0.63055706],"[ 0.06491228  5.33333333  0.27894737  5.73333333 -1.3378979   0.06842105
  5.33333333  0.28245614  5.73333333 -0.71576917  0.07192982  5.5
  0.2877193   5.63333333 -0.5543263   0.07719298  5.56666667  0.29122807
  5.5        -1.63055706]",1782.2167530059814
0.071628,[-0.5308056],"[ 0.06842105  5.33333333  0.28245614  5.73333333 -0.71576917  0.07192982
  5.5         0.2877193   5.63333333 -0.5543263   0.07719298  5.56666667
  0.29122807  5.5        -1.63055706  0.07894737  5.53333333  0.29298246
  5.53333333 -1.53080559]",1782.3027780056
0.074324,[-0.8178766],"[ 0.07192982  5.5         0.2877193   5.63333333 -0.5543263   0.07719298
  5.56666667  0.29122807  5.5        -1.63055706  0.07894737  5.53333333
  0.29298246  5.53333333 -1.53080559  0.08245614  5.33333333  0.29649123
  5.7        -1.81787658]",1782.3838353157043
0.08203200000000001,[0.78871614],"[ 0.07719298  5.56666667  0.29122807  5.5        -1.63055706  0.07894737
  5.53333333  0.29298246  5.53333333 -1.53080559  0.08245614  5.33333333
  0.29649123  5.7        -1.81787658  0.0877193   5.26666667  0.3
  5.8        -0.21128386]",1782.4569253921509
0.08708400000000001,[-0.3187711],"[ 0.07894737  5.53333333  0.29298246  5.53333333 -1.53080559  0.08245614
  5.33333333  0.29649123  5.7        -1.81787658  0.0877193   5.26666667
  0.3         5.8        -0.21128386  0.09122807  5.33333333  0.30526316
  5.9        -1.31877112]",1782.537086725235
0.092036,[-0.6471572],"[ 0.08245614  5.33333333  0.29649123  5.7        -1.81787658  0.0877193
  5.26666667  0.3         5.8        -0.21128386  0.09122807  5.33333333
  0.30526316  5.9        -1.31877112  0.09473684  5.46666667  0.30877193
  5.83333333 -1.64715719]",1782.6238572597504
0.09718799999999998,[0.5343242],"[ 0.0877193   5.26666667  0.3         5.8        -0.21128386  0.09122807
  5.33333333  0.30526316  5.9        -1.31877112  0.09473684  5.46666667
  0.30877193  5.83333333 -1.64715719  0.1         5.36666667  0.3122807
  5.93333333 -0.46567577]",1782.6974291801453
0.09728800000000001,[-0.3529834],"[ 0.09122807  5.33333333  0.30526316  5.9        -1.31877112  0.09473684
  5.46666667  0.30877193  5.83333333 -1.64715719  0.1         5.36666667
  0.3122807   5.93333333 -0.46567577  0.10175439  5.33333333  0.31578947
  5.96666667 -1.35298336]",1782.7767300605774
0.10228,[0.75609],"[ 0.09473684  5.46666667  0.30877193  5.83333333 -1.64715719  0.1
  5.36666667  0.3122807   5.93333333 -0.46567577  0.10175439  5.33333333
  0.31578947  5.96666667 -1.35298336  0.10526316  5.5         0.32105263
  5.86666667 -0.24391001]",1782.8574831485748
0.10228,[-0.84334457],"[ 0.1         5.36666667  0.3122807   5.93333333 -0.46567577  0.10175439
  5.33333333  0.31578947  5.96666667 -1.35298336  0.10526316  5.5
  0.32105263  5.86666667 -0.24391001  0.10701754  5.56666667  0.32631579
  5.83333333 -1.84334457]",1782.938200712204
0.104756,[0.3759081],"[ 0.10175439  5.33333333  0.31578947  5.96666667 -1.35298336  0.10526316
  5.5         0.32105263  5.86666667 -0.24391001  0.10701754  5.56666667
  0.32631579  5.83333333 -1.84334457  0.11052632  5.73333333  0.33157895
  5.76666667 -0.62409186]",1783.0228290557861
0.10216,[0.17234279],"[ 0.10526316  5.5         0.32105263  5.86666667 -0.24391001  0.10701754
  5.56666667  0.32631579  5.83333333 -1.84334457  0.11052632  5.73333333
  0.33157895  5.76666667 -0.62409186  0.1122807   5.7         0.33157895
  5.86666667 -0.82765722]",1783.1026575565338
0.09962400000000002,[0.7614789],"[ 0.10701754  5.56666667  0.32631579  5.83333333 -1.84334457  0.11052632
  5.73333333  0.33157895  5.76666667 -0.62409186  0.1122807   5.7
  0.33157895  5.86666667 -0.82765722  0.11403509  5.73333333  0.33508772
  5.8        -0.2385211 ]",1783.1770749092102
0.10200000000000001,[-0.6627109],"[ 0.11052632  5.73333333  0.33157895  5.76666667 -0.62409186  0.1122807
  5.7         0.33157895  5.86666667 -0.82765722  0.11403509  5.73333333
  0.33508772  5.8        -0.2385211   0.11929825  5.93333333  0.34035088
  5.7        -1.66271091]",1783.265499830246
0.096888,[-0.5806383],"[ 0.1122807   5.7         0.33157895  5.86666667 -0.82765722  0.11403509
  5.73333333  0.33508772  5.8        -0.2385211   0.11929825  5.93333333
  0.34035088  5.7        -1.66271091  0.12105263  6.          0.34561404
  5.63333333 -1.58063829]",1783.3426730632782
0.125244,[0.9400053],"[ 0.11403509  5.73333333  0.33508772  5.8        -0.2385211   0.11929825
  5.93333333  0.34035088  5.7        -1.66271091  0.12105263  6.
  0.34561404  5.63333333 -1.58063829  0.14385965  5.53333333  0.34912281
  5.9        -0.0599947 ]",1783.4167501926422
0.12001200000000001,[-0.6942595],"[ 0.11929825  5.93333333  0.34035088  5.7        -1.66271091  0.12105263
  6.          0.34561404  5.63333333 -1.58063829  0.14385965  5.53333333
  0.34912281  5.9        -0.0599947   0.14385965  5.53333333  0.35263158
  6.         -1.69425952]",1783.5060732364655
0.12498399999999998,[-0.5062407],"[ 0.12105263  6.          0.34561404  5.63333333 -1.58063829  0.14385965
  5.53333333  0.34912281  5.9        -0.0599947   0.14385965  5.53333333
  0.35263158  6.         -1.69425952  0.15087719  5.76666667  0.35789474
  5.83333333 -1.50624073]",1783.5777385234833
0.125024,[-0.7313907],"[ 0.14385965  5.53333333  0.34912281  5.9        -0.0599947   0.14385965
  5.53333333  0.35263158  6.         -1.69425952  0.15087719  5.76666667
  0.35789474  5.83333333 -1.50624073  0.15438596  5.7         0.36315789
  5.93333333 -1.73139071]",1783.657924413681
0.12772,[-0.81241703],"[ 0.14385965  5.53333333  0.35263158  6.         -1.69425952  0.15087719
  5.76666667  0.35789474  5.83333333 -1.50624073  0.15438596  5.7
  0.36315789  5.93333333 -1.73139071  0.15964912  5.63333333  0.37192982
  6.1        -1.81241703]",1783.738136768341
0.130316,[-0.04658029],"[ 0.15087719  5.76666667  0.35789474  5.83333333 -1.50624073  0.15438596
  5.7         0.36315789  5.93333333 -1.73139071  0.15964912  5.63333333
  0.37192982  6.1        -1.81241703  0.16666667  5.63333333  0.37894737
  6.2        -1.04658031]",1783.8235285282135
0.13792400000000002,[0.41620675],"[ 0.15438596  5.7         0.36315789  5.93333333 -1.73139071  0.15964912
  5.63333333  0.37192982  6.1        -1.81241703  0.16666667  5.63333333
  0.37894737  6.2        -1.04658031  0.17368421  5.7         0.3877193
  6.2        -0.58379328]",1783.8968195915222
0.14283600000000002,[-0.667698],"[ 0.15964912  5.63333333  0.37192982  6.1        -1.81241703  0.16666667
  5.63333333  0.37894737  6.2        -1.04658031  0.17368421  5.7
  0.3877193   6.2        -0.58379328  0.18070175  5.83333333  0.39649123
  6.1        -1.66769803]",1783.9834070205688
0.142776,[-0.2525285],"[ 0.16666667  5.63333333  0.37894737  6.2        -1.04658031  0.17368421
  5.7         0.3877193   6.2        -0.58379328  0.18070175  5.83333333
  0.39649123  6.1        -1.66769803  0.18596491  5.86666667  0.40175439
  6.06666667 -1.25252843]",1784.0628669261932
0.14034,[-0.4465434],"[ 0.17368421  5.7         0.3877193   6.2        -0.58379328  0.18070175
  5.83333333  0.39649123  6.1        -1.66769803  0.18596491  5.86666667
  0.40175439  6.06666667 -1.25252843  0.1877193   5.73333333  0.40175439
  6.26666667 -1.44654346]",1784.1449325084686
0.14299599999999996,[-0.52290386],"[ 0.18070175  5.83333333  0.39649123  6.1        -1.66769803  0.18596491
  5.86666667  0.40175439  6.06666667 -1.25252843  0.1877193   5.73333333
  0.40175439  6.26666667 -1.44654346  0.19298246  5.7         0.40526316
  6.3        -1.52290392]",1784.2229108810425
0.142916,[0.277259],"[ 0.18596491  5.86666667  0.40175439  6.06666667 -1.25252843  0.1877193
  5.73333333  0.40175439  6.26666667 -1.44654346  0.19298246  5.7
  0.40526316  6.3        -1.52290392  0.19824561  5.73333333  0.41052632
  6.36666667 -0.72274101]",1784.2970910072327
0.15052400000000002,[-0.59301364],"[ 0.1877193   5.73333333  0.40175439  6.26666667 -1.44654346  0.19298246
  5.7         0.40526316  6.3        -1.52290392  0.19824561  5.73333333
  0.41052632  6.36666667 -0.72274101  0.20526316  5.8         0.41754386
  6.43333333 -1.59301364]",1784.3773791790009
0.15565599999999996,[-0.75650346],"[ 0.19298246  5.7         0.40526316  6.3        -1.52290392  0.19824561
  5.73333333  0.41052632  6.36666667 -0.72274101  0.20526316  5.8
  0.41754386  6.43333333 -1.59301364  0.2122807   5.93333333  0.42631579
  6.43333333 -1.75650346]",1784.4627895355225
0.163424,[-0.5468733],"[ 0.19824561  5.73333333  0.41052632  6.36666667 -0.72274101  0.20526316
  5.8         0.41754386  6.43333333 -1.59301364  0.2122807   5.93333333
  0.42631579  6.43333333 -1.75650346  0.21929825  5.83333333  0.42982456
  6.63333333 -1.54687333]",1784.5367722511292
0.16611999999999996,[-0.5981978],"[ 0.20526316  5.8         0.41754386  6.43333333 -1.59301364  0.2122807
  5.93333333  0.42631579  6.43333333 -1.75650346  0.21929825  5.83333333
  0.42982456  6.63333333 -1.54687333  0.2245614   5.76666667  0.43333333
  6.73333333 -1.59819782]",1784.6213855743408
0.16863599999999998,[0.2377989],"[ 0.2122807   5.93333333  0.42631579  6.43333333 -1.75650346  0.21929825
  5.83333333  0.42982456  6.63333333 -1.54687333  0.2245614   5.76666667
  0.43333333  6.73333333 -1.59819782  0.22807018  5.8         0.43684211
  6.76666667 -0.76220107]",1784.705006122589
0.16859599999999997,[0.11407193],"[ 0.21929825  5.83333333  0.42982456  6.63333333 -1.54687333  0.2245614
  5.76666667  0.43333333  6.73333333 -1.59819782  0.22807018  5.8
  0.43684211  6.76666667 -0.76220107  0.22982456  5.9         0.44035088
  6.8        -0.88592809]",1784.7767987251282
0.16859599999999994,[-0.21115397],"[ 0.2245614   5.76666667  0.43333333  6.73333333 -1.59819782  0.22807018
  5.8         0.43684211  6.76666667 -0.76220107  0.22982456  5.9
  0.44035088  6.8        -0.88592809  0.23508772  6.1         0.44561404
  6.76666667 -1.21115398]",1784.8652369976044
0.17374799999999999,[0.4245888],"[ 0.22807018  5.8         0.43684211  6.76666667 -0.76220107  0.22982456
  5.9         0.44035088  6.8        -0.88592809  0.23508772  6.1
  0.44561404  6.76666667 -1.21115398  0.24035088  6.1         0.44912281
  6.86666667 -0.5754112 ]",1784.9379286766052
0.14535199999999998,[0.07459312],"[ 0.22982456  5.9         0.44035088  6.8        -0.88592809  0.23508772
  6.1         0.44561404  6.76666667 -1.21115398  0.24035088  6.1
  0.44912281  6.86666667 -0.5754112   0.24385965  6.1         0.45438596
  6.86666667 -0.92540687]",1785.0168991088867
0.15040399999999998,[-0.9178758],"[ 0.23508772  6.1         0.44561404  6.76666667 -1.21115398  0.24035088
  6.1         0.44912281  6.86666667 -0.5754112   0.24385965  6.1
  0.45438596  6.86666667 -0.92540687  0.24736842  6.2         0.45964912
  6.8        -1.91787577]",1785.1016323566437
0.145432,[-0.31520325],"[ 0.24035088  6.1         0.44912281  6.86666667 -0.5754112   0.24385965
  6.1         0.45438596  6.86666667 -0.92540687  0.24736842  6.2
  0.45964912  6.8        -1.91787577  0.25087719  6.2         0.46140351
  6.93333333 -1.31520319]",1785.1827867031097
0.15052399999999996,[-0.30628216],"[ 0.24385965  6.1         0.45438596  6.86666667 -0.92540687  0.24736842
  6.2         0.45964912  6.8        -1.91787577  0.25087719  6.2
  0.46140351  6.93333333 -1.31520319  0.25789474  6.16666667  0.46315789
  7.2        -1.30628216]",1785.2570502758026
0.147828,[-0.60633165],"[ 0.24736842  6.2         0.45964912  6.8        -1.91787577  0.25087719
  6.2         0.46140351  6.93333333 -1.31520319  0.25789474  6.16666667
  0.46315789  7.2        -1.30628216  0.26140351  6.33333333  0.47017544
  7.23333333 -1.60633159]",1785.3433246612549
0.145272,[-0.51224697],"[ 0.25087719  6.2         0.46140351  6.93333333 -1.31520319  0.25789474
  6.16666667  0.46315789  7.2        -1.30628216  0.26140351  6.33333333
  0.47017544  7.23333333 -1.60633159  0.26666667  6.33333333  0.47368421
  7.3        -1.51224697]",1785.4229645729065
0.14275599999999997,[-0.52126175],"[ 0.25789474  6.16666667  0.46315789  7.2        -1.30628216  0.26140351
  6.33333333  0.47017544  7.23333333 -1.60633159  0.26666667  6.33333333
  0.47368421  7.3        -1.51224697  0.27192982  6.33333333  0.47894737
  7.4        -1.52126169]",1785.5026695728302
0.14023999999999998,[-0.12590586],"[ 0.26140351  6.33333333  0.47017544  7.23333333 -1.60633159  0.26666667
  6.33333333  0.47368421  7.3        -1.51224697  0.27192982  6.33333333
  0.47894737  7.4        -1.52126169  0.27719298  6.4         0.48421053
  7.46666667 -1.12590587]",1785.5830323696136
0.13764400000000002,[0.4826435],"[ 0.26666667  6.33333333  0.47368421  7.3        -1.51224697  0.27192982
  6.33333333  0.47894737  7.4        -1.52126169  0.27719298  6.4
  0.48421053  7.46666667 -1.12590587  0.28070175  6.5         0.4877193
  7.5        -0.51735651]",1785.6631989479065
0.13746399999999998,[-0.07820012],"[ 0.27192982  6.33333333  0.47894737  7.4        -1.52126169  0.27719298
  6.4         0.48421053  7.46666667 -1.12590587  0.28070175  6.5
  0.4877193   7.5        -0.51735651  0.28245614  6.66666667  0.49122807
  7.46666667 -1.0782001 ]",1785.7433369159698
0.12973600000000002,[0.7941001],"[ 0.27719298  6.4         0.48421053  7.46666667 -1.12590587  0.28070175
  6.5         0.4877193   7.5        -0.51735651  0.28245614  6.66666667
  0.49122807  7.46666667 -1.0782001   0.28245614  6.73333333  0.49473684
  7.43333333 -0.20589989]",1785.823281288147
0.12464400000000002,[-0.06336755],"[ 0.28070175  6.5         0.4877193   7.5        -0.51735651  0.28245614
  6.66666667  0.49122807  7.46666667 -1.0782001   0.28245614  6.73333333
  0.49473684  7.43333333 -0.20589989  0.28421053  6.73333333  0.49473684
  7.46666667 -1.06336761]",1785.8967900276184
0.11691600000000002,[-0.25490606],"[ 0.28245614  6.66666667  0.49122807  7.46666667 -1.0782001   0.28245614
  6.73333333  0.49473684  7.43333333 -0.20589989  0.28421053  6.73333333
  0.49473684  7.46666667 -1.06336761  0.28596491  6.9         0.49824561
  7.36666667 -1.25490606]",1785.9846000671387
0.111904,[-0.69088054],"[ 0.28245614  6.73333333  0.49473684  7.43333333 -0.20589989  0.28421053
  6.73333333  0.49473684  7.46666667 -1.06336761  0.28596491  6.9
  0.49824561  7.36666667 -1.25490606  0.28947368  6.86666667  0.5
  7.5        -1.69088054]",1786.0653808116913
0.10675200000000003,[-0.40932763],"[ 0.28421053  6.73333333  0.49473684  7.46666667 -1.06336761  0.28596491
  6.9         0.49824561  7.36666667 -1.25490606  0.28947368  6.86666667
  0.5         7.5        -1.69088054  0.29298246  6.83333333  0.50175439
  7.7        -1.40932763]",1786.1431155204773
0.10671200000000003,[0.30052054],"[ 0.28596491  6.9         0.49824561  7.36666667 -1.25490606  0.28947368
  6.86666667  0.5         7.5        -1.69088054  0.29298246  6.83333333
  0.50175439  7.7        -1.40932763  0.29824561  6.83333333  0.50701754
  7.8        -0.69947946]",1786.2239129543304
0.10918800000000002,[-0.1824982],"[ 0.28947368  6.86666667  0.5         7.5        -1.69088054  0.29298246
  6.83333333  0.50175439  7.7        -1.40932763  0.29824561  6.83333333
  0.50701754  7.8        -0.69947946  0.30350877  7.          0.5122807
  7.8        -1.18249822]",1786.306628704071
0.11170400000000003,[-0.09140373],"[ 0.29298246  6.83333333  0.50175439  7.7        -1.40932763  0.29824561
  6.83333333  0.50701754  7.8        -0.69947946  0.30350877  7.
  0.5122807   7.8        -1.18249822  0.30701754  7.16666667  0.51929825
  7.76666667 -1.09140372]",1786.3807792663574
0.10926800000000003,[-0.39356896],"[ 0.29824561  6.83333333  0.50701754  7.8        -0.69947946  0.30350877
  7.          0.5122807   7.8        -1.18249822  0.30701754  7.16666667
  0.51929825  7.76666667 -1.09140372  0.31052632  7.16666667  0.52105263
  7.86666667 -1.39356899]",1786.4578671455383
0.104196,[-0.6657299],"[ 0.30350877  7.          0.5122807   7.8        -1.18249822  0.30701754
  7.16666667  0.51929825  7.76666667 -1.09140372  0.31052632  7.16666667
  0.52105263  7.86666667 -1.39356899  0.3122807   7.1         0.52105263
  7.93333333 -1.66572988]",1786.544970035553
0.09912399999999999,[0.43841645],"[ 0.30701754  7.16666667  0.51929825  7.76666667 -1.09140372  0.31052632
  7.16666667  0.52105263  7.86666667 -1.39356899  0.3122807   7.1
  0.52105263  7.93333333 -1.66572988  0.3122807   7.03333333  0.52105263
  7.93333333 -0.56158352]",1786.622624874115
0.09658800000000001,[-0.91993827],"[ 0.31052632  7.16666667  0.52105263  7.86666667 -1.39356899  0.3122807
  7.1         0.52105263  7.93333333 -1.66572988  0.3122807   7.03333333
  0.52105263  7.93333333 -0.56158352  0.31403509  7.1         0.52280702
  7.9        -1.91993833]",1786.7027530670166
0.09393200000000002,[0.6756853],"[ 0.3122807   7.1         0.52105263  7.93333333 -1.66572988  0.3122807
  7.03333333  0.52105263  7.93333333 -0.56158352  0.31403509  7.1
  0.52280702  7.9        -1.91993833  0.31578947  7.26666667  0.52807018
  7.7        -0.32431471]",1786.7830011844635
0.09141600000000005,[-0.11179396],"[ 0.3122807   7.03333333  0.52105263  7.93333333 -0.56158352  0.31403509
  7.1         0.52280702  7.9        -1.91993833  0.31578947  7.26666667
  0.52807018  7.7        -0.32431471  0.32105263  7.16666667  0.53157895
  7.63333333 -1.11179399]",1786.8633229732513
0.08894000000000002,[-0.8078387],"[ 0.31403509  7.1         0.52280702  7.9        -1.91993833  0.31578947
  7.26666667  0.52807018  7.7        -0.32431471  0.32105263  7.16666667
  0.53157895  7.63333333 -1.11179399  0.32280702  7.2         0.53684211
  7.53333333 -1.80783868]",1786.9372515678406
0.086364,[-0.04795643],"[ 0.31578947  7.26666667  0.52807018  7.7        -0.32431471  0.32105263
  7.16666667  0.53157895  7.63333333 -1.11179399  0.32280702  7.2
  0.53684211  7.53333333 -1.80783868  0.32631579  7.23333333  0.53859649
  7.56666667 -1.04795647]",1787.0229787826538
0.08384799999999998,[-0.50024515],"[ 0.32105263  7.16666667  0.53157895  7.63333333 -1.11179399  0.32280702
  7.2         0.53684211  7.53333333 -1.80783868  0.32631579  7.23333333
  0.53859649  7.56666667 -1.04795647  0.32982456  7.16666667  0.54035088
  7.63333333 -1.50024509]",1787.104056596756
0.08129200000000003,[-0.5003032],"[ 0.32280702  7.2         0.53684211  7.53333333 -1.80783868  0.32631579
  7.23333333  0.53859649  7.56666667 -1.04795647  0.32982456  7.16666667
  0.54035088  7.63333333 -1.50024509  0.33333333  7.23333333  0.54561404
  7.53333333 -1.50030327]",1787.1825292110443
0.083928,[-0.6582936],"[ 0.32631579  7.23333333  0.53859649  7.56666667 -1.04795647  0.32982456
  7.16666667  0.54035088  7.63333333 -1.50024509  0.33333333  7.23333333
  0.54561404  7.53333333 -1.50030327  0.33859649  7.2         0.55087719
  7.56666667 -1.6582936 ]",1787.2583470344543
0.086584,[-0.504552],"[ 0.32982456  7.16666667  0.54035088  7.63333333 -1.50024509  0.33333333
  7.23333333  0.54561404  7.53333333 -1.50030327  0.33859649  7.2
  0.55087719  7.56666667 -1.6582936   0.34210526  7.2         0.55438596
  7.6        -1.50455201]",1787.3375890254974
0.09171600000000002,[-0.6305467],"[ 0.33333333  7.23333333  0.54561404  7.53333333 -1.50030327  0.33859649
  7.2         0.55087719  7.56666667 -1.6582936   0.34210526  7.2
  0.55438596  7.6        -1.50455201  0.34561404  7.23333333  0.55789474
  7.6        -1.63054669]",1787.4225459098816
0.09173599999999998,[-0.6481894],"[ 0.33859649  7.2         0.55087719  7.56666667 -1.6582936   0.34210526
  7.2         0.55438596  7.6        -1.50455201  0.34561404  7.23333333
  0.55789474  7.6        -1.63054669  0.34736842  7.2         0.55964912
  7.56666667 -1.64818943]",1787.5034470558167
0.09189600000000003,[-0.53391844],"[ 0.34210526  7.2         0.55438596  7.6        -1.50455201  0.34561404
  7.23333333  0.55789474  7.6        -1.63054669  0.34736842  7.2
  0.55964912  7.56666667 -1.64818943  0.34912281  7.1         0.56140351
  7.56666667 -1.53391838]",1787.5829796791077
