reward,action,obs,time
,,"[0.         0.         0.         0.         0.         0.
 0.         0.         0.         0.         0.         0.
 0.         0.         0.         0.03157895 5.73333333 0.24561404
 5.36666667 0.        ]",978.7722837924957
0.002475999999999999,[0.41799572],"[ 0.          0.          0.          0.          0.          0.
  0.          0.          0.          0.          0.03157895  5.73333333
  0.24561404  5.36666667  0.          0.03333333  5.86666667  0.24385965
  5.3        -0.58200431]",978.9375796318054
5.9999999999997555e-05,[-0.17875086],"[ 0.          0.          0.          0.          0.          0.03157895
  5.73333333  0.24561404  5.36666667  0.          0.03333333  5.86666667
  0.24385965  5.3        -0.58200431  0.03157895  5.63333333  0.24385965
  5.43333333 -1.17875087]",978.9844791889191
1.9999999999999185e-05,[-0.6599616],"[ 0.03157895  5.73333333  0.24561404  5.36666667  0.          0.03333333
  5.86666667  0.24385965  5.3        -0.58200431  0.03157895  5.63333333
  0.24385965  5.43333333 -1.17875087  0.03157895  5.7         0.24561404
  5.4        -1.65996158]",979.0401813983917
1.9999999999999185e-05,[-0.57866406],"[ 0.03333333  5.86666667  0.24385965  5.3        -0.58200431  0.03157895
  5.63333333  0.24385965  5.43333333 -1.17875087  0.03157895  5.7
  0.24561404  5.4        -1.65996158  0.03157895  5.7         0.24385965
  5.4        -1.57866406]",979.0903115272522
3.999999999999837e-05,[0.1952832],"[ 0.03157895  5.63333333  0.24385965  5.43333333 -1.17875087  0.03157895
  5.7         0.24561404  5.4        -1.65996158  0.03157895  5.7
  0.24385965  5.4        -1.57866406  0.03157895  5.66666667  0.24385965
  5.4        -0.80471683]",979.1406807899475
-0.0025360000000000035,[-0.57449245],"[ 0.03157895  5.7         0.24561404  5.4        -1.65996158  0.03157895
  5.7         0.24385965  5.4        -1.57866406  0.03157895  5.66666667
  0.24385965  5.4        -0.80471683  0.02982456  5.7         0.24561404
  5.4        -1.57449245]",979.1915233135223
-0.002456,[0.95493513],"[ 0.03157895  5.7         0.24385965  5.4        -1.57866406  0.03157895
  5.66666667  0.24385965  5.4        -0.80471683  0.02982456  5.7
  0.24561404  5.4        -1.57449245  0.02982456  5.56666667  0.24561404
  5.5        -0.04506487]",979.2414619922638
0.00014000000000000123,[-0.37122014],"[ 0.03157895  5.66666667  0.24385965  5.4        -0.80471683  0.02982456
  5.7         0.24561404  5.4        -1.57449245  0.02982456  5.56666667
  0.24561404  5.5        -0.04506487  0.03157895  5.5         0.24736842
  5.56666667 -1.37122011]",979.2920711040497
0.005212000000000001,[0.76791906],"[ 0.02982456  5.7         0.24561404  5.4        -1.57449245  0.02982456
  5.56666667  0.24561404  5.5        -0.04506487  0.03157895  5.5
  0.24736842  5.56666667 -1.37122011  0.03508772  5.56666667  0.24912281
  5.46666667 -0.23208094]",979.3415791988373
0.005212000000000001,[0.0356216],"[ 0.02982456  5.56666667  0.24561404  5.5        -0.04506487  0.03157895
  5.5         0.24736842  5.56666667 -1.37122011  0.03508772  5.56666667
  0.24912281  5.46666667 -0.23208094  0.03508772  5.56666667  0.24912281
  5.43333333 -0.96437842]",979.391116142273
0.010324,[-0.7815596],"[ 0.03157895  5.5         0.24736842  5.56666667 -1.37122011  0.03508772
  5.56666667  0.24912281  5.46666667 -0.23208094  0.03508772  5.56666667
  0.24912281  5.43333333 -0.96437842  0.03859649  5.56666667  0.25087719
  5.43333333 -1.78155959]",979.4714078903198
0.012879999999999997,[0.3812901],"[ 0.03508772  5.56666667  0.24912281  5.46666667 -0.23208094  0.03508772
  5.56666667  0.24912281  5.43333333 -0.96437842  0.03859649  5.56666667
  0.25087719  5.43333333 -1.78155959  0.04035088  5.56666667  0.25263158
  5.4        -0.61870992]",979.5509023666382
0.015515999999999997,[-0.34990135],"[ 0.03508772  5.56666667  0.24912281  5.43333333 -0.96437842  0.03859649
  5.56666667  0.25087719  5.43333333 -1.78155959  0.04035088  5.56666667
  0.25263158  5.4        -0.61870992  0.04210526  5.43333333  0.25614035
  5.53333333 -1.34990132]",979.6310939788818
0.023084,[0.0483099],"[ 0.03859649  5.56666667  0.25087719  5.43333333 -1.78155959  0.04035088
  5.56666667  0.25263158  5.4        -0.61870992  0.04210526  5.43333333
  0.25614035  5.53333333 -1.34990132  0.04736842  5.6         0.26140351
  5.43333333 -0.95169008]",979.7150075435638
0.028176,[-0.939749],"[ 0.04035088  5.56666667  0.25263158  5.4        -0.61870992  0.04210526
  5.43333333  0.25614035  5.53333333 -1.34990132  0.04736842  5.6
  0.26140351  5.43333333 -0.95169008  0.05087719  5.63333333  0.26491228
  5.36666667 -1.939749  ]",979.7954576015472
0.033288000000000005,[-0.10581199],"[ 0.04210526  5.43333333  0.25614035  5.53333333 -1.34990132  0.04736842
  5.6         0.26140351  5.43333333 -0.95169008  0.05087719  5.63333333
  0.26491228  5.36666667 -1.939749    0.05438596  5.63333333  0.26842105
  5.36666667 -1.10581195]",979.8754394054413
0.038439999999999995,[-0.20659907],"[ 0.04736842  5.6         0.26140351  5.43333333 -0.95169008  0.05087719
  5.63333333  0.26491228  5.36666667 -1.939749    0.05438596  5.63333333
  0.26842105  5.36666667 -1.10581195  0.05789474  5.56666667  0.27192982
  5.4        -1.20659912]",979.9553461074829
0.04101600000000001,[-0.66346467],"[ 0.05087719  5.63333333  0.26491228  5.36666667 -1.939749    0.05438596
  5.63333333  0.26842105  5.36666667 -1.10581195  0.05789474  5.56666667
  0.27192982  5.4        -1.20659912  0.05964912  5.53333333  0.27368421
  5.33333333 -1.66346467]",980.0566918849945
0.046108,[0.8160521],"[ 0.05438596  5.63333333  0.26842105  5.36666667 -1.10581195  0.05789474
  5.56666667  0.27192982  5.4        -1.20659912  0.05964912  5.53333333
  0.27368421  5.33333333 -1.66346467  0.06315789  5.56666667  0.27719298
  5.3        -0.18394792]",980.1149253845215
0.048684,[-0.42372888],"[ 0.05789474  5.56666667  0.27192982  5.4        -1.20659912  0.05964912
  5.53333333  0.27368421  5.33333333 -1.66346467  0.06315789  5.56666667
  0.27719298  5.3        -0.18394792  0.06491228  5.53333333  0.28070175
  5.33333333 -1.42372894]",980.1949007511139
0.051239999999999994,[-0.2981766],"[ 0.05964912  5.53333333  0.27368421  5.33333333 -1.66346467  0.06315789
  5.56666667  0.27719298  5.3        -0.18394792  0.06491228  5.53333333
  0.28070175  5.33333333 -1.42372894  0.06842105  5.66666667  0.28070175
  5.16666667 -1.29817653]",980.2749998569489
0.056152,[-0.8701251],"[ 0.06315789  5.56666667  0.27719298  5.3        -0.18394792  0.06491228
  5.53333333  0.28070175  5.33333333 -1.42372894  0.06842105  5.66666667
  0.28070175  5.16666667 -1.29817653  0.07017544  5.76666667  0.28070175
  5.         -1.87012506]",980.3548798561096
0.056291999999999995,[0.6154505],"[ 0.06491228  5.53333333  0.28070175  5.33333333 -1.42372894  0.06842105
  5.66666667  0.28070175  5.16666667 -1.29817653  0.07017544  5.76666667
  0.28070175  5.         -1.87012506  0.07017544  5.6         0.28070175
  5.06666667 -0.3845495 ]",980.4349279403687
0.05892799999999998,[-0.8620601],"[ 0.06842105  5.66666667  0.28070175  5.16666667 -1.29817653  0.07017544
  5.76666667  0.28070175  5.         -1.87012506  0.07017544  5.6
  0.28070175  5.06666667 -0.3845495   0.07192982  5.46666667  0.28421053
  5.2        -1.86206007]",980.5180578231812
0.06651599999999999,[-0.41017717],"[ 0.07017544  5.76666667  0.28070175  5.         -1.87012506  0.07017544
  5.6         0.28070175  5.06666667 -0.3845495   0.07192982  5.46666667
  0.28421053  5.2        -1.86206007  0.07719298  5.56666667  0.28947368
  5.1        -1.41017723]",980.5949554443359
0.0768,[-0.6977042],"[ 0.07017544  5.6         0.28070175  5.06666667 -0.3845495   0.07192982
  5.46666667  0.28421053  5.2        -1.86206007  0.07719298  5.56666667
  0.28947368  5.1        -1.41017723  0.08245614  5.5         0.29649123
  5.16666667 -1.6977042 ]",980.674941778183
0.08956,[0.36151984],"[ 0.07192982  5.46666667  0.28421053  5.2        -1.86206007  0.07719298
  5.56666667  0.28947368  5.1        -1.41017723  0.08245614  5.5
  0.29649123  5.16666667 -1.6977042   0.09122807  5.4         0.30526316
  5.23333333 -0.63848019]",980.7550973892212
0.094672,[-0.5809888],"[ 0.07719298  5.56666667  0.28947368  5.1        -1.41017723  0.08245614
  5.5         0.29649123  5.16666667 -1.6977042   0.09122807  5.4
  0.30526316  5.23333333 -0.63848019  0.09649123  5.33333333  0.3122807
  5.23333333 -1.58098888]",980.8349769115448
0.094652,[0.620981],"[ 0.08245614  5.5         0.29649123  5.16666667 -1.6977042   0.09122807
  5.4         0.30526316  5.23333333 -0.63848019  0.09649123  5.33333333
  0.3122807   5.23333333 -1.58098888  0.1         5.43333333  0.31578947
  5.03333333 -0.37901902]",980.9148502349854
0.09724799999999999,[0.68302226],"[ 0.09122807  5.4         0.30526316  5.23333333 -0.63848019  0.09649123
  5.33333333  0.3122807   5.23333333 -1.58098888  0.1         5.43333333
  0.31578947  5.03333333 -0.37901902  0.10175439  5.36666667  0.31754386
  5.03333333 -0.31697774]",980.9950959682465
0.097208,[0.703017],"[ 0.09649123  5.33333333  0.3122807   5.23333333 -1.58098888  0.1
  5.43333333  0.31578947  5.03333333 -0.37901902  0.10175439  5.36666667
  0.31754386  5.03333333 -0.31697774  0.10526316  5.43333333  0.31754386
  4.9        -0.296983  ]",981.0749509334564
0.097108,[-0.8518274],"[ 0.1         5.43333333  0.31578947  5.03333333 -0.37901902  0.10175439
  5.36666667  0.31754386  5.03333333 -0.31697774  0.10526316  5.43333333
  0.31754386  4.9        -0.296983    0.10701754  5.6         0.31929825
  4.7        -1.85182738]",981.1548597812653
0.09706800000000002,[0.6838565],"[ 0.10175439  5.36666667  0.31754386  5.03333333 -0.31697774  0.10526316
  5.43333333  0.31754386  4.9        -0.296983    0.10701754  5.6
  0.31929825  4.7        -1.85182738  0.10877193  5.53333333  0.32105263
  4.63333333 -0.31614351]",981.2324409484863
0.09213600000000002,[-0.99308777],"[ 0.10526316  5.43333333  0.31754386  4.9        -0.296983    0.10701754
  5.6         0.31929825  4.7        -1.85182738  0.10877193  5.53333333
  0.32105263  4.63333333 -0.31614351  0.11052632  5.4         0.32631579
  4.7        -1.99308777]",981.3099150657654
0.09451199999999998,[-0.6066033],"[ 0.10701754  5.6         0.31929825  4.7        -1.85182738  0.10877193
  5.53333333  0.32105263  4.63333333 -0.31614351  0.11052632  5.4
  0.32631579  4.7        -1.99308777  0.11578947  5.73333333  0.33333333
  4.56666667 -1.60660338]",981.3886306285858
0.12782,[-0.3663838],"[ 0.10877193  5.53333333  0.32105263  4.63333333 -0.31614351  0.11052632
  5.4         0.32631579  4.7        -1.99308777  0.11578947  5.73333333
  0.33333333  4.56666667 -1.60660338  0.14210526  5.6         0.34035088
  4.56666667 -1.36638379]",981.4726150035858
0.12792,[-0.2419467],"[ 0.11052632  5.4         0.32631579  4.7        -1.99308777  0.11578947
  5.73333333  0.33333333  4.56666667 -1.60660338  0.14210526  5.6
  0.34035088  4.56666667 -1.36638379  0.14561404  5.36666667  0.34736842
  4.63333333 -1.2419467 ]",981.5549461841583
0.13045600000000002,[-0.31491053],"[ 0.11578947  5.73333333  0.33333333  4.56666667 -1.60660338  0.14210526
  5.6         0.34035088  4.56666667 -1.36638379  0.14561404  5.36666667
  0.34736842  4.63333333 -1.2419467   0.14912281  5.36666667  0.35438596
  4.56666667 -1.31491053]",981.6349020004272
0.130556,[-0.8472618],"[ 0.14210526  5.6         0.34035088  4.56666667 -1.36638379  0.14561404
  5.36666667  0.34736842  4.63333333 -1.2419467   0.14912281  5.36666667
  0.35438596  4.56666667 -1.31491053  0.15263158  5.23333333  0.35789474
  4.46666667 -1.84726179]",981.715176820755
0.12801999999999997,[-0.75044966],"[ 0.14561404  5.36666667  0.34736842  4.63333333 -1.2419467   0.14912281
  5.36666667  0.35438596  4.56666667 -1.31491053  0.15263158  5.23333333
  0.35789474  4.46666667 -1.84726179  0.15263158  5.16666667  0.36140351
  4.46666667 -1.75044966]",981.7949304580688
0.12816,[0.53830355],"[ 0.14912281  5.36666667  0.35438596  4.56666667 -1.31491053  0.15263158
  5.23333333  0.35789474  4.46666667 -1.84726179  0.15263158  5.16666667
  0.36140351  4.46666667 -1.75044966  0.15614035  5.06666667  0.36315789
  4.53333333 -0.46169645]",981.87513256073
0.125664,[-0.3292871],"[ 0.15263158  5.23333333  0.35789474  4.46666667 -1.84726179  0.15263158
  5.16666667  0.36140351  4.46666667 -1.75044966  0.15614035  5.06666667
  0.36315789  4.53333333 -0.46169645  0.15614035  5.06666667  0.36491228
  4.46666667 -1.32928705]",981.9549369812012
0.130656,[-0.8144511],"[ 0.15263158  5.16666667  0.36140351  4.46666667 -1.75044966  0.15614035
  5.06666667  0.36315789  4.53333333 -0.46169645  0.15614035  5.06666667
  0.36491228  4.46666667 -1.32928705  0.15964912  5.1         0.36666667
  4.23333333 -1.8144511 ]",982.0300359725952
0.13063600000000003,[0.7324168],"[ 0.15614035  5.06666667  0.36315789  4.53333333 -0.46169645  0.15614035
  5.06666667  0.36491228  4.46666667 -1.32928705  0.15964912  5.1
  0.36666667  4.23333333 -1.8144511   0.16140351  5.          0.36842105
  4.23333333 -0.26758319]",982.108895778656
0.12822,[0.7357839],"[ 0.15614035  5.06666667  0.36491228  4.46666667 -1.32928705  0.15964912
  5.1         0.36666667  4.23333333 -1.8144511   0.16140351  5.
  0.36842105  4.23333333 -0.26758319  0.16491228  4.86666667  0.37368421
  4.3        -0.26421613]",982.1934251785278
0.13067600000000001,[-0.4762673],"[ 0.15964912  5.1         0.36666667  4.23333333 -1.8144511   0.16140351
  5.          0.36842105  4.23333333 -0.26758319  0.16491228  4.86666667
  0.37368421  4.3        -0.26421613  0.17192982  4.96666667  0.37894737
  4.         -1.47626734]",982.2748589515686
0.13057599999999997,[0.23819101],"[ 0.16140351  5.          0.36842105  4.23333333 -0.26758319  0.16491228
  4.86666667  0.37368421  4.3        -0.26421613  0.17192982  4.96666667
  0.37894737  4.         -1.47626734  0.18070175  5.03333333  0.38245614
  3.76666667 -0.76180899]",982.3549292087555
0.12804,[-0.6013486],"[ 0.16491228  4.86666667  0.37368421  4.3        -0.26421613  0.17192982
  4.96666667  0.37894737  4.         -1.47626734  0.18070175  5.03333333
  0.38245614  3.76666667 -0.76180899  0.18421053  4.93333333  0.3877193
  3.83333333 -1.60134864]",982.4300937652588
0.12813999999999998,[0.71104026],"[ 0.17192982  4.96666667  0.37894737  4.         -1.47626734  0.18070175
  5.03333333  0.38245614  3.76666667 -0.76180899  0.18421053  4.93333333
  0.3877193   3.83333333 -1.60134864  0.1877193   4.86666667  0.39298246
  3.73333333 -0.28895974]",982.5085253715515
0.13329200000000005,[-0.9778078],"[ 0.18070175  5.03333333  0.38245614  3.76666667 -0.76180899  0.18421053
  4.93333333  0.3877193   3.83333333 -1.60134864  0.1877193   4.86666667
  0.39298246  3.73333333 -0.28895974  0.19298246  4.73333333  0.39824561
  3.66666667 -1.97780776]",982.5883719921112
0.138384,[-0.765938],"[ 0.18421053  4.93333333  0.3877193   3.83333333 -1.60134864  0.1877193
  4.86666667  0.39298246  3.73333333 -0.28895974  0.19298246  4.73333333
  0.39824561  3.66666667 -1.97780776  0.2         4.83333333  0.40526316
  3.66666667 -1.76593804]",982.6686754226685
0.13854400000000006,[0.9451075],"[ 0.1877193   4.86666667  0.39298246  3.73333333 -0.28895974  0.19298246
  4.73333333  0.39824561  3.66666667 -1.97780776  0.2         4.83333333
  0.40526316  3.66666667 -1.76593804  0.20175439  4.73333333  0.41052632
  3.83333333 -0.05489248]",982.7488355636597
0.14111999999999997,[-0.3020835],"[ 0.19298246  4.73333333  0.39824561  3.66666667 -1.97780776  0.2
  4.83333333  0.40526316  3.66666667 -1.76593804  0.20175439  4.73333333
  0.41052632  3.83333333 -0.05489248  0.20526316  4.63333333  0.41578947
  3.86666667 -1.30208349]",982.829211473465
0.14866799999999997,[0.71270186],"[ 0.2         4.83333333  0.40526316  3.66666667 -1.76593804  0.20175439
  4.73333333  0.41052632  3.83333333 -0.05489248  0.20526316  4.63333333
  0.41578947  3.86666667 -1.30208349  0.2122807   4.7         0.41929825
  3.7        -0.28729814]",982.9100885391235
0.14629199999999998,[0.51802844],"[ 0.20175439  4.73333333  0.41052632  3.83333333 -0.05489248  0.20526316
  4.63333333  0.41578947  3.86666667 -1.30208349  0.2122807   4.7
  0.41929825  3.7        -0.28729814  0.21578947  4.73333333  0.42280702
  3.7        -0.48197156]",982.9885256290436
0.11803599999999999,[0.48119178],"[ 0.20526316  4.63333333  0.41578947  3.86666667 -1.30208349  0.2122807
  4.7         0.41929825  3.7        -0.28729814  0.21578947  4.73333333
  0.42280702  3.7        -0.48197156  0.22280702  4.83333333  0.42807018
  3.63333333 -0.51880825]",983.0684897899628
0.11791600000000002,[-0.89771605],"[ 0.2122807   4.7         0.41929825  3.7        -0.28729814  0.21578947
  4.73333333  0.42280702  3.7        -0.48197156  0.22280702  4.83333333
  0.42807018  3.63333333 -0.51880825  0.22631579  4.8         0.42982456
  3.63333333 -1.89771605]",983.1533741950989
0.11286399999999996,[-0.6331318],"[ 0.21578947  4.73333333  0.42280702  3.7        -0.48197156  0.22280702
  4.83333333  0.42807018  3.63333333 -0.51880825  0.22631579  4.8
  0.42982456  3.63333333 -1.89771605  0.22631579  4.7         0.43333333
  3.66666667 -1.63313174]",983.2351775169373
0.11030799999999999,[-0.65721333],"[ 0.22280702  4.83333333  0.42807018  3.63333333 -0.51880825  0.22631579
  4.8         0.42982456  3.63333333 -1.89771605  0.22631579  4.7
  0.43333333  3.66666667 -1.63313174  0.22807018  4.56666667  0.44035088
  4.         -1.65721333]",983.31511926651
0.11538,[-0.702542],"[ 0.22631579  4.8         0.42982456  3.63333333 -1.89771605  0.22631579
  4.7         0.43333333  3.66666667 -1.63313174  0.22807018  4.56666667
  0.44035088  4.         -1.65721333  0.23157895  4.56666667  0.44561404
  4.16666667 -1.70254207]",983.3892555236816
0.11533999999999996,[0.865597],"[ 0.22631579  4.7         0.43333333  3.66666667 -1.63313174  0.22807018
  4.56666667  0.44035088  4.         -1.65721333  0.23157895  4.56666667
  0.44561404  4.16666667 -1.70254207  0.23508772  4.53333333  0.44912281
  4.23333333 -0.13440299]",983.4685139656067
0.11787600000000001,[-0.95964026],"[ 0.22807018  4.56666667  0.44035088  4.         -1.65721333  0.23157895
  4.56666667  0.44561404  4.16666667 -1.70254207  0.23508772  4.53333333
  0.44912281  4.23333333 -0.13440299  0.23684211  4.56666667  0.45087719
  4.26666667 -1.95964026]",983.5483999252319
0.117816,[-0.6705186],"[ 0.23157895  4.56666667  0.44561404  4.16666667 -1.70254207  0.23508772
  4.53333333  0.44912281  4.23333333 -0.13440299  0.23684211  4.56666667
  0.45087719  4.26666667 -1.95964026  0.24035088  4.7         0.45263158
  4.16666667 -1.67051864]",983.6325795650482
0.11781599999999996,[0.44294974],"[ 0.23508772  4.53333333  0.44912281  4.23333333 -0.13440299  0.23684211
  4.56666667  0.45087719  4.26666667 -1.95964026  0.24035088  4.7
  0.45263158  4.16666667 -1.67051864  0.24210526  4.6         0.45614035
  4.33333333 -0.55705023]",983.709944486618
0.11777599999999996,[-0.63781106],"[ 0.23684211  4.56666667  0.45087719  4.26666667 -1.95964026  0.24035088
  4.7         0.45263158  4.16666667 -1.67051864  0.24210526  4.6
  0.45614035  4.33333333 -0.55705023  0.24561404  4.53333333  0.46140351
  4.46666667 -1.63781106]",983.790652513504
0.11522000000000002,[0.05092219],"[ 0.24035088  4.7         0.45263158  4.16666667 -1.67051864  0.24210526
  4.6         0.45614035  4.33333333 -0.55705023  0.24561404  4.53333333
  0.46140351  4.46666667 -1.63781106  0.25087719  4.63333333  0.46491228
  4.43333333 -0.94907784]",983.8733763694763
0.11016800000000004,[-0.72230935],"[ 0.24210526  4.6         0.45614035  4.33333333 -0.55705023  0.24561404
  4.53333333  0.46140351  4.46666667 -1.63781106  0.25087719  4.63333333
  0.46491228  4.43333333 -0.94907784  0.25614035  4.6         0.47192982
  4.53333333 -1.72230935]",983.9489779472351
0.11520000000000004,[0.34965795],"[ 0.24561404  4.53333333  0.46140351  4.46666667 -1.63781106  0.25087719
  4.63333333  0.46491228  4.43333333 -0.94907784  0.25614035  4.6
  0.47192982  4.53333333 -1.72230935  0.26315789  4.63333333  0.47719298
  4.6        -0.65034205]",984.0285356044769
0.11520000000000001,[0.9162819],"[ 0.25087719  4.63333333  0.46491228  4.43333333 -0.94907784  0.25614035
  4.6         0.47192982  4.53333333 -1.72230935  0.26315789  4.63333333
  0.47719298  4.6        -0.65034205  0.26666667  4.56666667  0.48245614
  4.63333333 -0.08371812]",984.1126062870026
0.11751600000000004,[-0.4769869],"[ 0.25614035  4.6         0.47192982  4.53333333 -1.72230935  0.26315789
  4.63333333  0.47719298  4.6        -0.65034205  0.26666667  4.56666667
  0.48245614  4.63333333 -0.08371812  0.27368421  4.83333333  0.4877193
  4.43333333 -1.47698689]",984.1893157958984
0.112384,[0.9476888],"[ 0.26315789  4.63333333  0.47719298  4.6        -0.65034205  0.26666667
  4.56666667  0.48245614  4.63333333 -0.08371812  0.27368421  4.83333333
  0.4877193   4.43333333 -1.47698689  0.27719298  4.96666667  0.48947368
  4.33333333 -0.05231118]",984.2734134197235
0.10980799999999995,[0.71485966],"[ 0.26666667  4.56666667  0.48245614  4.63333333 -0.08371812  0.27368421
  4.83333333  0.4877193   4.43333333 -1.47698689  0.27719298  4.96666667
  0.48947368  4.33333333 -0.05231118  0.27719298  4.9         0.49122807
  4.36666667 -0.28514034]",984.3506126403809
0.11222400000000003,[-0.95658875],"[ 0.27368421  4.83333333  0.4877193   4.43333333 -1.47698689  0.27719298
  4.96666667  0.48947368  4.33333333 -0.05231118  0.27719298  4.9
  0.49122807  4.36666667 -0.28514034  0.28245614  5.03333333  0.49122807
  4.16666667 -1.95658875]",984.4350299835205
0.10968800000000001,[-0.307333],"[ 0.27719298  4.96666667  0.48947368  4.33333333 -0.05231118  0.27719298
  4.9         0.49122807  4.36666667 -0.28514034  0.28245614  5.03333333
  0.49122807  4.16666667 -1.95658875  0.2877193   5.06666667  0.49473684
  4.03333333 -1.30733299]",984.5085165500641
0.112344,[0.36623192],"[ 0.27719298  4.9         0.49122807  4.36666667 -0.28514034  0.28245614
  5.03333333  0.49122807  4.16666667 -1.95658875  0.2877193   5.06666667
  0.49473684  4.03333333 -1.30733299  0.29298246  4.93333333  0.50350877
  4.2        -0.63376808]",984.5889241695404
0.11498000000000001,[-0.9455882],"[ 0.28245614  5.03333333  0.49122807  4.16666667 -1.95658875  0.2877193
  5.06666667  0.49473684  4.03333333 -1.30733299  0.29298246  4.93333333
  0.50350877  4.2        -0.63376808  0.30175439  4.9         0.5122807
  4.2        -1.94558811]",984.672908782959
0.125164,[-0.935045],"[ 0.2877193   5.06666667  0.49473684  4.03333333 -1.30733299  0.29298246
  4.93333333  0.50350877  4.2        -0.63376808  0.30175439  4.9
  0.5122807   4.2        -1.94558811  0.3122807   4.93333333  0.52105263
  4.03333333 -1.935045  ]",984.7513995170593
0.132912,[-0.52789724],"[ 0.29298246  4.93333333  0.50350877  4.2        -0.63376808  0.30175439
  4.9         0.5122807   4.2        -1.94558811  0.3122807   4.93333333
  0.52105263  4.03333333 -1.935045    0.31754386  4.7         0.52982456
  4.2        -1.52789724]",984.8345394134521
0.13800400000000002,[-0.5656522],"[ 0.30175439  4.9         0.5122807   4.2        -1.94558811  0.3122807
  4.93333333  0.52105263  4.03333333 -1.935045    0.31754386  4.7
  0.52982456  4.2        -1.52789724  0.32280702  4.6         0.53684211
  4.3        -1.56565213]",984.9120647907257
0.14057999999999998,[-0.92606187],"[ 0.3122807   4.93333333  0.52105263  4.03333333 -1.935045    0.31754386
  4.7         0.52982456  4.2        -1.52789724  0.32280702  4.6
  0.53684211  4.3        -1.56565213  0.32807018  4.56666667  0.54210526
  4.26666667 -1.92606187]",985.0082890987396
0.1406,[0.15866941],"[ 0.31754386  4.7         0.52982456  4.2        -1.52789724  0.32280702
  4.6         0.53684211  4.3        -1.56565213  0.32807018  4.56666667
  0.54210526  4.26666667 -1.92606187  0.33157895  4.5         0.54561404
  4.26666667 -0.84133059]",985.0684871673584
0.14573199999999997,[-0.7200515],"[ 0.32280702  4.6         0.53684211  4.3        -1.56565213  0.32807018
  4.56666667  0.54210526  4.26666667 -1.92606187  0.33157895  4.5
  0.54561404  4.26666667 -0.84133059  0.33684211  4.5         0.55263158
  4.23333333 -1.72005153]",985.1534132957458
0.15088400000000002,[-0.4594854],"[ 0.32807018  4.56666667  0.54210526  4.26666667 -1.92606187  0.33157895
  4.5         0.54561404  4.26666667 -0.84133059  0.33684211  4.5
  0.55263158  4.23333333 -1.72005153  0.34385965  4.56666667  0.55789474
  4.1        -1.45948541]",985.2350473403931
0.15343999999999997,[0.87428236],"[ 0.33157895  4.5         0.54561404  4.26666667 -0.84133059  0.33684211
  4.5         0.55263158  4.23333333 -1.72005153  0.34385965  4.56666667
  0.55789474  4.1        -1.45948541  0.34736842  4.46666667  0.56140351
  4.1        -0.12571764]",985.3088488578796
0.15603600000000006,[0.6653134],"[ 0.33684211  4.5         0.55263158  4.23333333 -1.72005153  0.34385965
  4.56666667  0.55789474  4.1        -1.45948541  0.34736842  4.46666667
  0.56140351  4.1        -0.12571764  0.35263158  4.33333333  0.56666667
  4.16666667 -0.33468658]",985.4076762199402
0.15853199999999995,[0.9069614],"[ 0.34385965  4.56666667  0.55789474  4.1        -1.45948541  0.34736842
  4.46666667  0.56140351  4.1        -0.12571764  0.35263158  4.33333333
  0.56666667  4.16666667 -0.33468658  0.35964912  4.53333333  0.57192982
  4.         -0.09303862]",985.4701590538025
0.16094799999999992,[0.5167611],"[ 0.34736842  4.46666667  0.56140351  4.1        -0.12571764  0.35263158
  4.33333333  0.56666667  4.16666667 -0.33468658  0.35964912  4.53333333
  0.57192982  4.         -0.09303862  0.36666667  4.73333333  0.5754386
  3.76666667 -0.48323888]",985.5534298419952
0.15583600000000003,[0.22325066],"[ 0.35263158  4.33333333  0.56666667  4.16666667 -0.33468658  0.35964912
  4.53333333  0.57192982  4.         -0.09303862  0.36666667  4.73333333
  0.5754386   3.76666667 -0.48323888  0.37017544  4.76666667  0.5754386
  3.7        -0.77674937]",985.6293017864227
0.15070399999999995,[-0.9132066],"[ 0.35964912  4.53333333  0.57192982  4.         -0.09303862  0.36666667
  4.73333333  0.5754386   3.76666667 -0.48323888  0.37017544  4.76666667
  0.5754386   3.7        -0.77674937  0.37017544  4.73333333  0.57719298
  3.73333333 -1.91320658]",985.7086470127106
0.143256,[-0.7204416],"[ 0.36666667  4.73333333  0.5754386   3.76666667 -0.48323888  0.37017544
  4.76666667  0.5754386   3.7        -0.77674937  0.37017544  4.73333333
  0.57719298  3.73333333 -1.91320658  0.37192982  4.63333333  0.58245614
  3.83333333 -1.72044158]",985.7884750366211
