reward,action,obs,time
,,"[0.         0.         0.         0.         0.         0.
 0.         0.         0.         0.         0.         0.
 0.         0.         0.         0.03157895 5.73333333 0.24561404
 5.4        0.        ]",296.7884726524353
-6.0000000000004494e-05,[-0.66127634],"[ 0.          0.          0.          0.          0.          0.
  0.          0.          0.          0.          0.03157895  5.73333333
  0.24561404  5.4         0.          0.03157895  5.83333333  0.24385965
  5.33333333 -1.66127634]",296.94869780540466
-0.002456,[-0.49491283],"[ 0.          0.          0.          0.          0.          0.03157895
  5.73333333  0.24561404  5.4         0.          0.03157895  5.83333333
  0.24385965  5.33333333 -1.66127634  0.02982456  5.56666667  0.24561404
  5.46666667 -1.49491286]",297.00261974334717
-0.0025160000000000043,[0.07959938],"[ 0.03157895  5.73333333  0.24561404  5.4         0.          0.03157895
  5.83333333  0.24385965  5.33333333 -1.66127634  0.02982456  5.56666667
  0.24561404  5.46666667 -1.49491286  0.02982456  5.66666667  0.24561404
  5.4        -0.92040062]",297.04897236824036
-0.0025160000000000043,[0.66240287],"[ 0.03157895  5.83333333  0.24385965  5.33333333 -1.66127634  0.02982456
  5.56666667  0.24561404  5.46666667 -1.49491286  0.02982456  5.66666667
  0.24561404  5.4        -0.92040062  0.02982456  5.66666667  0.24385965
  5.43333333 -0.33759713]",297.09926676750183
5.9999999999997555e-05,[0.07348076],"[ 0.02982456  5.56666667  0.24561404  5.46666667 -1.49491286  0.02982456
  5.66666667  0.24561404  5.4        -0.92040062  0.02982456  5.66666667
  0.24385965  5.43333333 -0.33759713  0.03157895  5.63333333  0.24561404
  5.43333333 -0.92651927]",297.1536521911621
-0.002475999999999999,[0.08353763],"[ 0.02982456  5.66666667  0.24561404  5.4        -0.92040062  0.02982456
  5.66666667  0.24385965  5.43333333 -0.33759713  0.03157895  5.63333333
  0.24561404  5.43333333 -0.92651927  0.02982456  5.6         0.24561404
  5.46666667 -0.91646236]",297.1995279788971
0.00011999999999999511,[0.291462],"[ 0.02982456  5.66666667  0.24385965  5.43333333 -0.33759713  0.03157895
  5.63333333  0.24561404  5.43333333 -0.92651927  0.02982456  5.6
  0.24561404  5.46666667 -0.91646236  0.03157895  5.53333333  0.24736842
  5.5        -0.708538  ]",297.2562184333801
0.0025559999999999958,[0.26147032],"[ 0.03157895  5.63333333  0.24561404  5.43333333 -0.92651927  0.02982456
  5.6         0.24561404  5.46666667 -0.91646236  0.03157895  5.53333333
  0.24736842  5.5        -0.708538    0.03333333  5.73333333  0.24561404
  5.3        -0.73852968]",297.30654788017273
0.005091999999999999,[0.44925785],"[ 0.02982456  5.6         0.24561404  5.46666667 -0.91646236  0.03157895
  5.53333333  0.24736842  5.5        -0.708538    0.03333333  5.73333333
  0.24561404  5.3        -0.73852968  0.03508772  5.76666667  0.24561404
  5.23333333 -0.55074215]",297.3565402030945
0.007607999999999997,[0.89459896],"[ 0.03157895  5.53333333  0.24736842  5.5        -0.708538    0.03333333
  5.73333333  0.24561404  5.3        -0.73852968  0.03508772  5.76666667
  0.24561404  5.23333333 -0.55074215  0.03684211  5.83333333  0.24736842
  5.23333333 -0.10540104]",297.4070420265198
0.012679999999999997,[-0.5145428],"[ 0.03333333  5.73333333  0.24561404  5.3        -0.73852968  0.03508772
  5.76666667  0.24561404  5.23333333 -0.55074215  0.03684211  5.83333333
  0.24736842  5.23333333 -0.10540104  0.04035088  5.9         0.24912281
  5.1        -1.51454282]",297.47710394859314
0.017771999999999996,[0.1265269],"[ 0.03508772  5.76666667  0.24561404  5.23333333 -0.55074215  0.03684211
  5.83333333  0.24736842  5.23333333 -0.10540104  0.04035088  5.9
  0.24912281  5.1        -1.51454282  0.04385965  5.93333333  0.25087719
  5.         -0.87347311]",297.55791187286377
0.017832,[-0.9339276],"[ 0.03684211  5.83333333  0.24736842  5.23333333 -0.10540104  0.04035088
  5.9         0.24912281  5.1        -1.51454282  0.04385965  5.93333333
  0.25087719  5.         -0.87347311  0.04385965  5.83333333  0.25263158
  5.06666667 -1.93392754]",297.6364505290985
0.020467999999999993,[0.13923484],"[ 0.04035088  5.9         0.24912281  5.1        -1.51454282  0.04385965
  5.93333333  0.25087719  5.         -0.87347311  0.04385965  5.83333333
  0.25263158  5.06666667 -1.93392754  0.04561404  5.7         0.25614035
  5.16666667 -0.86076516]",297.7168128490448
0.023084,[-0.6420703],"[ 0.04385965  5.93333333  0.25087719  5.         -0.87347311  0.04385965
  5.83333333  0.25263158  5.06666667 -1.93392754  0.04561404  5.7
  0.25614035  5.16666667 -0.86076516  0.04736842  5.6         0.25964912
  5.26666667 -1.64207029]",297.797128200531
0.030732000000000002,[-0.43871722],"[ 0.04385965  5.83333333  0.25263158  5.06666667 -1.93392754  0.04561404
  5.7         0.25614035  5.16666667 -0.86076516  0.04736842  5.6
  0.25964912  5.26666667 -1.64207029  0.05263158  5.63333333  0.26315789
  5.16666667 -1.43871725]",297.87615299224854
0.035904000000000005,[-0.7053852],"[ 0.04561404  5.7         0.25614035  5.16666667 -0.86076516  0.04736842
  5.6         0.25964912  5.26666667 -1.64207029  0.05263158  5.63333333
  0.26315789  5.16666667 -1.43871725  0.05614035  5.53333333  0.26842105
  5.2        -1.70538521]",297.95715498924255
0.041056,[-0.0162673],"[ 0.04736842  5.6         0.25964912  5.26666667 -1.64207029  0.05263158
  5.63333333  0.26315789  5.16666667 -1.43871725  0.05614035  5.53333333
  0.26842105  5.2        -1.70538521  0.05964912  5.46666667  0.27368421
  5.23333333 -1.0162673 ]",298.0365719795227
0.048684,[-0.14400296],"[ 0.05263158  5.63333333  0.26315789  5.16666667 -1.43871725  0.05614035
  5.53333333  0.26842105  5.2        -1.70538521  0.05964912  5.46666667
  0.27368421  5.23333333 -1.0162673   0.06491228  5.53333333  0.27719298
  5.16666667 -1.14400291]",298.12035298347473
0.053776000000000004,[0.26903626],"[ 0.05614035  5.53333333  0.26842105  5.2        -1.70538521  0.05964912
  5.46666667  0.27368421  5.23333333 -1.0162673   0.06491228  5.53333333
  0.27719298  5.16666667 -1.14400291  0.06842105  5.56666667  0.28070175
  5.06666667 -0.73096371]",298.19851517677307
0.058928,[-0.92640144],"[ 0.05964912  5.46666667  0.27368421  5.23333333 -1.0162673   0.06491228
  5.53333333  0.27719298  5.16666667 -1.14400291  0.06842105  5.56666667
  0.28070175  5.06666667 -0.73096371  0.07192982  5.6         0.28421053
  5.         -1.92640138]",298.2827887535095
0.06387999999999999,[-0.7665014],"[ 0.06491228  5.53333333  0.27719298  5.16666667 -1.14400291  0.06842105
  5.56666667  0.28070175  5.06666667 -0.73096371  0.07192982  5.6
  0.28421053  5.         -1.92640138  0.07368421  5.6         0.28421053
  4.93333333 -1.76650143]",298.3628852367401
0.06408,[0.43271312],"[ 0.06842105  5.56666667  0.28070175  5.06666667 -0.73096371  0.07192982
  5.6         0.28421053  5.         -1.92640138  0.07368421  5.6
  0.28421053  4.93333333 -1.76650143  0.07368421  5.36666667  0.28596491
  5.13333333 -0.56728685]",298.43631768226624
0.066636,[0.41120675],"[ 0.07192982  5.6         0.28421053  5.         -1.92640138  0.07368421
  5.6         0.28421053  4.93333333 -1.76650143  0.07368421  5.36666667
  0.28596491  5.13333333 -0.56728685  0.0754386   5.36666667  0.28947368
  5.2        -0.58879328]",298.522807598114
0.071628,[0.29452628],"[ 0.07368421  5.6         0.28421053  4.93333333 -1.76650143  0.07368421
  5.36666667  0.28596491  5.13333333 -0.56728685  0.0754386   5.36666667
  0.28947368  5.2        -0.58879328  0.08070175  5.53333333  0.29122807
  4.93333333 -0.70547372]",298.59720063209534
0.08436800000000001,[0.5101703],"[ 0.07368421  5.36666667  0.28596491  5.13333333 -0.56728685  0.0754386
  5.36666667  0.28947368  5.2        -0.58879328  0.08070175  5.53333333
  0.29122807  4.93333333 -0.70547372  0.0877193   5.56666667  0.29649123
  4.8        -0.48982972]",298.6765863895416
0.08944,[0.44762054],"[ 0.0754386   5.36666667  0.28947368  5.2        -0.58879328  0.08070175
  5.53333333  0.29122807  4.93333333 -0.70547372  0.0877193   5.56666667
  0.29649123  4.8        -0.48982972  0.09298246  5.56666667  0.30175439
  4.7        -0.55237949]",298.76040840148926
0.09722800000000001,[0.79014885],"[ 0.08070175  5.53333333  0.29122807  4.93333333 -0.70547372  0.0877193
  5.56666667  0.29649123  4.8        -0.48982972  0.09298246  5.56666667
  0.30175439  4.7        -0.55237949  0.1         5.56666667  0.30701754
  4.56666667 -0.20985115]",298.8427734375
0.09980400000000002,[0.45088243],"[ 0.0877193   5.56666667  0.29649123  4.8        -0.48982972  0.09298246
  5.56666667  0.30175439  4.7        -0.55237949  0.1         5.56666667
  0.30701754  4.56666667 -0.20985115  0.10350877  5.56666667  0.31052632
  4.43333333 -0.54911757]",298.922739982605
0.099824,[-0.91847765],"[ 0.09298246  5.56666667  0.30175439  4.7        -0.55237949  0.1
  5.56666667  0.30701754  4.56666667 -0.20985115  0.10350877  5.56666667
  0.31052632  4.43333333 -0.54911757  0.10526316  5.6         0.31052632
  4.33333333 -1.91847765]",298.99896335601807
0.094772,[0.40834132],"[ 0.1         5.56666667  0.30701754  4.56666667 -0.20985115  0.10350877
  5.56666667  0.31052632  4.43333333 -0.54911757  0.10526316  5.6
  0.31052632  4.33333333 -1.91847765  0.10526316  5.56666667  0.31052632
  4.36666667 -0.59165871]",299.0763397216797
0.08466800000000001,[0.39893427],"[ 0.10350877  5.56666667  0.31052632  4.43333333 -0.54911757  0.10526316
  5.6         0.31052632  4.33333333 -1.91847765  0.10526316  5.56666667
  0.31052632  4.36666667 -0.59165871  0.10175439  5.4         0.3122807
  4.5        -0.60106575]",299.16276574134827
0.08967999999999998,[0.805302],"[ 0.10526316  5.6         0.31052632  4.33333333 -1.91847765  0.10526316
  5.56666667  0.31052632  4.36666667 -0.59165871  0.10175439  5.4
  0.3122807   4.5        -0.60106575  0.10526316  5.46666667  0.31052632
  4.33333333 -0.19469798]",299.242840051651
0.092076,[0.59824884],"[ 0.10526316  5.56666667  0.31052632  4.36666667 -0.59165871  0.10175439
  5.4         0.3122807   4.5        -0.60106575  0.10526316  5.46666667
  0.31052632  4.33333333 -0.19469798  0.10877193  5.6         0.3122807
  4.06666667 -0.40175116]",299.3223149776459
0.09455200000000001,[0.65911376],"[ 0.10175439  5.4         0.3122807   4.5        -0.60106575  0.10526316
  5.46666667  0.31052632  4.33333333 -0.19469798  0.10877193  5.6
  0.3122807   4.06666667 -0.40175116  0.1122807   5.63333333  0.31578947
  3.93333333 -0.34088624]",299.39642691612244
0.09201600000000001,[0.507025],"[ 0.10526316  5.46666667  0.31052632  4.33333333 -0.19469798  0.10877193
  5.6         0.3122807   4.06666667 -0.40175116  0.1122807   5.63333333
  0.31578947  3.93333333 -0.34088624  0.11578947  5.63333333  0.31754386
  3.8        -0.492975  ]",299.48114013671875
0.12776,[-0.67156446],"[ 0.10877193  5.6         0.3122807   4.06666667 -0.40175116  0.1122807
  5.63333333  0.31578947  3.93333333 -0.34088624  0.11578947  5.63333333
  0.31754386  3.8        -0.492975    0.14385965  5.6         0.31929825
  3.63333333 -1.67156446]",299.55615234375
0.125164,[0.36698088],"[ 0.1122807   5.63333333  0.31578947  3.93333333 -0.34088624  0.11578947
  5.63333333  0.31754386  3.8        -0.492975    0.14385965  5.6
  0.31929825  3.63333333 -1.67156446  0.14561404  5.6         0.32105263
  3.6        -0.63301909]",299.6404139995575
0.07180800000000001,[-0.03138018],"[ 0.11578947  5.63333333  0.31754386  3.8        -0.492975    0.14385965
  5.6         0.31929825  3.63333333 -1.67156446  0.14561404  5.6
  0.32105263  3.6        -0.63301909  0.11403509  5.13333333  0.32105263
  3.66666667 -1.03138018]",299.71788597106934
0.10988800000000001,[-0.08270935],"[ 0.14385965  5.6         0.31929825  3.63333333 -1.67156446  0.14561404
  5.6         0.32105263  3.6        -0.63301909  0.11403509  5.13333333
  0.32105263  3.66666667 -1.03138018  0.14385965  5.6         0.31929825
  3.6        -1.08270931]",299.79645705223083
0.06162400000000001,[-0.95094097],"[ 0.14561404  5.6         0.32105263  3.6        -0.63301909  0.11403509
  5.13333333  0.32105263  3.66666667 -1.03138018  0.14385965  5.6
  0.31929825  3.6        -1.08270931  0.11403509  5.13333333  0.31929825
  3.63333333 -1.95094097]",299.8803780078888
0.059148,[0.18884645],"[ 0.11403509  5.13333333  0.32105263  3.66666667 -1.03138018  0.14385965
  5.6         0.31929825  3.6        -1.08270931  0.11403509  5.13333333
  0.31929825  3.63333333 -1.95094097  0.11403509  5.          0.32105263
  3.7        -0.81115353]",299.9596915245056
0.0642,[-0.5720087],"[ 0.14385965  5.6         0.31929825  3.6        -1.08270931  0.11403509
  5.13333333  0.31929825  3.63333333 -1.95094097  0.11403509  5.
  0.32105263  3.7        -0.81115353  0.11754386  4.86666667  0.32631579
  3.8        -1.57200873]",300.0365674495697
0.06160399999999999,[-0.49064597],"[ 0.11403509  5.13333333  0.31929825  3.63333333 -1.95094097  0.11403509
  5.          0.32105263  3.7        -0.81115353  0.11754386  4.86666667
  0.32631579  3.8        -1.57200873  0.11754386  4.93333333  0.32631579
  3.66666667 -1.490646  ]",300.1212558746338
0.056632000000000016,[-0.6882336],"[ 0.11403509  5.          0.32105263  3.7        -0.81115353  0.11754386
  4.86666667  0.32631579  3.8        -1.57200873  0.11754386  4.93333333
  0.32631579  3.66666667 -1.490646    0.11929825  4.86666667  0.32807018
  3.66666667 -1.68823361]",300.1992518901825
0.046467999999999995,[-0.85814244],"[ 0.11754386  4.86666667  0.32631579  3.8        -1.57200873  0.11754386
  4.93333333  0.32631579  3.66666667 -1.490646    0.11929825  4.86666667
  0.32807018  3.66666667 -1.68823361  0.11929825  4.8         0.33157895
  3.7        -1.85814238]",300.2765944004059
0.043991999999999996,[0.68652916],"[ 0.11754386  4.93333333  0.32631579  3.66666667 -1.490646    0.11929825
  4.86666667  0.32807018  3.66666667 -1.68823361  0.11929825  4.8
  0.33157895  3.7        -1.85814238  0.12280702  4.66666667  0.33333333
  3.7        -0.31347084]",300.36122393608093
0.03634399999999999,[0.34830382],"[ 0.11929825  4.86666667  0.32807018  3.66666667 -1.68823361  0.11929825
  4.8         0.33157895  3.7        -1.85814238  0.12280702  4.66666667
  0.33333333  3.7        -0.31347084  0.1245614   4.63333333  0.33508772
  3.66666667 -0.65169621]",300.43740463256836
0.06150399999999998,[0.33737338],"[ 0.11929825  4.8         0.33157895  3.7        -1.85814238  0.12280702
  4.66666667  0.33333333  3.7        -0.31347084  0.1245614   4.63333333
  0.33508772  3.66666667 -0.65169621  0.14561404  5.3         0.33508772
  3.63333333 -0.66262662]",300.522732257843
0.061504,[-0.7603908],"[ 0.12280702  4.66666667  0.33333333  3.7        -0.31347084  0.1245614
  4.63333333  0.33508772  3.66666667 -0.65169621  0.14561404  5.3
  0.33508772  3.63333333 -0.66262662  0.14736842  5.33333333  0.33508772
  3.66666667 -1.76039076]",300.59862637519836
0.06152400000000002,[0.69249463],"[ 0.1245614   4.63333333  0.33508772  3.66666667 -0.65169621  0.14561404
  5.3         0.33508772  3.63333333 -0.66262662  0.14736842  5.33333333
  0.33508772  3.66666667 -1.76039076  0.14736842  5.26666667  0.33508772
  3.7        -0.30750537]",300.67618560791016
0.06144400000000001,[-0.15382051],"[ 0.14561404  5.3         0.33508772  3.63333333 -0.66262662  0.14736842
  5.33333333  0.33508772  3.66666667 -1.76039076  0.14736842  5.26666667
  0.33508772  3.7        -0.30750537  0.14385965  5.23333333  0.33859649
  3.86666667 -1.15382051]",300.76119089126587
0.06146400000000003,[-0.0992227],"[ 0.14736842  5.33333333  0.33508772  3.66666667 -1.76039076  0.14736842
  5.26666667  0.33508772  3.7        -0.30750537  0.14385965  5.23333333
  0.33859649  3.86666667 -1.15382051  0.14736842  5.26666667  0.34210526
  3.9        -1.09922266]",300.8428409099579
0.056412,[-0.57817626],"[ 0.14736842  5.26666667  0.33508772  3.7        -0.30750537  0.14385965
  5.23333333  0.33859649  3.86666667 -1.15382051  0.14736842  5.26666667
  0.34210526  3.9        -1.09922266  0.14736842  5.3         0.34561404
  3.96666667 -1.57817626]",300.92276310920715
0.05647199999999999,[-0.3642146],"[ 0.14385965  5.23333333  0.33859649  3.86666667 -1.15382051  0.14736842
  5.26666667  0.34210526  3.9        -1.09922266  0.14736842  5.3
  0.34561404  3.96666667 -1.57817626  0.15087719  5.23333333  0.34912281
  4.         -1.36421466]",301.0029442310333
0.05399600000000002,[-0.18664226],"[ 0.14736842  5.26666667  0.34210526  3.9        -1.09922266  0.14736842
  5.3         0.34561404  3.96666667 -1.57817626  0.15087719  5.23333333
  0.34912281  4.         -1.36421466  0.15263158  5.1         0.35438596
  4.03333333 -1.18664229]",301.0827627182007
0.013080000000000008,[0.65320224],"[ 0.14736842  5.3         0.34561404  3.96666667 -1.57817626  0.15087719
  5.23333333  0.34912281  4.         -1.36421466  0.15263158  5.1
  0.35438596  4.03333333 -1.18664229  0.15263158  5.1         0.35614035
  3.96666667 -0.34679776]",301.1631531715393
0.010483999999999993,[0.30935082],"[ 0.15087719  5.23333333  0.34912281  4.         -1.36421466  0.15263158
  5.1         0.35438596  4.03333333 -1.18664229  0.15263158  5.1
  0.35614035  3.96666667 -0.34679776  0.15263158  5.16666667  0.35438596
  3.96666667 -0.69064915]",301.2428328990936
0.056151999999999966,[0.44701874],"[ 0.15263158  5.1         0.35438596  4.03333333 -1.18664229  0.15263158
  5.1         0.35614035  3.96666667 -0.34679776  0.15263158  5.16666667
  0.35438596  3.96666667 -0.69064915  0.15263158  5.26666667  0.34912281
  3.83333333 -0.55298126]",301.322811126709
0.010423999999999989,[-0.20197596],"[ 0.15263158  5.1         0.35614035  3.96666667 -0.34679776  0.15263158
  5.16666667  0.35438596  3.96666667 -0.69064915  0.15263158  5.26666667
  0.34912281  3.83333333 -0.55298126  0.15087719  5.26666667  0.34561404
  3.8        -1.20197594]",301.4027831554413
0.051039999999999995,[0.8895175],"[ 0.15263158  5.16666667  0.35438596  3.96666667 -0.69064915  0.15263158
  5.26666667  0.34912281  3.83333333 -0.55298126  0.15087719  5.26666667
  0.34561404  3.8        -1.20197594  0.14912281  5.26666667  0.34561404
  3.76666667 -0.11048251]",301.47884154319763
0.05353600000000001,[0.3517979],"[ 0.15263158  5.26666667  0.34912281  3.83333333 -0.55298126  0.15087719
  5.26666667  0.34561404  3.8        -1.20197594  0.14912281  5.26666667
  0.34561404  3.76666667 -0.11048251  0.15087719  5.23333333  0.34736842
  3.83333333 -0.64820206]",301.5561513900757
0.055952,[-0.78473425],"[ 0.15087719  5.26666667  0.34561404  3.8        -1.20197594  0.14912281
  5.26666667  0.34561404  3.76666667 -0.11048251  0.15087719  5.23333333
  0.34736842  3.83333333 -0.64820206  0.15614035  5.33333333  0.34736842
  3.7        -1.78473425]",301.63682532310486
0.056032000000000005,[-0.33584625],"[ 0.14912281  5.26666667  0.34561404  3.76666667 -0.11048251  0.15087719
  5.23333333  0.34736842  3.83333333 -0.64820206  0.15614035  5.33333333
  0.34736842  3.7        -1.78473425  0.15614035  5.26666667  0.35087719
  3.7        -1.33584619]",301.72281670570374
0.05353600000000001,[0.59313875],"[ 0.15087719  5.23333333  0.34736842  3.83333333 -0.64820206  0.15614035
  5.33333333  0.34736842  3.7        -1.78473425  0.15614035  5.26666667
  0.35087719  3.7        -1.33584619  0.15614035  5.1         0.35438596
  3.76666667 -0.40686125]",301.80280923843384
0.056091999999999996,[0.9558339],"[ 0.15614035  5.33333333  0.34736842  3.7        -1.78473425  0.15614035
  5.26666667  0.35087719  3.7        -1.33584619  0.15614035  5.1
  0.35438596  3.76666667 -0.40686125  0.15789474  5.03333333  0.35614035
  3.66666667 -0.04416609]",301.88283252716064
0.058467999999999985,[-0.86550677],"[ 0.15614035  5.26666667  0.35087719  3.7        -1.33584619  0.15614035
  5.1         0.35438596  3.76666667 -0.40686125  0.15789474  5.03333333
  0.35614035  3.66666667 -0.04416609  0.16315789  5.2         0.35789474
  3.63333333 -1.86550677]",301.96436738967896
0.058408000000000015,[-0.4516486],"[ 0.15614035  5.1         0.35438596  3.76666667 -0.40686125  0.15789474
  5.03333333  0.35614035  3.66666667 -0.04416609  0.16315789  5.2
  0.35789474  3.63333333 -1.86550677  0.16491228  5.26666667  0.35789474
  3.66666667 -1.45164859]",302.04279804229736
0.02568000000000001,[0.09800981],"[ 0.15789474  5.03333333  0.35614035  3.66666667 -0.04416609  0.16315789
  5.2         0.35789474  3.63333333 -1.86550677  0.16491228  5.26666667
  0.35789474  3.66666667 -1.45164859  0.16315789  5.1         0.36140351
  3.76666667 -0.90199018]",302.12273693084717
0.023223999999999995,[0.6205575],"[ 0.16315789  5.2         0.35789474  3.63333333 -1.86550677  0.16491228
  5.26666667  0.35789474  3.66666667 -1.45164859  0.16315789  5.1
  0.36140351  3.76666667 -0.90199018  0.16315789  4.96666667  0.36666667
  3.86666667 -0.37944251]",302.20314288139343
0.03081199999999998,[-0.35546678],"[ 0.16491228  5.26666667  0.35789474  3.66666667 -1.45164859  0.16315789
  5.1         0.36140351  3.76666667 -0.90199018  0.16315789  4.96666667
  0.36666667  3.86666667 -0.37944251  0.16842105  5.03333333  0.37017544
  3.8        -1.35546684]",302.28281116485596
0.043492,[0.8206575],"[ 0.16315789  5.1         0.36140351  3.76666667 -0.90199018  0.16315789
  4.96666667  0.36666667  3.86666667 -0.37944251  0.16842105  5.03333333
  0.37017544  3.8        -1.35546684  0.17368421  5.16666667  0.37368421
  3.8        -0.17934251]",302.36289978027344
0.038459999999999994,[-0.28787702],"[ 0.16315789  4.96666667  0.36666667  3.86666667 -0.37944251  0.16842105
  5.03333333  0.37017544  3.8        -1.35546684  0.17368421  5.16666667
  0.37368421  3.8        -0.17934251  0.17368421  5.06666667  0.38070175
  3.96666667 -1.28787708]",302.44287157058716
0.048704000000000025,[-0.9561949],"[ 0.16842105  5.03333333  0.37017544  3.8        -1.35546684  0.17368421
  5.16666667  0.37368421  3.8        -0.17934251  0.17368421  5.06666667
  0.38070175  3.96666667 -1.28787708  0.18070175  5.06666667  0.38245614
  3.83333333 -1.95619488]",302.52708673477173
0.046208,[-0.2021286],"[ 0.17368421  5.16666667  0.37368421  3.8        -0.17934251  0.17368421
  5.06666667  0.38070175  3.96666667 -1.28787708  0.18070175  5.06666667
  0.38245614  3.83333333 -1.95619488  0.18245614  4.9         0.3877193
  3.86666667 -1.20212865]",302.6076762676239
0.04365199999999997,[0.37599704],"[ 0.17368421  5.06666667  0.38070175  3.96666667 -1.28787708  0.18070175
  5.06666667  0.38245614  3.83333333 -1.95619488  0.18245614  4.9
  0.3877193   3.86666667 -1.20212865  0.18245614  4.76666667  0.39473684
  4.13333333 -0.62400293]",302.68695640563965
0.05119999999999997,[0.4875097],"[ 0.18070175  5.06666667  0.38245614  3.83333333 -1.95619488  0.18245614
  4.9         0.3877193   3.86666667 -1.20212865  0.18245614  4.76666667
  0.39473684  4.13333333 -0.62400293  0.1877193   4.96666667  0.39649123
  4.1        -0.51249027]",302.76678466796875
0.05884799999999998,[-0.55784035],"[ 0.18245614  4.9         0.3877193   3.86666667 -1.20212865  0.18245614
  4.76666667  0.39473684  4.13333333 -0.62400293  0.1877193   4.96666667
  0.39649123  4.1        -0.51249027  0.19298246  5.06666667  0.39824561
  3.93333333 -1.55784035]",302.8471312522888
0.06915200000000002,[0.15289842],"[ 0.18245614  4.76666667  0.39473684  4.13333333 -0.62400293  0.1877193
  4.96666667  0.39649123  4.1        -0.51249027  0.19298246  5.06666667
  0.39824561  3.93333333 -1.55784035  0.2         5.03333333  0.40350877
  3.9        -0.84710157]",302.9267375469208
0.07692000000000002,[-0.21885972],"[ 0.1877193   4.96666667  0.39649123  4.1        -0.51249027  0.19298246
  5.06666667  0.39824561  3.93333333 -1.55784035  0.2         5.03333333
  0.40350877  3.9        -0.84710157  0.20350877  4.86666667  0.41052632
  3.96666667 -1.21885967]",303.0066523551941
0.08712399999999998,[-0.60063434],"[ 0.19298246  5.06666667  0.39824561  3.93333333 -1.55784035  0.2
  5.03333333  0.40350877  3.9        -0.84710157  0.20350877  4.86666667
  0.41052632  3.96666667 -1.21885967  0.20877193  4.9         0.41578947
  3.86666667 -1.60063434]",303.08691000938416
0.09225599999999998,[0.5108707],"[ 0.2         5.03333333  0.40350877  3.9        -0.84710157  0.20350877
  4.86666667  0.41052632  3.96666667 -1.21885967  0.20877193  4.9
  0.41578947  3.86666667 -1.60063434  0.21403509  4.83333333  0.42280702
  3.9        -0.4891293 ]",303.1669406890869
0.08981999999999998,[0.10301796],"[ 0.20350877  4.86666667  0.41052632  3.96666667 -1.21885967  0.20877193
  4.9         0.41578947  3.86666667 -1.60063434  0.21403509  4.83333333
  0.42280702  3.9        -0.4891293   0.21754386  4.73333333  0.42807018
  3.93333333 -0.89698207]",303.24681425094604
0.09992399999999999,[0.59078336],"[ 0.20877193  4.9         0.41578947  3.86666667 -1.60063434  0.21403509
  4.83333333  0.42280702  3.9        -0.4891293   0.21754386  4.73333333
  0.42807018  3.93333333 -0.89698207  0.2245614   4.86666667  0.42807018
  3.7        -0.40921664]",303.32680082321167
0.10233999999999999,[-0.8718194],"[ 0.21403509  4.83333333  0.42280702  3.9        -0.4891293   0.21754386
  4.73333333  0.42807018  3.93333333 -0.89698207  0.2245614   4.86666667
  0.42807018  3.7        -0.40921664  0.22631579  4.93333333  0.42807018
  3.66666667 -1.87181938]",303.4067919254303
0.10483599999999997,[-0.22905079],"[ 0.21754386  4.73333333  0.42807018  3.93333333 -0.89698207  0.2245614
  4.86666667  0.42807018  3.7        -0.40921664  0.22631579  4.93333333
  0.42807018  3.66666667 -1.87181938  0.22982456  4.96666667  0.42982456
  3.66666667 -1.22905076]",303.48679542541504
0.09734800000000002,[0.2968381],"[ 0.2245614   4.86666667  0.42807018  3.7        -0.40921664  0.22631579
  4.93333333  0.42807018  3.66666667 -1.87181938  0.22982456  4.96666667
  0.42982456  3.66666667 -1.22905076  0.22982456  4.83333333  0.43508772
  3.83333333 -0.7031619 ]",303.5667841434479
0.097388,[-0.715527],"[ 0.22631579  4.93333333  0.42807018  3.66666667 -1.87181938  0.22982456
  4.96666667  0.42982456  3.66666667 -1.22905076  0.22982456  4.83333333
  0.43508772  3.83333333 -0.7031619   0.23157895  4.83333333  0.44035088
  3.83333333 -1.71552706]",303.6467366218567
0.10747199999999997,[0.4233469],"[ 0.22982456  4.96666667  0.42982456  3.66666667 -1.22905076  0.22982456
  4.83333333  0.43508772  3.83333333 -0.7031619   0.23157895  4.83333333
  0.44035088  3.83333333 -1.71552706  0.23684211  4.9         0.44210526
  3.76666667 -0.57665312]",303.7269034385681
0.11002800000000001,[0.19132577],"[ 0.22982456  4.83333333  0.43508772  3.83333333 -0.7031619   0.23157895
  4.83333333  0.44035088  3.83333333 -1.71552706  0.23684211  4.9
  0.44210526  3.76666667 -0.57665312  0.23859649  4.76666667  0.44912281
  3.9        -0.80867422]",303.80676221847534
