reward,action,obs,time
,,"[0.         0.         0.         0.         0.         0.
 0.         0.         0.         0.         0.         0.
 0.         0.         0.         0.03508772 4.66666667 0.24210526
 5.83333333 0.        ]",43.241292238235474
0.0,[-0.31336746],"[ 0.          0.          0.          0.          0.          0.
  0.          0.          0.          0.          0.03508772  4.66666667
  0.24210526  5.83333333  0.          0.03508772  4.66666667  0.24210526
  5.86666667 -1.31336749]",43.40739464759827
-1.9999999999999185e-05,[-0.41030076],"[ 0.          0.          0.          0.          0.          0.03508772
  4.66666667  0.24210526  5.83333333  0.          0.03508772  4.66666667
  0.24210526  5.86666667 -1.31336749  0.03508772  4.7         0.24210526
  5.83333333 -1.41030073]",43.458526611328125
-0.005632000000000005,[-0.85625106],"[ 0.03508772  4.66666667  0.24210526  5.83333333  0.          0.03508772
  4.66666667  0.24210526  5.86666667 -1.31336749  0.03508772  4.7
  0.24210526  5.83333333 -1.41030073  0.03157895  5.53333333  0.24561404
  5.5        -1.856251  ]",43.512269020080566
-0.008188,[-0.72556734],"[ 0.03508772  4.66666667  0.24210526  5.86666667 -1.31336749  0.03508772
  4.7         0.24210526  5.83333333 -1.41030073  0.03157895  5.53333333
  0.24561404  5.5        -1.856251    0.02982456  5.53333333  0.24561404
  5.5        -1.72556734]",43.55806493759155
-0.008188,[-0.7878258],"[ 0.03508772  4.7         0.24210526  5.83333333 -1.41030073  0.03157895
  5.53333333  0.24561404  5.5        -1.856251    0.02982456  5.53333333
  0.24561404  5.5        -1.72556734  0.02982456  5.53333333  0.24561404
  5.5        -1.78782582]",43.60874676704407
-0.005611999999999999,[-0.76019394],"[ 0.03157895  5.53333333  0.24561404  5.5        -1.856251    0.02982456
  5.53333333  0.24561404  5.5        -1.72556734  0.02982456  5.53333333
  0.24561404  5.5        -1.78782582  0.03157895  5.5         0.24561404
  5.56666667 -1.76019394]",43.66137886047363
-0.002936000000000001,[-0.74033785],"[ 0.02982456  5.53333333  0.24561404  5.5        -1.72556734  0.02982456
  5.53333333  0.24561404  5.5        -1.78782582  0.03157895  5.5
  0.24561404  5.56666667 -1.76019394  0.03333333  5.3         0.24736842
  5.7        -1.74033785]",43.71540546417236
-0.002916000000000002,[-0.7848235],"[ 0.02982456  5.53333333  0.24561404  5.5        -1.78782582  0.03157895
  5.5         0.24561404  5.56666667 -1.76019394  0.03333333  5.3
  0.24736842  5.7        -1.74033785  0.03333333  5.26666667  0.24736842
  5.73333333 -1.78482342]",43.7647602558136
-0.0028960000000000027,[-0.79174995],"[ 0.03157895  5.5         0.24561404  5.56666667 -1.76019394  0.03333333
  5.3         0.24736842  5.7        -1.74033785  0.03333333  5.26666667
  0.24736842  5.73333333 -1.78482342  0.03333333  5.23333333  0.24736842
  5.76666667 -1.79174995]",43.808692932128906
-0.0028960000000000027,[-0.7583388],"[ 0.03333333  5.3         0.24736842  5.7        -1.74033785  0.03333333
  5.26666667  0.24736842  5.73333333 -1.78482342  0.03333333  5.23333333
  0.24736842  5.76666667 -1.79174995  0.03333333  5.23333333  0.24736842
  5.8        -1.75833881]",43.876256227493286
-0.00032000000000000084,[-0.77261245],"[ 0.03333333  5.26666667  0.24736842  5.73333333 -1.78482342  0.03333333
  5.23333333  0.24736842  5.76666667 -1.79174995  0.03333333  5.23333333
  0.24736842  5.8        -1.75833881  0.03508772  5.2         0.24912281
  5.83333333 -1.77261245]",43.95216941833496
0.002235999999999995,[-0.8250242],"[ 0.03333333  5.23333333  0.24736842  5.76666667 -1.79174995  0.03333333
  5.23333333  0.24736842  5.8        -1.75833881  0.03508772  5.2
  0.24912281  5.83333333 -1.77261245  0.03684211  5.2         0.24912281
  5.86666667 -1.82502413]",44.038816690444946
0.002235999999999995,[-0.70490134],"[ 0.03333333  5.23333333  0.24736842  5.8        -1.75833881  0.03508772
  5.2         0.24912281  5.83333333 -1.77261245  0.03684211  5.2
  0.24912281  5.86666667 -1.82502413  0.03684211  5.2         0.24912281
  5.93333333 -1.70490134]",44.113959074020386
0.002235999999999995,[-0.6996166],"[ 0.03508772  5.2         0.24912281  5.83333333 -1.77261245  0.03684211
  5.2         0.24912281  5.86666667 -1.82502413  0.03684211  5.2
  0.24912281  5.93333333 -1.70490134  0.03684211  5.2         0.24912281
  5.96666667 -1.69961667]",44.19236660003662
0.002235999999999995,[-0.67637634],"[ 0.03684211  5.2         0.24912281  5.86666667 -1.82502413  0.03684211
  5.2         0.24912281  5.93333333 -1.70490134  0.03684211  5.2
  0.24912281  5.96666667 -1.69961667  0.03684211  5.2         0.24912281
  5.96666667 -1.67637634]",44.27630162239075
0.004811999999999997,[-0.7497498],"[ 0.03684211  5.2         0.24912281  5.93333333 -1.70490134  0.03684211
  5.2         0.24912281  5.96666667 -1.69961667  0.03684211  5.2
  0.24912281  5.96666667 -1.67637634  0.03859649  5.16666667  0.24912281
  5.96666667 -1.74974978]",44.352649211883545
0.004831999999999996,[-0.7975383],"[ 0.03684211  5.2         0.24912281  5.96666667 -1.69961667  0.03684211
  5.2         0.24912281  5.96666667 -1.67637634  0.03859649  5.16666667
  0.24912281  5.96666667 -1.74974978  0.03859649  5.13333333  0.24912281
  6.         -1.79753828]",44.43256974220276
0.004831999999999996,[-0.74030364],"[ 0.03684211  5.2         0.24912281  5.96666667 -1.67637634  0.03859649
  5.16666667  0.24912281  5.96666667 -1.74974978  0.03859649  5.13333333
  0.24912281  6.         -1.79753828  0.03859649  5.13333333  0.24912281
  6.         -1.74030364]",44.51855969429016
0.004831999999999996,[-0.75196147],"[ 0.03859649  5.16666667  0.24912281  5.96666667 -1.74974978  0.03859649
  5.13333333  0.24912281  6.         -1.79753828  0.03859649  5.13333333
  0.24912281  6.         -1.74030364  0.03859649  5.13333333  0.24912281
  6.         -1.75196147]",44.59940242767334
0.0022959999999999994,[-0.8043318],"[ 0.03859649  5.13333333  0.24912281  6.         -1.79753828  0.03859649
  5.13333333  0.24912281  6.         -1.74030364  0.03859649  5.13333333
  0.24912281  6.         -1.75196147  0.03684211  5.1         0.24736842
  6.03333333 -1.80433178]",44.67212104797363
0.0023159999999999986,[-0.61975276],"[ 0.03859649  5.13333333  0.24912281  6.         -1.74030364  0.03859649
  5.13333333  0.24912281  6.         -1.75196147  0.03684211  5.1
  0.24736842  6.03333333 -1.80433178  0.03684211  5.06666667  0.24736842
  6.03333333 -1.61975276]",44.75916886329651
0.0048920000000000005,[-0.7430186],"[ 0.03859649  5.13333333  0.24912281  6.         -1.75196147  0.03684211
  5.1         0.24736842  6.03333333 -1.80433178  0.03684211  5.06666667
  0.24736842  6.03333333 -1.61975276  0.03859649  5.06666667  0.24912281
  6.03333333 -1.74301863]",44.833454847335815
0.010484,[-0.716159],"[ 0.03684211  5.1         0.24736842  6.03333333 -1.80433178  0.03684211
  5.06666667  0.24736842  6.03333333 -1.61975276  0.03859649  5.06666667
  0.24912281  6.03333333 -1.74301863  0.03859649  5.1         0.24912281
  6.03333333 -1.71615899]",44.91207146644592
0.013060000000000002,[-0.69525075],"[ 0.03684211  5.06666667  0.24736842  6.03333333 -1.61975276  0.03859649
  5.06666667  0.24912281  6.03333333 -1.74301863  0.03859649  5.1
  0.24912281  6.03333333 -1.71615899  0.03859649  5.06666667  0.24912281
  6.06666667 -1.69525075]",44.996315717697144
0.013060000000000002,[-0.5571174],"[ 0.03859649  5.06666667  0.24912281  6.03333333 -1.74301863  0.03859649
  5.1         0.24912281  6.03333333 -1.71615899  0.03859649  5.06666667
  0.24912281  6.06666667 -1.69525075  0.03859649  5.06666667  0.24912281
  6.06666667 -1.55711746]",45.07988667488098
0.010484,[-0.79453707],"[ 0.03859649  5.1         0.24912281  6.03333333 -1.71615899  0.03859649
  5.06666667  0.24912281  6.06666667 -1.69525075  0.03859649  5.06666667
  0.24912281  6.06666667 -1.55711746  0.03859649  5.06666667  0.24736842
  6.03333333 -1.79453707]",45.15302395820618
0.0078080000000000024,[-0.6872034],"[ 0.03859649  5.06666667  0.24912281  6.06666667 -1.69525075  0.03859649
  5.06666667  0.24912281  6.06666667 -1.55711746  0.03859649  5.06666667
  0.24736842  6.03333333 -1.79453707  0.03859649  5.06666667  0.24736842
  6.03333333 -1.68720341]",45.24233436584473
0.007828000000000002,[-0.7175261],"[ 0.03859649  5.06666667  0.24912281  6.06666667 -1.55711746  0.03859649
  5.06666667  0.24736842  6.03333333 -1.79453707  0.03859649  5.06666667
  0.24736842  6.03333333 -1.68720341  0.03859649  5.          0.24736842
  6.06666667 -1.71752608]",45.31856322288513
0.007788000000000003,[-0.82066697],"[ 0.03859649  5.06666667  0.24736842  6.03333333 -1.79453707  0.03859649
  5.06666667  0.24736842  6.03333333 -1.68720341  0.03859649  5.
  0.24736842  6.06666667 -1.71752608  0.03859649  5.03333333  0.24736842
  6.06666667 -1.82066703]",45.392078161239624
0.0078080000000000024,[-0.6092739],"[ 0.03859649  5.06666667  0.24736842  6.03333333 -1.68720341  0.03859649
  5.          0.24736842  6.06666667 -1.71752608  0.03859649  5.03333333
  0.24736842  6.06666667 -1.82066703  0.03859649  5.          0.24736842
  6.06666667 -1.60927391]",45.47904658317566
0.0052320000000000005,[-0.85430074],"[ 0.03859649  5.          0.24736842  6.06666667 -1.71752608  0.03859649
  5.03333333  0.24736842  6.06666667 -1.82066703  0.03859649  5.
  0.24736842  6.06666667 -1.60927391  0.03859649  5.          0.24736842
  6.03333333 -1.85430074]",45.563992500305176
0.0026760000000000048,[-0.6296252],"[ 0.03859649  5.03333333  0.24736842  6.06666667 -1.82066703  0.03859649
  5.          0.24736842  6.06666667 -1.60927391  0.03859649  5.
  0.24736842  6.03333333 -1.85430074  0.03859649  5.          0.24736842
  6.03333333 -1.6296252 ]",45.640719175338745
0.002716000000000003,[-0.78974646],"[ 0.03859649  5.          0.24736842  6.06666667 -1.60927391  0.03859649
  5.          0.24736842  6.03333333 -1.85430074  0.03859649  5.
  0.24736842  6.03333333 -1.6296252   0.03859649  4.93333333  0.24736842
  6.06666667 -1.78974652]",45.718589067459106
0.002696000000000004,[-0.7415459],"[ 0.03859649  5.          0.24736842  6.03333333 -1.85430074  0.03859649
  5.          0.24736842  6.03333333 -1.6296252   0.03859649  4.93333333
  0.24736842  6.06666667 -1.78974652  0.03859649  4.96666667  0.24736842
  6.03333333 -1.74154592]",45.798839807510376
0.002716000000000003,[-0.7598256],"[ 0.03859649  5.          0.24736842  6.03333333 -1.6296252   0.03859649
  4.93333333  0.24736842  6.06666667 -1.78974652  0.03859649  4.96666667
  0.24736842  6.03333333 -1.74154592  0.03859649  4.93333333  0.24736842
  6.06666667 -1.75982559]",45.87868404388428
0.00014000000000000123,[-0.7205548],"[ 0.03859649  4.93333333  0.24736842  6.06666667 -1.78974652  0.03859649
  4.96666667  0.24736842  6.03333333 -1.74154592  0.03859649  4.93333333
  0.24736842  6.06666667 -1.75982559  0.03859649  4.93333333  0.24561404
  6.03333333 -1.72055483]",45.95213460922241
0.00016000000000000042,[-0.76408803],"[ 0.03859649  4.96666667  0.24736842  6.03333333 -1.74154592  0.03859649
  4.93333333  0.24736842  6.06666667 -1.75982559  0.03859649  4.93333333
  0.24561404  6.03333333 -1.72055483  0.03859649  4.86666667  0.24561404
  6.03333333 -1.76408803]",46.03879475593567
-0.0023959999999999954,[-0.5477422],"[ 0.03859649  4.93333333  0.24736842  6.06666667 -1.75982559  0.03859649
  4.93333333  0.24561404  6.03333333 -1.72055483  0.03859649  4.86666667
  0.24561404  6.03333333 -1.76408803  0.03684211  4.86666667  0.24561404
  6.03333333 -1.54774213]",46.119688987731934
-0.0023959999999999954,[-0.755713],"[ 0.03859649  4.93333333  0.24561404  6.03333333 -1.72055483  0.03859649
  4.86666667  0.24561404  6.03333333 -1.76408803  0.03684211  4.86666667
  0.24561404  6.03333333 -1.54774213  0.03684211  4.86666667  0.24561404
  6.03333333 -1.75571299]",46.19613480567932
0.00014000000000000123,[-0.76135844],"[ 0.03859649  4.86666667  0.24561404  6.03333333 -1.76408803  0.03684211
  4.86666667  0.24561404  6.03333333 -1.54774213  0.03684211  4.86666667
  0.24561404  6.03333333 -1.75571299  0.03684211  4.86666667  0.24385965
  6.03333333 -1.7613585 ]",46.27852773666382
0.00014000000000000123,[-0.7829153],"[ 0.03684211  4.86666667  0.24561404  6.03333333 -1.54774213  0.03684211
  4.86666667  0.24561404  6.03333333 -1.75571299  0.03684211  4.86666667
  0.24385965  6.03333333 -1.7613585   0.03684211  4.83333333  0.24385965
  6.03333333 -1.78291535]",46.358816623687744
-0.0023960000000000023,[-0.8417318],"[ 0.03684211  4.86666667  0.24561404  6.03333333 -1.75571299  0.03684211
  4.86666667  0.24385965  6.03333333 -1.7613585   0.03684211  4.83333333
  0.24385965  6.03333333 -1.78291535  0.03684211  4.8         0.24385965
  6.03333333 -1.84173179]",46.441720485687256
-0.002355999999999997,[-0.6433978],"[ 0.03684211  4.86666667  0.24385965  6.03333333 -1.7613585   0.03684211
  4.83333333  0.24385965  6.03333333 -1.78291535  0.03684211  4.8
  0.24385965  6.03333333 -1.84173179  0.03684211  4.76666667  0.24210526
  6.03333333 -1.64339781]",46.51208567619324
-0.004932000000000006,[-0.68647254],"[ 0.03684211  4.83333333  0.24385965  6.03333333 -1.78291535  0.03684211
  4.8         0.24385965  6.03333333 -1.84173179  0.03684211  4.76666667
  0.24210526  6.03333333 -1.64339781  0.03508772  4.76666667  0.24210526
  6.         -1.68647254]",46.59204816818237
-0.002376000000000003,[-0.8433434],"[ 0.03684211  4.8         0.24385965  6.03333333 -1.84173179  0.03684211
  4.76666667  0.24210526  6.03333333 -1.64339781  0.03508772  4.76666667
  0.24210526  6.         -1.68647254  0.03684211  4.76666667  0.24385965
  6.         -1.84334338]",46.67219924926758
-0.002356000000000004,[-0.6841589],"[ 0.03684211  4.76666667  0.24210526  6.03333333 -1.64339781  0.03508772
  4.76666667  0.24210526  6.         -1.68647254  0.03684211  4.76666667
  0.24385965  6.         -1.84334338  0.03684211  4.73333333  0.24210526
  6.         -1.68415892]",46.7562472820282
-0.002356000000000004,[-0.7061425],"[ 0.03508772  4.76666667  0.24210526  6.         -1.68647254  0.03684211
  4.76666667  0.24385965  6.         -1.84334338  0.03684211  4.73333333
  0.24210526  6.         -1.68415892  0.03684211  4.73333333  0.24385965
  6.         -1.70614243]",46.83780860900879
-0.004951999999999998,[-0.7019979],"[ 0.03684211  4.76666667  0.24385965  6.         -1.84334338  0.03684211
  4.73333333  0.24210526  6.         -1.68415892  0.03684211  4.73333333
  0.24385965  6.         -1.70614243  0.03508772  4.73333333  0.24210526
  5.96666667 -1.70199788]",46.91862154006958
-0.004912,[-0.6015954],"[ 0.03684211  4.73333333  0.24210526  6.         -1.68415892  0.03684211
  4.73333333  0.24385965  6.         -1.70614243  0.03508772  4.73333333
  0.24210526  5.96666667 -1.70199788  0.03508772  4.7         0.24035088
  5.96666667 -1.6015954 ]",46.99855947494507
-0.004951999999999998,[-0.6996432],"[ 0.03684211  4.73333333  0.24385965  6.         -1.70614243  0.03508772
  4.73333333  0.24210526  5.96666667 -1.70199788  0.03508772  4.7
  0.24035088  5.96666667 -1.6015954   0.03508772  4.73333333  0.24035088
  5.96666667 -1.69964314]",47.07947778701782
-0.004951999999999998,[-0.76353884],"[ 0.03508772  4.73333333  0.24210526  5.96666667 -1.70199788  0.03508772
  4.7         0.24035088  5.96666667 -1.6015954   0.03508772  4.73333333
  0.24035088  5.96666667 -1.69964314  0.03508772  4.73333333  0.24035088
  5.96666667 -1.76353884]",47.158854722976685
-0.004912,[-0.78985584],"[ 0.03508772  4.7         0.24035088  5.96666667 -1.6015954   0.03508772
  4.73333333  0.24035088  5.96666667 -1.69964314  0.03508772  4.73333333
  0.24035088  5.96666667 -1.76353884  0.03508772  4.66666667  0.24035088
  5.96666667 -1.78985584]",47.23834466934204
-0.004951999999999998,[-0.74317867],"[ 0.03508772  4.73333333  0.24035088  5.96666667 -1.69964314  0.03508772
  4.73333333  0.24035088  5.96666667 -1.76353884  0.03508772  4.66666667
  0.24035088  5.96666667 -1.78985584  0.03508772  4.66666667  0.24035088
  5.96666667 -1.74317861]",47.31244206428528
-0.004912,[-0.7061131],"[ 0.03508772  4.73333333  0.24035088  5.96666667 -1.76353884  0.03508772
  4.66666667  0.24035088  5.96666667 -1.78985584  0.03508772  4.66666667
  0.24035088  5.96666667 -1.74317861  0.03508772  4.63333333  0.24035088
  5.96666667 -1.7061131 ]",47.398677349090576
-0.007488000000000002,[-0.75929344],"[ 0.03508772  4.66666667  0.24035088  5.96666667 -1.78985584  0.03508772
  4.66666667  0.24035088  5.96666667 -1.74317861  0.03508772  4.63333333
  0.24035088  5.96666667 -1.7061131   0.03333333  4.63333333  0.24035088
  5.93333333 -1.75929344]",47.478574991226196
-0.007488000000000002,[-0.7059028],"[ 0.03508772  4.66666667  0.24035088  5.96666667 -1.74317861  0.03508772
  4.63333333  0.24035088  5.96666667 -1.7061131   0.03333333  4.63333333
  0.24035088  5.93333333 -1.75929344  0.03333333  4.63333333  0.23859649
  5.93333333 -1.70590281]",47.5623345375061
-0.007508000000000001,[-0.647063],"[ 0.03508772  4.63333333  0.24035088  5.96666667 -1.7061131   0.03333333
  4.63333333  0.24035088  5.93333333 -1.75929344  0.03333333  4.63333333
  0.23859649  5.93333333 -1.70590281  0.03333333  4.6         0.23859649
  5.93333333 -1.64706302]",47.64332175254822
-0.004972000000000004,[-0.71915174],"[ 0.03333333  4.63333333  0.24035088  5.93333333 -1.75929344  0.03333333
  4.63333333  0.23859649  5.93333333 -1.70590281  0.03333333  4.6
  0.23859649  5.93333333 -1.64706302  0.03333333  4.63333333  0.24035088
  5.93333333 -1.71915174]",47.71674394607544
-0.004972000000000004,[-0.7849182],"[ 0.03333333  4.63333333  0.23859649  5.93333333 -1.70590281  0.03333333
  4.6         0.23859649  5.93333333 -1.64706302  0.03333333  4.63333333
  0.24035088  5.93333333 -1.71915174  0.03333333  4.63333333  0.23859649
  5.93333333 -1.78491819]",47.798707008361816
-0.004952000000000005,[-0.77794677],"[ 0.03333333  4.6         0.23859649  5.93333333 -1.64706302  0.03333333
  4.63333333  0.24035088  5.93333333 -1.71915174  0.03333333  4.63333333
  0.23859649  5.93333333 -1.78491819  0.03333333  4.6         0.23859649
  5.93333333 -1.77794671]",47.878775119781494
-0.004972000000000004,[-0.6169949],"[ 0.03333333  4.63333333  0.24035088  5.93333333 -1.71915174  0.03333333
  4.63333333  0.23859649  5.93333333 -1.78491819  0.03333333  4.6
  0.23859649  5.93333333 -1.77794671  0.03333333  4.6         0.23859649
  5.93333333 -1.61699486]",47.952073097229004
-0.004992000000000003,[-0.46657184],"[ 0.03333333  4.63333333  0.23859649  5.93333333 -1.78491819  0.03333333
  4.6         0.23859649  5.93333333 -1.77794671  0.03333333  4.6
  0.23859649  5.93333333 -1.61699486  0.03333333  4.6         0.23859649
  5.93333333 -1.46657181]",48.032283544540405
-0.005032000000000002,[-0.72693264],"[ 0.03333333  4.6         0.23859649  5.93333333 -1.77794671  0.03333333
  4.6         0.23859649  5.93333333 -1.61699486  0.03333333  4.6
  0.23859649  5.93333333 -1.46657181  0.03333333  4.63333333  0.24035088
  5.9        -1.72693264]",48.11875939369202
0.00010000000000000286,[-0.6743957],"[ 0.03333333  4.6         0.23859649  5.93333333 -1.61699486  0.03333333
  4.6         0.23859649  5.93333333 -1.46657181  0.03333333  4.63333333
  0.24035088  5.9        -1.72693264  0.03508772  4.6         0.24035088
  5.96666667 -1.67439568]",48.204002141952515
-0.002456,[-0.7180164],"[ 0.03333333  4.6         0.23859649  5.93333333 -1.46657181  0.03333333
  4.63333333  0.24035088  5.9        -1.72693264  0.03508772  4.6
  0.24035088  5.96666667 -1.67439568  0.03508772  4.6         0.24035088
  6.         -1.71801639]",48.278342485427856
8.000000000000368e-05,[-0.7140457],"[ 0.03333333  4.63333333  0.24035088  5.9        -1.72693264  0.03508772
  4.6         0.24035088  5.96666667 -1.67439568  0.03508772  4.6
  0.24035088  6.         -1.71801639  0.03684211  4.6         0.24035088
  6.         -1.71404576]",48.35879611968994
0.00010000000000000286,[-0.6154419],"[ 0.03508772  4.6         0.24035088  5.96666667 -1.67439568  0.03508772
  4.6         0.24035088  6.         -1.71801639  0.03684211  4.6
  0.24035088  6.         -1.71404576  0.03684211  4.56666667  0.23859649
  6.         -1.61544192]",48.4380624294281
0.0026559999999999986,[-0.73343384],"[ 0.03508772  4.6         0.24035088  6.         -1.71801639  0.03684211
  4.6         0.24035088  6.         -1.71404576  0.03684211  4.56666667
  0.23859649  6.         -1.61544192  0.03684211  4.56666667  0.23859649
  6.03333333 -1.73343384]",48.5185706615448
0.0026359999999999995,[-0.79033476],"[ 0.03684211  4.6         0.24035088  6.         -1.71404576  0.03684211
  4.56666667  0.23859649  6.         -1.61544192  0.03684211  4.56666667
  0.23859649  6.03333333 -1.73343384  0.03684211  4.56666667  0.23859649
  6.03333333 -1.7903347 ]",48.59852862358093
0.0026559999999999986,[-0.4672002],"[ 0.03684211  4.56666667  0.23859649  6.         -1.61544192  0.03684211
  4.56666667  0.23859649  6.03333333 -1.73343384  0.03684211  4.56666667
  0.23859649  6.03333333 -1.7903347   0.03684211  4.56666667  0.24035088
  6.06666667 -1.46720016]",48.682796001434326
0.0026359999999999995,[-0.77069056],"[ 0.03684211  4.56666667  0.23859649  6.03333333 -1.73343384  0.03684211
  4.56666667  0.23859649  6.03333333 -1.7903347   0.03684211  4.56666667
  0.24035088  6.06666667 -1.46720016  0.03684211  4.6         0.24035088
  6.06666667 -1.77069056]",48.75868368148804
0.002596000000000001,[-0.8242729],"[ 0.03684211  4.56666667  0.23859649  6.03333333 -1.7903347   0.03684211
  4.56666667  0.24035088  6.06666667 -1.46720016  0.03684211  4.6
  0.24035088  6.06666667 -1.77069056  0.03684211  4.6         0.24035088
  6.03333333 -1.82427287]",48.838717222213745
0.005191999999999995,[-0.75214726],"[ 0.03684211  4.56666667  0.24035088  6.06666667 -1.46720016  0.03684211
  4.6         0.24035088  6.06666667 -1.77069056  0.03684211  4.6
  0.24035088  6.03333333 -1.82427287  0.03859649  4.53333333  0.23859649
  6.1        -1.7521472 ]",48.91214609146118
0.005171999999999996,[-0.5477259],"[ 0.03684211  4.6         0.24035088  6.06666667 -1.77069056  0.03684211
  4.6         0.24035088  6.03333333 -1.82427287  0.03859649  4.53333333
  0.23859649  6.1        -1.7521472   0.03859649  4.53333333  0.24035088
  6.1        -1.54772592]",48.99888634681702
0.007708,[-0.73113096],"[ 0.03684211  4.6         0.24035088  6.03333333 -1.82427287  0.03859649
  4.53333333  0.23859649  6.1        -1.7521472   0.03859649  4.53333333
  0.24035088  6.1        -1.54772592  0.03859649  4.56666667  0.24035088
  6.1        -1.73113096]",49.07898235321045
0.007708,[-0.74199355],"[ 0.03859649  4.53333333  0.23859649  6.1        -1.7521472   0.03859649
  4.53333333  0.24035088  6.1        -1.54772592  0.03859649  4.56666667
  0.24035088  6.1        -1.73113096  0.03859649  4.56666667  0.24035088
  6.1        -1.74199355]",49.15782880783081
0.007708,[-0.64326406],"[ 0.03859649  4.53333333  0.24035088  6.1        -1.54772592  0.03859649
  4.56666667  0.24035088  6.1        -1.73113096  0.03859649  4.56666667
  0.24035088  6.1        -1.74199355  0.03859649  4.53333333  0.23859649
  6.13333333 -1.64326406]",49.23839211463928
0.010264000000000002,[-0.7095749],"[ 0.03859649  4.56666667  0.24035088  6.1        -1.73113096  0.03859649
  4.56666667  0.24035088  6.1        -1.74199355  0.03859649  4.53333333
  0.23859649  6.13333333 -1.64326406  0.04035088  4.56666667  0.24035088
  6.13333333 -1.70957494]",49.32142639160156
0.010264000000000002,[-0.8217289],"[ 0.03859649  4.56666667  0.24035088  6.1        -1.74199355  0.03859649
  4.53333333  0.23859649  6.13333333 -1.64326406  0.04035088  4.56666667
  0.24035088  6.13333333 -1.70957494  0.04035088  4.56666667  0.24035088
  6.13333333 -1.82172894]",49.402467012405396
0.010264000000000002,[-0.7330103],"[ 0.03859649  4.53333333  0.23859649  6.13333333 -1.64326406  0.04035088
  4.56666667  0.24035088  6.13333333 -1.70957494  0.04035088  4.56666667
  0.24035088  6.13333333 -1.82172894  0.04035088  4.53333333  0.24035088
  6.16666667 -1.73301029]",49.481886863708496
0.010264000000000002,[-0.7567741],"[ 0.04035088  4.56666667  0.24035088  6.13333333 -1.70957494  0.04035088
  4.56666667  0.24035088  6.13333333 -1.82172894  0.04035088  4.53333333
  0.24035088  6.16666667 -1.73301029  0.04035088  4.53333333  0.24035088
  6.16666667 -1.75677419]",49.55924463272095
0.010244000000000003,[-0.6005028],"[ 0.04035088  4.56666667  0.24035088  6.13333333 -1.82172894  0.04035088
  4.53333333  0.24035088  6.16666667 -1.73301029  0.04035088  4.53333333
  0.24035088  6.16666667 -1.75677419  0.04035088  4.56666667  0.24035088
  6.16666667 -1.60050273]",49.638861656188965
0.010264000000000002,[-0.82324845],"[ 0.04035088  4.53333333  0.24035088  6.16666667 -1.73301029  0.04035088
  4.53333333  0.24035088  6.16666667 -1.75677419  0.04035088  4.56666667
  0.24035088  6.16666667 -1.60050273  0.04035088  4.56666667  0.24035088
  6.16666667 -1.82324839]",49.71821904182434
0.007688,[-0.74806905],"[ 0.04035088  4.53333333  0.24035088  6.16666667 -1.75677419  0.04035088
  4.56666667  0.24035088  6.16666667 -1.60050273  0.04035088  4.56666667
  0.24035088  6.16666667 -1.82324839  0.04035088  4.56666667  0.24035088
  6.16666667 -1.74806905]",49.798277139663696
0.007708,[-0.6356374],"[ 0.04035088  4.56666667  0.24035088  6.16666667 -1.60050273  0.04035088
  4.56666667  0.24035088  6.16666667 -1.82324839  0.04035088  4.56666667
  0.24035088  6.16666667 -1.74806905  0.04035088  4.53333333  0.24035088
  6.16666667 -1.6356374 ]",49.87860608100891
0.005151999999999997,[-0.70763886],"[ 0.04035088  4.56666667  0.24035088  6.16666667 -1.82324839  0.04035088
  4.56666667  0.24035088  6.16666667 -1.74806905  0.04035088  4.53333333
  0.24035088  6.16666667 -1.6356374   0.04035088  4.53333333  0.24035088
  6.16666667 -1.70763886]",49.95808935165405
0.0051119999999999985,[-0.67918193],"[ 0.04035088  4.56666667  0.24035088  6.16666667 -1.74806905  0.04035088
  4.53333333  0.24035088  6.16666667 -1.6356374   0.04035088  4.53333333
  0.24035088  6.16666667 -1.70763886  0.04035088  4.56666667  0.24035088
  6.16666667 -1.67918193]",50.03873157501221
0.005131999999999998,[-0.6450739],"[ 0.04035088  4.53333333  0.24035088  6.16666667 -1.6356374   0.04035088
  4.53333333  0.24035088  6.16666667 -1.70763886  0.04035088  4.56666667
  0.24035088  6.16666667 -1.67918193  0.04035088  4.53333333  0.24035088
  6.16666667 -1.64507389]",50.118377923965454
0.0051119999999999985,[-0.73707116],"[ 0.04035088  4.53333333  0.24035088  6.16666667 -1.70763886  0.04035088
  4.56666667  0.24035088  6.16666667 -1.67918193  0.04035088  4.53333333
  0.24035088  6.16666667 -1.64507389  0.04035088  4.56666667  0.24035088
  6.16666667 -1.73707116]",50.192891120910645
0.005131999999999998,[-0.6366199],"[ 0.04035088  4.56666667  0.24035088  6.16666667 -1.67918193  0.04035088
  4.53333333  0.24035088  6.16666667 -1.64507389  0.04035088  4.56666667
  0.24035088  6.16666667 -1.73707116  0.04035088  4.53333333  0.24035088
  6.16666667 -1.63661993]",50.27258348464966
