reward,action,obs,time
,,"[0.         0.         0.         0.         0.         0.
 0.         0.         0.         0.         0.         0.
 0.         0.         0.         0.03333333 5.96666667 0.24385965
 5.26666667 0.        ]",486.8421928882599
-0.0023960000000000023,[-0.0356097],"[ 0.          0.          0.          0.          0.          0.
  0.          0.          0.          0.          0.03333333  5.96666667
  0.24385965  5.26666667  0.          0.03157895  5.7         0.24385965
  5.4        -1.03560972]",487.0083017349243
3.999999999999837e-05,[-0.05656893],"[ 0.          0.          0.          0.          0.          0.03333333
  5.96666667  0.24385965  5.26666667  0.          0.03157895  5.7
  0.24385965  5.4        -1.03560972  0.03333333  5.9         0.24385965
  5.3        -1.05656898]",487.0554087162018
-0.002376000000000003,[-0.48220998],"[ 0.03333333  5.96666667  0.24385965  5.26666667  0.          0.03157895
  5.7         0.24385965  5.4        -1.03560972  0.03333333  5.9
  0.24385965  5.3        -1.05656898  0.03157895  5.66666667  0.24561404
  5.4        -1.48220992]",487.11357855796814
-0.002376000000000003,[-0.02431719],"[ 0.03157895  5.7         0.24385965  5.4        -1.03560972  0.03333333
  5.9         0.24385965  5.3        -1.05656898  0.03157895  5.66666667
  0.24561404  5.4        -1.48220992  0.03157895  5.66666667  0.24561404
  5.4        -1.02431715]",487.15856099128723
-0.002376000000000003,[-0.7145446],"[ 0.03333333  5.9         0.24385965  5.3        -1.05656898  0.03157895
  5.66666667  0.24561404  5.4        -1.48220992  0.03157895  5.66666667
  0.24561404  5.4        -1.02431715  0.03157895  5.66666667  0.24385965
  5.4        -1.71454453]",487.2059507369995
-0.002376000000000003,[0.22984263],"[ 0.03157895  5.66666667  0.24561404  5.4        -1.48220992  0.03157895
  5.66666667  0.24561404  5.4        -1.02431715  0.03157895  5.66666667
  0.24385965  5.4        -1.71454453  0.03157895  5.66666667  0.24385965
  5.4        -0.77015734]",487.25516057014465
-0.004872000000000001,[-0.76044255],"[ 0.03157895  5.66666667  0.24561404  5.4        -1.02431715  0.03157895
  5.66666667  0.24385965  5.4        -1.71454453  0.03157895  5.66666667
  0.24385965  5.4        -0.77015734  0.02982456  5.56666667  0.24561404
  5.46666667 -1.7604425 ]",487.30523204803467
-0.0023360000000000047,[0.3425989],"[ 0.03157895  5.66666667  0.24385965  5.4        -1.71454453  0.03157895
  5.66666667  0.24385965  5.4        -0.77015734  0.02982456  5.56666667
  0.24561404  5.46666667 -1.7604425   0.03157895  5.6         0.24736842
  5.46666667 -0.65740108]",487.35537219047546
0.00023999999999999716,[0.42223746],"[ 0.03157895  5.66666667  0.24385965  5.4        -0.77015734  0.02982456
  5.56666667  0.24561404  5.46666667 -1.7604425   0.03157895  5.6
  0.24736842  5.46666667 -0.65740108  0.03333333  5.56666667  0.24736842
  5.46666667 -0.57776254]",487.4111588001251
-0.0022960000000000064,[-0.20778511],"[ 0.02982456  5.56666667  0.24561404  5.46666667 -1.7604425   0.03157895
  5.6         0.24736842  5.46666667 -0.65740108  0.03333333  5.56666667
  0.24736842  5.46666667 -0.57776254  0.03157895  5.53333333  0.24736842
  5.53333333 -1.20778513]",487.46688771247864
0.0001399999999999943,[-0.2850683],"[ 0.03157895  5.6         0.24736842  5.46666667 -0.65740108  0.03333333
  5.56666667  0.24736842  5.46666667 -0.57776254  0.03157895  5.53333333
  0.24736842  5.53333333 -1.20778513  0.03333333  5.73333333  0.24561404
  5.36666667 -1.28506827]",487.5468780994415
0.00015999999999999348,[0.6242548],"[ 0.03333333  5.56666667  0.24736842  5.46666667 -0.57776254  0.03157895
  5.53333333  0.24736842  5.53333333 -1.20778513  0.03333333  5.73333333
  0.24561404  5.36666667 -1.28506827  0.03333333  5.7         0.24561404
  5.33333333 -0.37574518]",487.6259958744049
0.005271999999999999,[-0.07462558],"[ 0.03157895  5.53333333  0.24736842  5.53333333 -1.20778513  0.03333333
  5.73333333  0.24561404  5.36666667 -1.28506827  0.03333333  5.7
  0.24561404  5.33333333 -0.37574518  0.03684211  5.7         0.24736842
  5.36666667 -1.07462561]",487.7011377811432
0.010303999999999994,[-0.8639975],"[ 0.03333333  5.73333333  0.24561404  5.36666667 -1.28506827  0.03333333
  5.7         0.24561404  5.33333333 -0.37574518  0.03684211  5.7
  0.24736842  5.36666667 -1.07462561  0.04035088  5.83333333  0.25087719
  5.2        -1.86399746]",487.7805435657501
0.015475999999999995,[0.19661659],"[ 0.03333333  5.7         0.24561404  5.33333333 -0.37574518  0.03684211
  5.7         0.24736842  5.36666667 -1.07462561  0.04035088  5.83333333
  0.25087719  5.2        -1.86399746  0.04385965  5.73333333  0.25438596
  5.26666667 -0.80338341]",487.8668854236603
0.015595999999999999,[0.22236478],"[ 0.03684211  5.7         0.24736842  5.36666667 -1.07462561  0.04035088
  5.83333333  0.25087719  5.2        -1.86399746  0.04385965  5.73333333
  0.25438596  5.26666667 -0.80338341  0.04385965  5.53333333  0.25789474
  5.43333333 -0.77763522]",487.94709753990173
0.02572,[-0.50982356],"[ 0.04035088  5.83333333  0.25087719  5.2        -1.86399746  0.04385965
  5.73333333  0.25438596  5.26666667 -0.80338341  0.04385965  5.53333333
  0.25789474  5.43333333 -0.77763522  0.05087719  5.7         0.26315789
  5.26666667 -1.50982356]",488.0271375179291
0.033367999999999995,[0.6637932],"[ 0.04385965  5.73333333  0.25438596  5.26666667 -0.80338341  0.04385965
  5.53333333  0.25789474  5.43333333 -0.77763522  0.05087719  5.7
  0.26315789  5.26666667 -1.50982356  0.05614035  5.73333333  0.26666667
  5.16666667 -0.33620679]",488.10679626464844
0.03855999999999998,[-0.8986752],"[ 0.04385965  5.53333333  0.25789474  5.43333333 -0.77763522  0.05087719
  5.7         0.26315789  5.26666667 -1.50982356  0.05614035  5.73333333
  0.26666667  5.16666667 -0.33620679  0.05964912  5.6         0.27192982
  5.23333333 -1.8986752 ]",488.18692207336426
0.04870399999999998,[-0.4889508],"[ 0.05087719  5.7         0.26315789  5.26666667 -1.50982356  0.05614035
  5.73333333  0.26666667  5.16666667 -0.33620679  0.05964912  5.6
  0.27192982  5.23333333 -1.8986752   0.06666667  5.73333333  0.27719298
  5.03333333 -1.48895073]",488.26608753204346
0.058828000000000005,[-0.93417025],"[ 0.05614035  5.73333333  0.26666667  5.16666667 -0.33620679  0.05964912
  5.6         0.27192982  5.23333333 -1.8986752   0.06666667  5.73333333
  0.27719298  5.03333333 -1.48895073  0.07192982  5.63333333  0.28421053
  5.06666667 -1.93417025]",488.3469660282135
0.06416,[-0.72521687],"[ 0.05964912  5.6         0.27192982  5.23333333 -1.8986752   0.06666667
  5.73333333  0.27719298  5.03333333 -1.48895073  0.07192982  5.63333333
  0.28421053  5.06666667 -1.93417025  0.07719298  5.46666667  0.28947368
  5.2        -1.72521687]",488.4269378185272
0.074264,[0.8469136],"[ 0.06666667  5.73333333  0.27719298  5.03333333 -1.48895073  0.07192982
  5.63333333  0.28421053  5.06666667 -1.93417025  0.07719298  5.46666667
  0.28947368  5.2        -1.72521687  0.08245614  5.43333333  0.29649123
  5.26666667 -0.15308642]",488.50696301460266
0.081912,[-0.95548886],"[ 0.07192982  5.63333333  0.28421053  5.06666667 -1.93417025  0.07719298
  5.46666667  0.28947368  5.2        -1.72521687  0.08245614  5.43333333
  0.29649123  5.26666667 -0.15308642  0.0877193   5.46666667  0.30175439
  5.23333333 -1.95548892]",488.58684968948364
0.09207600000000002,[0.5376332],"[ 0.07719298  5.46666667  0.28947368  5.2        -1.72521687  0.08245614
  5.43333333  0.29649123  5.26666667 -0.15308642  0.0877193   5.46666667
  0.30175439  5.23333333 -1.95548892  0.09473684  5.56666667  0.30701754
  5.06666667 -0.46236682]",488.66683626174927
0.09722799999999998,[-0.44142237],"[ 0.08245614  5.43333333  0.29649123  5.26666667 -0.15308642  0.0877193
  5.46666667  0.30175439  5.23333333 -1.95548892  0.09473684  5.56666667
  0.30701754  5.06666667 -0.46236682  0.09824561  5.5         0.31052632
  5.06666667 -1.44142234]",488.74689507484436
0.107392,[0.46870703],"[ 0.0877193   5.46666667  0.30175439  5.23333333 -1.95548892  0.09473684
  5.56666667  0.30701754  5.06666667 -0.46236682  0.09824561  5.5
  0.31052632  5.06666667 -1.44142234  0.10350877  5.5         0.31578947
  5.         -0.53129297]",488.82681488990784
0.10745200000000003,[0.7934108],"[ 0.09473684  5.56666667  0.30701754  5.06666667 -0.46236682  0.09824561
  5.5         0.31052632  5.06666667 -1.44142234  0.10350877  5.5
  0.31578947  5.         -0.53129297  0.10526316  5.43333333  0.32105263
  4.96666667 -0.20658922]",488.90687227249146
0.11244400000000002,[0.19364525],"[ 0.09824561  5.5         0.31052632  5.06666667 -1.44142234  0.10350877
  5.5         0.31578947  5.         -0.53129297  0.10526316  5.43333333
  0.32105263  4.96666667 -0.20658922  0.11052632  5.6         0.32631579
  4.76666667 -0.80635476]",488.9873466491699
0.12256799999999997,[0.17269981],"[ 0.10350877  5.5         0.31578947  5.         -0.53129297  0.10526316
  5.43333333  0.32105263  4.96666667 -0.20658922  0.11052632  5.6
  0.32631579  4.76666667 -0.80635476  0.11578947  5.73333333  0.33157895
  4.63333333 -0.82730019]",489.0684926509857
0.12518400000000002,[-0.5766599],"[ 0.10526316  5.43333333  0.32105263  4.96666667 -0.20658922  0.11052632
  5.6         0.32631579  4.76666667 -0.80635476  0.11578947  5.73333333
  0.33157895  4.63333333 -0.82730019  0.11929825  5.83333333  0.33508772
  4.63333333 -1.57665992]",489.1468663215637
0.15849200000000002,[-0.43038604],"[ 0.11052632  5.6         0.32631579  4.76666667 -0.80635476  0.11578947
  5.73333333  0.33157895  4.63333333 -0.82730019  0.11929825  5.83333333
  0.33508772  4.63333333 -1.57665992  0.14210526  5.66666667  0.33859649
  4.63333333 -1.43038607]",489.2270178794861
0.15861200000000003,[0.4155114],"[ 0.11578947  5.73333333  0.33157895  4.63333333 -0.82730019  0.11929825
  5.83333333  0.33508772  4.63333333 -1.57665992  0.14210526  5.66666667
  0.33859649  4.63333333 -1.43038607  0.14561404  5.46666667  0.34561404
  4.7        -0.58448863]",489.3068473339081
0.15615600000000002,[-0.5285844],"[ 0.11929825  5.83333333  0.33508772  4.63333333 -1.57665992  0.14210526
  5.66666667  0.33859649  4.63333333 -1.43038607  0.14561404  5.46666667
  0.34561404  4.7        -0.58448863  0.14736842  5.43333333  0.35087719
  4.63333333 -1.52858448]",489.38691544532776
0.156056,[-0.69652575],"[ 0.14210526  5.66666667  0.33859649  4.63333333 -1.43038607  0.14561404
  5.46666667  0.34561404  4.7        -0.58448863  0.14736842  5.43333333
  0.35087719  4.63333333 -1.52858448  0.15087719  5.5         0.35614035
  4.5        -1.69652581]",489.46669006347656
0.158592,[0.81416255],"[ 0.14561404  5.46666667  0.34561404  4.7        -0.58448863  0.14736842
  5.43333333  0.35087719  4.63333333 -1.52858448  0.15087719  5.5
  0.35614035  4.5        -1.69652581  0.15263158  5.33333333  0.36140351
  4.66666667 -0.18583745]",489.54130959510803
0.15363999999999997,[0.72881913],"[ 0.14736842  5.43333333  0.35087719  4.63333333 -1.52858448  0.15087719
  5.5         0.35614035  4.5        -1.69652581  0.15263158  5.33333333
  0.36140351  4.66666667 -0.18583745  0.15614035  5.23333333  0.36491228
  4.66666667 -0.27118087]",489.62681341171265
0.15615599999999996,[-0.24368976],"[ 0.15087719  5.5         0.35614035  4.5        -1.69652581  0.15263158
  5.33333333  0.36140351  4.66666667 -0.18583745  0.15614035  5.23333333
  0.36491228  4.66666667 -0.27118087  0.16315789  5.33333333  0.36842105
  4.36666667 -1.24368978]",489.7068693637848
0.158592,[-0.516114],"[ 0.15263158  5.33333333  0.36140351  4.66666667 -0.18583745  0.15614035
  5.23333333  0.36491228  4.66666667 -0.27118087  0.16315789  5.33333333
  0.36842105  4.36666667 -1.24368978  0.16842105  5.4         0.37192982
  4.16666667 -1.516114  ]",489.7868254184723
0.15619599999999997,[0.6305888],"[ 0.15614035  5.23333333  0.36491228  4.66666667 -0.27118087  0.16315789
  5.33333333  0.36842105  4.36666667 -1.24368978  0.16842105  5.4
  0.37192982  4.16666667 -1.516114    0.17368421  5.26666667  0.37894737
  4.3        -0.36941117]",489.8668532371521
0.156196,[-0.06921808],"[ 0.16315789  5.33333333  0.36842105  4.36666667 -1.24368978  0.16842105
  5.4         0.37192982  4.16666667 -1.516114    0.17368421  5.26666667
  0.37894737  4.3        -0.36941117  0.17894737  5.16666667  0.38596491
  4.3        -1.06921804]",489.94677996635437
0.16120800000000002,[-0.39442787],"[ 0.16842105  5.4         0.37192982  4.16666667 -1.516114    0.17368421
  5.26666667  0.37894737  4.3        -0.36941117  0.17894737  5.16666667
  0.38596491  4.3        -1.06921804  0.1877193   5.16666667  0.39298246
  4.         -1.3944279 ]",490.0268383026123
0.163824,[-0.0318573],"[ 0.17368421  5.26666667  0.37894737  4.3        -0.36941117  0.17894737
  5.16666667  0.38596491  4.3        -1.06921804  0.1877193   5.16666667
  0.39298246  4.         -1.3944279   0.19473684  5.03333333  0.40175439
  3.96666667 -1.03185725]",490.1070251464844
0.16641999999999996,[-0.70579314],"[ 0.17894737  5.16666667  0.38596491  4.3        -1.06921804  0.1877193
  5.16666667  0.39298246  4.         -1.3944279   0.19473684  5.03333333
  0.40175439  3.96666667 -1.03185725  0.20175439  5.          0.41052632
  4.03333333 -1.70579314]",490.1868188381195
0.16905600000000004,[-0.96879506],"[ 0.1877193   5.16666667  0.39298246  4.         -1.3944279   0.19473684
  5.03333333  0.40175439  3.96666667 -1.03185725  0.20175439  5.
  0.41052632  4.03333333 -1.70579314  0.21052632  4.96666667  0.41754386
  3.96666667 -1.96879506]",490.26678252220154
0.17173200000000005,[0.21933189],"[ 0.19473684  5.03333333  0.40175439  3.96666667 -1.03185725  0.20175439
  5.          0.41052632  4.03333333 -1.70579314  0.21052632  4.96666667
  0.41754386  3.96666667 -1.96879506  0.21578947  4.7         0.42631579
  4.         -0.78066814]",490.34678769111633
0.17177200000000004,[-0.29365173],"[ 0.20175439  5.          0.41052632  4.03333333 -1.70579314  0.21052632
  4.96666667  0.41754386  3.96666667 -1.96879506  0.21578947  4.7
  0.42631579  4.         -0.78066814  0.22105263  4.63333333  0.43333333
  4.         -1.2936517 ]",490.42686343193054
0.17676399999999998,[-0.901166],"[ 0.21052632  4.96666667  0.41754386  3.96666667 -1.96879506  0.21578947
  4.7         0.42631579  4.         -0.78066814  0.22105263  4.63333333
  0.43333333  4.         -1.2936517   0.22631579  4.76666667  0.43508772
  3.86666667 -1.90116596]",490.506884098053
0.17183200000000004,[0.25029305],"[ 0.21578947  4.7         0.42631579  4.         -0.78066814  0.22105263
  4.63333333  0.43333333  4.         -1.2936517   0.22631579  4.76666667
  0.43508772  3.86666667 -1.90116596  0.22807018  4.63333333  0.44035088
  3.86666667 -0.74970698]",490.5872766971588
0.17458799999999997,[-0.7100607],"[ 0.22105263  4.63333333  0.43333333  4.         -1.2936517   0.22631579
  4.76666667  0.43508772  3.86666667 -1.90116596  0.22807018  4.63333333
  0.44035088  3.86666667 -0.74970698  0.23508772  4.43333333  0.44561404
  3.86666667 -1.71006072]",490.6668634414673
0.17974000000000007,[-0.34288928],"[ 0.22631579  4.76666667  0.43508772  3.86666667 -1.90116596  0.22807018
  4.63333333  0.44035088  3.86666667 -0.74970698  0.23508772  4.43333333
  0.44561404  3.86666667 -1.71006072  0.24210526  4.46666667  0.45263158
  3.7        -1.34288931]",490.7468912601471
0.15923200000000004,[-0.82729244],"[ 0.22807018  4.63333333  0.44035088  3.86666667 -0.74970698  0.23508772
  4.43333333  0.44561404  3.86666667 -1.71006072  0.24210526  4.46666667
  0.45263158  3.7        -1.34288931  0.25087719  4.4         0.46315789
  3.73333333 -1.82729244]",490.82688570022583
0.16432400000000005,[-0.16984876],"[ 0.23508772  4.43333333  0.44561404  3.86666667 -1.71006072  0.24210526
  4.46666667  0.45263158  3.7        -1.34288931  0.25087719  4.4
  0.46315789  3.73333333 -1.82729244  0.25789474  4.23333333  0.47192982
  3.76666667 -1.1698488 ]",490.9001774787903
0.17203200000000002,[0.8333018],"[ 0.24210526  4.46666667  0.45263158  3.7        -1.34288931  0.25087719
  4.4         0.46315789  3.73333333 -1.82729244  0.25789474  4.23333333
  0.47192982  3.76666667 -1.1698488   0.26491228  4.13333333  0.47894737
  3.73333333 -0.16669822]",490.98114585876465
0.17454800000000004,[-0.74319744],"[ 0.25087719  4.4         0.46315789  3.73333333 -1.82729244  0.25789474
  4.23333333  0.47192982  3.76666667 -1.1698488   0.26491228  4.13333333
  0.47894737  3.73333333 -0.16669822  0.27017544  4.26666667  0.48421053
  3.7        -1.74319744]",491.06126856803894
0.182016,[-0.5701908],"[ 0.25789474  4.23333333  0.47192982  3.76666667 -1.1698488   0.26491228
  4.13333333  0.47894737  3.73333333 -0.16669822  0.27017544  4.26666667
  0.48421053  3.7        -1.74319744  0.27719298  4.43333333  0.4877193
  3.7        -1.57019079]",491.14448142051697
0.1795,[0.796312],"[ 0.26491228  4.13333333  0.47894737  3.73333333 -0.16669822  0.27017544
  4.26666667  0.48421053  3.7        -1.74319744  0.27719298  4.43333333
  0.4877193   3.7        -1.57019079  0.27894737  4.26666667  0.49122807
  3.86666667 -0.20368803]",491.2263216972351
0.174468,[-0.90819097],"[ 0.27017544  4.26666667  0.48421053  3.7        -1.74319744  0.27719298
  4.43333333  0.4877193   3.7        -1.57019079  0.27894737  4.26666667
  0.49122807  3.86666667 -0.20368803  0.28245614  4.23333333  0.49649123
  4.06666667 -1.90819097]",491.30187487602234
0.17690400000000003,[-0.97392374],"[ 0.27719298  4.43333333  0.4877193   3.7        -1.57019079  0.27894737
  4.26666667  0.49122807  3.86666667 -0.20368803  0.28245614  4.23333333
  0.49649123  4.06666667 -1.90819097  0.28947368  4.5         0.50175439
  4.03333333 -1.97392368]",491.3811082839966
0.17686400000000005,[0.02293174],"[ 0.27894737  4.26666667  0.49122807  3.86666667 -0.20368803  0.28245614
  4.23333333  0.49649123  4.06666667 -1.90819097  0.28947368  4.5
  0.50175439  4.03333333 -1.97392368  0.29473684  4.43333333  0.51052632
  4.3        -0.97706825]",491.46033000946045
0.17947999999999995,[0.88934076],"[ 0.28245614  4.23333333  0.49649123  4.06666667 -1.90819097  0.28947368
  4.5         0.50175439  4.03333333 -1.97392368  0.29473684  4.43333333
  0.51052632  4.3        -0.97706825  0.30175439  4.23333333  0.51754386
  4.5        -0.11065924]",491.54072189331055
0.18449200000000002,[0.7077238],"[ 0.28947368  4.5         0.50175439  4.03333333 -1.97392368  0.29473684
  4.43333333  0.51052632  4.3        -0.97706825  0.30175439  4.23333333
  0.51754386  4.5        -0.11065924  0.31403509  4.4         0.52807018
  4.36666667 -0.2922762 ]",491.6409158706665
0.18680799999999997,[-0.03790623],"[ 0.29473684  4.43333333  0.51052632  4.3        -0.97706825  0.30175439
  4.23333333  0.51754386  4.5        -0.11065924  0.31403509  4.4
  0.52807018  4.36666667 -0.2922762   0.32280702  4.66666667  0.53684211
  4.2        -1.03790617]",491.7015926837921
0.18930400000000006,[-0.3944406],"[ 0.30175439  4.23333333  0.51754386  4.5        -0.11065924  0.31403509
  4.4         0.52807018  4.36666667 -0.2922762   0.32280702  4.66666667
  0.53684211  4.2        -1.03790617  0.33157895  4.73333333  0.54385965
  4.2        -1.39444065]",491.78237199783325
0.181676,[0.10257112],"[ 0.31403509  4.4         0.52807018  4.36666667 -0.2922762   0.32280702
  4.66666667  0.53684211  4.2        -1.03790617  0.33157895  4.73333333
  0.54385965  4.2        -1.39444065  0.33508772  4.63333333  0.54912281
  4.26666667 -0.89742887]",491.86401319503784
0.181516,[-0.46238482],"[ 0.32280702  4.66666667  0.53684211  4.2        -1.03790617  0.33157895
  4.73333333  0.54385965  4.2        -1.39444065  0.33508772  4.63333333
  0.54912281  4.26666667 -0.89742887  0.34035088  4.63333333  0.55438596
  4.23333333 -1.46238482]",491.9402756690979
0.18652800000000003,[-0.96058744],"[ 0.33157895  4.73333333  0.54385965  4.2        -1.39444065  0.33508772
  4.63333333  0.54912281  4.26666667 -0.89742887  0.34035088  4.63333333
  0.55438596  4.23333333 -1.46238482  0.34912281  4.73333333  0.56140351
  4.26666667 -1.9605875 ]",492.0355236530304
0.18920399999999998,[-0.20333055],"[ 0.33508772  4.63333333  0.54912281  4.26666667 -0.89742887  0.34035088
  4.63333333  0.55438596  4.23333333 -1.46238482  0.34912281  4.73333333
  0.56140351  4.26666667 -1.9605875   0.35614035  4.66666667  0.57017544
  4.56666667 -1.20333052]",492.10072803497314
0.194276,[0.8235489],"[ 0.34035088  4.63333333  0.55438596  4.23333333 -1.46238482  0.34912281
  4.73333333  0.56140351  4.26666667 -1.9605875   0.35614035  4.66666667
  0.57017544  4.56666667 -1.20333052  0.36140351  4.6         0.57719298
  4.7        -0.17645109]",492.1802363395691
0.19154,[-0.76072204],"[ 0.34912281  4.73333333  0.56140351  4.26666667 -1.9605875   0.35614035
  4.66666667  0.57017544  4.56666667 -1.20333052  0.36140351  4.6
  0.57719298  4.7        -0.17645109  0.36666667  4.7         0.58070175
  4.6        -1.76072204]",492.26448249816895
0.18898399999999993,[-0.11662908],"[ 0.35614035  4.66666667  0.57017544  4.56666667 -1.20333052  0.36140351
  4.6         0.57719298  4.7        -0.17645109  0.36666667  4.7
  0.58070175  4.6        -1.76072204  0.37192982  4.73333333  0.5877193
  4.56666667 -1.11662912]",492.34086656570435
0.18642799999999998,[0.79880446],"[ 0.36140351  4.6         0.57719298  4.7        -0.17645109  0.36666667
  4.7         0.58070175  4.6        -1.76072204  0.37192982  4.73333333
  0.5877193   4.56666667 -1.11662912  0.37894737  4.66666667  0.59298246
  4.7        -0.20119554]",492.42040061950684
0.18371199999999993,[0.96377003],"[ 0.36666667  4.7         0.58070175  4.6        -1.76072204  0.37192982
  4.73333333  0.5877193   4.56666667 -1.11662912  0.37894737  4.66666667
  0.59298246  4.7        -0.20119554  0.38421053  4.76666667  0.59824561
  4.6        -0.03622997]",492.5005371570587
0.18606800000000007,[0.04761558],"[ 0.37192982  4.73333333  0.5877193   4.56666667 -1.11662912  0.37894737
  4.66666667  0.59298246  4.7        -0.20119554  0.38421053  4.76666667
  0.59824561  4.6        -0.03622997  0.39298246  5.          0.60350877
  4.33333333 -0.95238441]",492.58926367759705
0.183552,[-0.7640577],"[ 0.37894737  4.66666667  0.59298246  4.7        -0.20119554  0.38421053
  4.76666667  0.59824561  4.6        -0.03622997  0.39298246  5.
  0.60350877  4.33333333 -0.95238441  0.39649123  5.06666667  0.60701754
  4.23333333 -1.76405764]",492.66423201560974
0.17610400000000004,[-0.72038895],"[ 0.38421053  4.76666667  0.59824561  4.6        -0.03622997  0.39298246
  5.          0.60350877  4.33333333 -0.95238441  0.39649123  5.06666667
  0.60701754  4.23333333 -1.76405764  0.39824561  4.86666667  0.61052632
  4.36666667 -1.72038889]",492.74434661865234
0.17866000000000004,[0.4965419],"[ 0.39298246  5.          0.60350877  4.33333333 -0.95238441  0.39649123
  5.06666667  0.60701754  4.23333333 -1.76405764  0.39824561  4.86666667
  0.61052632  4.36666667 -1.72038889  0.40175439  4.7         0.61578947
  4.5        -0.50345814]",492.8284454345703
0.186288,[0.15603478],"[ 0.39649123  5.06666667  0.60701754  4.23333333 -1.76405764  0.39824561
  4.86666667  0.61052632  4.36666667 -1.72038889  0.40175439  4.7
  0.61578947  4.5        -0.50345814  0.41052632  4.73333333  0.6245614
  4.5        -0.84396523]",492.90578722953796
0.18884399999999996,[0.8056804],"[ 0.39824561  4.86666667  0.61052632  4.36666667 -1.72038889  0.40175439
  4.7         0.61578947  4.5        -0.50345814  0.41052632  4.73333333
  0.6245614   4.5        -0.84396523  0.41929825  5.          0.63157895
  4.4        -0.19431961]",492.9902548789978
0.19131999999999993,[-0.5219367],"[ 0.40175439  4.7         0.61578947  4.5        -0.50345814  0.41052632
  4.73333333  0.6245614   4.5        -0.84396523  0.41929825  5.
  0.63157895  4.4        -0.19431961  0.42631579  5.06666667  0.63684211
  4.3        -1.52193666]",493.0709249973297
0.18864399999999998,[0.8256585],"[ 0.41052632  4.73333333  0.6245614   4.5        -0.84396523  0.41929825
  5.          0.63157895  4.4        -0.19431961  0.42631579  5.06666667
  0.63684211  4.3        -1.52193666  0.43157895  5.06666667  0.64035088
  4.16666667 -0.1743415 ]",493.14592838287354
0.17604400000000003,[-0.3484876],"[ 0.41929825  5.          0.63157895  4.4        -0.19431961  0.42631579
  5.06666667  0.63684211  4.3        -1.52193666  0.43157895  5.06666667
  0.64035088  4.16666667 -0.1743415   0.43508772  4.93333333  0.64561404
  4.16666667 -1.34848762]",493.2245383262634
0.17360800000000004,[0.37894472],"[ 0.42631579  5.06666667  0.63684211  4.3        -1.52193666  0.43157895
  5.06666667  0.64035088  4.16666667 -0.1743415   0.43508772  4.93333333
  0.64561404  4.16666667 -1.34848762  0.44210526  5.          0.65087719
  4.1        -0.62105525]",493.3108925819397
0.16853600000000002,[-0.848495],"[ 0.43157895  5.06666667  0.64035088  4.16666667 -0.1743415   0.43508772
  4.93333333  0.64561404  4.16666667 -1.34848762  0.44210526  5.
  0.65087719  4.1        -0.62105525  0.44736842  5.          0.65614035
  4.1        -1.84849501]",493.3848304748535
0.16849600000000003,[-0.6624643],"[ 0.43508772  4.93333333  0.64561404  4.16666667 -1.34848762  0.44210526
  5.          0.65087719  4.1        -0.62105525  0.44736842  5.
  0.65614035  4.1        -1.84849501  0.45087719  4.96666667  0.65964912
  4.06666667 -1.66246438]",493.464364528656
0.16352399999999995,[-0.39422002],"[ 0.44210526  5.          0.65087719  4.1        -0.62105525  0.44736842
  5.          0.65614035  4.1        -1.84849501  0.45087719  4.96666667
  0.65964912  4.06666667 -1.66246438  0.45263158  4.73333333  0.66315789
  4.1        -1.39421999]",493.5484507083893
0.161068,[-0.34051704],"[ 0.44736842  5.          0.65614035  4.1        -1.84849501  0.45087719
  4.96666667  0.65964912  4.06666667 -1.66246438  0.45263158  4.73333333
  0.66315789  4.1        -1.39421999  0.45964912  4.66666667  0.67017544
  4.13333333 -1.34051704]",493.6304190158844
0.16098800000000002,[-0.8692947],"[ 0.45087719  4.96666667  0.65964912  4.06666667 -1.66246438  0.45263158
  4.73333333  0.66315789  4.1        -1.39421999  0.45964912  4.66666667
  0.67017544  4.13333333 -1.34051704  0.46666667  4.73333333  0.67719298
  4.1        -1.86929464]",493.7044885158539
0.15843200000000002,[0.48096195],"[ 0.45263158  4.73333333  0.66315789  4.1        -1.39421999  0.45964912
  4.66666667  0.67017544  4.13333333 -1.34051704  0.46666667  4.73333333
  0.67719298  4.1        -1.86929464  0.47017544  4.66666667  0.68245614
  4.16666667 -0.51903808]",493.79102969169617
0.15344000000000002,[0.50030893],"[ 0.45964912  4.66666667  0.67017544  4.13333333 -1.34051704  0.46666667
  4.73333333  0.67719298  4.1        -1.86929464  0.47017544  4.66666667
  0.68245614  4.16666667 -0.51903808  0.47192982  4.56666667  0.68596491
  4.16666667 -0.49969107]",493.8646230697632
