reward,action,obs,time
,,"[0.         0.         0.         0.         0.         0.
 0.         0.         0.         0.         0.         0.
 0.         0.         0.         0.02982456 5.6        0.24561404
 5.43333333 0.        ]",2407.256651163101
0.002475999999999999,[0.656641],"[ 0.          0.          0.          0.          0.          0.
  0.          0.          0.          0.          0.02982456  5.6
  0.24561404  5.43333333  0.          0.03157895  5.73333333  0.24561404
  5.36666667 -0.34335899]",2407.417943954468
5.9999999999997555e-05,[-0.86853254],"[ 0.          0.          0.          0.          0.          0.02982456
  5.6         0.24561404  5.43333333  0.          0.03157895  5.73333333
  0.24561404  5.36666667 -0.34335899  0.02982456  5.5         0.24561404
  5.5        -1.86853254]",2407.464112997055
1.9999999999999185e-05,[-0.09852021],"[ 0.02982456  5.6         0.24561404  5.43333333  0.          0.03157895
  5.73333333  0.24561404  5.36666667 -0.34335899  0.02982456  5.5
  0.24561404  5.5        -1.86853254  0.02982456  5.56666667  0.24561404
  5.43333333 -1.09852016]",2407.519462585449
1.9999999999999185e-05,[-0.9492279],"[ 0.03157895  5.73333333  0.24561404  5.36666667 -0.34335899  0.02982456
  5.5         0.24561404  5.5        -1.86853254  0.02982456  5.56666667
  0.24561404  5.43333333 -1.09852016  0.02982456  5.56666667  0.24561404
  5.43333333 -1.94922793]",2407.569899082184
0.0,[0.8055699],"[ 0.02982456  5.5         0.24561404  5.5        -1.86853254  0.02982456
  5.56666667  0.24561404  5.43333333 -1.09852016  0.02982456  5.56666667
  0.24561404  5.43333333 -1.94922793  0.02982456  5.6         0.24561404
  5.43333333 -0.19443011]",2407.6214287281036
1.9999999999999185e-05,[-0.51130986],"[ 0.02982456  5.56666667  0.24561404  5.43333333 -1.09852016  0.02982456
  5.56666667  0.24561404  5.43333333 -1.94922793  0.02982456  5.6
  0.24561404  5.43333333 -0.19443011  0.02982456  5.56666667  0.24561404
  5.46666667 -1.51130986]",2407.6704115867615
0.0026559999999999986,[0.874306],"[ 0.02982456  5.56666667  0.24561404  5.43333333 -1.94922793  0.02982456
  5.6         0.24561404  5.43333333 -0.19443011  0.02982456  5.56666667
  0.24561404  5.46666667 -1.51130986  0.03157895  5.43333333  0.24736842
  5.56666667 -0.12569398]",2407.7201828956604
0.0026559999999999986,[0.89265287],"[ 0.02982456  5.6         0.24561404  5.43333333 -0.19443011  0.02982456
  5.56666667  0.24561404  5.46666667 -1.51130986  0.03157895  5.43333333
  0.24736842  5.56666667 -0.12569398  0.03157895  5.43333333  0.24736842
  5.56666667 -0.10734713]",2407.7704310417175
0.005151999999999997,[-0.4912677],"[ 0.02982456  5.56666667  0.24561404  5.46666667 -1.51130986  0.03157895
  5.43333333  0.24736842  5.56666667 -0.12569398  0.03157895  5.43333333
  0.24736842  5.56666667 -0.10734713  0.03333333  5.53333333  0.24736842
  5.46666667 -1.49126768]",2407.821089029312
0.007647999999999995,[-0.05363408],"[ 0.03157895  5.43333333  0.24736842  5.56666667 -0.12569398  0.03157895
  5.43333333  0.24736842  5.56666667 -0.10734713  0.03333333  5.53333333
  0.24736842  5.46666667 -1.49126768  0.03508772  5.63333333  0.24736842
  5.33333333 -1.05363405]",2407.875005722046
0.007627999999999996,[-0.00865891],"[ 0.03157895  5.43333333  0.24736842  5.56666667 -0.10734713  0.03333333
  5.53333333  0.24736842  5.46666667 -1.49126768  0.03508772  5.63333333
  0.24736842  5.33333333 -1.05363405  0.03508772  5.66666667  0.24736842
  5.23333333 -1.00865889]",2407.9555950164795
0.010223999999999997,[0.72560835],"[ 0.03333333  5.53333333  0.24736842  5.46666667 -1.49126768  0.03508772
  5.63333333  0.24736842  5.33333333 -1.05363405  0.03508772  5.66666667
  0.24736842  5.23333333 -1.00865889  0.03684211  5.6         0.24912281
  5.33333333 -0.27439165]",2408.0424044132233
0.015295999999999999,[-0.5141484],"[ 0.03508772  5.63333333  0.24736842  5.33333333 -1.05363405  0.03508772
  5.66666667  0.24736842  5.23333333 -1.00865889  0.03684211  5.6
  0.24912281  5.33333333 -0.27439165  0.04035088  5.66666667  0.25087719
  5.26666667 -1.51414847]",2408.114856004715
0.020347999999999998,[0.21037535],"[ 0.03508772  5.66666667  0.24736842  5.23333333 -1.00865889  0.03684211
  5.6         0.24912281  5.33333333 -0.27439165  0.04035088  5.66666667
  0.25087719  5.26666667 -1.51414847  0.04385965  5.76666667  0.25438596
  5.16666667 -0.78962463]",2408.191242456436
0.025499999999999995,[-0.76236516],"[ 0.03684211  5.6         0.24912281  5.33333333 -0.27439165  0.04035088
  5.66666667  0.25087719  5.26666667 -1.51414847  0.04385965  5.76666667
  0.25438596  5.16666667 -0.78962463  0.04736842  5.7         0.25964912
  5.2        -1.7623651 ]",2408.2688760757446
0.028096,[-0.9250458],"[ 0.04035088  5.66666667  0.25087719  5.26666667 -1.51414847  0.04385965
  5.76666667  0.25438596  5.16666667 -0.78962463  0.04736842  5.7
  0.25964912  5.2        -1.7623651   0.04912281  5.63333333  0.26315789
  5.26666667 -1.92504573]",2408.354880809784
0.033328,[0.18611926],"[ 0.04385965  5.76666667  0.25438596  5.16666667 -0.78962463  0.04736842
  5.7         0.25964912  5.2        -1.7623651   0.04912281  5.63333333
  0.26315789  5.26666667 -1.92504573  0.05263158  5.43333333  0.26666667
  5.46666667 -0.81388074]",2408.4351255893707
0.041036,[0.08466248],"[ 0.04736842  5.7         0.25964912  5.2        -1.7623651   0.04912281
  5.63333333  0.26315789  5.26666667 -1.92504573  0.05263158  5.43333333
  0.26666667  5.46666667 -0.81388074  0.05789474  5.36666667  0.27192982
  5.46666667 -0.9153375 ]",2408.5147411823273
0.046028,[0.8654711],"[ 0.04912281  5.63333333  0.26315789  5.26666667 -1.92504573  0.05263158
  5.43333333  0.26666667  5.46666667 -0.81388074  0.05789474  5.36666667
  0.27192982  5.46666667 -0.9153375   0.06140351  5.56666667  0.2754386
  5.3        -0.13452888]",2408.594797849655
0.053636,[0.2248908],"[ 0.05263158  5.43333333  0.26666667  5.46666667 -0.81388074  0.05789474
  5.36666667  0.27192982  5.46666667 -0.9153375   0.06140351  5.56666667
  0.2754386   5.3        -0.13452888  0.06666667  5.66666667  0.27719298
  5.13333333 -0.77510917]",2408.6752943992615
0.05367599999999999,[0.16270068],"[ 0.05789474  5.36666667  0.27192982  5.46666667 -0.9153375   0.06140351
  5.56666667  0.2754386   5.3        -0.13452888  0.06666667  5.66666667
  0.27719298  5.13333333 -0.77510917  0.06842105  5.73333333  0.27894737
  5.         -0.83729935]",2408.7546541690826
0.061243999999999986,[0.23999712],"[ 0.06140351  5.56666667  0.2754386   5.3        -0.13452888  0.06666667
  5.66666667  0.27719298  5.13333333 -0.77510917  0.06842105  5.73333333
  0.27894737  5.         -0.83729935  0.07192982  5.66666667  0.28070175
  5.         -0.76000285]",2408.835862159729
0.06639599999999998,[-0.88884676],"[ 0.06666667  5.66666667  0.27719298  5.13333333 -0.77510917  0.06842105
  5.73333333  0.27894737  5.         -0.83729935  0.07192982  5.66666667
  0.28070175  5.         -0.76000285  0.0754386   5.66666667  0.28421053
  4.9        -1.88884676]",2408.9153547286987
0.074084,[0.65067554],"[ 0.06842105  5.73333333  0.27894737  5.         -0.83729935  0.07192982
  5.66666667  0.28070175  5.         -0.76000285  0.0754386   5.66666667
  0.28421053  4.9        -1.88884676  0.08070175  5.63333333  0.29122807
  4.93333333 -0.34932446]",2408.998479127884
0.07929599999999998,[-0.43619648],"[ 0.07192982  5.66666667  0.28070175  5.         -0.76000285  0.0754386
  5.66666667  0.28421053  4.9        -1.88884676  0.08070175  5.63333333
  0.29122807  4.93333333 -0.34932446  0.08421053  5.5         0.29649123
  5.06666667 -1.43619645]",2409.0743505954742
0.08684400000000002,[-0.9401543],"[ 0.0754386   5.66666667  0.28421053  4.9        -1.88884676  0.08070175
  5.63333333  0.29122807  4.93333333 -0.34932446  0.08421053  5.5
  0.29649123  5.06666667 -1.43619645  0.08947368  5.66666667  0.3
  4.93333333 -1.94015431]",2409.158732652664
0.08937999999999999,[-0.12015636],"[ 0.08070175  5.63333333  0.29122807  4.93333333 -0.34932446  0.08421053
  5.5         0.29649123  5.06666667 -1.43619645  0.08947368  5.66666667
  0.3         4.93333333 -1.94015431  0.09298246  5.56666667  0.30350877
  4.9        -1.12015641]",2409.238821029663
0.092056,[-0.693941],"[ 0.08421053  5.5         0.29649123  5.06666667 -1.43619645  0.08947368
  5.66666667  0.3         4.93333333 -1.94015431  0.09298246  5.56666667
  0.30350877  4.9        -1.12015641  0.09473684  5.36666667  0.30877193
  5.         -1.693941  ]",2409.314835548401
0.09978400000000001,[0.5457089],"[ 0.08947368  5.66666667  0.3         4.93333333 -1.94015431  0.09298246
  5.56666667  0.30350877  4.9        -1.12015641  0.09473684  5.36666667
  0.30877193  5.         -1.693941    0.10175439  5.36666667  0.31403509
  4.93333333 -0.45429111]",2409.398316860199
0.10242,[-0.18367071],"[ 0.09298246  5.56666667  0.30350877  4.9        -1.12015641  0.09473684
  5.36666667  0.30877193  5.         -1.693941    0.10175439  5.36666667
  0.31403509  4.93333333 -0.45429111  0.10526316  5.33333333  0.32105263
  4.9        -1.18367076]",2409.4762709140778
0.110048,[-0.04906579],"[ 0.09473684  5.36666667  0.30877193  5.         -1.693941    0.10175439
  5.36666667  0.31403509  4.93333333 -0.45429111  0.10526316  5.33333333
  0.32105263  4.9        -1.18367076  0.11052632  5.43333333  0.32631579
  4.7        -1.04906583]",2409.554801464081
0.11018800000000004,[-0.30109873],"[ 0.10175439  5.36666667  0.31403509  4.93333333 -0.45429111  0.10526316
  5.33333333  0.32105263  4.9        -1.18367076  0.11052632  5.43333333
  0.32631579  4.7        -1.04906583  0.1122807   5.13333333  0.33333333
  4.66666667 -1.3010987 ]",2409.63551902771
0.11030800000000003,[-0.79207087],"[ 0.10526316  5.33333333  0.32105263  4.9        -1.18367076  0.11052632
  5.43333333  0.32631579  4.7        -1.04906583  0.1122807   5.13333333
  0.33333333  4.66666667 -1.3010987   0.11578947  5.          0.34035088
  4.66666667 -1.79207087]",2409.710155248642
0.14601199999999998,[0.29947042],"[ 0.11052632  5.43333333  0.32631579  4.7        -1.04906583  0.1122807
  5.13333333  0.33333333  4.66666667 -1.3010987   0.11578947  5.
  0.34035088  4.66666667 -1.79207087  0.14385965  5.23333333  0.34561404
  4.66666667 -0.70052958]",2409.7950847148895
0.14595200000000003,[0.88521475],"[ 0.1122807   5.13333333  0.33333333  4.66666667 -1.3010987   0.11578947
  5.          0.34035088  4.66666667 -1.79207087  0.14385965  5.23333333
  0.34561404  4.66666667 -0.70052958  0.14736842  5.26666667  0.34912281
  4.7        -0.11478525]",2409.8756096363068
0.14327600000000001,[-0.7994718],"[ 0.11578947  5.          0.34035088  4.66666667 -1.79207087  0.14385965
  5.23333333  0.34561404  4.66666667 -0.70052958  0.14736842  5.26666667
  0.34912281  4.7        -0.11478525  0.14736842  5.4         0.35087719
  4.46666667 -1.79947186]",2409.955556869507
0.143116,[-0.90386295],"[ 0.14385965  5.23333333  0.34561404  4.66666667 -0.70052958  0.14736842
  5.26666667  0.34912281  4.7        -0.11478525  0.14736842  5.4
  0.35087719  4.46666667 -1.79947186  0.15087719  5.46666667  0.35263158
  4.23333333 -1.90386295]",2410.0326318740845
0.135488,[-0.5303227],"[ 0.14736842  5.26666667  0.34912281  4.7        -0.11478525  0.14736842
  5.4         0.35087719  4.46666667 -1.79947186  0.15087719  5.46666667
  0.35263158  4.23333333 -1.90386295  0.15087719  5.33333333  0.35438596
  4.33333333 -1.53032267]",2410.1149106025696
0.14087999999999998,[-0.6040596],"[ 0.14736842  5.4         0.35087719  4.46666667 -1.79947186  0.15087719
  5.46666667  0.35263158  4.23333333 -1.90386295  0.15087719  5.33333333
  0.35438596  4.33333333 -1.53032267  0.15789474  5.06666667  0.36140351
  4.43333333 -1.60405958]",2410.1967062950134
0.14353600000000002,[0.4191613],"[ 0.15087719  5.46666667  0.35263158  4.23333333 -1.90386295  0.15087719
  5.33333333  0.35438596  4.33333333 -1.53032267  0.15789474  5.06666667
  0.36140351  4.43333333 -1.60405958  0.16491228  5.          0.37192982
  4.36666667 -0.58083868]",2410.2777676582336
0.15128400000000003,[0.24563944],"[ 0.15087719  5.33333333  0.35438596  4.33333333 -1.53032267  0.15789474
  5.06666667  0.36140351  4.43333333 -1.60405958  0.16491228  5.
  0.37192982  4.36666667 -0.58083868  0.17192982  4.93333333  0.38421053
  4.4        -0.75436056]",2410.3578016757965
0.158872,[-0.5982891],"[ 0.15789474  5.06666667  0.36140351  4.43333333 -1.60405958  0.16491228
  5.          0.37192982  4.36666667 -0.58083868  0.17192982  4.93333333
  0.38421053  4.4        -0.75436056  0.18070175  5.          0.39298246
  4.26666667 -1.59828901]",2410.4346792697906
0.161468,[-0.03788853],"[ 0.16491228  5.          0.37192982  4.36666667 -0.58083868  0.17192982
  4.93333333  0.38421053  4.4        -0.75436056  0.18070175  5.
  0.39298246  4.26666667 -1.59828901  0.18596491  4.93333333  0.39649123
  4.13333333 -1.03788853]",2410.5147156715393
0.156476,[0.5607637],"[ 0.17192982  4.93333333  0.38421053  4.4        -0.75436056  0.18070175
  5.          0.39298246  4.26666667 -1.59828901  0.18596491  4.93333333
  0.39649123  4.13333333 -1.03788853  0.1877193   4.7         0.4
  4.1        -0.43923628]",2410.5991699695587
0.16148800000000002,[-0.95321953],"[ 0.18070175  5.          0.39298246  4.26666667 -1.59828901  0.18596491
  4.93333333  0.39649123  4.13333333 -1.03788853  0.1877193   4.7
  0.4         4.1        -0.43923628  0.19473684  4.73333333  0.40350877
  3.93333333 -1.95321953]",2410.6749334335327
0.16150799999999998,[0.4784794],"[ 0.18596491  4.93333333  0.39649123  4.13333333 -1.03788853  0.1877193
  4.7         0.4         4.1        -0.43923628  0.19473684  4.73333333
  0.40350877  3.93333333 -1.95321953  0.2         4.86666667  0.40526316
  3.83333333 -0.52152061]",2410.7548060417175
0.15639600000000003,[-0.8800073],"[ 0.1877193   4.7         0.4         4.1        -0.43923628  0.19473684
  4.73333333  0.40350877  3.93333333 -1.95321953  0.2         4.86666667
  0.40526316  3.83333333 -0.52152061  0.2         4.76666667  0.40877193
  3.93333333 -1.88000727]",2410.8354494571686
0.16146799999999997,[-0.41413265],"[ 0.19473684  4.73333333  0.40350877  3.93333333 -1.95321953  0.2
  4.86666667  0.40526316  3.83333333 -0.52152061  0.2         4.76666667
  0.40877193  3.93333333 -1.88000727  0.20526316  4.63333333  0.41403509
  3.9        -1.4141326 ]",2410.9163041114807
0.15899200000000002,[0.80456674],"[ 0.2         4.86666667  0.40526316  3.83333333 -0.52152061  0.2
  4.76666667  0.40877193  3.93333333 -1.88000727  0.20526316  4.63333333
  0.41403509  3.9        -1.4141326   0.21052632  4.5         0.42280702
  3.9        -0.19543326]",2410.9949684143066
0.171712,[-0.9643664],"[ 0.2         4.76666667  0.40877193  3.93333333 -1.88000727  0.20526316
  4.63333333  0.41403509  3.9        -1.4141326   0.21052632  4.5
  0.42280702  3.9        -0.19543326  0.22280702  4.56666667  0.43333333
  3.83333333 -1.96436644]",2411.074820280075
0.17680400000000002,[-0.5480273],"[ 0.20526316  4.63333333  0.41403509  3.9        -1.4141326   0.21052632
  4.5         0.42280702  3.9        -0.19543326  0.22280702  4.56666667
  0.43333333  3.83333333 -1.96436644  0.23157895  4.7         0.44035088
  3.7        -1.54802728]",2411.1546092033386
0.17674399999999998,[-0.6183642],"[ 0.21052632  4.5         0.42280702  3.9        -0.19543326  0.22280702
  4.56666667  0.43333333  3.83333333 -1.96436644  0.23157895  4.7
  0.44035088  3.7        -1.54802728  0.23333333  4.5         0.44385965
  3.7        -1.61836421]",2411.234785795212
0.17424800000000001,[-0.8206912],"[ 0.22280702  4.56666667  0.43333333  3.83333333 -1.96436644  0.23157895
  4.7         0.44035088  3.7        -1.54802728  0.23333333  4.5
  0.44385965  3.7        -1.61836421  0.23508772  4.26666667  0.44736842
  3.7        -1.82069123]",2411.315292596817
0.1412,[0.6846374],"[ 0.23157895  4.7         0.44035088  3.7        -1.54802728  0.23333333
  4.5         0.44385965  3.7        -1.61836421  0.23508772  4.26666667
  0.44736842  3.7        -1.82069123  0.24035088  4.2         0.45263158
  3.76666667 -0.31536257]",2411.395571947098
0.143776,[-0.3304333],"[ 0.23333333  4.5         0.44385965  3.7        -1.61836421  0.23508772
  4.26666667  0.44736842  3.7        -1.82069123  0.24035088  4.2
  0.45263158  3.76666667 -0.31536257  0.24561404  4.2         0.45964912
  3.8        -1.33043337]",2411.469022512436
0.15404,[0.5182142],"[ 0.23508772  4.26666667  0.44736842  3.7        -1.82069123  0.24035088
  4.2         0.45263158  3.76666667 -0.31536257  0.24561404  4.2
  0.45964912  3.8        -1.33043337  0.25263158  4.26666667  0.46315789
  3.66666667 -0.48178577]",2411.5488266944885
0.15156399999999998,[0.35298032],"[ 0.24035088  4.2         0.45263158  3.76666667 -0.31536257  0.24561404
  4.2         0.45964912  3.8        -1.33043337  0.25263158  4.26666667
  0.46315789  3.66666667 -0.48178577  0.25438596  4.2         0.46666667
  3.66666667 -0.64701968]",2411.628862142563
0.159092,[-0.89734584],"[ 0.24561404  4.2         0.45964912  3.8        -1.33043337  0.25263158
  4.26666667  0.46315789  3.66666667 -0.48178577  0.25438596  4.2
  0.46666667  3.66666667 -0.64701968  0.25964912  4.3         0.47192982
  3.66666667 -1.89734578]",2411.708980321884
0.15635599999999997,[0.19158866],"[ 0.25263158  4.26666667  0.46315789  3.66666667 -0.48178577  0.25438596
  4.2         0.46666667  3.66666667 -0.64701968  0.25964912  4.3
  0.47192982  3.66666667 -1.89734578  0.26491228  4.33333333  0.47894737
  3.83333333 -0.80841136]",2411.790628671646
0.15386000000000005,[0.13083781],"[ 0.25438596  4.2         0.46666667  3.66666667 -0.64701968  0.25964912
  4.3         0.47192982  3.66666667 -1.89734578  0.26491228  4.33333333
  0.47894737  3.83333333 -0.80841136  0.27017544  4.16666667  0.48596491
  4.1        -0.8691622 ]",2411.8688349723816
0.14866800000000002,[0.18387674],"[ 0.25964912  4.3         0.47192982  3.66666667 -1.89734578  0.26491228
  4.33333333  0.47894737  3.83333333 -0.80841136  0.27017544  4.16666667
  0.48596491  4.1        -0.8691622   0.27368421  4.23333333  0.48947368
  4.1        -0.81612325]",2411.9531121253967
0.14095999999999997,[-0.99044013],"[ 0.26491228  4.33333333  0.47894737  3.83333333 -0.80841136  0.27017544
  4.16666667  0.48596491  4.1        -0.8691622   0.27368421  4.23333333
  0.48947368  4.1        -0.81612325  0.27719298  4.36666667  0.49298246
  4.1        -1.99044013]",2412.028915643692
0.13840400000000003,[0.35086617],"[ 0.27017544  4.16666667  0.48596491  4.1        -0.8691622   0.27368421
  4.23333333  0.48947368  4.1        -0.81612325  0.27719298  4.36666667
  0.49298246  4.1        -1.99044013  0.28070175  4.3         0.49649123
  4.23333333 -0.6491338 ]",2412.1089560985565
0.14087999999999995,[-0.40575156],"[ 0.27368421  4.23333333  0.48947368  4.1        -0.81612325  0.27719298
  4.36666667  0.49298246  4.1        -1.99044013  0.28070175  4.3
  0.49649123  4.23333333 -0.6491338   0.28421053  4.2         0.5
  4.4        -1.40575159]",2412.193878889084
0.14084,[0.2235772],"[ 0.27719298  4.36666667  0.49298246  4.1        -1.99044013  0.28070175
  4.3         0.49649123  4.23333333 -0.6491338   0.28421053  4.2
  0.5         4.4        -1.40575159  0.29122807  4.3         0.50526316
  4.36666667 -0.7764228 ]",2412.270533800125
0.13832399999999997,[0.64579],"[ 0.28070175  4.3         0.49649123  4.23333333 -0.6491338   0.28421053
  4.2         0.5         4.4        -1.40575159  0.29122807  4.3
  0.50526316  4.36666667 -0.7764228   0.29473684  4.36666667  0.51052632
  4.4        -0.35421002]",2412.349125623703
0.14073999999999995,[-0.8960439],"[ 0.28421053  4.2         0.5         4.4        -1.40575159  0.29122807
  4.3         0.50526316  4.36666667 -0.7764228   0.29473684  4.36666667
  0.51052632  4.4        -0.35421002  0.29649123  4.5         0.51052632
  4.36666667 -1.8960439 ]",2412.4338376522064
0.13806400000000002,[-0.87822676],"[ 0.29122807  4.3         0.50526316  4.36666667 -0.7764228   0.29473684
  4.36666667  0.51052632  4.4        -0.35421002  0.29649123  4.5
  0.51052632  4.36666667 -1.8960439   0.3         4.56666667  0.51403509
  4.33333333 -1.87822676]",2412.5149161815643
0.13295200000000001,[0.8043522],"[ 0.29473684  4.36666667  0.51052632  4.4        -0.35421002  0.29649123
  4.5         0.51052632  4.36666667 -1.8960439   0.3         4.56666667
  0.51403509  4.33333333 -1.87822676  0.30175439  4.43333333  0.51754386
  4.6        -0.19564778]",2412.5951356887817
0.12534399999999998,[-0.25258443],"[ 0.29649123  4.5         0.51052632  4.36666667 -1.8960439   0.3
  4.56666667  0.51403509  4.33333333 -1.87822676  0.30175439  4.43333333
  0.51754386  4.6        -0.19564778  0.30877193  4.4         0.52280702
  4.86666667 -1.25258446]",2412.668974876404
0.12274800000000001,[-0.5721367],"[ 0.3         4.56666667  0.51403509  4.33333333 -1.87822676  0.30175439
  4.43333333  0.51754386  4.6        -0.19564778  0.30877193  4.4
  0.52280702  4.86666667 -1.25258446  0.31578947  4.6         0.52982456
  4.86666667 -1.57213664]",2412.749837875366
0.12776,[-0.6103764],"[ 0.30175439  4.43333333  0.51754386  4.6        -0.19564778  0.30877193
  4.4         0.52280702  4.86666667 -1.25258446  0.31578947  4.6
  0.52982456  4.86666667 -1.57213664  0.32105263  4.56666667  0.53508772
  4.96666667 -1.61037636]",2412.834678173065
0.13534799999999997,[0.92777926],"[ 0.30877193  4.4         0.52280702  4.86666667 -1.25258446  0.31578947
  4.6         0.52982456  4.86666667 -1.57213664  0.32105263  4.56666667
  0.53508772  4.96666667 -1.61037636  0.32807018  4.46666667  0.54035088
  5.1        -0.07222074]",2412.9089262485504
0.13522799999999996,[0.02548994],"[ 0.31578947  4.6         0.52982456  4.86666667 -1.57213664  0.32105263
  4.56666667  0.53508772  4.96666667 -1.61037636  0.32807018  4.46666667
  0.54035088  5.1        -0.07222074  0.33333333  4.6         0.54561404
  5.13333333 -0.97451007]",2412.993098974228
0.13512799999999997,[0.26128638],"[ 0.32105263  4.56666667  0.53508772  4.96666667 -1.61037636  0.32807018
  4.46666667  0.54035088  5.1        -0.07222074  0.33333333  4.6
  0.54561404  5.13333333 -0.97451007  0.33859649  4.76666667  0.55438596
  5.03333333 -0.73871362]",2413.074737548828
0.132612,[-0.9686812],"[ 0.32807018  4.46666667  0.54035088  5.1        -0.07222074  0.33333333
  4.6         0.54561404  5.13333333 -0.97451007  0.33859649  4.76666667
  0.55438596  5.03333333 -0.73871362  0.34385965  4.76666667  0.55964912
  5.03333333 -1.96868122]",2413.149044275284
0.13259200000000002,[-0.8596834],"[ 0.33333333  4.6         0.54561404  5.13333333 -0.97451007  0.33859649
  4.76666667  0.55438596  5.03333333 -0.73871362  0.34385965  4.76666667
  0.55964912  5.03333333 -1.96868122  0.34561404  4.73333333  0.55964912
  5.13333333 -1.85968339]",2413.232994556427
0.130156,[0.4078796],"[ 0.33859649  4.76666667  0.55438596  5.03333333 -0.73871362  0.34385965
  4.76666667  0.55964912  5.03333333 -1.96868122  0.34561404  4.73333333
  0.55964912  5.13333333 -1.85968339  0.34912281  4.63333333  0.55964912
  5.4        -0.59212041]",2413.3087968826294
0.12757999999999997,[0.7394371],"[ 0.34385965  4.76666667  0.55964912  5.03333333 -1.96868122  0.34561404
  4.73333333  0.55964912  5.13333333 -1.85968339  0.34912281  4.63333333
  0.55964912  5.4        -0.59212041  0.35263158  4.7         0.56315789
  5.5        -0.2605629 ]",2413.388813495636
0.12734,[0.88840556],"[ 0.34561404  4.73333333  0.55964912  5.13333333 -1.85968339  0.34912281
  4.63333333  0.55964912  5.4        -0.59212041  0.35263158  4.7
  0.56315789  5.5        -0.2605629   0.35789474  4.93333333  0.57192982
  5.33333333 -0.11159444]",2413.468739748001
0.13237200000000005,[0.49211037],"[ 0.34912281  4.63333333  0.55964912  5.4        -0.59212041  0.35263158
  4.7         0.56315789  5.5        -0.2605629   0.35789474  4.93333333
  0.57192982  5.33333333 -0.11159444  0.36491228  5.13333333  0.57894737
  5.16666667 -0.50788963]",2413.5488460063934
0.132392,[0.24297875],"[ 0.35263158  4.7         0.56315789  5.5        -0.2605629   0.35789474
  4.93333333  0.57192982  5.33333333 -0.11159444  0.36491228  5.13333333
  0.57894737  5.16666667 -0.50788963  0.36842105  5.23333333  0.58421053
  5.16666667 -0.75702125]",2413.628738641739
0.13233199999999995,[0.7209548],"[ 0.35789474  4.93333333  0.57192982  5.33333333 -0.11159444  0.36491228
  5.13333333  0.57894737  5.16666667 -0.50788963  0.36842105  5.23333333
  0.58421053  5.16666667 -0.75702125  0.37192982  5.26666667  0.5877193
  5.16666667 -0.27904522]",2413.7088465690613
0.13732400000000006,[-0.76221126],"[ 0.36491228  5.13333333  0.57894737  5.16666667 -0.50788963  0.36842105
  5.23333333  0.58421053  5.16666667 -0.75702125  0.37192982  5.26666667
  0.5877193   5.16666667 -0.27904522  0.37894737  5.36666667  0.59298246
  5.1        -1.76221132]",2413.788714170456
0.13734400000000002,[0.2604996],"[ 0.36842105  5.23333333  0.58421053  5.16666667 -0.75702125  0.37192982
  5.26666667  0.5877193   5.16666667 -0.27904522  0.37894737  5.36666667
  0.59298246  5.1        -1.76221132  0.38596491  5.43333333  0.59824561
  5.06666667 -0.7395004 ]",2413.873054742813
0.13233199999999995,[-0.5931809],"[ 0.37192982  5.26666667  0.5877193   5.16666667 -0.27904522  0.37894737
  5.36666667  0.59298246  5.1        -1.76221132  0.38596491  5.43333333
  0.59824561  5.06666667 -0.7395004   0.38596491  5.33333333  0.60175439
  5.23333333 -1.59318089]",2413.9488847255707
0.13494800000000007,[-0.65277576],"[ 0.37894737  5.36666667  0.59298246  5.1        -1.76221132  0.38596491
  5.43333333  0.59824561  5.06666667 -0.7395004   0.38596491  5.33333333
  0.60175439  5.23333333 -1.59318089  0.38947368  5.36666667  0.60175439
  5.26666667 -1.65277576]",2414.0349934101105
0.13502799999999998,[-0.7004648],"[ 0.38596491  5.43333333  0.59824561  5.06666667 -0.7395004   0.38596491
  5.33333333  0.60175439  5.23333333 -1.59318089  0.38947368  5.36666667
  0.60175439  5.26666667 -1.65277576  0.39298246  5.3         0.60701754
  5.36666667 -1.70046473]",2414.1151831150055
0.142656,[0.9150982],"[ 0.38596491  5.33333333  0.60175439  5.23333333 -1.59318089  0.38947368
  5.36666667  0.60175439  5.26666667 -1.65277576  0.39298246  5.3
  0.60701754  5.36666667 -1.70046473  0.4         5.23333333  0.61403509
  5.43333333 -0.08490181]",2414.1890909671783
0.142596,[0.41456345],"[ 0.38947368  5.36666667  0.60175439  5.26666667 -1.65277576  0.39298246
  5.3         0.60701754  5.36666667 -1.70046473  0.4         5.23333333
  0.61403509  5.43333333 -0.08490181  0.40701754  5.3         0.61929825
  5.4        -0.58543658]",2414.2747752666473
