reward,action,obs,time
,,"[0.         0.         0.         0.         0.         0.
 0.         0.         0.         0.         0.         0.
 0.         0.         0.         0.03157895 5.86666667 0.24385965
 5.3        0.        ]",1628.200163602829
-0.0023959999999999954,[-0.22772506],"[ 0.          0.          0.          0.          0.          0.
  0.          0.          0.          0.          0.03157895  5.86666667
  0.24385965  5.3         0.          0.02982456  5.6         0.24385965
  5.43333333 -1.22772503]",1628.3586945533752
1.9999999999999185e-05,[-0.93420494],"[ 0.          0.          0.          0.          0.          0.03157895
  5.86666667  0.24385965  5.3         0.          0.02982456  5.6
  0.24385965  5.43333333 -1.22772503  0.03157895  5.83333333  0.24385965
  5.3        -1.93420494]",1628.410228252411
8.000000000000368e-05,[-0.9303148],"[ 0.03157895  5.86666667  0.24385965  5.3         0.          0.02982456
  5.6         0.24385965  5.43333333 -1.22772503  0.03157895  5.83333333
  0.24385965  5.3        -1.93420494  0.03157895  5.73333333  0.24385965
  5.36666667 -1.93031478]",1628.4605436325073
8.000000000000368e-05,[0.54988873],"[ 0.02982456  5.6         0.24385965  5.43333333 -1.22772503  0.03157895
  5.83333333  0.24385965  5.3        -1.93420494  0.03157895  5.73333333
  0.24385965  5.36666667 -1.93031478  0.03157895  5.73333333  0.24561404
  5.36666667 -0.45011127]",1628.513798236847
8.000000000000368e-05,[0.17329244],"[ 0.03157895  5.83333333  0.24385965  5.3        -1.93420494  0.03157895
  5.73333333  0.24385965  5.36666667 -1.93031478  0.03157895  5.73333333
  0.24561404  5.36666667 -0.45011127  0.03157895  5.73333333  0.24561404
  5.36666667 -0.82670754]",1628.5611057281494
0.00010000000000000286,[-0.8468439],"[ 0.03157895  5.73333333  0.24385965  5.36666667 -1.93031478  0.03157895
  5.73333333  0.24561404  5.36666667 -0.45011127  0.03157895  5.73333333
  0.24561404  5.36666667 -0.82670754  0.03157895  5.7         0.24561404
  5.43333333 -1.84684396]",1628.6136968135834
0.002796,[0.9127403],"[ 0.03157895  5.73333333  0.24561404  5.36666667 -0.45011127  0.03157895
  5.73333333  0.24561404  5.36666667 -0.82670754  0.03157895  5.7
  0.24561404  5.43333333 -1.84684396  0.03333333  5.46666667  0.24736842
  5.6        -0.08725971]",1628.661409854889
0.0027360000000000023,[-0.8628746],"[ 0.03157895  5.73333333  0.24561404  5.36666667 -0.82670754  0.03157895
  5.7         0.24561404  5.43333333 -1.84684396  0.03333333  5.46666667
  0.24736842  5.6        -0.08725971  0.03333333  5.56666667  0.24912281
  5.53333333 -1.86287463]",1628.7125298976898
0.005252,[-0.04377896],"[ 0.03157895  5.7         0.24561404  5.43333333 -1.84684396  0.03333333
  5.46666667  0.24736842  5.6        -0.08725971  0.03333333  5.56666667
  0.24912281  5.53333333 -1.86287463  0.03508772  5.63333333  0.24736842
  5.4        -1.0437789 ]",1628.7616348266602
0.005292000000000005,[-0.6112689],"[ 0.03333333  5.46666667  0.24736842  5.6        -0.08725971  0.03333333
  5.56666667  0.24912281  5.53333333 -1.86287463  0.03508772  5.63333333
  0.24736842  5.4        -1.0437789   0.03508772  5.56666667  0.24912281
  5.46666667 -1.61126888]",1628.8100395202637
0.010424000000000003,[0.72611606],"[ 0.03333333  5.56666667  0.24912281  5.53333333 -1.86287463  0.03508772
  5.63333333  0.24736842  5.4        -1.0437789   0.03508772  5.56666667
  0.24912281  5.46666667 -1.61126888  0.03859649  5.53333333  0.25087719
  5.53333333 -0.27388394]",1628.8909194469452
0.018092000000000004,[0.5848756],"[ 0.03508772  5.63333333  0.24736842  5.4        -1.0437789   0.03508772
  5.56666667  0.24912281  5.46666667 -1.61126888  0.03859649  5.53333333
  0.25087719  5.53333333 -0.27388394  0.04385965  5.53333333  0.25789474
  5.5        -0.41512442]",1628.9708564281464
0.028196,[0.03255153],"[ 0.03508772  5.56666667  0.24912281  5.46666667 -1.61126888  0.03859649
  5.53333333  0.25087719  5.53333333 -0.27388394  0.04385965  5.53333333
  0.25789474  5.5        -0.41512442  0.05087719  5.73333333  0.26315789
  5.26666667 -0.96744847]",1629.0506253242493
0.035804,[-0.7433139],"[ 0.03859649  5.53333333  0.25087719  5.53333333 -0.27388394  0.04385965
  5.53333333  0.25789474  5.5        -0.41512442  0.05087719  5.73333333
  0.26315789  5.26666667 -0.96744847  0.05614035  5.83333333  0.26666667
  5.16666667 -1.74331391]",1629.1307094097137
0.035884,[-0.97325855],"[ 0.04385965  5.53333333  0.25789474  5.5        -0.41512442  0.05087719
  5.73333333  0.26315789  5.26666667 -0.96744847  0.05614035  5.83333333
  0.26666667  5.16666667 -1.74331391  0.05614035  5.7         0.26842105
  5.3        -1.9732585 ]",1629.2108261585236
0.03600400000000001,[-0.8582564],"[ 0.05087719  5.73333333  0.26315789  5.26666667 -0.96744847  0.05614035
  5.83333333  0.26666667  5.16666667 -1.74331391  0.05614035  5.7
  0.26842105  5.3        -1.9732585   0.05614035  5.5         0.27017544
  5.46666667 -1.85825634]",1629.2925851345062
0.041176000000000004,[0.7531737],"[ 0.05614035  5.83333333  0.26666667  5.16666667 -1.74331391  0.05614035
  5.7         0.26842105  5.3        -1.9732585   0.05614035  5.5
  0.27017544  5.46666667 -1.85825634  0.05964912  5.4         0.27192982
  5.53333333 -0.24682629]",1629.3706030845642
0.046287999999999996,[-0.94901943],"[ 0.05614035  5.7         0.26842105  5.3        -1.9732585   0.05614035
  5.5         0.27017544  5.46666667 -1.85825634  0.05964912  5.4
  0.27192982  5.53333333 -0.24682629  0.06315789  5.4         0.27719298
  5.53333333 -1.94901943]",1629.45050740242
0.053876000000000014,[0.82094294],"[ 0.05614035  5.5         0.27017544  5.46666667 -1.85825634  0.05964912
  5.4         0.27192982  5.53333333 -0.24682629  0.06315789  5.4
  0.27719298  5.53333333 -1.94901943  0.06842105  5.53333333  0.28245614
  5.4        -0.17905706]",1629.5305824279785
0.059028000000000004,[-0.94829494],"[ 0.05964912  5.4         0.27192982  5.53333333 -0.24682629  0.06315789
  5.4         0.27719298  5.53333333 -1.94901943  0.06842105  5.53333333
  0.28245614  5.4        -0.17905706  0.07192982  5.46666667  0.28596491
  5.43333333 -1.94829488]",1629.6117889881134
0.06911199999999999,[-0.2957726],"[ 0.06315789  5.4         0.27719298  5.53333333 -1.94901943  0.06842105
  5.53333333  0.28245614  5.4        -0.17905706  0.07192982  5.46666667
  0.28596491  5.43333333 -1.94829488  0.07719298  5.43333333  0.29122807
  5.4        -1.29577255]",1629.6905822753906
0.074384,[-0.7656082],"[ 0.06842105  5.53333333  0.28245614  5.4        -0.17905706  0.07192982
  5.46666667  0.28596491  5.43333333 -1.94829488  0.07719298  5.43333333
  0.29122807  5.4        -1.29577255  0.08245614  5.4         0.29649123
  5.4        -1.76560819]",1629.7712461948395
0.07947599999999999,[-0.6480823],"[ 0.07192982  5.46666667  0.28596491  5.43333333 -1.94829488  0.07719298
  5.43333333  0.29122807  5.4        -1.29577255  0.08245614  5.4
  0.29649123  5.4        -1.76560819  0.08596491  5.33333333  0.30175439
  5.46666667 -1.64808226]",1629.850468635559
0.08460800000000003,[0.90357935],"[ 0.07719298  5.43333333  0.29122807  5.4        -1.29577255  0.08245614
  5.4         0.29649123  5.4        -1.76560819  0.08596491  5.33333333
  0.30175439  5.46666667 -1.64808226  0.08947368  5.3         0.30526316
  5.6        -0.09642065]",1629.930677652359
0.08968000000000001,[-0.97487134],"[ 0.08245614  5.4         0.29649123  5.4        -1.76560819  0.08596491
  5.33333333  0.30175439  5.46666667 -1.64808226  0.08947368  5.3
  0.30526316  5.6        -0.09642065  0.09298246  5.36666667  0.30877193
  5.6        -1.9748714 ]",1630.0109238624573
0.094672,[-0.68026847],"[ 0.08596491  5.33333333  0.30175439  5.46666667 -1.64808226  0.08947368
  5.3         0.30526316  5.6        -0.09642065  0.09298246  5.36666667
  0.30877193  5.6        -1.9748714   0.09649123  5.53333333  0.31052632
  5.43333333 -1.68026853]",1630.0904684066772
0.097168,[0.07731999],"[ 0.08947368  5.3         0.30526316  5.6        -0.09642065  0.09298246
  5.36666667  0.30877193  5.6        -1.9748714   0.09649123  5.53333333
  0.31052632  5.43333333 -1.68026853  0.1         5.4         0.31403509
  5.5        -0.92268002]",1630.1705341339111
0.09984400000000002,[-0.33909196],"[ 0.09298246  5.36666667  0.30877193  5.6        -1.9748714   0.09649123
  5.53333333  0.31052632  5.43333333 -1.68026853  0.1         5.4
  0.31403509  5.5        -0.92268002  0.10175439  5.3         0.31578947
  5.6        -1.33909202]",1630.2505285739899
0.10238,[-0.12495364],"[ 0.09649123  5.53333333  0.31052632  5.43333333 -1.68026853  0.1
  5.4         0.31403509  5.5        -0.92268002  0.10175439  5.3
  0.31578947  5.6        -1.33909202  0.10526316  5.4         0.32280702
  5.56666667 -1.12495363]",1630.3246533870697
0.10747200000000001,[-0.95567954],"[ 0.1         5.4         0.31403509  5.5        -0.92268002  0.10175439
  5.3         0.31578947  5.6        -1.33909202  0.10526316  5.4
  0.32280702  5.56666667 -1.12495363  0.10877193  5.36666667  0.32982456
  5.6        -1.95567954]",1630.4106051921844
0.10745200000000002,[0.27755514],"[ 0.10175439  5.3         0.31578947  5.6        -1.33909202  0.10526316
  5.4         0.32280702  5.56666667 -1.12495363  0.10877193  5.36666667
  0.32982456  5.6        -1.95567954  0.1122807   5.36666667  0.33684211
  5.7        -0.72244489]",1630.4906861782074
0.11024800000000001,[-0.9184592],"[ 0.10526316  5.4         0.32280702  5.56666667 -1.12495363  0.10877193
  5.36666667  0.32982456  5.6        -1.95567954  0.1122807   5.36666667
  0.33684211  5.7        -0.72244489  0.11929825  4.96666667  0.34385965
  5.83333333 -1.91845918]",1630.570554971695
0.135668,[-0.86098343],"[ 0.10877193  5.36666667  0.32982456  5.6        -1.95567954  0.1122807
  5.36666667  0.33684211  5.7        -0.72244489  0.11929825  4.96666667
  0.34385965  5.83333333 -1.91845918  0.14385965  5.4         0.34912281
  5.73333333 -1.86098337]",1630.6486110687256
0.13063600000000003,[0.5876986],"[ 0.1122807   5.36666667  0.33684211  5.7        -0.72244489  0.11929825
  4.96666667  0.34385965  5.83333333 -1.91845918  0.14385965  5.4
  0.34912281  5.73333333 -1.86098337  0.14561404  5.36666667  0.35087719
  5.8        -0.41230142]",1630.7268357276917
0.133132,[0.05296719],"[ 0.11929825  4.96666667  0.34385965  5.83333333 -1.91845918  0.14385965
  5.4         0.34912281  5.73333333 -1.86098337  0.14561404  5.36666667
  0.35087719  5.8        -0.41230142  0.14736842  5.33333333  0.35438596
  5.9        -0.94703281]",1630.8045699596405
0.135488,[0.801734],"[ 0.14385965  5.4         0.34912281  5.73333333 -1.86098337  0.14561404
  5.36666667  0.35087719  5.8        -0.41230142  0.14736842  5.33333333
  0.35438596  5.9        -0.94703281  0.14912281  5.46666667  0.35964912
  5.83333333 -0.19826603]",1630.8926653862
0.137884,[-0.8487177],"[ 0.14561404  5.36666667  0.35087719  5.8        -0.41230142  0.14736842
  5.33333333  0.35438596  5.9        -0.94703281  0.14912281  5.46666667
  0.35964912  5.83333333 -0.19826603  0.15438596  5.63333333  0.36666667
  5.7        -1.84871769]",1630.974945306778
0.14293600000000004,[-0.7129897],"[ 0.14736842  5.33333333  0.35438596  5.9        -0.94703281  0.14912281
  5.46666667  0.35964912  5.83333333 -0.19826603  0.15438596  5.63333333
  0.36666667  5.7        -1.84871769  0.16140351  5.73333333  0.37368421
  5.6        -1.71298969]",1631.0458118915558
0.14309600000000003,[-0.20301752],"[ 0.14912281  5.46666667  0.35964912  5.83333333 -0.19826603  0.15438596
  5.63333333  0.36666667  5.7        -1.84871769  0.16140351  5.73333333
  0.37368421  5.6        -1.71298969  0.16666667  5.6         0.38070175
  5.73333333 -1.20301747]",1631.1310863494873
0.145672,[-0.7998575],"[ 0.15438596  5.63333333  0.36666667  5.7        -1.84871769  0.16140351
  5.73333333  0.37368421  5.6        -1.71298969  0.16666667  5.6
  0.38070175  5.73333333 -1.20301747  0.17192982  5.5         0.38596491
  5.9        -1.7998575 ]",1631.210693359375
0.15074400000000002,[-0.06682209],"[ 0.16140351  5.73333333  0.37368421  5.6        -1.71298969  0.16666667
  5.6         0.38070175  5.73333333 -1.20301747  0.17192982  5.5
  0.38596491  5.9        -1.7998575   0.18070175  5.53333333  0.39298246
  5.93333333 -1.06682205]",1631.2946174144745
0.15328000000000003,[-0.3827516],"[ 0.16666667  5.6         0.38070175  5.73333333 -1.20301747  0.17192982
  5.5         0.38596491  5.9        -1.7998575   0.18070175  5.53333333
  0.39298246  5.93333333 -1.06682205  0.1877193   5.53333333  0.4
  6.03333333 -1.38275158]",1631.36456656456
0.15829199999999996,[0.94986045],"[ 0.17192982  5.5         0.38596491  5.9        -1.7998575   0.18070175
  5.53333333  0.39298246  5.93333333 -1.06682205  0.1877193   5.53333333
  0.4         6.03333333 -1.38275158  0.19473684  5.63333333  0.40877193
  6.03333333 -0.05013955]",1631.444595336914
0.163344,[-0.65714073],"[ 0.18070175  5.53333333  0.39298246  5.93333333 -1.06682205  0.1877193
  5.53333333  0.4         6.03333333 -1.38275158  0.19473684  5.63333333
  0.40877193  6.03333333 -0.05013955  0.20175439  5.7         0.41578947
  6.         -1.65714073]",1631.5245959758759
0.16843600000000003,[0.8759021],"[ 0.1877193   5.53333333  0.4         6.03333333 -1.38275158  0.19473684
  5.63333333  0.40877193  6.03333333 -0.05013955  0.20175439  5.7
  0.41578947  6.         -1.65714073  0.20877193  5.8         0.42280702
  5.86666667 -0.12409788]",1631.6045145988464
0.16855599999999998,[0.79550284],"[ 0.19473684  5.63333333  0.40877193  6.03333333 -0.05013955  0.20175439
  5.7         0.41578947  6.         -1.65714073  0.20877193  5.8
  0.42280702  5.86666667 -0.12409788  0.2122807   5.76666667  0.42631579
  5.86666667 -0.20449716]",1631.6845281124115
0.170932,[-0.2276349],"[ 0.20175439  5.7         0.41578947  6.         -1.65714073  0.20877193
  5.8         0.42280702  5.86666667 -0.12409788  0.2122807   5.76666667
  0.42631579  5.86666667 -0.20449716  0.21754386  5.93333333  0.43157895
  5.73333333 -1.22763491]",1631.764575958252
0.17594400000000002,[-0.5856242],"[ 0.20877193  5.8         0.42280702  5.86666667 -0.12409788  0.2122807
  5.76666667  0.42631579  5.86666667 -0.20449716  0.21754386  5.93333333
  0.43157895  5.73333333 -1.22763491  0.22280702  6.          0.43684211
  5.73333333 -1.58562422]",1631.8445956707
0.17865999999999999,[0.138125],"[ 0.2122807   5.76666667  0.42631579  5.86666667 -0.20449716  0.21754386
  5.93333333  0.43157895  5.73333333 -1.22763491  0.22280702  6.
  0.43684211  5.73333333 -1.58562422  0.22807018  5.83333333  0.44210526
  5.96666667 -0.861875  ]",1631.9245388507843
0.183752,[-0.57714456],"[ 0.21754386  5.93333333  0.43157895  5.73333333 -1.22763491  0.22280702
  6.          0.43684211  5.73333333 -1.58562422  0.22807018  5.83333333
  0.44210526  5.96666667 -0.861875    0.23508772  5.83333333  0.44736842
  6.         -1.57714462]",1632.0047943592072
0.18882399999999996,[-0.5930649],"[ 0.22280702  6.          0.43684211  5.73333333 -1.58562422  0.22807018
  5.83333333  0.44210526  5.96666667 -0.861875    0.23508772  5.83333333
  0.44736842  6.         -1.57714462  0.24210526  5.9         0.45789474
  5.96666667 -1.5930649 ]",1632.084403038025
0.193736,[-0.6229446],"[ 0.22807018  5.83333333  0.44210526  5.96666667 -0.861875    0.23508772
  5.83333333  0.44736842  6.         -1.57714462  0.24210526  5.9
  0.45789474  5.96666667 -1.5930649   0.25263158  5.83333333  0.46666667
  6.1        -1.62294459]",1632.1644790172577
0.16843599999999997,[0.32371047],"[ 0.23508772  5.83333333  0.44736842  6.         -1.57714462  0.24210526
  5.9         0.45789474  5.96666667 -1.5930649   0.25263158  5.83333333
  0.46666667  6.1        -1.62294459  0.25964912  5.83333333  0.4754386
  6.16666667 -0.67628956]",1632.2456922531128
0.176024,[-0.24536571],"[ 0.24210526  5.9         0.45789474  5.96666667 -1.5930649   0.25263158
  5.83333333  0.46666667  6.1        -1.62294459  0.25964912  5.83333333
  0.4754386   6.16666667 -0.67628956  0.26666667  5.93333333  0.48245614
  6.13333333 -1.24536574]",1632.324718952179
0.18363200000000002,[0.0796553],"[ 0.25263158  5.83333333  0.46666667  6.1        -1.62294459  0.25964912
  5.83333333  0.4754386   6.16666667 -0.67628956  0.26666667  5.93333333
  0.48245614  6.13333333 -1.24536574  0.27368421  6.          0.4877193
  6.06666667 -0.92034471]",1632.4087569713593
0.18373199999999998,[0.5548915],"[ 0.25964912  5.83333333  0.4754386   6.16666667 -0.67628956  0.26666667
  5.93333333  0.48245614  6.13333333 -1.24536574  0.27368421  6.
  0.4877193   6.06666667 -0.92034471  0.2754386   5.96666667  0.48947368
  6.06666667 -0.44510847]",1632.4912512302399
0.18379199999999998,[-0.83331925],"[ 0.26666667  5.93333333  0.48245614  6.13333333 -1.24536574  0.27368421
  6.          0.4877193   6.06666667 -0.92034471  0.2754386   5.96666667
  0.48947368  6.06666667 -0.44510847  0.28070175  6.03333333  0.49298246
  6.         -1.83331919]",1632.570582151413
0.1787,[-0.9788165],"[ 0.27368421  6.          0.4877193   6.06666667 -0.92034471  0.2754386
  5.96666667  0.48947368  6.06666667 -0.44510847  0.28070175  6.03333333
  0.49298246  6.         -1.83331919  0.28421053  6.1         0.49649123
  5.96666667 -1.97881651]",1632.6506946086884
0.176184,[0.3071296],"[ 0.2754386   5.96666667  0.48947368  6.06666667 -0.44510847  0.28070175
  6.03333333  0.49298246  6.         -1.83331919  0.28421053  6.1
  0.49649123  5.96666667 -1.97881651  0.2877193   5.9         0.50175439
  6.2        -0.69287038]",1632.7254705429077
0.17873999999999995,[-0.7388816],"[ 0.28070175  6.03333333  0.49298246  6.         -1.83331919  0.28421053
  6.1         0.49649123  5.96666667 -1.97881651  0.2877193   5.9
  0.50175439  6.2        -0.69287038  0.29473684  5.8         0.50701754
  6.36666667 -1.73888159]",1632.814243555069
0.17614399999999994,[0.7579276],"[ 0.28421053  6.1         0.49649123  5.96666667 -1.97881651  0.2877193
  5.9         0.50175439  6.2        -0.69287038  0.29473684  5.8
  0.50701754  6.36666667 -1.73888159  0.30175439  5.9         0.51403509
  6.36666667 -0.2420724 ]",1632.8857941627502
0.17869999999999994,[-0.6662948],"[ 0.2877193   5.9         0.50175439  6.2        -0.69287038  0.29473684
  5.8         0.50701754  6.36666667 -1.73888159  0.30175439  5.9
  0.51403509  6.36666667 -0.2420724   0.31052632  5.9         0.52280702
  6.43333333 -1.66629481]",1632.9706873893738
0.17872000000000005,[0.48933315],"[ 0.29473684  5.8         0.50701754  6.36666667 -1.73888159  0.30175439
  5.9         0.51403509  6.36666667 -0.2420724   0.31052632  5.9
  0.52280702  6.43333333 -1.66629481  0.31754386  5.96666667  0.53157895
  6.43333333 -0.51066685]",1633.044899225235
0.17875999999999997,[-0.09210844],"[ 0.30175439  5.9         0.51403509  6.36666667 -0.2420724   0.31052632
  5.9         0.52280702  6.43333333 -1.66629481  0.31754386  5.96666667
  0.53157895  6.43333333 -0.51066685  0.3245614   5.96666667  0.53684211
  6.5        -1.09210849]",1633.1248979568481
0.17878,[-0.6695478],"[ 0.31052632  5.9         0.52280702  6.43333333 -1.66629481  0.31754386
  5.96666667  0.53157895  6.43333333 -0.51066685  0.3245614   5.96666667
  0.53684211  6.5        -1.09210849  0.33157895  6.03333333  0.54385965
  6.43333333 -1.6695478 ]",1633.2087616920471
0.17878000000000005,[0.690495],"[ 0.31754386  5.96666667  0.53157895  6.43333333 -0.51066685  0.3245614
  5.96666667  0.53684211  6.5        -1.09210849  0.33157895  6.03333333
  0.54385965  6.43333333 -1.6695478   0.33508772  6.          0.54736842
  6.53333333 -0.30950499]",1633.284893989563
0.17632399999999998,[-0.12165546],"[ 0.3245614   5.96666667  0.53684211  6.5        -1.09210849  0.33157895
  6.03333333  0.54385965  6.43333333 -1.6695478   0.33508772  6.
  0.54736842  6.53333333 -0.30950499  0.33859649  6.          0.54912281
  6.66666667 -1.12165546]",1633.3696691989899
0.17626399999999998,[0.5305708],"[ 0.33157895  6.03333333  0.54385965  6.43333333 -1.6695478   0.33508772
  6.          0.54736842  6.53333333 -0.30950499  0.33859649  6.
  0.54912281  6.66666667 -1.12165546  0.34385965  6.16666667  0.55438596
  6.53333333 -0.46942919]",1633.4488172531128
0.173568,[-0.7241829],"[ 0.33508772  6.          0.54736842  6.53333333 -0.30950499  0.33859649
  6.          0.54912281  6.66666667 -1.12165546  0.34385965  6.16666667
  0.55438596  6.53333333 -0.46942919  0.34736842  6.23333333  0.56140351
  6.5        -1.72418284]",1633.5370032787323
0.17354799999999998,[-0.42887095],"[ 0.33859649  6.          0.54912281  6.66666667 -1.12165546  0.34385965
  6.16666667  0.55438596  6.53333333 -0.46942919  0.34736842  6.23333333
  0.56140351  6.5        -1.72418284  0.35438596  6.26666667  0.56666667
  6.46666667 -1.42887092]",1633.6154460906982
0.17362799999999995,[0.28786784],"[ 0.34385965  6.16666667  0.55438596  6.53333333 -0.46942919  0.34736842
  6.23333333  0.56140351  6.5        -1.72418284  0.35438596  6.26666667
  0.56666667  6.46666667 -1.42887092  0.36140351  6.2         0.57368421
  6.6        -0.71213216]",1633.6889588832855
0.168436,[-0.32342055],"[ 0.34736842  6.23333333  0.56140351  6.5        -1.72418284  0.35438596
  6.26666667  0.56666667  6.46666667 -1.42887092  0.36140351  6.2
  0.57368421  6.6        -0.71213216  0.36842105  6.26666667  0.58070175
  6.66666667 -1.32342052]",1633.7749617099762
0.16833600000000004,[-0.6077746],"[ 0.35438596  6.26666667  0.56666667  6.46666667 -1.42887092  0.36140351
  6.2         0.57368421  6.6        -0.71213216  0.36842105  6.26666667
  0.58070175  6.66666667 -1.32342052  0.3754386   6.43333333  0.5877193
  6.63333333 -1.60777462]",1633.8544600009918
0.16585999999999995,[-0.8455617],"[ 0.36140351  6.2         0.57368421  6.6        -0.71213216  0.36842105
  6.26666667  0.58070175  6.66666667 -1.32342052  0.3754386   6.43333333
  0.5877193   6.63333333 -1.60777462  0.38070175  6.4         0.59298246
  6.76666667 -1.84556174]",1633.9286940097809
0.16596000000000005,[-0.17291535],"[ 0.36842105  6.26666667  0.58070175  6.66666667 -1.32342052  0.3754386
  6.43333333  0.5877193   6.63333333 -1.60777462  0.38070175  6.4
  0.59298246  6.76666667 -1.84556174  0.3877193   6.3         0.59824561
  6.9        -1.17291534]",1634.0146312713623
0.17103200000000002,[-0.8041549],"[ 0.3754386   6.43333333  0.5877193   6.63333333 -1.60777462  0.38070175
  6.4         0.59298246  6.76666667 -1.84556174  0.3877193   6.3
  0.59824561  6.9        -1.17291534  0.39298246  6.33333333  0.60350877
  6.93333333 -1.80415487]",1634.088665485382
0.16847600000000001,[-0.27314794],"[ 0.38070175  6.4         0.59298246  6.76666667 -1.84556174  0.3877193
  6.3         0.59824561  6.9        -1.17291534  0.39298246  6.33333333
  0.60350877  6.93333333 -1.80415487  0.39649123  6.4         0.60701754
  6.93333333 -1.27314794]",1634.1684811115265
0.17109200000000002,[-0.95771813],"[ 0.3877193   6.3         0.59824561  6.9        -1.17291534  0.39298246
  6.33333333  0.60350877  6.93333333 -1.80415487  0.39649123  6.4
  0.60701754  6.93333333 -1.27314794  0.40175439  6.36666667  0.61052632
  7.03333333 -1.95771813]",1634.2484729290009
0.173508,[-0.7808917],"[ 0.39298246  6.33333333  0.60350877  6.93333333 -1.80415487  0.39649123
  6.4         0.60701754  6.93333333 -1.27314794  0.40175439  6.36666667
  0.61052632  7.03333333 -1.95771813  0.40701754  6.4         0.61578947
  7.1        -1.78089166]",1634.332392692566
0.173508,[0.22673586],"[ 0.39649123  6.4         0.60701754  6.93333333 -1.27314794  0.40175439
  6.36666667  0.61052632  7.03333333 -1.95771813  0.40701754  6.4
  0.61578947  7.1        -1.78089166  0.41403509  6.3         0.62105263
  7.23333333 -0.77326417]",1634.4094343185425
0.16841600000000007,[0.417664],"[ 0.40175439  6.36666667  0.61052632  7.03333333 -1.95771813  0.40701754
  6.4         0.61578947  7.1        -1.78089166  0.41403509  6.3
  0.62105263  7.23333333 -0.77326417  0.41754386  6.36666667  0.62631579
  7.23333333 -0.58233601]",1634.4944512844086
0.16060800000000003,[-0.5226303],"[ 0.40701754  6.4         0.61578947  7.1        -1.78089166  0.41403509
  6.3         0.62105263  7.23333333 -0.77326417  0.41754386  6.36666667
  0.62631579  7.23333333 -0.58233601  0.42105263  6.6         0.63157895
  7.06666667 -1.52263021]",1634.5685813426971
0.15549599999999997,[-0.6397667],"[ 0.41403509  6.3         0.62105263  7.23333333 -0.77326417  0.41754386
  6.36666667  0.62631579  7.23333333 -0.58233601  0.42105263  6.6
  0.63157895  7.06666667 -1.52263021  0.4245614   6.66666667  0.63508772
  7.06666667 -1.63976669]",1634.6490950584412
0.15300000000000008,[-0.9146501],"[ 0.41754386  6.36666667  0.62631579  7.23333333 -0.58233601  0.42105263
  6.6         0.63157895  7.06666667 -1.52263021  0.4245614   6.66666667
  0.63508772  7.06666667 -1.63976669  0.42982456  6.56666667  0.63859649
  7.26666667 -1.91465008]",1634.7358615398407
0.147968,[0.65570676],"[ 0.42105263  6.6         0.63157895  7.06666667 -1.52263021  0.4245614
  6.66666667  0.63508772  7.06666667 -1.63976669  0.42982456  6.56666667
  0.63859649  7.26666667 -1.91465008  0.43333333  6.5         0.64035088
  7.4        -0.34429324]",1634.8086726665497
0.15048399999999995,[-0.22777316],"[ 0.4245614   6.66666667  0.63508772  7.06666667 -1.63976669  0.42982456
  6.56666667  0.63859649  7.26666667 -1.91465008  0.43333333  6.5
  0.64035088  7.4        -0.34429324  0.43859649  6.53333333  0.64561404
  7.46666667 -1.22777319]",1634.8944370746613
0.15289999999999998,[0.13554767],"[ 0.42982456  6.56666667  0.63859649  7.26666667 -1.91465008  0.43333333
  6.5         0.64035088  7.4        -0.34429324  0.43859649  6.53333333
  0.64561404  7.46666667 -1.22777319  0.44385965  6.76666667  0.65263158
  7.43333333 -0.86445236]",1634.9746284484863
0.15549600000000002,[-0.5375979],"[ 0.43333333  6.5         0.64035088  7.4        -0.34429324  0.43859649
  6.53333333  0.64561404  7.46666667 -1.22777319  0.44385965  6.76666667
  0.65263158  7.43333333 -0.86445236  0.45087719  6.86666667  0.66140351
  7.46666667 -1.53759789]",1635.0487706661224
0.16066800000000003,[-0.43910992],"[ 0.43859649  6.53333333  0.64561404  7.46666667 -1.22777319  0.44385965
  6.76666667  0.65263158  7.43333333 -0.86445236  0.45087719  6.86666667
  0.66140351  7.46666667 -1.53759789  0.45789474  6.83333333  0.66666667
  7.5        -1.43910992]",1635.1285140514374
0.15821200000000002,[0.41209373],"[ 0.44385965  6.76666667  0.65263158  7.43333333 -0.86445236  0.45087719
  6.86666667  0.66140351  7.46666667 -1.53759789  0.45789474  6.83333333
  0.66666667  7.5        -1.43910992  0.46315789  6.7         0.67017544
  7.56666667 -0.58790624]",1635.20858669281
