reward,action,obs,time
,,"[0.         0.         0.         0.         0.         0.
 0.         0.         0.         0.         0.         0.
 0.         0.         0.         0.03157895 5.76666667 0.24561404
 5.36666667 0.        ]",2484.062662124634
0.002475999999999999,[0.20635563],"[ 0.          0.          0.          0.          0.          0.
  0.          0.          0.          0.          0.03157895  5.76666667
  0.24561404  5.36666667  0.          0.03333333  5.9         0.24385965
  5.26666667 -0.79364437]",2484.217048406601
7.999999999999674e-05,[0.6917947],"[ 0.          0.          0.          0.          0.          0.03157895
  5.76666667  0.24561404  5.36666667  0.          0.03333333  5.9
  0.24385965  5.26666667 -0.79364437  0.03157895  5.63333333  0.24561404
  5.43333333 -0.30820531]",2484.2640347480774
-0.002496000000000005,[-0.5542573],"[ 0.03157895  5.76666667  0.24561404  5.36666667  0.          0.03333333
  5.9         0.24385965  5.26666667 -0.79364437  0.03157895  5.63333333
  0.24561404  5.43333333 -0.30820531  0.02982456  5.66666667  0.24385965
  5.4        -1.55425727]",2484.3194901943207
5.9999999999997555e-05,[-0.9556385],"[ 0.03333333  5.9         0.24385965  5.26666667 -0.79364437  0.03157895
  5.63333333  0.24561404  5.43333333 -0.30820531  0.02982456  5.66666667
  0.24385965  5.4        -1.55425727  0.03157895  5.66666667  0.24385965
  5.4        -1.95563853]",2484.3730883598328
-0.002496000000000005,[-0.8166073],"[ 0.03157895  5.63333333  0.24561404  5.43333333 -0.30820531  0.02982456
  5.66666667  0.24385965  5.4        -1.55425727  0.03157895  5.66666667
  0.24385965  5.4        -1.95563853  0.02982456  5.66666667  0.24561404
  5.4        -1.81660724]",2484.4195940494537
1.9999999999999185e-05,[-0.60267174],"[ 0.02982456  5.66666667  0.24385965  5.4        -1.55425727  0.03157895
  5.66666667  0.24385965  5.4        -1.95563853  0.02982456  5.66666667
  0.24561404  5.4        -1.81660724  0.03157895  5.73333333  0.24561404
  5.33333333 -1.60267174]",2484.4722781181335
1.9999999999999185e-05,[0.30015892],"[ 0.03157895  5.66666667  0.24385965  5.4        -1.95563853  0.02982456
  5.66666667  0.24561404  5.4        -1.81660724  0.03157895  5.73333333
  0.24561404  5.33333333 -1.60267174  0.03157895  5.73333333  0.24561404
  5.36666667 -0.69984108]",2484.519434452057
0.0001799999999999996,[-0.8422972],"[ 0.02982456  5.66666667  0.24561404  5.4        -1.81660724  0.03157895
  5.73333333  0.24561404  5.33333333 -1.60267174  0.03157895  5.73333333
  0.24561404  5.36666667 -0.69984108  0.03157895  5.46666667  0.24736842
  5.6        -1.8422972 ]",2484.569739818573
0.007888,[-0.79407334],"[ 0.03157895  5.73333333  0.24561404  5.33333333 -1.60267174  0.03157895
  5.73333333  0.24561404  5.36666667 -0.69984108  0.03157895  5.46666667
  0.24736842  5.6        -1.8422972   0.03684211  5.4         0.25087719
  5.63333333 -1.79407334]",2484.6214258670807
0.012940000000000002,[-0.6333256],"[ 0.03157895  5.73333333  0.24561404  5.36666667 -0.69984108  0.03157895
  5.46666667  0.24736842  5.6        -1.8422972   0.03684211  5.4
  0.25087719  5.63333333 -1.79407334  0.04035088  5.5         0.25438596
  5.53333333 -1.63332558]",2484.698793411255
0.018111999999999996,[0.6156167],"[ 0.03157895  5.46666667  0.24736842  5.6        -1.8422972   0.03684211
  5.4         0.25087719  5.63333333 -1.79407334  0.04035088  5.5
  0.25438596  5.53333333 -1.63332558  0.04385965  5.4         0.25789474
  5.66666667 -0.38438332]",2484.7789375782013
0.028355999999999992,[0.56032234],"[ 0.03684211  5.4         0.25087719  5.63333333 -1.79407334  0.04035088
  5.5         0.25438596  5.53333333 -1.63332558  0.04385965  5.4
  0.25789474  5.66666667 -0.38438332  0.05087719  5.36666667  0.26315789
  5.73333333 -0.43967766]",2484.859267950058
0.03844,[-0.39199382],"[ 0.04035088  5.5         0.25438596  5.53333333 -1.63332558  0.04385965
  5.4         0.25789474  5.66666667 -0.38438332  0.05087719  5.36666667
  0.26315789  5.73333333 -0.43967766  0.05789474  5.6         0.27192982
  5.53333333 -1.39199376]",2484.9387900829315
0.04606799999999999,[-0.7207116],"[ 0.04385965  5.4         0.25789474  5.66666667 -0.38438332  0.05087719
  5.36666667  0.26315789  5.73333333 -0.43967766  0.05789474  5.6
  0.27192982  5.53333333 -1.39199376  0.06315789  5.66666667  0.27719298
  5.4        -1.72071159]",2485.0196533203125
0.053815999999999996,[0.7475943],"[ 0.05087719  5.36666667  0.26315789  5.73333333 -0.43967766  0.05789474
  5.6         0.27192982  5.53333333 -1.39199376  0.06315789  5.66666667
  0.27719298  5.4        -1.72071159  0.06842105  5.53333333  0.28245614
  5.56666667 -0.2524057 ]",2485.099020719528
0.058967999999999986,[-0.48006508],"[ 0.05789474  5.6         0.27192982  5.53333333 -1.39199376  0.06315789
  5.66666667  0.27719298  5.4        -1.72071159  0.06842105  5.53333333
  0.28245614  5.56666667 -0.2524057   0.07192982  5.46666667  0.28596491
  5.7        -1.48006511]",2485.173862695694
0.06653600000000001,[-0.9084971],"[ 0.06315789  5.66666667  0.27719298  5.4        -1.72071159  0.06842105
  5.53333333  0.28245614  5.56666667 -0.2524057   0.07192982  5.46666667
  0.28596491  5.7        -1.48006511  0.07719298  5.63333333  0.29122807
  5.6        -1.9084971 ]",2485.2593202590942
0.0768,[0.35190424],"[ 0.06842105  5.53333333  0.28245614  5.56666667 -0.2524057   0.07192982
  5.46666667  0.28596491  5.7        -1.48006511  0.07719298  5.63333333
  0.29122807  5.6        -1.9084971   0.08421053  5.56666667  0.29824561
  5.63333333 -0.64809573]",2485.3391301631927
0.08968000000000001,[0.4124162],"[ 0.07192982  5.46666667  0.28596491  5.7        -1.48006511  0.07719298
  5.63333333  0.29122807  5.6        -1.9084971   0.08421053  5.56666667
  0.29824561  5.63333333 -0.64809573  0.09298246  5.4         0.30526316
  5.8        -0.58758378]",2485.4192571640015
0.10236,[-0.55055285],"[ 0.07719298  5.63333333  0.29122807  5.6        -1.9084971   0.08421053
  5.56666667  0.29824561  5.63333333 -0.64809573  0.09298246  5.4
  0.30526316  5.8        -0.58758378  0.10175439  5.56666667  0.31578947
  5.66666667 -1.55055285]",2485.502777814865
0.11002800000000001,[-0.00192407],"[ 0.08421053  5.56666667  0.29824561  5.63333333 -0.64809573  0.09298246
  5.4         0.30526316  5.8        -0.58758378  0.10175439  5.56666667
  0.31578947  5.66666667 -1.55055285  0.10877193  5.7         0.32631579
  5.53333333 -1.00192404]",2485.579703807831
0.11761599999999998,[0.8882279],"[ 0.09298246  5.4         0.30526316  5.8        -0.58758378  0.10175439
  5.56666667  0.31578947  5.66666667 -1.55055285  0.10877193  5.7
  0.32631579  5.53333333 -1.00192404  0.1122807   5.56666667  0.33333333
  5.6        -0.11177212]",2485.6624853610992
0.13023599999999996,[-0.28850132],"[ 0.10175439  5.56666667  0.31578947  5.66666667 -1.55055285  0.10877193
  5.7         0.32631579  5.53333333 -1.00192404  0.1122807   5.56666667
  0.33333333  5.6        -0.11177212  0.11929825  5.86666667  0.34035088
  5.53333333 -1.28850126]",2485.7389183044434
0.16609999999999997,[-0.44493893],"[ 0.10877193  5.7         0.32631579  5.53333333 -1.00192404  0.1122807
  5.56666667  0.33333333  5.6        -0.11177212  0.11929825  5.86666667
  0.34035088  5.53333333 -1.28850126  0.14561404  5.73333333  0.34736842
  5.36666667 -1.4449389 ]",2485.8228421211243
0.17125199999999996,[-0.8422326],"[ 0.1122807   5.56666667  0.33333333  5.6        -0.11177212  0.11929825
  5.86666667  0.34035088  5.53333333 -1.28850126  0.14561404  5.73333333
  0.34736842  5.36666667 -1.4449389   0.14736842  5.66666667  0.35438596
  5.4        -1.84223258]",2485.8988649845123
0.173908,[-0.7915522],"[ 0.11929825  5.86666667  0.34035088  5.53333333 -1.28850126  0.14561404
  5.73333333  0.34736842  5.36666667 -1.4449389   0.14736842  5.66666667
  0.35438596  5.4        -1.84223258  0.15087719  5.56666667  0.36140351
  5.53333333 -1.79155219]",2485.98170542717
0.18157600000000002,[-0.8995644],"[ 0.14561404  5.73333333  0.34736842  5.36666667 -1.4449389   0.14736842
  5.66666667  0.35438596  5.4        -1.84223258  0.15087719  5.56666667
  0.36140351  5.53333333 -1.79155219  0.15614035  5.56666667  0.37017544
  5.7        -1.89956439]",2486.059613466263
0.19421599999999994,[0.26348746],"[ 0.14736842  5.66666667  0.35438596  5.4        -1.84223258  0.15087719
  5.56666667  0.36140351  5.53333333 -1.79155219  0.15614035  5.56666667
  0.37017544  5.7        -1.89956439  0.16491228  5.53333333  0.37894737
  5.76666667 -0.73651254]",2486.138906478882
0.196732,[-0.970303],"[ 0.15087719  5.56666667  0.36140351  5.53333333 -1.79155219  0.15614035
  5.56666667  0.37017544  5.7        -1.89956439  0.16491228  5.53333333
  0.37894737  5.76666667 -0.73651254  0.17192982  5.53333333  0.3877193
  5.8        -1.97030306]",2486.218772172928
0.20437999999999995,[-0.77834266],"[ 0.15614035  5.56666667  0.37017544  5.7        -1.89956439  0.16491228
  5.53333333  0.37894737  5.76666667 -0.73651254  0.17192982  5.53333333
  0.3877193   5.8        -1.97030306  0.18070175  5.66666667  0.39649123
  5.7        -1.77834272]",2486.2990820407867
0.20697599999999997,[0.7205274],"[ 0.16491228  5.53333333  0.37894737  5.76666667 -0.73651254  0.17192982
  5.53333333  0.3877193   5.8        -1.97030306  0.18070175  5.66666667
  0.39649123  5.7        -1.77834272  0.18596491  5.5         0.40175439
  5.8        -0.27947259]",2486.3738718032837
0.2045,[-0.6075944],"[ 0.17192982  5.53333333  0.3877193   5.8        -1.97030306  0.18070175
  5.66666667  0.39649123  5.7        -1.77834272  0.18596491  5.5
  0.40175439  5.8        -0.27947259  0.19122807  5.33333333  0.40526316
  5.86666667 -1.60759437]",2486.4545845985413
0.202004,[0.5043278],"[ 0.18070175  5.66666667  0.39649123  5.7        -1.77834272  0.18596491
  5.5         0.40175439  5.8        -0.27947259  0.19122807  5.33333333
  0.40526316  5.86666667 -1.60759437  0.19649123  5.46666667  0.41052632
  5.76666667 -0.49567223]",2486.5328645706177
0.20457999999999998,[-0.3295808],"[ 0.18596491  5.5         0.40175439  5.8        -0.27947259  0.19122807
  5.33333333  0.40526316  5.86666667 -1.60759437  0.19649123  5.46666667
  0.41052632  5.76666667 -0.49567223  0.20350877  5.5         0.41578947
  5.8        -1.32958078]",2486.6130220890045
0.206996,[-0.8811147],"[ 0.19122807  5.33333333  0.40526316  5.86666667 -1.60759437  0.19649123
  5.46666667  0.41052632  5.76666667 -0.49567223  0.20350877  5.5
  0.41578947  5.8        -1.32958078  0.21052632  5.6         0.4245614
  5.73333333 -1.88111472]",2486.6970624923706
0.214684,[0.6232625],"[ 0.19649123  5.46666667  0.41052632  5.76666667 -0.49567223  0.20350877
  5.5         0.41578947  5.8        -1.32958078  0.21052632  5.6
  0.4245614   5.73333333 -1.88111472  0.21929825  5.5         0.43157895
  5.9        -0.37673748]",2486.773534297943
0.21738,[0.11933061],"[ 0.20350877  5.5         0.41578947  5.8        -1.32958078  0.21052632
  5.6         0.4245614   5.73333333 -1.88111472  0.21929825  5.5
  0.43157895  5.9        -0.37673748  0.22631579  5.43333333  0.43859649
  6.         -0.88066936]",2486.8540892601013
0.21977599999999997,[0.13623692],"[ 0.21052632  5.6         0.4245614   5.73333333 -1.88111472  0.21929825
  5.5         0.43157895  5.9        -0.37673748  0.22631579  5.43333333
  0.43859649  6.         -0.88066936  0.23508772  5.63333333  0.44736842
  5.86666667 -0.86376309]",2486.933037042618
0.21705999999999998,[-0.43906695],"[ 0.21929825  5.5         0.43157895  5.9        -0.37673748  0.22631579
  5.43333333  0.43859649  6.         -0.88066936  0.23508772  5.63333333
  0.44736842  5.86666667 -0.86376309  0.24210526  5.73333333  0.45438596
  5.8        -1.43906689]",2487.012880563736
0.21460399999999996,[0.7171594],"[ 0.22631579  5.43333333  0.43859649  6.         -0.88066936  0.23508772
  5.63333333  0.44736842  5.86666667 -0.86376309  0.24210526  5.73333333
  0.45438596  5.8        -1.43906689  0.24912281  5.73333333  0.46315789
  5.86666667 -0.28284061]",2487.093729496002
0.21210800000000002,[-0.28612304],"[ 0.23508772  5.63333333  0.44736842  5.86666667 -0.86376309  0.24210526
  5.73333333  0.45438596  5.8        -1.43906689  0.24912281  5.73333333
  0.46315789  5.86666667 -0.28284061  0.25438596  5.76666667  0.46842105
  5.9        -1.28612304]",2487.1770436763763
0.21704000000000004,[-0.98398006],"[ 0.24210526  5.73333333  0.45438596  5.8        -1.43906689  0.24912281
  5.73333333  0.46315789  5.86666667 -0.28284061  0.25438596  5.76666667
  0.46842105  5.9        -1.28612304  0.26140351  5.93333333  0.4754386
  5.73333333 -1.98398006]",2487.2550282478333
0.21733999999999995,[-0.45056033],"[ 0.24912281  5.73333333  0.46315789  5.86666667 -0.28284061  0.25438596
  5.76666667  0.46842105  5.9        -1.28612304  0.26140351  5.93333333
  0.4754386   5.73333333 -1.98398006  0.26842105  5.73333333  0.48245614
  5.83333333 -1.45056033]",2487.333020210266
0.189224,[0.42231008],"[ 0.25438596  5.76666667  0.46842105  5.9        -1.28612304  0.26140351
  5.93333333  0.4754386   5.73333333 -1.98398006  0.26842105  5.73333333
  0.48245614  5.83333333 -1.45056033  0.2754386   5.6         0.48947368
  5.96666667 -0.57768989]",2487.4179100990295
0.19675199999999998,[-0.16407779],"[ 0.26140351  5.93333333  0.4754386   5.73333333 -1.98398006  0.26842105
  5.73333333  0.48245614  5.83333333 -1.45056033  0.2754386   5.6
  0.48947368  5.96666667 -0.57768989  0.28245614  5.76666667  0.49649123
  5.9        -1.16407776]",2487.492870092392
0.2043,[0.8404335],"[ 0.26842105  5.73333333  0.48245614  5.83333333 -1.45056033  0.2754386
  5.6         0.48947368  5.96666667 -0.57768989  0.28245614  5.76666667
  0.49649123  5.9        -1.16407776  0.29122807  5.86666667  0.50526316
  5.8        -0.15956652]",2487.573634624481
0.206876,[-0.51843745],"[ 0.2754386   5.6         0.48947368  5.96666667 -0.57768989  0.28245614
  5.76666667  0.49649123  5.9        -1.16407776  0.29122807  5.86666667
  0.50526316  5.8        -0.15956652  0.29824561  5.83333333  0.51403509
  5.76666667 -1.51843739]",2487.653692483902
0.20935200000000004,[-0.89293164],"[ 0.28245614  5.76666667  0.49649123  5.9        -1.16407776  0.29122807
  5.86666667  0.50526316  5.8        -0.15956652  0.29824561  5.83333333
  0.51403509  5.76666667 -1.51843739  0.30877193  5.93333333  0.5245614
  5.63333333 -1.8929317 ]",2487.7328147888184
0.21200799999999997,[-0.84625113],"[ 0.29122807  5.86666667  0.50526316  5.8        -0.15956652  0.29824561
  5.83333333  0.51403509  5.76666667 -1.51843739  0.30877193  5.93333333
  0.5245614   5.63333333 -1.8929317   0.31754386  5.76666667  0.53157895
  5.8        -1.84625113]",2487.817048072815
0.20961200000000005,[0.94369614],"[ 0.29824561  5.83333333  0.51403509  5.76666667 -1.51843739  0.30877193
  5.93333333  0.5245614   5.63333333 -1.8929317   0.31754386  5.76666667
  0.53157895  5.8        -1.84625113  0.3245614   5.63333333  0.53859649
  5.96666667 -0.05630386]",2487.893184185028
0.20947200000000002,[-0.5009027],"[ 0.30877193  5.93333333  0.5245614   5.63333333 -1.8929317   0.31754386
  5.76666667  0.53157895  5.8        -1.84625113  0.3245614   5.63333333
  0.53859649  5.96666667 -0.05630386  0.32982456  5.7         0.54385965
  5.96666667 -1.50090265]",2487.9778451919556
0.21182800000000004,[-0.50294596],"[ 0.31754386  5.76666667  0.53157895  5.8        -1.84625113  0.3245614
  5.63333333  0.53859649  5.96666667 -0.05630386  0.32982456  5.7
  0.54385965  5.96666667 -1.50090265  0.33684211  5.86666667  0.55263158
  5.9        -1.5029459 ]",2488.053307056427
0.21709999999999993,[-0.9439117],"[ 0.3245614   5.63333333  0.53859649  5.96666667 -0.05630386  0.32982456
  5.7         0.54385965  5.96666667 -1.50090265  0.33684211  5.86666667
  0.55263158  5.9        -1.5029459   0.34561404  5.73333333  0.55964912
  6.         -1.94391167]",2488.13317322731
0.21973600000000007,[0.3378229],"[ 0.32982456  5.7         0.54385965  5.96666667 -1.50090265  0.33684211
  5.86666667  0.55263158  5.9        -1.5029459   0.34561404  5.73333333
  0.55964912  6.         -1.94391167  0.35438596  5.63333333  0.56666667
  6.13333333 -0.66217709]",2488.215138196945
0.22490799999999994,[0.7130595],"[ 0.33684211  5.86666667  0.55263158  5.9        -1.5029459   0.34561404
  5.73333333  0.55964912  6.         -1.94391167  0.35438596  5.63333333
  0.56666667  6.13333333 -0.66217709  0.36491228  5.63333333  0.57719298
  6.13333333 -0.28694052]",2488.293516635895
0.22217200000000004,[-0.1429782],"[ 0.34561404  5.73333333  0.55964912  6.         -1.94391167  0.35438596
  5.63333333  0.56666667  6.13333333 -0.66217709  0.36491228  5.63333333
  0.57719298  6.13333333 -0.28694052  0.37192982  5.83333333  0.5877193
  5.9        -1.14297819]",2488.3770403862
0.22209200000000012,[-0.41845787],"[ 0.35438596  5.63333333  0.56666667  6.13333333 -0.66217709  0.36491228
  5.63333333  0.57719298  6.13333333 -0.28694052  0.37192982  5.83333333
  0.5877193   5.9        -1.14297819  0.37894737  5.9         0.59298246
  5.76666667 -1.41845787]",2488.4532277584076
0.21458399999999997,[-0.829514],"[ 0.36491228  5.63333333  0.57719298  6.13333333 -0.28694052  0.37192982
  5.83333333  0.5877193   5.9        -1.14297819  0.37894737  5.9
  0.59298246  5.76666667 -1.41845787  0.38245614  5.83333333  0.59824561
  5.93333333 -1.82951403]",2488.5329899787903
0.21724000000000004,[0.10999192],"[ 0.37192982  5.83333333  0.5877193   5.9        -1.14297819  0.37894737
  5.9         0.59298246  5.76666667 -1.41845787  0.38245614  5.83333333
  0.59824561  5.93333333 -1.82951403  0.39122807  5.76666667  0.60350877
  6.1        -0.89000809]",2488.6179122924805
0.21725999999999995,[0.13352434],"[ 0.37894737  5.9         0.59298246  5.76666667 -1.41845787  0.38245614
  5.83333333  0.59824561  5.93333333 -1.82951403  0.39122807  5.76666667
  0.60350877  6.1        -0.89000809  0.39824561  5.73333333  0.6122807
  6.06666667 -0.86647564]",2488.693556547165
0.22484800000000002,[0.8886892],"[ 0.38245614  5.83333333  0.59824561  5.93333333 -1.82951403  0.39122807
  5.76666667  0.60350877  6.1        -0.89000809  0.39824561  5.73333333
  0.6122807   6.06666667 -0.86647564  0.40877193  5.9         0.62280702
  5.93333333 -0.11131078]",2488.77299785614
0.22996,[0.710003],"[ 0.39122807  5.76666667  0.60350877  6.1        -0.89000809  0.39824561
  5.73333333  0.6122807   6.06666667 -0.86647564  0.40877193  5.9
  0.62280702  5.93333333 -0.11131078  0.41929825  6.06666667  0.63333333
  5.83333333 -0.28999698]",2488.857051372528
0.2348720000000001,[-0.76396936],"[ 0.39824561  5.73333333  0.6122807   6.06666667 -0.86647564  0.40877193
  5.9         0.62280702  5.93333333 -0.11131078  0.41929825  6.06666667
  0.63333333  5.83333333 -0.28999698  0.42982456  6.2         0.64035088
  5.73333333 -1.76396942]",2488.9346871376038
0.22971999999999992,[-0.18532215],"[ 0.40877193  5.9         0.62280702  5.93333333 -0.11131078  0.41929825
  6.06666667  0.63333333  5.83333333 -0.28999698  0.42982456  6.2
  0.64035088  5.73333333 -1.76396942  0.43333333  6.13333333  0.64385965
  5.76666667 -1.18532217]",2489.0201387405396
0.22225200000000003,[-0.24307857],"[ 0.41929825  6.06666667  0.63333333  5.83333333 -0.28999698  0.42982456
  6.2         0.64035088  5.73333333 -1.76396942  0.43333333  6.13333333
  0.64385965  5.76666667 -1.18532217  0.43508772  5.96666667  0.64736842
  5.83333333 -1.24307859]",2489.1017894744873
0.214644,[-0.5094895],"[ 0.42982456  6.2         0.64035088  5.73333333 -1.76396942  0.43333333
  6.13333333  0.64385965  5.76666667 -1.18532217  0.43508772  5.96666667
  0.64736842  5.83333333 -1.24307859  0.43859649  5.96666667  0.65087719
  5.83333333 -1.50948954]",2489.173075199127
0.21462399999999998,[-0.17284817],"[ 0.43333333  6.13333333  0.64385965  5.76666667 -1.18532217  0.43508772
  5.96666667  0.64736842  5.83333333 -1.24307859  0.43859649  5.96666667
  0.65087719  5.83333333 -1.50948954  0.44561404  5.96666667  0.65789474
  5.86666667 -1.17284822]",2489.2529861927032
0.209572,[-0.5918132],"[ 0.43508772  5.96666667  0.64736842  5.83333333 -1.24307859  0.43859649
  5.96666667  0.65087719  5.83333333 -1.50948954  0.44561404  5.96666667
  0.65789474  5.86666667 -1.17284822  0.45263158  5.96666667  0.66666667
  5.9        -1.59181321]",2489.3386766910553
0.21204800000000007,[-0.73246276],"[ 0.43859649  5.96666667  0.65087719  5.83333333 -1.50948954  0.44561404
  5.96666667  0.65789474  5.86666667 -1.17284822  0.45263158  5.96666667
  0.66666667  5.9        -1.59181321  0.46315789  5.93333333  0.6754386
  5.93333333 -1.73246276]",2489.4134805202484
0.21202800000000002,[-0.79511535],"[ 0.44561404  5.96666667  0.65789474  5.86666667 -1.17284822  0.45263158
  5.96666667  0.66666667  5.9        -1.59181321  0.46315789  5.93333333
  0.6754386   5.93333333 -1.73246276  0.47017544  5.83333333  0.68245614
  5.96666667 -1.79511535]",2489.501900434494
0.2095520000000001,[-0.25356862],"[ 0.45263158  5.96666667  0.66666667  5.9        -1.59181321  0.46315789
  5.93333333  0.6754386   5.93333333 -1.73246276  0.47017544  5.83333333
  0.68245614  5.96666667 -1.79511535  0.47368421  5.76666667  0.68596491
  5.96666667 -1.25356865]",2489.578484773636
0.19940800000000003,[-0.38388944],"[ 0.46315789  5.93333333  0.6754386   5.93333333 -1.73246276  0.47017544
  5.83333333  0.68245614  5.96666667 -1.79511535  0.47368421  5.76666667
  0.68596491  5.96666667 -1.25356865  0.47368421  5.8         0.68596491
  5.96666667 -1.38388944]",2489.6570148468018
0.189064,[-0.5004191],"[ 0.47017544  5.83333333  0.68245614  5.96666667 -1.79511535  0.47368421
  5.76666667  0.68596491  5.96666667 -1.25356865  0.47368421  5.8
  0.68596491  5.96666667 -1.38388944  0.4754386   5.86666667  0.6877193
  5.93333333 -1.50041914]",2489.741965532303
0.17881999999999998,[-0.9377767],"[ 0.47368421  5.76666667  0.68596491  5.96666667 -1.25356865  0.47368421
  5.8         0.68596491  5.96666667 -1.38388944  0.4754386   5.86666667
  0.6877193   5.93333333 -1.50041914  0.47719298  5.8         0.68947368
  6.         -1.93777668]",2489.8236751556396
0.16605999999999999,[-0.32474217],"[ 0.47368421  5.8         0.68596491  5.96666667 -1.38388944  0.4754386
  5.86666667  0.6877193   5.93333333 -1.50041914  0.47719298  5.8
  0.68947368  6.         -1.93777668  0.47894737  5.76666667  0.69122807
  6.06666667 -1.3247422 ]",2489.897272348404
0.161088,[0.80796164],"[ 0.4754386   5.86666667  0.6877193   5.93333333 -1.50041914  0.47719298
  5.8         0.68947368  6.         -1.93777668  0.47894737  5.76666667
  0.69122807  6.06666667 -1.3247422   0.48245614  5.73333333  0.69473684
  6.1        -0.19203836]",2489.9829943180084
0.15847199999999995,[0.4889529],"[ 0.47719298  5.8         0.68947368  6.         -1.93777668  0.47894737
  5.76666667  0.69122807  6.06666667 -1.3247422   0.48245614  5.73333333
  0.69473684  6.1        -0.19203836  0.4877193   5.9         0.7
  5.9        -0.51104712]",2490.0652544498444
0.16082799999999997,[0.08334581],"[ 0.47894737  5.76666667  0.69122807  6.06666667 -1.3247422   0.48245614
  5.73333333  0.69473684  6.1        -0.19203836  0.4877193   5.9
  0.7         5.9        -0.51104712  0.49298246  6.16666667  0.70350877
  5.66666667 -0.91665417]",2490.138803958893
0.15058399999999994,[-0.69635576],"[ 0.48245614  5.73333333  0.69473684  6.1        -0.19203836  0.4877193
  5.9         0.7         5.9        -0.51104712  0.49298246  6.16666667
  0.70350877  5.66666667 -0.91665417  0.49473684  6.13333333  0.70526316
  5.63333333 -1.69635582]",2490.216898918152
0.14044,[0.01543405],"[ 0.4877193   5.9         0.7         5.9        -0.51104712  0.49298246
  6.16666667  0.70350877  5.66666667 -0.91665417  0.49473684  6.13333333
  0.70526316  5.63333333 -1.69635582  0.49473684  5.96666667  0.70701754
  5.7        -0.98456597]",2490.3038835525513
0.13035600000000003,[-0.47842184],"[ 0.49298246  6.16666667  0.70350877  5.66666667 -0.91665417  0.49473684
  6.13333333  0.70526316  5.63333333 -1.69635582  0.49473684  5.96666667
  0.70701754  5.7        -0.98456597  0.49824561  5.9         0.71052632
  5.7        -1.47842181]",2490.3771975040436
0.12274799999999997,[-0.65255886],"[ 0.49473684  6.13333333  0.70526316  5.63333333 -1.69635582  0.49473684
  5.96666667  0.70701754  5.7        -0.98456597  0.49824561  5.9
  0.71052632  5.7        -1.47842181  0.50350877  5.96666667  0.71578947
  5.56666667 -1.6525588 ]",2490.46311211586
0.11775599999999997,[-0.40149963],"[ 0.49473684  5.96666667  0.70701754  5.7        -0.98456597  0.49824561
  5.9         0.71052632  5.7        -1.47842181  0.50350877  5.96666667
  0.71578947  5.56666667 -1.6525588   0.51052632  5.9         0.72105263
  5.66666667 -1.40149963]",2490.5428473949432
0.12284799999999996,[-0.94985265],"[ 0.49824561  5.9         0.71052632  5.7        -1.47842181  0.50350877
  5.96666667  0.71578947  5.56666667 -1.6525588   0.51052632  5.9
  0.72105263  5.66666667 -1.40149963  0.51754386  5.86666667  0.72807018
  5.7        -1.94985271]",2490.6228733062744
0.12788,[-0.9821844],"[ 0.50350877  5.96666667  0.71578947  5.56666667 -1.6525588   0.51052632
  5.9         0.72105263  5.66666667 -1.40149963  0.51754386  5.86666667
  0.72807018  5.7        -1.94985271  0.52280702  5.83333333  0.73508772
  5.7        -1.98218441]",2490.7033200263977
0.12797999999999998,[0.3480073],"[ 0.51052632  5.9         0.72105263  5.66666667 -1.40149963  0.51754386
  5.86666667  0.72807018  5.7        -1.94985271  0.52280702  5.83333333
  0.73508772  5.7        -1.98218441  0.52631579  5.66666667  0.73684211
  5.73333333 -0.65199268]",2490.783260345459
0.12031199999999997,[-0.8553335],"[ 0.51754386  5.86666667  0.72807018  5.7        -1.94985271  0.52280702
  5.83333333  0.73508772  5.7        -1.98218441  0.52631579  5.66666667
  0.73684211  5.73333333 -0.65199268  0.52807018  5.66666667  0.73859649
  5.7        -1.85533357]",2490.8651762008667
0.11254399999999998,[-0.63574743],"[ 0.52280702  5.83333333  0.73508772  5.7        -1.98218441  0.52631579
  5.66666667  0.73684211  5.73333333 -0.65199268  0.52807018  5.66666667
  0.73859649  5.7        -1.85533357  0.52982456  5.83333333  0.74210526
  5.56666667 -1.63574743]",2490.936894416809
0.097248,[-0.45203543],"[ 0.52631579  5.66666667  0.73684211  5.73333333 -0.65199268  0.52807018
  5.66666667  0.73859649  5.7        -1.85533357  0.52982456  5.83333333
  0.74210526  5.56666667 -1.63574743  0.52982456  5.73333333  0.74210526
  5.63333333 -1.45203543]",2491.0168220996857
0.09215600000000002,[-0.805765],"[ 0.52807018  5.66666667  0.73859649  5.7        -1.85533357  0.52982456
  5.83333333  0.74210526  5.56666667 -1.63574743  0.52982456  5.73333333
  0.74210526  5.63333333 -1.45203543  0.53333333  5.6         0.74561404
  5.66666667 -1.80576491]",2491.096869945526
