reward,action,obs,time
,,"[0.         0.         0.         0.         0.         0.
 0.         0.         0.         0.         0.         0.
 0.         0.         0.         0.03157895 5.73333333 0.24561404
 5.36666667 0.        ]",1322.2268934249878
-0.0024360000000000007,[0.48603278],"[ 0.          0.          0.          0.          0.          0.
  0.          0.          0.          0.          0.03157895  5.73333333
  0.24561404  5.36666667  0.          0.02982456  5.53333333  0.24561404
  5.46666667 -0.51396722]",1322.388438463211
-1.9999999999999185e-05,[0.8263674],"[ 0.          0.          0.          0.          0.          0.03157895
  5.73333333  0.24561404  5.36666667  0.          0.02982456  5.53333333
  0.24561404  5.46666667 -0.51396722  0.03157895  5.76666667  0.24561404
  5.36666667 -0.17363262]",1322.4342696666718
3.999999999999837e-05,[-0.05389797],"[ 0.03157895  5.73333333  0.24561404  5.36666667  0.          0.02982456
  5.53333333  0.24561404  5.46666667 -0.51396722  0.03157895  5.76666667
  0.24561404  5.36666667 -0.17363262  0.03157895  5.66666667  0.24561404
  5.4        -1.05389798]",1322.4899265766144
-0.0024959999999999982,[0.98136806],"[ 0.02982456  5.53333333  0.24561404  5.46666667 -0.51396722  0.03157895
  5.76666667  0.24561404  5.36666667 -0.17363262  0.03157895  5.66666667
  0.24561404  5.4        -1.05389798  0.02982456  5.63333333  0.24561404
  5.4        -0.01863194]",1322.5399930477142
5.9999999999997555e-05,[-0.89994025],"[ 0.03157895  5.76666667  0.24561404  5.36666667 -0.17363262  0.03157895
  5.66666667  0.24561404  5.4        -1.05389798  0.02982456  5.63333333
  0.24561404  5.4        -0.01863194  0.03157895  5.63333333  0.24385965
  5.43333333 -1.89994025]",1322.5868704319
1.9999999999999185e-05,[0.62188506],"[ 0.03157895  5.66666667  0.24561404  5.4        -1.05389798  0.02982456
  5.63333333  0.24561404  5.4        -0.01863194  0.03157895  5.63333333
  0.24385965  5.43333333 -1.89994025  0.03157895  5.7         0.24561404
  5.36666667 -0.37811494]",1322.6344447135925
0.0025359999999999966,[-0.87351465],"[ 0.02982456  5.63333333  0.24561404  5.4        -0.01863194  0.03157895
  5.63333333  0.24385965  5.43333333 -1.89994025  0.03157895  5.7
  0.24561404  5.36666667 -0.37811494  0.03333333  5.76666667  0.24561404
  5.26666667 -1.87351465]",1322.6854071617126
0.005072,[0.52887595],"[ 0.03157895  5.63333333  0.24385965  5.43333333 -1.89994025  0.03157895
  5.7         0.24561404  5.36666667 -0.37811494  0.03333333  5.76666667
  0.24561404  5.26666667 -1.87351465  0.03508772  5.8         0.24561404
  5.26666667 -0.47112405]",1322.7346386909485
0.0025359999999999966,[-0.4853708],"[ 0.03157895  5.7         0.24561404  5.36666667 -0.37811494  0.03333333
  5.76666667  0.24561404  5.26666667 -1.87351465  0.03508772  5.8
  0.24561404  5.26666667 -0.47112405  0.03333333  5.76666667  0.24561404
  5.3        -1.48537087]",1322.7867150306702
0.0025559999999999958,[-0.6748367],"[ 0.03333333  5.76666667  0.24561404  5.26666667 -1.87351465  0.03508772
  5.8         0.24561404  5.26666667 -0.47112405  0.03333333  5.76666667
  0.24561404  5.3        -1.48537087  0.03333333  5.73333333  0.24561404
  5.33333333 -1.67483664]",1322.8671281337738
0.002596000000000001,[0.06641578],"[ 0.03508772  5.8         0.24561404  5.26666667 -0.47112405  0.03333333
  5.76666667  0.24561404  5.3        -1.48537087  0.03333333  5.73333333
  0.24561404  5.33333333 -1.67483664  0.03333333  5.66666667  0.24561404
  5.4        -0.93358421]",1322.9465773105621
0.005212000000000001,[-0.2501444],"[ 0.03333333  5.76666667  0.24561404  5.3        -1.48537087  0.03333333
  5.73333333  0.24561404  5.33333333 -1.67483664  0.03333333  5.66666667
  0.24561404  5.4        -0.93358421  0.03508772  5.56666667  0.24912281
  5.5        -1.25014436]",1323.0265758037567
0.010284000000000001,[-0.02332341],"[ 0.03333333  5.73333333  0.24561404  5.33333333 -1.67483664  0.03333333
  5.66666667  0.24561404  5.4        -0.93358421  0.03508772  5.56666667
  0.24912281  5.5        -1.25014436  0.03859649  5.63333333  0.25087719
  5.43333333 -1.02332342]",1323.106486082077
0.015416,[-0.10671256],"[ 0.03333333  5.66666667  0.24561404  5.4        -0.93358421  0.03508772
  5.56666667  0.24912281  5.5        -1.25014436  0.03859649  5.63333333
  0.25087719  5.43333333 -1.02332342  0.04210526  5.6         0.25614035
  5.4        -1.10671258]",1323.1866269111633
0.017971999999999995,[0.96338004],"[ 0.03508772  5.56666667  0.24912281  5.5        -1.25014436  0.03859649
  5.63333333  0.25087719  5.43333333 -1.02332342  0.04210526  5.6
  0.25614035  5.4        -1.10671258  0.04385965  5.6         0.25789474
  5.36666667 -0.03661996]",1323.2611365318298
0.023044000000000002,[-0.6555991],"[ 0.03859649  5.63333333  0.25087719  5.43333333 -1.02332342  0.04210526
  5.6         0.25614035  5.4        -1.10671258  0.04385965  5.6
  0.25789474  5.36666667 -0.03661996  0.04736842  5.66666667  0.25964912
  5.26666667 -1.65559912]",1323.3466956615448
0.025500000000000002,[-0.26388875],"[ 0.04210526  5.6         0.25614035  5.4        -1.10671258  0.04385965
  5.6         0.25789474  5.36666667 -0.03661996  0.04736842  5.66666667
  0.25964912  5.26666667 -1.65559912  0.04912281  5.83333333  0.25964912
  5.1        -1.26388872]",1323.4265840053558
0.02558,[-0.11008629],"[ 0.04385965  5.6         0.25789474  5.36666667 -0.03661996  0.04736842
  5.66666667  0.25964912  5.26666667 -1.65559912  0.04912281  5.83333333
  0.25964912  5.1        -1.26388872  0.04912281  5.7         0.25964912
  5.2        -1.11008632]",1323.5064883232117
0.0256,[0.47428295],"[ 0.04736842  5.66666667  0.25964912  5.26666667 -1.65559912  0.04912281
  5.83333333  0.25964912  5.1        -1.26388872  0.04912281  5.7
  0.25964912  5.2        -1.11008632  0.04912281  5.66666667  0.25964912
  5.26666667 -0.52571702]",1323.584347486496
0.030651999999999992,[0.35662228],"[ 0.04912281  5.83333333  0.25964912  5.1        -1.26388872  0.04912281
  5.7         0.25964912  5.2        -1.11008632  0.04912281  5.66666667
  0.25964912  5.26666667 -0.52571702  0.05263158  5.76666667  0.26315789
  5.16666667 -0.64337772]",1323.667181968689
0.043292,[0.8681231],"[ 0.04912281  5.7         0.25964912  5.2        -1.11008632  0.04912281
  5.66666667  0.25964912  5.26666667 -0.52571702  0.05263158  5.76666667
  0.26315789  5.16666667 -0.64337772  0.05964912  5.8         0.26666667
  5.03333333 -0.13187689]",1323.7408883571625
0.04596799999999999,[-0.27413732],"[ 0.04912281  5.66666667  0.25964912  5.26666667 -0.52571702  0.05263158
  5.76666667  0.26315789  5.16666667 -0.64337772  0.05964912  5.8
  0.26666667  5.03333333 -0.13187689  0.06315789  5.83333333  0.27192982
  4.93333333 -1.27413726]",1323.8262751102448
0.053576,[-0.699204],"[ 0.05263158  5.76666667  0.26315789  5.16666667 -0.64337772  0.05964912
  5.8         0.26666667  5.03333333 -0.13187689  0.06315789  5.83333333
  0.27192982  4.93333333 -1.27413726  0.06842105  5.83333333  0.2754386
  4.83333333 -1.69920397]",1323.9063370227814
0.05627199999999999,[0.9487859],"[ 0.05964912  5.8         0.26666667  5.03333333 -0.13187689  0.06315789
  5.83333333  0.27192982  4.93333333 -1.27413726  0.06842105  5.83333333
  0.2754386   4.83333333 -1.69920397  0.06842105  5.56666667  0.27894737
  5.03333333 -0.0512141 ]",1323.9864189624786
0.05375599999999999,[-0.23935565],"[ 0.06315789  5.83333333  0.27192982  4.93333333 -1.27413726  0.06842105
  5.83333333  0.2754386   4.83333333 -1.69920397  0.06842105  5.56666667
  0.27894737  5.03333333 -0.0512141   0.06842105  5.5         0.28070175
  5.1        -1.23935568]",1324.0663423538208
0.06138399999999998,[-0.89573336],"[ 0.06842105  5.83333333  0.2754386   4.83333333 -1.69920397  0.06842105
  5.56666667  0.27894737  5.03333333 -0.0512141   0.06842105  5.5
  0.28070175  5.1        -1.23935568  0.07368421  5.63333333  0.28421053
  4.93333333 -1.89573336]",1324.146549463272
0.06405999999999998,[-0.4232942],"[ 0.06842105  5.56666667  0.27894737  5.03333333 -0.0512141   0.06842105
  5.5         0.28070175  5.1        -1.23935568  0.07368421  5.63333333
  0.28421053  4.93333333 -1.89573336  0.07719298  5.5         0.2877193
  5.         -1.42329419]",1324.2206768989563
0.06931199999999998,[0.58460194],"[ 0.06842105  5.5         0.28070175  5.1        -1.23935568  0.07368421
  5.63333333  0.28421053  4.93333333 -1.89573336  0.07719298  5.5
  0.2877193   5.         -1.42329419  0.08245614  5.3         0.29473684
  5.13333333 -0.41539806]",1324.3073394298553
0.081992,[-0.78503644],"[ 0.07368421  5.63333333  0.28421053  4.93333333 -1.89573336  0.07719298
  5.5         0.2877193   5.         -1.42329419  0.08245614  5.3
  0.29473684  5.13333333 -0.41539806  0.08947368  5.43333333  0.30175439
  5.         -1.78503644]",1324.3919627666473
0.097268,[-0.66167235],"[ 0.07719298  5.5         0.2877193   5.         -1.42329419  0.08245614
  5.3         0.29473684  5.13333333 -0.41539806  0.08947368  5.43333333
  0.30175439  5.         -1.78503644  0.1         5.5         0.31052632
  4.8        -1.66167235]",1324.4712805747986
0.10247999999999999,[0.79386204],"[ 0.08245614  5.3         0.29473684  5.13333333 -0.41539806  0.08947368
  5.43333333  0.30175439  5.         -1.78503644  0.1         5.5
  0.31052632  4.8        -1.66167235  0.10350877  5.26666667  0.31929825
  4.93333333 -0.20613796]",1324.554049730301
0.105056,[0.34313127],"[ 0.08947368  5.43333333  0.30175439  5.         -1.78503644  0.1
  5.5         0.31052632  4.8        -1.66167235  0.10350877  5.26666667
  0.31929825  4.93333333 -0.20613796  0.10701754  5.13333333  0.32631579
  5.06666667 -0.6568687 ]",1324.6307573318481
0.10755200000000001,[-0.48801246],"[ 0.1         5.5         0.31052632  4.8        -1.66167235  0.10350877
  5.26666667  0.31929825  4.93333333 -0.20613796  0.10701754  5.13333333
  0.32631579  5.06666667 -0.6568687   0.1122807   5.3         0.33157895
  4.86666667 -1.48801243]",1324.7140884399414
0.10511600000000001,[0.98681206],"[ 0.10350877  5.26666667  0.31929825  4.93333333 -0.20613796  0.10701754
  5.13333333  0.32631579  5.06666667 -0.6568687   0.1122807   5.3
  0.33157895  4.86666667 -1.48801243  0.11403509  5.06666667  0.33859649
  4.73333333 -0.01318794]",1324.7874927520752
0.145852,[-0.53875035],"[ 0.10701754  5.13333333  0.32631579  5.06666667 -0.6568687   0.1122807
  5.3         0.33157895  4.86666667 -1.48801243  0.11403509  5.06666667
  0.33859649  4.73333333 -0.01318794  0.14385965  5.33333333  0.34561404
  4.8        -1.53875041]",1324.8652729988098
0.148468,[-0.86250633],"[ 0.1122807   5.3         0.33157895  4.86666667 -1.48801243  0.11403509
  5.06666667  0.33859649  4.73333333 -0.01318794  0.14385965  5.33333333
  0.34561404  4.8        -1.53875041  0.14912281  5.3         0.35438596
  4.7        -1.86250639]",1324.944680929184
0.15375999999999998,[0.6030258],"[ 0.11403509  5.06666667  0.33859649  4.73333333 -0.01318794  0.14385965
  5.33333333  0.34561404  4.8        -1.53875041  0.14912281  5.3
  0.35438596  4.7        -1.86250639  0.15438596  5.16666667  0.36315789
  4.8        -0.39697421]",1325.0309631824493
0.163944,[-0.7592387],"[ 0.14385965  5.33333333  0.34561404  4.8        -1.53875041  0.14912281
  5.3         0.35438596  4.7        -1.86250639  0.15438596  5.16666667
  0.36315789  4.8        -0.39697421  0.16140351  5.1         0.37368421
  4.83333333 -1.75923872]",1325.1140305995941
0.174048,[0.7614819],"[ 0.14912281  5.3         0.35438596  4.7        -1.86250639  0.15438596
  5.16666667  0.36315789  4.8        -0.39697421  0.16140351  5.1
  0.37368421  4.83333333 -1.75923872  0.16842105  5.26666667  0.38070175
  4.63333333 -0.23851812]",1325.1906611919403
0.18183600000000003,[-0.07670831],"[ 0.15438596  5.16666667  0.36315789  4.8        -0.39697421  0.16140351
  5.1         0.37368421  4.83333333 -1.75923872  0.16842105  5.26666667
  0.38070175  4.63333333 -0.23851812  0.17719298  5.16666667  0.38596491
  4.56666667 -1.07670832]",1325.2704148292542
0.18185600000000002,[0.6285182],"[ 0.16140351  5.1         0.37368421  4.83333333 -1.75923872  0.16842105
  5.26666667  0.38070175  4.63333333 -0.23851812  0.17719298  5.16666667
  0.38596491  4.56666667 -1.07670832  0.18421053  5.16666667  0.39298246
  4.46666667 -0.37148178]",1325.350357055664
0.18698800000000002,[-0.38779488],"[ 0.16842105  5.26666667  0.38070175  4.63333333 -0.23851812  0.17719298
  5.16666667  0.38596491  4.56666667 -1.07670832  0.18421053  5.16666667
  0.39298246  4.46666667 -0.37148178  0.19122807  5.16666667  0.40175439
  4.33333333 -1.38779485]",1325.431566953659
0.194656,[-0.9357724],"[ 0.17719298  5.16666667  0.38596491  4.56666667 -1.07670832  0.18421053
  5.16666667  0.39298246  4.46666667 -0.37148178  0.19122807  5.16666667
  0.40175439  4.33333333 -1.38779485  0.20175439  5.16666667  0.40877193
  4.16666667 -1.93577242]",1325.5108904838562
0.202264,[0.74316],"[ 0.18421053  5.16666667  0.39298246  4.46666667 -0.37148178  0.19122807
  5.16666667  0.40175439  4.33333333 -1.38779485  0.20175439  5.16666667
  0.40877193  4.16666667 -1.93577242  0.20701754  5.          0.41929825
  4.26666667 -0.25683999]",1325.5902616977692
0.21001200000000003,[0.3093983],"[ 0.19122807  5.16666667  0.40175439  4.33333333 -1.38779485  0.20175439
  5.16666667  0.40877193  4.16666667 -1.93577242  0.20701754  5.
  0.41929825  4.26666667 -0.25683999  0.2122807   4.8         0.42631579
  4.43333333 -0.69060171]",1325.6722877025604
0.212588,[0.70234144],"[ 0.20175439  5.16666667  0.40877193  4.16666667 -1.93577242  0.20701754
  5.          0.41929825  4.26666667 -0.25683999  0.2122807   4.8
  0.42631579  4.43333333 -0.69060171  0.21929825  4.9         0.43157895
  4.26666667 -0.29765856]",1325.75044298172
0.22013599999999997,[0.8572837],"[ 0.20701754  5.          0.41929825  4.26666667 -0.25683999  0.2122807
  4.8         0.42631579  4.43333333 -0.69060171  0.21929825  4.9
  0.43157895  4.26666667 -0.29765856  0.22807018  4.96666667  0.43684211
  4.         -0.14271629]",1325.8334770202637
0.227644,[-0.13423641],"[ 0.2122807   4.8         0.42631579  4.43333333 -0.69060171  0.21929825
  4.9         0.43157895  4.26666667 -0.29765856  0.22807018  4.96666667
  0.43684211  4.         -0.14271629  0.23859649  5.03333333  0.44210526
  3.83333333 -1.13423645]",1325.9103510379791
0.23028000000000004,[-0.8506437],"[ 0.21929825  4.9         0.43157895  4.26666667 -0.29765856  0.22807018
  4.96666667  0.43684211  4.         -0.14271629  0.23859649  5.03333333
  0.44210526  3.83333333 -1.13423645  0.24736842  5.03333333  0.44736842
  3.66666667 -1.85064363]",1325.9848811626434
0.22023600000000002,[-0.95925653],"[ 0.22807018  4.96666667  0.43684211  4.         -0.14271629  0.23859649
  5.03333333  0.44210526  3.83333333 -1.13423645  0.24736842  5.03333333
  0.44736842  3.66666667 -1.85064363  0.25087719  4.8         0.45614035
  3.7        -1.95925653]",1326.0711653232574
0.220256,[0.8650786],"[ 0.23859649  5.03333333  0.44210526  3.83333333 -1.13423645  0.24736842
  5.03333333  0.44736842  3.66666667 -1.85064363  0.25087719  4.8
  0.45614035  3.7        -1.95925653  0.25438596  4.53333333  0.46666667
  3.83333333 -0.13492137]",1326.1504004001617
0.22532800000000003,[-0.94566774],"[ 0.24736842  5.03333333  0.44736842  3.66666667 -1.85064363  0.25087719
  4.8         0.45614035  3.7        -1.95925653  0.25438596  4.53333333
  0.46666667  3.83333333 -0.13492137  0.26140351  4.46666667  0.47368421
  3.9        -1.94566774]",1326.224557876587
0.22792400000000002,[0.16443484],"[ 0.25087719  4.8         0.45614035  3.7        -1.95925653  0.25438596
  4.53333333  0.46666667  3.83333333 -0.13492137  0.26140351  4.46666667
  0.47368421  3.9        -1.94566774  0.26842105  4.56666667  0.47894737
  3.73333333 -0.83556515]",1326.3044843673706
0.23293600000000003,[-0.8894427],"[ 0.25438596  4.53333333  0.46666667  3.83333333 -0.13492137  0.26140351
  4.46666667  0.47368421  3.9        -1.94566774  0.26842105  4.56666667
  0.47894737  3.73333333 -0.83556515  0.27368421  4.5         0.48245614
  3.66666667 -1.88944268]",1326.3861076831818
0.19481600000000004,[0.35461462],"[ 0.26140351  4.46666667  0.47368421  3.9        -1.94566774  0.26842105
  4.56666667  0.47894737  3.73333333 -0.83556515  0.27368421  4.5
  0.48245614  3.66666667 -1.88944268  0.27719298  4.4         0.4877193
  3.66666667 -0.64538538]",1326.4707448482513
0.197432,[-0.58189213],"[ 0.26842105  4.56666667  0.47894737  3.73333333 -0.83556515  0.27368421
  4.5         0.48245614  3.66666667 -1.88944268  0.27719298  4.4
  0.4877193   3.66666667 -0.64538538  0.28421053  4.26666667  0.49649123
  3.8        -1.58189213]",1326.551331281662
0.20238399999999998,[0.05633978],"[ 0.27368421  4.5         0.48245614  3.66666667 -1.88944268  0.27719298
  4.4         0.4877193   3.66666667 -0.64538538  0.28421053  4.26666667
  0.49649123  3.8        -1.58189213  0.29298246  4.4         0.50526316
  3.73333333 -0.9436602 ]",1326.6325647830963
0.199808,[-0.1763492],"[ 0.27719298  4.4         0.4877193   3.66666667 -0.64538538  0.28421053
  4.26666667  0.49649123  3.8        -1.58189213  0.29298246  4.4
  0.50526316  3.73333333 -0.9436602   0.29824561  4.36666667  0.5122807
  3.73333333 -1.17634916]",1326.7046740055084
0.197392,[0.06706172],"[ 0.28421053  4.26666667  0.49649123  3.8        -1.58189213  0.29298246
  4.4         0.50526316  3.73333333 -0.9436602   0.29824561  4.36666667
  0.5122807   3.73333333 -1.17634916  0.30350877  4.3         0.51578947
  3.7        -0.93293828]",1326.7925786972046
0.18966399999999997,[-0.8532924],"[ 0.29298246  4.4         0.50526316  3.73333333 -0.9436602   0.29824561
  4.36666667  0.5122807   3.73333333 -1.17634916  0.30350877  4.3
  0.51578947  3.7        -0.93293828  0.30701754  4.3         0.51929825
  3.7        -1.85329247]",1326.8708274364471
0.184552,[-0.71841824],"[ 0.29824561  4.36666667  0.5122807   3.73333333 -1.17634916  0.30350877
  4.3         0.51578947  3.7        -0.93293828  0.30701754  4.3
  0.51929825  3.7        -1.85329247  0.31052632  4.3         0.5245614
  3.73333333 -1.71841824]",1326.9510548114777
0.17956,[0.52942145],"[ 0.30350877  4.3         0.51578947  3.7        -0.93293828  0.30701754
  4.3         0.51929825  3.7        -1.85329247  0.31052632  4.3
  0.5245614   3.73333333 -1.71841824  0.31403509  4.1         0.52982456
  3.93333333 -0.47057855]",1327.0312640666962
0.16937600000000003,[-0.8283639],"[ 0.30701754  4.3         0.51929825  3.7        -1.85329247  0.31052632
  4.3         0.5245614   3.73333333 -1.71841824  0.31403509  4.1
  0.52982456  3.93333333 -0.47057855  0.31754386  4.03333333  0.53333333
  3.96666667 -1.8283639 ]",1327.1107745170593
0.169236,[-0.9453328],"[ 0.31052632  4.3         0.5245614   3.73333333 -1.71841824  0.31403509
  4.1         0.52982456  3.93333333 -0.47057855  0.31754386  4.03333333
  0.53333333  3.96666667 -1.8283639   0.32280702  4.1         0.53684211
  3.96666667 -1.94533277]",1327.1906464099884
0.16660000000000003,[0.9314811],"[ 0.31403509  4.1         0.52982456  3.93333333 -0.47057855  0.31754386
  4.03333333  0.53333333  3.96666667 -1.8283639   0.32280702  4.1
  0.53684211  3.96666667 -1.94533277  0.32631579  4.03333333  0.54035088
  4.1        -0.06851888]",1327.289445400238
0.16160799999999997,[-0.75434273],"[ 0.31754386  4.03333333  0.53333333  3.96666667 -1.8283639   0.32280702
  4.1         0.53684211  3.96666667 -1.94533277  0.32631579  4.03333333
  0.54035088  4.1        -0.06851888  0.32982456  3.93333333  0.54385965
  4.3        -1.75434279]",1327.350590467453
0.15651600000000004,[-0.845423],"[ 0.32280702  4.1         0.53684211  3.96666667 -1.94533277  0.32631579
  4.03333333  0.54035088  4.1        -0.06851888  0.32982456  3.93333333
  0.54385965  4.3        -1.75434279  0.33508772  3.96666667  0.54912281
  4.36666667 -1.84542298]",1327.4307117462158
0.146332,[0.9035996],"[ 0.32631579  4.03333333  0.54035088  4.1        -0.06851888  0.32982456
  3.93333333  0.54385965  4.3        -1.75434279  0.33508772  3.96666667
  0.54912281  4.36666667 -1.84542298  0.33859649  3.96666667  0.55263158
  4.43333333 -0.09640038]",1327.5115916728973
0.13866399999999998,[0.4550021],"[ 0.32982456  3.93333333  0.54385965  4.3        -1.75434279  0.33508772
  3.96666667  0.54912281  4.36666667 -1.84542298  0.33859649  3.96666667
  0.55263158  4.43333333 -0.09640038  0.34210526  3.96666667  0.55438596
  4.53333333 -0.54499793]",1327.5920579433441
0.13329200000000005,[0.8506655],"[ 0.33508772  3.96666667  0.54912281  4.36666667 -1.84542298  0.33859649
  3.96666667  0.55263158  4.43333333 -0.09640038  0.34210526  3.96666667
  0.55438596  4.53333333 -0.54499793  0.34210526  4.16666667  0.55789474
  4.36666667 -0.14933449]",1327.6708006858826
0.130496,[0.8502276],"[ 0.33859649  3.96666667  0.55263158  4.43333333 -0.09640038  0.34210526
  3.96666667  0.55438596  4.53333333 -0.54499793  0.34210526  4.16666667
  0.55789474  4.36666667 -0.14933449  0.34385965  4.3         0.55964912
  4.2        -0.14977241]",1327.7445125579834
0.12272799999999999,[-0.49506566],"[ 0.34210526  3.96666667  0.55438596  4.53333333 -0.54499793  0.34210526
  4.16666667  0.55789474  4.36666667 -0.14933449  0.34385965  4.3
  0.55964912  4.2        -0.14977241  0.34561404  4.4         0.55964912
  4.13333333 -1.49506569]",1327.8243820667267
0.11507999999999999,[0.8455762],"[ 0.34210526  4.16666667  0.55789474  4.36666667 -0.14933449  0.34385965
  4.3         0.55964912  4.2        -0.14977241  0.34561404  4.4
  0.55964912  4.13333333 -1.49506569  0.34736842  4.46666667  0.56140351
  4.16666667 -0.15442377]",1327.9043991565704
0.11252400000000003,[0.6242454],"[ 0.34385965  4.3         0.55964912  4.2        -0.14977241  0.34561404
  4.4         0.55964912  4.13333333 -1.49506569  0.34736842  4.46666667
  0.56140351  4.16666667 -0.15442377  0.35087719  4.4         0.56491228
  4.26666667 -0.37575459]",1327.9893305301666
0.11494000000000004,[0.14580859],"[ 0.34561404  4.4         0.55964912  4.13333333 -1.49506569  0.34736842
  4.46666667  0.56140351  4.16666667 -0.15442377  0.35087719  4.4
  0.56491228  4.26666667 -0.37575459  0.35614035  4.53333333  0.57017544
  4.13333333 -0.85419142]",1328.0708937644958
0.10968800000000001,[-0.17042345],"[ 0.34736842  4.46666667  0.56140351  4.16666667 -0.15442377  0.35087719
  4.4         0.56491228  4.26666667 -0.37575459  0.35614035  4.53333333
  0.57017544  4.13333333 -0.85419142  0.35964912  4.63333333  0.57368421
  4.06666667 -1.17042351]",1328.1544272899628
0.09958400000000006,[-0.6213703],"[ 0.35087719  4.4         0.56491228  4.26666667 -0.37575459  0.35614035
  4.53333333  0.57017544  4.13333333 -0.85419142  0.35964912  4.63333333
  0.57368421  4.06666667 -1.17042351  0.36140351  4.56666667  0.57719298
  4.16666667 -1.62137032]",1328.2245235443115
0.09958399999999995,[0.7418575],"[ 0.35614035  4.53333333  0.57017544  4.13333333 -0.85419142  0.35964912
  4.63333333  0.57368421  4.06666667 -1.17042351  0.36140351  4.56666667
  0.57719298  4.16666667 -1.62137032  0.36666667  4.53333333  0.58070175
  4.26666667 -0.25814247]",1328.3108923435211
0.09696800000000005,[-0.08817244],"[ 0.35964912  4.63333333  0.57368421  4.06666667 -1.17042351  0.36140351
  4.56666667  0.57719298  4.16666667 -1.62137032  0.36666667  4.53333333
  0.58070175  4.26666667 -0.25814247  0.37017544  4.56666667  0.58421053
  4.3        -1.08817244]",1328.388921737671
0.10196000000000005,[0.7609539],"[ 0.36140351  4.56666667  0.57719298  4.16666667 -1.62137032  0.36666667
  4.53333333  0.58070175  4.26666667 -0.25814247  0.37017544  4.56666667
  0.58421053  4.3        -1.08817244  0.37719298  4.76666667  0.5877193
  4.13333333 -0.2390461 ]",1328.4645721912384
0.09682800000000003,[-0.62835884],"[ 0.36666667  4.53333333  0.58070175  4.26666667 -0.25814247  0.37017544
  4.56666667  0.58421053  4.3        -1.08817244  0.37719298  4.76666667
  0.5877193   4.13333333 -0.2390461   0.37719298  4.8         0.5877193
  4.06666667 -1.62835884]",1328.5543913841248
0.09159600000000001,[0.448303],"[ 0.37017544  4.56666667  0.58421053  4.3        -1.08817244  0.37719298
  4.76666667  0.5877193   4.13333333 -0.2390461   0.37719298  4.8
  0.5877193   4.06666667 -1.62835884  0.37719298  4.8         0.58596491
  3.96666667 -0.55169702]",1328.6347193717957
0.08652399999999999,[-0.21829462],"[ 0.37719298  4.76666667  0.5877193   4.13333333 -0.2390461   0.37719298
  4.8         0.5877193   4.06666667 -1.62835884  0.37719298  4.8
  0.58596491  3.96666667 -0.55169702  0.37719298  4.66666667  0.58947368
  4.03333333 -1.21829462]",1328.712266921997
0.08907999999999999,[-0.68005526],"[ 0.37719298  4.8         0.5877193   4.06666667 -1.62835884  0.37719298
  4.8         0.58596491  3.96666667 -0.55169702  0.37719298  4.66666667
  0.58947368  4.03333333 -1.21829462  0.38421053  4.73333333  0.59473684
  4.03333333 -1.68005526]",1328.790363073349
0.09161599999999998,[-0.19728759],"[ 0.37719298  4.8         0.58596491  3.96666667 -0.55169702  0.37719298
  4.66666667  0.58947368  4.03333333 -1.21829462  0.38421053  4.73333333
  0.59473684  4.03333333 -1.68005526  0.38947368  4.7         0.60175439
  4.06666667 -1.19728756]",1328.8704028129578
0.094192,[0.3963358],"[ 0.37719298  4.66666667  0.58947368  4.03333333 -1.21829462  0.38421053
  4.73333333  0.59473684  4.03333333 -1.68005526  0.38947368  4.7
  0.60175439  4.06666667 -1.19728756  0.39473684  4.56666667  0.60701754
  4.1        -0.60366416]",1328.9504647254944
0.09417199999999992,[-0.95609784],"[ 0.38421053  4.73333333  0.59473684  4.03333333 -1.68005526  0.38947368
  4.7         0.60175439  4.06666667 -1.19728756  0.39473684  4.56666667
  0.60701754  4.1        -0.60366416  0.4         4.63333333  0.61052632
  3.93333333 -1.95609784]",1329.0307562351227
0.09666800000000003,[-0.03432267],"[ 0.38947368  4.7         0.60175439  4.06666667 -1.19728756  0.39473684
  4.56666667  0.60701754  4.1        -0.60366416  0.4         4.63333333
  0.61052632  3.93333333 -1.95609784  0.40526316  4.73333333  0.61403509
  3.83333333 -1.03432262]",1329.1123826503754
0.091636,[0.7968118],"[ 0.39473684  4.56666667  0.60701754  4.1        -0.60366416  0.4
  4.63333333  0.61052632  3.93333333 -1.95609784  0.40526316  4.73333333
  0.61403509  3.83333333 -1.03432262  0.40526316  4.6         0.61754386
  3.96666667 -0.20318818]",1329.190661430359
0.09684799999999993,[0.924505],"[ 0.4         4.63333333  0.61052632  3.93333333 -1.95609784  0.40526316
  4.73333333  0.61403509  3.83333333 -1.03432262  0.40526316  4.6
  0.61754386  3.96666667 -0.20318818  0.40877193  4.63333333  0.61929825
  3.9        -0.075495  ]",1329.2705318927765
