reward,action,obs,time
,,"[0.         0.         0.         0.         0.         0.
 0.         0.         0.         0.         0.         0.
 0.         0.         0.         0.03157895 5.76666667 0.24561404
 5.33333333 0.        ]",1704.3854479789734
-0.0024160000000000015,[-0.00574499],"[ 0.          0.          0.          0.          0.          0.
  0.          0.          0.          0.          0.03157895  5.76666667
  0.24561404  5.33333333  0.          0.02982456  5.53333333  0.24561404
  5.46666667 -1.00574493]",1704.540489912033
3.999999999999837e-05,[0.64930534],"[ 0.          0.          0.          0.          0.          0.03157895
  5.76666667  0.24561404  5.33333333  0.          0.02982456  5.53333333
  0.24561404  5.46666667 -1.00574493  0.03157895  5.7         0.24385965
  5.4        -0.35069466]",1704.5902485847473
-0.002456,[-0.2698797],"[ 0.03157895  5.76666667  0.24561404  5.33333333  0.          0.02982456
  5.53333333  0.24561404  5.46666667 -1.00574493  0.03157895  5.7
  0.24385965  5.4        -0.35069466  0.02982456  5.6         0.24561404
  5.43333333 -1.2698797 ]",1704.6447632312775
7.999999999999674e-05,[-0.27848995],"[ 0.02982456  5.53333333  0.24561404  5.46666667 -1.00574493  0.03157895
  5.7         0.24385965  5.4        -0.35069466  0.02982456  5.6
  0.24561404  5.43333333 -1.2698797   0.03157895  5.63333333  0.24561404
  5.43333333 -1.27848995]",1704.691658258438
-0.002475999999999999,[-0.91580945],"[ 0.03157895  5.7         0.24385965  5.4        -0.35069466  0.02982456
  5.6         0.24561404  5.43333333 -1.2698797   0.03157895  5.63333333
  0.24561404  5.43333333 -1.27848995  0.02982456  5.63333333  0.24561404
  5.43333333 -1.91580939]",1704.740939617157
7.999999999999674e-05,[-0.72429866],"[ 0.02982456  5.6         0.24561404  5.43333333 -1.2698797   0.03157895
  5.63333333  0.24561404  5.43333333 -1.27848995  0.02982456  5.63333333
  0.24561404  5.43333333 -1.91580939  0.03157895  5.63333333  0.24561404
  5.4        -1.72429872]",1704.790834903717
3.999999999999837e-05,[0.72945654],"[ 0.03157895  5.63333333  0.24561404  5.43333333 -1.27848995  0.02982456
  5.63333333  0.24561404  5.43333333 -1.91580939  0.03157895  5.63333333
  0.24561404  5.4        -1.72429872  0.03157895  5.7         0.24561404
  5.33333333 -0.27054346]",1704.8507754802704
0.00011999999999999511,[-0.9164133],"[ 0.02982456  5.63333333  0.24561404  5.43333333 -1.91580939  0.03157895
  5.63333333  0.24561404  5.4        -1.72429872  0.03157895  5.7
  0.24561404  5.33333333 -0.27054346  0.03157895  5.56666667  0.24561404
  5.5        -1.91641331]",1704.8972210884094
0.002796,[-0.47285557],"[ 0.03157895  5.63333333  0.24561404  5.4        -1.72429872  0.03157895
  5.7         0.24561404  5.33333333 -0.27054346  0.03157895  5.56666667
  0.24561404  5.5        -1.91641331  0.03333333  5.36666667  0.24736842
  5.63333333 -1.47285557]",1704.9413957595825
0.007848,[-0.14519946],"[ 0.03157895  5.7         0.24561404  5.33333333 -0.27054346  0.03157895
  5.56666667  0.24561404  5.5        -1.91641331  0.03333333  5.36666667
  0.24736842  5.63333333 -1.47285557  0.03684211  5.46666667  0.25087719
  5.56666667 -1.14519942]",1704.993087530136
0.015495999999999996,[-0.2967292],"[ 0.03157895  5.56666667  0.24561404  5.5        -1.91641331  0.03333333
  5.36666667  0.24736842  5.63333333 -1.47285557  0.03684211  5.46666667
  0.25087719  5.56666667 -1.14519942  0.04210526  5.5         0.25438596
  5.53333333 -1.29672921]",1705.072604417801
0.018071999999999998,[-0.16255067],"[ 0.03333333  5.36666667  0.24736842  5.63333333 -1.47285557  0.03684211
  5.46666667  0.25087719  5.56666667 -1.14519942  0.04210526  5.5
  0.25438596  5.53333333 -1.29672921  0.04385965  5.46666667  0.25789474
  5.56666667 -1.16255069]",1705.153249502182
0.023184,[0.5883245],"[ 0.03684211  5.46666667  0.25087719  5.56666667 -1.14519942  0.04210526
  5.5         0.25438596  5.53333333 -1.29672921  0.04385965  5.46666667
  0.25789474  5.56666667 -1.16255069  0.04736842  5.46666667  0.26315789
  5.56666667 -0.41167551]",1705.236976146698
0.030811999999999996,[-0.12764527],"[ 0.04210526  5.5         0.25438596  5.53333333 -1.29672921  0.04385965
  5.46666667  0.25789474  5.56666667 -1.16255069  0.04736842  5.46666667
  0.26315789  5.56666667 -0.41167551  0.05263158  5.53333333  0.26666667
  5.46666667 -1.12764525]",1705.3171286582947
0.03586399999999999,[-0.2779516],"[ 0.04385965  5.46666667  0.25789474  5.56666667 -1.16255069  0.04736842
  5.46666667  0.26315789  5.56666667 -0.41167551  0.05263158  5.53333333
  0.26666667  5.46666667 -1.12764525  0.05614035  5.63333333  0.27017544
  5.33333333 -1.2779516 ]",1705.392656326294
0.03848,[0.6903417],"[ 0.04736842  5.46666667  0.26315789  5.56666667 -0.41167551  0.05263158
  5.53333333  0.26666667  5.46666667 -1.12764525  0.05614035  5.63333333
  0.27017544  5.33333333 -1.2779516   0.05789474  5.53333333  0.27192982
  5.46666667 -0.30965829]",1705.4788098335266
0.04099599999999999,[-0.7329171],"[ 0.05263158  5.53333333  0.26666667  5.46666667 -1.12764525  0.05614035
  5.63333333  0.27017544  5.33333333 -1.2779516   0.05789474  5.53333333
  0.27192982  5.46666667 -0.30965829  0.05964912  5.6         0.27368421
  5.5        -1.73291707]",1705.5526163578033
0.04604799999999999,[-0.78920877],"[ 0.05614035  5.63333333  0.27017544  5.33333333 -1.2779516   0.05789474
  5.53333333  0.27192982  5.46666667 -0.30965829  0.05964912  5.6
  0.27368421  5.5        -1.73291707  0.06315789  5.7         0.2754386
  5.33333333 -1.78920877]",1705.6340923309326
0.048704000000000004,[0.42159313],"[ 0.05789474  5.53333333  0.27192982  5.46666667 -0.30965829  0.05964912
  5.6         0.27368421  5.5        -1.73291707  0.06315789  5.7
  0.2754386   5.33333333 -1.78920877  0.06491228  5.53333333  0.27894737
  5.46666667 -0.57840687]",1705.713372707367
0.05900799999999999,[0.43374556],"[ 0.05964912  5.6         0.27368421  5.5        -1.73291707  0.06315789
  5.7         0.2754386   5.33333333 -1.78920877  0.06491228  5.53333333
  0.27894737  5.46666667 -0.57840687  0.07192982  5.4         0.28421053
  5.56666667 -0.56625444]",1705.792861700058
0.068972,[-0.9635576],"[ 0.06315789  5.7         0.2754386   5.33333333 -1.78920877  0.06491228
  5.53333333  0.27894737  5.46666667 -0.57840687  0.07192982  5.4
  0.28421053  5.56666667 -0.56625444  0.07719298  5.6         0.29122807
  5.36666667 -1.9635576 ]",1705.872657775879
0.07927599999999999,[-0.8266759],"[ 0.06491228  5.53333333  0.27894737  5.46666667 -0.57840687  0.07192982
  5.4         0.28421053  5.56666667 -0.56625444  0.07719298  5.6
  0.29122807  5.36666667 -1.9635576   0.08596491  5.63333333  0.29824561
  5.3        -1.82667589]",1705.9534349441528
0.09213600000000002,[-0.36255577],"[ 0.07192982  5.4         0.28421053  5.56666667 -0.56625444  0.07719298
  5.6         0.29122807  5.36666667 -1.9635576   0.08596491  5.63333333
  0.29824561  5.3        -1.82667589  0.09298246  5.4         0.30701754
  5.5        -1.36255574]",1706.0325064659119
0.097308,[0.552019],"[ 0.07719298  5.6         0.29122807  5.36666667 -1.9635576   0.08596491
  5.63333333  0.29824561  5.3        -1.82667589  0.09298246  5.4
  0.30701754  5.5        -1.36255574  0.09824561  5.33333333  0.31403509
  5.56666667 -0.447981  ]",1706.1167602539062
0.110008,[0.71827173],"[ 0.08596491  5.63333333  0.29824561  5.3        -1.82667589  0.09298246
  5.4         0.30701754  5.5        -1.36255574  0.09824561  5.33333333
  0.31403509  5.56666667 -0.447981    0.10526316  5.46666667  0.32280702
  5.5        -0.28172827]",1706.199036359787
0.11244399999999999,[-0.38576376],"[ 0.09298246  5.4         0.30701754  5.5        -1.36255574  0.09824561
  5.33333333  0.31403509  5.56666667 -0.447981    0.10526316  5.46666667
  0.32280702  5.5        -0.28172827  0.10877193  5.66666667  0.32982456
  5.26666667 -1.38576376]",1706.2796018123627
0.120072,[0.25820976],"[ 0.09824561  5.33333333  0.31403509  5.56666667 -0.447981    0.10526316
  5.46666667  0.32280702  5.5        -0.28172827  0.10877193  5.66666667
  0.32982456  5.26666667 -1.38576376  0.11403509  5.8         0.33333333
  5.16666667 -0.74179024]",1706.3527779579163
0.12508400000000003,[-0.0874538],"[ 0.10526316  5.46666667  0.32280702  5.5        -0.28172827  0.10877193
  5.66666667  0.32982456  5.26666667 -1.38576376  0.11403509  5.8
  0.33333333  5.16666667 -0.74179024  0.11754386  5.83333333  0.33859649
  5.23333333 -1.08745384]",1706.4389152526855
0.13003599999999998,[0.37122086],"[ 0.10877193  5.66666667  0.32982456  5.26666667 -1.38576376  0.11403509
  5.8         0.33333333  5.16666667 -0.74179024  0.11754386  5.83333333
  0.33859649  5.23333333 -1.08745384  0.12280702  5.9         0.34385965
  5.2        -0.62877917]",1706.5127243995667
0.163464,[-0.8774657],"[ 0.11403509  5.8         0.33333333  5.16666667 -0.74179024  0.11754386
  5.83333333  0.33859649  5.23333333 -1.08745384  0.12280702  5.9
  0.34385965  5.2        -0.62877917  0.14912281  5.66666667  0.35087719
  5.1        -1.87746572]",1706.601111650467
0.158412,[-0.7851646],"[ 0.11754386  5.83333333  0.33859649  5.23333333 -1.08745384  0.12280702
  5.9         0.34385965  5.2        -0.62877917  0.14912281  5.66666667
  0.35087719  5.1        -1.87746572  0.15087719  5.6         0.35789474
  5.03333333 -1.78516459]",1706.6726098060608
0.161048,[-0.34859568],"[ 0.12280702  5.9         0.34385965  5.2        -0.62877917  0.14912281
  5.66666667  0.35087719  5.1        -1.87746572  0.15087719  5.6
  0.35789474  5.03333333 -1.78516459  0.15438596  5.43333333  0.36666667
  5.23333333 -1.34859562]",1706.752685546875
0.16108799999999998,[0.5129338],"[ 0.14912281  5.66666667  0.35087719  5.1        -1.87746572  0.15087719
  5.6         0.35789474  5.03333333 -1.78516459  0.15438596  5.43333333
  0.36666667  5.23333333 -1.34859562  0.15789474  5.36666667  0.37192982
  5.33333333 -0.48706621]",1706.8339607715607
0.163624,[-0.76429296],"[ 0.15087719  5.6         0.35789474  5.03333333 -1.78516459  0.15438596
  5.43333333  0.36666667  5.23333333 -1.34859562  0.15789474  5.36666667
  0.37192982  5.33333333 -0.48706621  0.16491228  5.46666667  0.37719298
  5.2        -1.76429296]",1706.9149074554443
0.16620000000000001,[0.32151547],"[ 0.15438596  5.43333333  0.36666667  5.23333333 -1.34859562  0.15789474
  5.36666667  0.37192982  5.33333333 -0.48706621  0.16491228  5.46666667
  0.37719298  5.2        -1.76429296  0.17017544  5.53333333  0.38245614
  5.03333333 -0.67848456]",1706.9988799095154
0.17133199999999998,[0.28331298],"[ 0.15789474  5.36666667  0.37192982  5.33333333 -0.48706621  0.16491228
  5.46666667  0.37719298  5.2        -1.76429296  0.17017544  5.53333333
  0.38245614  5.03333333 -0.67848456  0.1754386   5.4         0.3877193
  5.1        -0.71668702]",1707.0789608955383
0.179,[-0.18480556],"[ 0.16491228  5.46666667  0.37719298  5.2        -1.76429296  0.17017544
  5.53333333  0.38245614  5.03333333 -0.67848456  0.1754386   5.4
  0.3877193   5.1        -0.71668702  0.18245614  5.46666667  0.39473684
  5.03333333 -1.18480551]",1707.1531627178192
0.186728,[-0.7592529],"[ 0.17017544  5.53333333  0.38245614  5.03333333 -0.67848456  0.1754386
  5.4         0.3877193   5.1        -0.71668702  0.18245614  5.46666667
  0.39473684  5.03333333 -1.18480551  0.19122807  5.46666667  0.40350877
  4.96666667 -1.75925291]",1707.2326564788818
0.194376,[0.67205024],"[ 0.1754386   5.4         0.3877193   5.1        -0.71668702  0.18245614
  5.46666667  0.39473684  5.03333333 -1.18480551  0.19122807  5.46666667
  0.40350877  4.96666667 -1.75925291  0.19824561  5.33333333  0.4122807
  5.06666667 -0.32794976]",1707.3184006214142
0.19431600000000002,[0.17166506],"[ 0.18245614  5.46666667  0.39473684  5.03333333 -1.18480551  0.19122807
  5.46666667  0.40350877  4.96666667 -1.75925291  0.19824561  5.33333333
  0.4122807   5.06666667 -0.32794976  0.20526316  5.3         0.42105263
  5.13333333 -0.82833493]",1707.3985748291016
0.199448,[-0.536147],"[ 0.19122807  5.46666667  0.40350877  4.96666667 -1.75925291  0.19824561
  5.33333333  0.4122807   5.06666667 -0.32794976  0.20526316  5.3
  0.42105263  5.13333333 -0.82833493  0.21403509  5.46666667  0.42631579
  4.93333333 -1.536147  ]",1707.4726758003235
0.19437600000000005,[0.7541161],"[ 0.19824561  5.33333333  0.4122807   5.06666667 -0.32794976  0.20526316
  5.3         0.42105263  5.13333333 -0.82833493  0.21403509  5.46666667
  0.42631579  4.93333333 -1.536147    0.21929825  5.43333333  0.43157895
  4.86666667 -0.24588388]",1707.55846118927
0.18918399999999996,[0.3767607],"[ 0.20526316  5.3         0.42105263  5.13333333 -0.82833493  0.21403509
  5.46666667  0.42631579  4.93333333 -1.536147    0.21929825  5.43333333
  0.43157895  4.86666667 -0.24588388  0.22280702  5.33333333  0.43684211
  4.9        -0.62323928]",1707.6327593326569
0.19673200000000005,[0.05858069],"[ 0.21403509  5.46666667  0.42631579  4.93333333 -1.536147    0.21929825
  5.43333333  0.43157895  4.86666667 -0.24588388  0.22280702  5.33333333
  0.43684211  4.9        -0.62323928  0.23333333  5.46666667  0.44210526
  4.7        -0.9414193 ]",1707.717126607895
0.19425599999999998,[-0.21468799],"[ 0.21929825  5.43333333  0.43157895  4.86666667 -0.24588388  0.22280702
  5.33333333  0.43684211  4.9        -0.62323928  0.23333333  5.46666667
  0.44210526  4.7        -0.9414193   0.23859649  5.46666667  0.44912281
  4.56666667 -1.21468794]",1707.7956075668335
0.20208399999999999,[0.5172382],"[ 0.22280702  5.33333333  0.43684211  4.9        -0.62323928  0.23333333
  5.46666667  0.44210526  4.7        -0.9414193   0.23859649  5.46666667
  0.44912281  4.56666667 -1.21468794  0.24736842  5.4         0.45789474
  4.6        -0.4827618 ]",1707.872712135315
0.20472,[-0.04905879],"[ 0.23333333  5.46666667  0.44210526  4.7        -0.9414193   0.23859649
  5.46666667  0.44912281  4.56666667 -1.21468794  0.24736842  5.4
  0.45789474  4.6        -0.4827618   0.25438596  5.4         0.46491228
  4.53333333 -1.04905879]",1707.9568946361542
0.21494400000000002,[-0.90463895],"[ 0.23859649  5.46666667  0.44912281  4.56666667 -1.21468794  0.24736842
  5.4         0.45789474  4.6        -0.4827618   0.25438596  5.4
  0.46491228  4.53333333 -1.04905879  0.26491228  5.43333333  0.47017544
  4.3        -1.90463901]",1708.0392575263977
0.21252799999999997,[-0.6254726],"[ 0.24736842  5.4         0.45789474  4.6        -0.4827618   0.25438596
  5.4         0.46491228  4.53333333 -1.04905879  0.26491228  5.43333333
  0.47017544  4.3        -1.90463901  0.26842105  5.26666667  0.47719298
  4.36666667 -1.62547255]",1708.1222875118256
0.17926000000000003,[-0.6882552],"[ 0.25438596  5.4         0.46491228  4.53333333 -1.04905879  0.26491228
  5.43333333  0.47017544  4.3        -1.90463901  0.26842105  5.26666667
  0.47719298  4.36666667 -1.62547255  0.27192982  5.1         0.48421053
  4.5        -1.68825519]",1708.1925950050354
0.18437200000000004,[0.6517321],"[ 0.26491228  5.43333333  0.47017544  4.3        -1.90463901  0.26842105
  5.26666667  0.47719298  4.36666667 -1.62547255  0.27192982  5.1
  0.48421053  4.5        -1.68825519  0.27719298  5.03333333  0.48947368
  4.5        -0.34826791]",1708.2767405509949
0.186848,[0.19093983],"[ 0.26842105  5.26666667  0.47719298  4.36666667 -1.62547255  0.27192982
  5.1         0.48421053  4.5        -1.68825519  0.27719298  5.03333333
  0.48947368  4.5        -0.34826791  0.28245614  5.          0.49473684
  4.43333333 -0.80906016]",1708.352950811386
0.19439599999999996,[-0.14404607],"[ 0.27192982  5.1         0.48421053  4.5        -1.68825519  0.27719298
  5.03333333  0.48947368  4.5        -0.34826791  0.28245614  5.
  0.49473684  4.43333333 -0.80906016  0.29122807  5.13333333  0.5
  4.23333333 -1.14404607]",1708.4385991096497
0.19191999999999998,[-0.52268785],"[ 0.27719298  5.03333333  0.48947368  4.5        -0.34826791  0.28245614
  5.          0.49473684  4.43333333 -0.80906016  0.29122807  5.13333333
  0.5         4.23333333 -1.14404607  0.29649123  5.1         0.50350877
  4.13333333 -1.52268791]",1708.5185270309448
0.186988,[-0.9489781],"[ 0.28245614  5.          0.49473684  4.43333333 -0.80906016  0.29122807
  5.13333333  0.5         4.23333333 -1.14404607  0.29649123  5.1
  0.50350877  4.13333333 -1.52268791  0.29824561  4.86666667  0.50877193
  4.13333333 -1.94897819]",1708.5986368656158
0.18700799999999998,[0.13432464],"[ 0.29122807  5.13333333  0.5         4.23333333 -1.14404607  0.29649123
  5.1         0.50350877  4.13333333 -1.52268791  0.29824561  4.86666667
  0.50877193  4.13333333 -1.94897819  0.30350877  4.7         0.51578947
  4.16666667 -0.86567533]",1708.6790008544922
0.18706799999999998,[0.35444257],"[ 0.29649123  5.1         0.50350877  4.13333333 -1.52268791  0.29824561
  4.86666667  0.50877193  4.13333333 -1.94897819  0.30350877  4.7
  0.51578947  4.16666667 -0.86567533  0.31052632  4.66666667  0.5245614
  4.2        -0.6455574 ]",1708.759064912796
0.18694800000000003,[0.59405345],"[ 0.29824561  4.86666667  0.50877193  4.13333333 -1.94897819  0.30350877
  4.7         0.51578947  4.16666667 -0.86567533  0.31052632  4.66666667
  0.5245614   4.2        -0.6455574   0.31929825  4.86666667  0.52982456
  4.         -0.40594655]",1708.8384611606598
0.184272,[0.44764647],"[ 0.30350877  4.7         0.51578947  4.16666667 -0.86567533  0.31052632
  4.66666667  0.5245614   4.2        -0.6455574   0.31929825  4.86666667
  0.52982456  4.         -0.40594655  0.3245614   4.93333333  0.52982456
  3.8        -0.5523535 ]",1708.918481349945
0.17913999999999997,[0.45526776],"[ 0.31052632  4.66666667  0.5245614   4.2        -0.6455574   0.31929825
  4.86666667  0.52982456  4.         -0.40594655  0.3245614   4.93333333
  0.52982456  3.8        -0.5523535   0.32807018  4.93333333  0.53157895
  3.66666667 -0.54473221]",1708.998841047287
0.16899599999999998,[-0.92761606],"[ 0.31929825  4.86666667  0.52982456  4.         -0.40594655  0.3245614
  4.93333333  0.52982456  3.8        -0.5523535   0.32807018  4.93333333
  0.53157895  3.66666667 -0.54473221  0.32982456  4.96666667  0.53157895
  3.66666667 -1.92761612]",1709.1030881404877
0.16641999999999996,[0.69267905],"[ 0.3245614   4.93333333  0.52982456  3.8        -0.5523535   0.32807018
  4.93333333  0.53157895  3.66666667 -0.54473221  0.32982456  4.96666667
  0.53157895  3.66666667 -1.92761612  0.33333333  4.96666667  0.53508772
  3.73333333 -0.30732095]",1709.155110836029
0.161368,[0.76583195],"[ 0.32807018  4.93333333  0.53157895  3.66666667 -0.54473221  0.32982456
  4.96666667  0.53157895  3.66666667 -1.92761612  0.33333333  4.96666667
  0.53508772  3.73333333 -0.30732095  0.33333333  4.76666667  0.54385965
  4.         -0.23416805]",1709.2400391101837
0.15118399999999999,[0.35452238],"[ 0.32982456  4.96666667  0.53157895  3.66666667 -1.92761612  0.33333333
  4.96666667  0.53508772  3.73333333 -0.30732095  0.33333333  4.76666667
  0.54385965  4.         -0.23416805  0.33684211  4.83333333  0.54736842
  4.         -0.64547765]",1709.318743944168
0.15617599999999995,[0.16311343],"[ 0.33333333  4.96666667  0.53508772  3.73333333 -0.30732095  0.33333333
  4.76666667  0.54385965  4.         -0.23416805  0.33684211  4.83333333
  0.54736842  4.         -0.64547765  0.34561404  5.03333333  0.54736842
  3.73333333 -0.83688658]",1709.393404006958
0.148488,[0.490408],"[ 0.33333333  4.76666667  0.54385965  4.         -0.23416805  0.33684211
  4.83333333  0.54736842  4.         -0.64547765  0.34561404  5.03333333
  0.54736842  3.73333333 -0.83688658  0.34912281  5.          0.55087719
  3.7        -0.509592  ]",1709.47878241539
0.14337599999999998,[-0.7921339],"[ 0.33684211  4.83333333  0.54736842  4.         -0.64547765  0.34561404
  5.03333333  0.54736842  3.73333333 -0.83688658  0.34912281  5.
  0.55087719  3.7        -0.509592    0.35263158  5.          0.55263158
  3.66666667 -1.79213393]",1709.5584211349487
0.130596,[-0.04648941],"[ 0.34561404  5.03333333  0.54736842  3.73333333 -0.83688658  0.34912281
  5.          0.55087719  3.7        -0.509592    0.35263158  5.
  0.55263158  3.66666667 -1.79213393  0.35438596  5.03333333  0.55614035
  3.7        -1.04648936]",1709.6386048793793
0.12798000000000004,[-0.48984578],"[ 0.34912281  5.          0.55087719  3.7        -0.509592    0.35263158
  5.          0.55263158  3.66666667 -1.79213393  0.35438596  5.03333333
  0.55614035  3.7        -1.04648936  0.35614035  4.96666667  0.56140351
  3.86666667 -1.48984575]",1709.7186098098755
0.12536399999999992,[0.8488619],"[ 0.35263158  5.          0.55263158  3.66666667 -1.79213393  0.35438596
  5.03333333  0.55614035  3.7        -1.04648936  0.35614035  4.96666667
  0.56140351  3.86666667 -1.48984575  0.35789474  4.9         0.56491228
  3.96666667 -0.15113813]",1709.7987253665924
0.12017200000000001,[-0.20841944],"[ 0.35438596  5.03333333  0.55614035  3.7        -1.04648936  0.35614035
  4.96666667  0.56140351  3.86666667 -1.48984575  0.35789474  4.9
  0.56491228  3.96666667 -0.15113813  0.35964912  4.96666667  0.56842105
  4.03333333 -1.20841944]",1709.8816857337952
0.12003200000000003,[-0.4729146],"[ 0.35614035  4.96666667  0.56140351  3.86666667 -1.48984575  0.35789474
  4.9         0.56491228  3.96666667 -0.15113813  0.35964912  4.96666667
  0.56842105  4.03333333 -1.20841944  0.36491228  5.16666667  0.56842105
  3.93333333 -1.47291458]",1709.958645582199
0.10483599999999997,[-0.02822925],"[ 0.35789474  4.9         0.56491228  3.96666667 -0.15113813  0.35964912
  4.96666667  0.56842105  4.03333333 -1.20841944  0.36491228  5.16666667
  0.56842105  3.93333333 -1.47291458  0.36315789  5.06666667  0.57017544
  4.03333333 -1.02822924]",1710.0391426086426
0.097188,[0.61992127],"[ 0.35964912  4.96666667  0.56842105  4.03333333 -1.20841944  0.36491228
  5.16666667  0.56842105  3.93333333 -1.47291458  0.36315789  5.06666667
  0.57017544  4.03333333 -1.02822924  0.36315789  5.          0.57192982
  4.13333333 -0.38007873]",1710.123160123825
0.10208000000000006,[0.657717],"[ 0.36491228  5.16666667  0.56842105  3.93333333 -1.47291458  0.36315789
  5.06666667  0.57017544  4.03333333 -1.02822924  0.36315789  5.
  0.57192982  4.13333333 -0.38007873  0.36842105  5.13333333  0.57368421
  4.         -0.34228301]",1710.1995031833649
0.10189999999999999,[-0.65186226],"[ 0.36315789  5.06666667  0.57017544  4.03333333 -1.02822924  0.36315789
  5.          0.57192982  4.13333333 -0.38007873  0.36842105  5.13333333
  0.57368421  4.         -0.34228301  0.37368421  5.26666667  0.57368421
  3.86666667 -1.65186226]",1710.2762732505798
0.094252,[0.1680459],"[ 0.36315789  5.          0.57192982  4.13333333 -0.38007873  0.36842105
  5.13333333  0.57368421  4.         -0.34228301  0.37368421  5.26666667
  0.57368421  3.86666667 -1.65186226  0.3754386   5.2         0.57719298
  3.9        -0.83195412]",1710.3527035713196
0.08424799999999999,[-0.6733661],"[ 0.36842105  5.13333333  0.57368421  4.         -0.34228301  0.37368421
  5.26666667  0.57368421  3.86666667 -1.65186226  0.3754386   5.2
  0.57719298  3.9        -0.83195412  0.37719298  5.03333333  0.58245614
  3.96666667 -1.67336607]",1710.433596611023
0.08175200000000005,[0.04670049],"[ 0.37368421  5.26666667  0.57368421  3.86666667 -1.65186226  0.3754386
  5.2         0.57719298  3.9        -0.83195412  0.37719298  5.03333333
  0.58245614  3.96666667 -1.67336607  0.38070175  5.          0.5877193
  3.9        -0.95329952]",1710.5217039585114
0.08179199999999998,[-0.8203871],"[ 0.3754386   5.2         0.57719298  3.9        -0.83195412  0.37719298
  5.03333333  0.58245614  3.96666667 -1.67336607  0.38070175  5.
  0.5877193   3.9        -0.95329952  0.38421053  4.93333333  0.59298246
  4.         -1.82038713]",1710.5986902713776
0.08432800000000007,[-0.35806704],"[ 0.37719298  5.03333333  0.58245614  3.96666667 -1.67336607  0.38070175
  5.          0.5877193   3.9        -0.95329952  0.38421053  4.93333333
  0.59298246  4.         -1.82038713  0.3877193   5.          0.59473684
  4.         -1.35806704]",1710.678846359253
0.07931600000000005,[0.12017375],"[ 0.38070175  5.          0.5877193   3.9        -0.95329952  0.38421053
  4.93333333  0.59298246  4.         -1.82038713  0.3877193   5.
  0.59473684  4.         -1.35806704  0.3877193   4.83333333  0.59649123
  4.03333333 -0.87982625]",1710.7584455013275
0.08173200000000003,[-0.93589544],"[ 0.38421053  4.93333333  0.59298246  4.         -1.82038713  0.3877193
  5.          0.59473684  4.         -1.35806704  0.3877193   4.83333333
  0.59649123  4.03333333 -0.87982625  0.38947368  4.86666667  0.59649123
  3.9        -1.93589544]",1710.8384411334991
0.08177200000000001,[-0.3897683],"[ 0.3877193   5.          0.59473684  4.         -1.35806704  0.3877193
  4.83333333  0.59649123  4.03333333 -0.87982625  0.38947368  4.86666667
  0.59649123  3.9        -1.93589544  0.39298246  4.86666667  0.59824561
  3.83333333 -1.38976836]",1710.9198598861694
0.06919200000000003,[-0.8408193],"[ 0.3877193   4.83333333  0.59649123  4.03333333 -0.87982625  0.38947368
  4.86666667  0.59649123  3.9        -1.93589544  0.39298246  4.86666667
  0.59824561  3.83333333 -1.38976836  0.39298246  4.73333333  0.60350877
  4.03333333 -1.84081936]",1711.0020434856415
0.06667600000000007,[0.45631766],"[ 0.38947368  4.86666667  0.59649123  3.9        -1.93589544  0.39298246
  4.86666667  0.59824561  3.83333333 -1.38976836  0.39298246  4.73333333
  0.60350877  4.03333333 -1.84081936  0.39473684  4.63333333  0.60701754
  4.03333333 -0.54368234]",1711.0786027908325
0.06673600000000002,[0.93041533],"[ 0.39298246  4.86666667  0.59824561  3.83333333 -1.38976836  0.39298246
  4.73333333  0.60350877  4.03333333 -1.84081936  0.39473684  4.63333333
  0.60701754  4.03333333 -0.54368234  0.39824561  4.53333333  0.61052632
  4.         -0.06958467]",1711.1588349342346
0.07178800000000007,[-0.18680559],"[ 0.39298246  4.73333333  0.60350877  4.03333333 -1.84081936  0.39473684
  4.63333333  0.60701754  4.03333333 -0.54368234  0.39824561  4.53333333
  0.61052632  4.         -0.06958467  0.40350877  4.66666667  0.61403509
  3.83333333 -1.18680561]",1711.238535642624
0.07674000000000003,[0.00458803],"[ 0.39473684  4.63333333  0.60701754  4.03333333 -0.54368234  0.39824561
  4.53333333  0.61052632  4.         -0.06958467  0.40350877  4.66666667
  0.61403509  3.83333333 -1.18680561  0.40877193  4.86666667  0.61403509
  3.73333333 -0.99541199]",1711.3191721439362
0.07420400000000005,[0.291979],"[ 0.39824561  4.53333333  0.61052632  4.         -0.06958467  0.40350877
  4.66666667  0.61403509  3.83333333 -1.18680561  0.40877193  4.86666667
  0.61403509  3.73333333 -0.99541199  0.40877193  4.76666667  0.61754386
  3.86666667 -0.70802099]",1711.3930945396423
