reward,action,obs,time
,,"[0.         0.         0.         0.         0.         0.
 0.         0.         0.         0.         0.         0.
 0.         0.         0.         0.03157895 5.76666667 0.24561404
 5.3        0.        ]",1948.5026185512543
0.002456,[-0.5705581],"[ 0.          0.          0.          0.          0.          0.
  0.          0.          0.          0.          0.03157895  5.76666667
  0.24561404  5.3         0.          0.03333333  5.93333333  0.24385965
  5.26666667 -1.57055807]",1948.6616156101227
3.999999999999837e-05,[-0.790846],"[ 0.          0.          0.          0.          0.          0.03157895
  5.76666667  0.24561404  5.3         0.          0.03333333  5.93333333
  0.24385965  5.26666667 -1.57055807  0.03157895  5.7         0.24561404
  5.4        -1.79084599]",1948.71151638031
0.0,[-0.8817386],"[ 0.03157895  5.76666667  0.24561404  5.3         0.          0.03333333
  5.93333333  0.24385965  5.26666667 -1.57055807  0.03157895  5.7
  0.24561404  5.4        -1.79084599  0.03157895  5.76666667  0.24385965
  5.33333333 -1.88173866]",1948.761787891388
0.0,[-0.37895074],"[ 0.03333333  5.93333333  0.24385965  5.26666667 -1.57055807  0.03157895
  5.7         0.24561404  5.4        -1.79084599  0.03157895  5.76666667
  0.24385965  5.33333333 -1.88173866  0.03157895  5.76666667  0.24561404
  5.33333333 -1.37895072]",1948.8158752918243
0.0,[-0.12563701],"[ 0.03157895  5.7         0.24561404  5.4        -1.79084599  0.03157895
  5.76666667  0.24385965  5.33333333 -1.88173866  0.03157895  5.76666667
  0.24561404  5.33333333 -1.37895072  0.03157895  5.76666667  0.24385965
  5.36666667 -1.12563705]",1948.8670411109924
7.999999999999674e-05,[-0.82067215],"[ 0.03157895  5.76666667  0.24385965  5.33333333 -1.88173866  0.03157895
  5.76666667  0.24561404  5.33333333 -1.37895072  0.03157895  5.76666667
  0.24385965  5.36666667 -1.12563705  0.03157895  5.63333333  0.24561404
  5.46666667 -1.82067215]",1948.9140129089355
0.002695999999999997,[-0.8906393],"[ 0.03157895  5.76666667  0.24561404  5.33333333 -1.37895072  0.03157895
  5.76666667  0.24385965  5.36666667 -1.12563705  0.03157895  5.63333333
  0.24561404  5.46666667 -1.82067215  0.03333333  5.53333333  0.24736842
  5.56666667 -1.89063931]",1948.9623963832855
0.005191999999999995,[0.88607085],"[ 0.03157895  5.76666667  0.24385965  5.36666667 -1.12563705  0.03157895
  5.63333333  0.24561404  5.46666667 -1.82067215  0.03333333  5.53333333
  0.24736842  5.56666667 -1.89063931  0.03508772  5.63333333  0.24912281
  5.46666667 -0.11392915]",1949.0123808383942
0.002695999999999997,[-0.09423205],"[ 0.03157895  5.63333333  0.24561404  5.46666667 -1.82067215  0.03333333
  5.53333333  0.24736842  5.56666667 -1.89063931  0.03508772  5.63333333
  0.24912281  5.46666667 -0.11392915  0.03333333  5.53333333  0.24912281
  5.53333333 -1.09423208]",1949.0734169483185
0.007787999999999996,[-0.28673252],"[ 0.03333333  5.53333333  0.24736842  5.56666667 -1.89063931  0.03508772
  5.63333333  0.24912281  5.46666667 -0.11392915  0.03333333  5.53333333
  0.24912281  5.53333333 -1.09423208  0.03684211  5.56666667  0.24912281
  5.53333333 -1.28673255]",1949.1527185440063
0.010304,[-0.47867092],"[ 0.03508772  5.63333333  0.24912281  5.46666667 -0.11392915  0.03333333
  5.53333333  0.24912281  5.53333333 -1.09423208  0.03684211  5.56666667
  0.24912281  5.53333333 -1.28673255  0.03859649  5.63333333  0.25263158
  5.46666667 -1.47867095]",1949.2385034561157
0.018032,[-0.18747956],"[ 0.03333333  5.53333333  0.24912281  5.53333333 -1.09423208  0.03684211
  5.56666667  0.24912281  5.53333333 -1.28673255  0.03859649  5.63333333
  0.25263158  5.46666667 -1.47867095  0.04385965  5.53333333  0.25789474
  5.53333333 -1.1874795 ]",1949.3130385875702
0.02312399999999999,[-0.83110225],"[ 0.03684211  5.56666667  0.24912281  5.53333333 -1.28673255  0.03859649
  5.63333333  0.25263158  5.46666667 -1.47867095  0.04385965  5.53333333
  0.25789474  5.53333333 -1.1874795   0.04736842  5.56666667  0.26315789
  5.5        -1.83110225]",1949.396854877472
0.030791999999999996,[-0.71116126],"[ 0.03859649  5.63333333  0.25263158  5.46666667 -1.47867095  0.04385965
  5.53333333  0.25789474  5.53333333 -1.1874795   0.04736842  5.56666667
  0.26315789  5.5        -1.83110225  0.05263158  5.56666667  0.26666667
  5.53333333 -1.71116126]",1949.4730298519135
0.030871999999999993,[0.04604132],"[ 0.04385965  5.53333333  0.25789474  5.53333333 -1.1874795   0.04736842
  5.56666667  0.26315789  5.5        -1.83110225  0.05263158  5.56666667
  0.26666667  5.53333333 -1.71116126  0.05263158  5.43333333  0.26842105
  5.7        -0.95395869]",1949.557621717453
0.033387999999999994,[-0.3269811],"[ 0.04736842  5.56666667  0.26315789  5.5        -1.83110225  0.05263158
  5.56666667  0.26666667  5.53333333 -1.71116126  0.05263158  5.43333333
  0.26842105  5.7        -0.95395869  0.05438596  5.5         0.27017544
  5.63333333 -1.32698107]",1949.6365463733673
0.03334800000000001,[-0.6081862],"[ 0.05263158  5.56666667  0.26666667  5.53333333 -1.71116126  0.05263158
  5.43333333  0.26842105  5.7        -0.95395869  0.05438596  5.5
  0.27017544  5.63333333 -1.32698107  0.05438596  5.56666667  0.27017544
  5.53333333 -1.60818624]",1949.7187104225159
0.035963999999999996,[0.63997376],"[ 0.05263158  5.43333333  0.26842105  5.7        -0.95395869  0.05438596
  5.5         0.27017544  5.63333333 -1.32698107  0.05438596  5.56666667
  0.27017544  5.53333333 -1.60818624  0.05614035  5.46666667  0.27017544
  5.6        -0.36002624]",1949.7986409664154
0.041076000000000015,[-0.9215565],"[ 0.05438596  5.5         0.27017544  5.63333333 -1.32698107  0.05438596
  5.56666667  0.27017544  5.53333333 -1.60818624  0.05614035  5.46666667
  0.27017544  5.6        -0.36002624  0.05964912  5.46666667  0.27192982
  5.6        -1.92155647]",1949.878544807434
0.04864399999999999,[0.9511603],"[ 0.05438596  5.56666667  0.27017544  5.53333333 -1.60818624  0.05614035
  5.46666667  0.27017544  5.6        -0.36002624  0.05964912  5.46666667
  0.27192982  5.6        -1.92155647  0.06491228  5.63333333  0.27719298
  5.43333333 -0.04883969]",1949.9594073295593
0.05134000000000001,[-0.05903767],"[ 0.05614035  5.46666667  0.27017544  5.6        -0.36002624  0.05964912
  5.46666667  0.27192982  5.6        -1.92155647  0.06491228  5.63333333
  0.27719298  5.43333333 -0.04883969  0.06842105  5.56666667  0.28245614
  5.46666667 -1.05903769]",1950.0395693778992
0.05882800000000001,[-0.70150316],"[ 0.05964912  5.46666667  0.27192982  5.6        -1.92155647  0.06491228
  5.63333333  0.27719298  5.43333333 -0.04883969  0.06842105  5.56666667
  0.28245614  5.46666667 -1.05903769  0.07192982  5.63333333  0.28596491
  5.4        -1.70150316]",1950.1186683177948
0.06400000000000002,[0.24173968],"[ 0.06491228  5.63333333  0.27719298  5.43333333 -0.04883969  0.06842105
  5.56666667  0.28245614  5.46666667 -1.05903769  0.07192982  5.63333333
  0.28596491  5.4        -1.70150316  0.0754386   5.6         0.29122807
  5.43333333 -0.75826031]",1950.1986598968506
0.06917200000000001,[-0.7583778],"[ 0.06842105  5.56666667  0.28245614  5.46666667 -1.05903769  0.07192982
  5.63333333  0.28596491  5.4        -1.70150316  0.0754386   5.6
  0.29122807  5.43333333 -0.75826031  0.07894737  5.5         0.29473684
  5.5        -1.75837779]",1950.2788126468658
0.07678000000000001,[0.7960962],"[ 0.07192982  5.63333333  0.28596491  5.4        -1.70150316  0.0754386
  5.6         0.29122807  5.43333333 -0.75826031  0.07894737  5.5
  0.29473684  5.5        -1.75837779  0.08421053  5.6         0.29824561
  5.4        -0.20390379]",1950.3587832450867
0.08438799999999999,[-0.6922723],"[ 0.0754386   5.6         0.29122807  5.43333333 -0.75826031  0.07894737
  5.5         0.29473684  5.5        -1.75837779  0.08421053  5.6
  0.29824561  5.4        -0.20390379  0.08947368  5.56666667  0.30350877
  5.46666667 -1.69227231]",1950.4342737197876
0.08940000000000001,[-0.38089472],"[ 0.07894737  5.5         0.29473684  5.5        -1.75837779  0.08421053
  5.6         0.29824561  5.4        -0.20390379  0.08947368  5.56666667
  0.30350877  5.46666667 -1.69227231  0.09473684  5.63333333  0.30701754
  5.4        -1.38089466]",1950.5187919139862
0.092076,[-0.6640215],"[ 0.08421053  5.6         0.29824561  5.4        -0.20390379  0.08947368
  5.56666667  0.30350877  5.46666667 -1.69227231  0.09473684  5.63333333
  0.30701754  5.4        -1.38089466  0.09824561  5.53333333  0.3122807
  5.4        -1.66402149]",1950.5986478328705
0.09972400000000001,[0.61100245],"[ 0.08947368  5.56666667  0.30350877  5.46666667 -1.69227231  0.09473684
  5.63333333  0.30701754  5.4        -1.38089466  0.09824561  5.53333333
  0.3122807   5.4        -1.66402149  0.10175439  5.46666667  0.31754386
  5.46666667 -0.38899755]",1950.6797976493835
0.09972400000000001,[-0.9644246],"[ 0.09473684  5.63333333  0.30701754  5.4        -1.38089466  0.09824561
  5.53333333  0.3122807   5.4        -1.66402149  0.10175439  5.46666667
  0.31754386  5.46666667 -0.38899755  0.10526316  5.5         0.32280702
  5.43333333 -1.96442461]",1950.758590221405
0.10224000000000003,[0.02247235],"[ 0.09824561  5.53333333  0.3122807   5.4        -1.66402149  0.10175439
  5.46666667  0.31754386  5.46666667 -0.38899755  0.10526316  5.5
  0.32280702  5.43333333 -1.96442461  0.10877193  5.63333333  0.32807018
  5.26666667 -0.97752762]",1950.83789229393
0.09714800000000001,[-0.8550206],"[ 0.10175439  5.46666667  0.31754386  5.46666667 -0.38899755  0.10526316
  5.5         0.32280702  5.43333333 -1.96442461  0.10877193  5.63333333
  0.32807018  5.26666667 -0.97752762  0.11052632  5.5         0.33157895
  5.33333333 -1.85502052]",1950.9196455478668
0.09463200000000001,[0.9173212],"[ 0.10526316  5.5         0.32280702  5.43333333 -1.96442461  0.10877193
  5.63333333  0.32807018  5.26666667 -0.97752762  0.11052632  5.5
  0.33157895  5.33333333 -1.85502052  0.1122807   5.46666667  0.33508772
  5.36666667 -0.08267879]",1950.999736070633
0.08975999999999999,[0.8560389],"[ 0.10877193  5.63333333  0.32807018  5.26666667 -0.97752762  0.11052632
  5.5         0.33157895  5.33333333 -1.85502052  0.1122807   5.46666667
  0.33508772  5.36666667 -0.08267879  0.11403509  5.06666667  0.33859649
  5.43333333 -0.14396107]",1951.0798320770264
0.13029600000000002,[0.40792188],"[ 0.11052632  5.5         0.33157895  5.33333333 -1.85502052  0.1122807
  5.46666667  0.33508772  5.36666667 -0.08267879  0.11403509  5.06666667
  0.33859649  5.43333333 -0.14396107  0.14210526  5.53333333  0.34385965
  5.16666667 -0.59207809]",1951.1587069034576
0.13281199999999999,[-0.6816313],"[ 0.1122807   5.46666667  0.33508772  5.36666667 -0.08267879  0.11403509
  5.06666667  0.33859649  5.43333333 -0.14396107  0.14210526  5.53333333
  0.34385965  5.16666667 -0.59207809  0.14561404  5.66666667  0.34912281
  4.96666667 -1.68163133]",1951.2415957450867
0.135428,[-0.53968203],"[ 0.11403509  5.06666667  0.33859649  5.43333333 -0.14396107  0.14210526
  5.53333333  0.34385965  5.16666667 -0.59207809  0.14561404  5.66666667
  0.34912281  4.96666667 -1.68163133  0.14736842  5.63333333  0.35263158
  4.96666667 -1.53968203]",1951.3227441310883
0.13546799999999998,[0.12097914],"[ 0.14210526  5.53333333  0.34385965  5.16666667 -0.59207809  0.14561404
  5.66666667  0.34912281  4.96666667 -1.68163133  0.14736842  5.63333333
  0.35263158  4.96666667 -1.53968203  0.14912281  5.46666667  0.35789474
  5.1        -0.87902087]",1951.3989198207855
0.14057999999999998,[-0.18474458],"[ 0.14561404  5.66666667  0.34912281  4.96666667 -1.68163133  0.14736842
  5.63333333  0.35263158  4.96666667 -1.53968203  0.14912281  5.46666667
  0.35789474  5.1        -0.87902087  0.15614035  5.46666667  0.36491228
  5.03333333 -1.1847446 ]",1951.4737684726715
0.143216,[-0.21873042],"[ 0.14736842  5.63333333  0.35263158  4.96666667 -1.53968203  0.14912281
  5.46666667  0.35789474  5.1        -0.87902087  0.15614035  5.46666667
  0.36491228  5.03333333 -1.1847446   0.16315789  5.5         0.37368421
  4.9        -1.21873045]",1951.5597727298737
0.14830800000000002,[-0.31082875],"[ 0.14912281  5.46666667  0.35789474  5.1        -0.87902087  0.15614035
  5.46666667  0.36491228  5.03333333 -1.1847446   0.16315789  5.5
  0.37368421  4.9        -1.21873045  0.17017544  5.46666667  0.38245614
  4.9        -1.31082869]",1951.6394698619843
0.15094399999999997,[0.3187925],"[ 0.15614035  5.46666667  0.36491228  5.03333333 -1.1847446   0.16315789
  5.5         0.37368421  4.9        -1.21873045  0.17017544  5.46666667
  0.38245614  4.9        -1.31082869  0.1754386   5.4         0.38947368
  4.9        -0.68120754]",1951.7195029258728
0.15347999999999998,[0.6269554],"[ 0.16315789  5.5         0.37368421  4.9        -1.21873045  0.17017544
  5.46666667  0.38245614  4.9        -1.31082869  0.1754386   5.4
  0.38947368  4.9        -0.68120754  0.18070175  5.4         0.39298246
  4.76666667 -0.37304461]",1951.798745393753
0.15595600000000004,[0.17898534],"[ 0.17017544  5.46666667  0.38245614  4.9        -1.31082869  0.1754386
  5.4         0.38947368  4.9        -0.68120754  0.18070175  5.4
  0.39298246  4.76666667 -0.37304461  0.18596491  5.43333333  0.39649123
  4.56666667 -0.82101464]",1951.8790967464447
0.15345999999999999,[-0.7963326],"[ 0.1754386   5.4         0.38947368  4.9        -0.68120754  0.18070175
  5.4         0.39298246  4.76666667 -0.37304461  0.18596491  5.43333333
  0.39649123  4.56666667 -0.82101464  0.18947368  5.43333333  0.39824561
  4.46666667 -1.7963326 ]",1951.9586672782898
0.14838800000000002,[-0.7117843],"[ 0.18070175  5.4         0.39298246  4.76666667 -0.37304461  0.18596491
  5.43333333  0.39649123  4.56666667 -0.82101464  0.18947368  5.43333333
  0.39824561  4.46666667 -1.7963326   0.19122807  5.33333333  0.4
  4.56666667 -1.71178436]",1952.0328407287598
0.14084,[0.3047613],"[ 0.18596491  5.43333333  0.39649123  4.56666667 -0.82101464  0.18947368
  5.43333333  0.39824561  4.46666667 -1.7963326   0.19122807  5.33333333
  0.4         4.56666667 -1.71178436  0.19122807  5.2         0.40350877
  4.73333333 -0.69523871]",1952.119066476822
0.143336,[-0.7182344],"[ 0.18947368  5.43333333  0.39824561  4.46666667 -1.7963326   0.19122807
  5.33333333  0.4         4.56666667 -1.71178436  0.19122807  5.2
  0.40350877  4.73333333 -0.69523871  0.19649123  5.2         0.40701754
  4.66666667 -1.71823442]",1952.2000572681427
0.148388,[-0.94314474],"[ 0.19122807  5.33333333  0.4         4.56666667 -1.71178436  0.19122807
  5.2         0.40350877  4.73333333 -0.69523871  0.19649123  5.2
  0.40701754  4.66666667 -1.71823442  0.20350877  5.23333333  0.41403509
  4.46666667 -1.9431448 ]",1952.2785799503326
0.15362000000000003,[0.00919432],"[ 0.19122807  5.2         0.40350877  4.73333333 -0.69523871  0.19649123
  5.2         0.40701754  4.66666667 -1.71823442  0.20350877  5.23333333
  0.41403509  4.46666667 -1.9431448   0.21052632  5.06666667  0.42280702
  4.6        -0.99080569]",1952.3598773479462
0.15887199999999999,[-0.38665003],"[ 0.19649123  5.2         0.40701754  4.66666667 -1.71823442  0.20350877
  5.23333333  0.41403509  4.46666667 -1.9431448   0.21052632  5.06666667
  0.42280702  4.6        -0.99080569  0.21754386  4.96666667  0.43157895
  4.63333333 -1.38665009]",1952.438847541809
0.16643999999999998,[-0.6356122],"[ 0.20350877  5.23333333  0.41403509  4.46666667 -1.9431448   0.21052632
  5.06666667  0.42280702  4.6        -0.99080569  0.21754386  4.96666667
  0.43157895  4.63333333 -1.38665009  0.2245614   5.          0.43859649
  4.46666667 -1.63561225]",1952.541583776474
0.17161199999999996,[-0.986157],"[ 0.21052632  5.06666667  0.42280702  4.6        -0.99080569  0.21754386
  4.96666667  0.43157895  4.63333333 -1.38665009  0.2245614   5.
  0.43859649  4.46666667 -1.63561225  0.22982456  4.86666667  0.44385965
  4.46666667 -1.98615694]",1952.5985820293427
0.17398799999999998,[-0.26808447],"[ 0.21754386  4.96666667  0.43157895  4.63333333 -1.38665009  0.2245614
  5.          0.43859649  4.46666667 -1.63561225  0.22982456  4.86666667
  0.44385965  4.46666667 -1.98615694  0.23333333  4.76666667  0.44736842
  4.56666667 -1.26808453]",1952.6829481124878
0.138544,[-0.52966934],"[ 0.2245614   5.          0.43859649  4.46666667 -1.63561225  0.22982456
  4.86666667  0.44385965  4.46666667 -1.98615694  0.23333333  4.76666667
  0.44736842  4.56666667 -1.26808453  0.23684211  4.66666667  0.45263158
  4.66666667 -1.52966928]",1952.7567403316498
0.1412,[-0.87551826],"[ 0.22982456  4.86666667  0.44385965  4.46666667 -1.98615694  0.23333333
  4.76666667  0.44736842  4.56666667 -1.26808453  0.23684211  4.66666667
  0.45263158  4.66666667 -1.52966928  0.24210526  4.63333333  0.45789474
  4.63333333 -1.87551832]",1952.833655834198
0.14886799999999997,[0.04699233],"[ 0.23333333  4.76666667  0.44736842  4.56666667 -1.26808453  0.23684211
  4.66666667  0.45263158  4.66666667 -1.52966928  0.24210526  4.63333333
  0.45789474  4.63333333 -1.87551832  0.24912281  4.6         0.46315789
  4.63333333 -0.9530077 ]",1952.9189629554749
0.15134399999999998,[-0.9418422],"[ 0.23684211  4.66666667  0.45263158  4.66666667 -1.52966928  0.24210526
  4.63333333  0.45789474  4.63333333 -1.87551832  0.24912281  4.6
  0.46315789  4.63333333 -0.9530077   0.25263158  4.56666667  0.46842105
  4.66666667 -1.9418422 ]",1952.9939556121826
0.14876800000000007,[-0.43989676],"[ 0.24210526  4.63333333  0.45789474  4.63333333 -1.87551832  0.24912281
  4.6         0.46315789  4.63333333 -0.9530077   0.25263158  4.56666667
  0.46842105  4.66666667 -1.9418422   0.25789474  4.6         0.47368421
  4.6        -1.43989682]",1953.0787796974182
0.143736,[0.904822],"[ 0.24912281  4.6         0.46315789  4.63333333 -0.9530077   0.25263158
  4.56666667  0.46842105  4.66666667 -1.9418422   0.25789474  4.6
  0.47368421  4.6        -1.43989682  0.26140351  4.5         0.47719298
  4.7        -0.09517801]",1953.1589088439941
0.14114000000000004,[0.01559651],"[ 0.25263158  4.56666667  0.46842105  4.66666667 -1.9418422   0.25789474
  4.6         0.47368421  4.6        -1.43989682  0.26140351  4.5
  0.47719298  4.7        -0.09517801  0.26666667  4.53333333  0.48070175
  4.63333333 -0.98440349]",1953.2415800094604
0.13844400000000007,[0.8561331],"[ 0.25789474  4.6         0.47368421  4.6        -1.43989682  0.26140351
  4.5         0.47719298  4.7        -0.09517801  0.26666667  4.53333333
  0.48070175  4.63333333 -0.98440349  0.27017544  4.7         0.48596491
  4.4        -0.1438669 ]",1953.322480916977
0.13590800000000003,[-0.03230346],"[ 0.26140351  4.5         0.47719298  4.7        -0.09517801  0.26666667
  4.53333333  0.48070175  4.63333333 -0.98440349  0.27017544  4.7
  0.48596491  4.4        -0.1438669   0.27368421  4.66666667  0.4877193
  4.36666667 -1.03230345]",1953.3989779949188
0.13586800000000002,[-0.9237302],"[ 0.26666667  4.53333333  0.48070175  4.63333333 -0.98440349  0.27017544
  4.7         0.48596491  4.4        -0.1438669   0.27368421  4.66666667
  0.4877193   4.36666667 -1.03230345  0.27894737  4.76666667  0.49122807
  4.2        -1.92373013]",1953.4728150367737
0.13850400000000002,[-0.8740994],"[ 0.27017544  4.7         0.48596491  4.4        -0.1438669   0.27368421
  4.66666667  0.4877193   4.36666667 -1.03230345  0.27894737  4.76666667
  0.49122807  4.2        -1.92373013  0.28421053  4.63333333  0.49649123
  4.26666667 -1.87409937]",1953.5527548789978
0.14369599999999996,[0.6780647],"[ 0.27368421  4.66666667  0.4877193   4.36666667 -1.03230345  0.27894737
  4.76666667  0.49122807  4.2        -1.92373013  0.28421053  4.63333333
  0.49649123  4.26666667 -1.87409937  0.28947368  4.4         0.50350877
  4.5        -0.3219353 ]",1953.63259267807
0.151304,[0.78091127],"[ 0.27894737  4.76666667  0.49122807  4.2        -1.92373013  0.28421053
  4.63333333  0.49649123  4.26666667 -1.87409937  0.28947368  4.4
  0.50350877  4.5        -0.3219353   0.29473684  4.36666667  0.51052632
  4.53333333 -0.21908873]",1953.7126138210297
0.156256,[0.12356975],"[ 0.28421053  4.63333333  0.49649123  4.26666667 -1.87409937  0.28947368
  4.4         0.50350877  4.5        -0.3219353   0.29473684  4.36666667
  0.51052632  4.53333333 -0.21908873  0.30350877  4.63333333  0.51754386
  4.33333333 -0.87643027]",1953.7976875305176
0.15366000000000005,[-0.7573088],"[ 0.28947368  4.4         0.50350877  4.5        -0.3219353   0.29473684
  4.36666667  0.51052632  4.53333333 -0.21908873  0.30350877  4.63333333
  0.51754386  4.33333333 -0.87643027  0.30877193  4.73333333  0.52105263
  4.16666667 -1.75730872]",1953.8780751228333
0.14854800000000004,[0.9567604],"[ 0.29473684  4.36666667  0.51052632  4.53333333 -0.21908873  0.30350877
  4.63333333  0.51754386  4.33333333 -0.87643027  0.30877193  4.73333333
  0.52105263  4.16666667 -1.75730872  0.3122807   4.56666667  0.52631579
  4.2        -0.04323959]",1953.9626433849335
0.151124,[0.9232036],"[ 0.30350877  4.63333333  0.51754386  4.33333333 -0.87643027  0.30877193
  4.73333333  0.52105263  4.16666667 -1.75730872  0.3122807   4.56666667
  0.52631579  4.2        -0.04323959  0.32105263  4.43333333  0.53508772
  4.23333333 -0.07679641]",1954.0390963554382
0.15867199999999998,[0.6147636],"[ 0.30877193  4.73333333  0.52105263  4.16666667 -1.75730872  0.3122807
  4.56666667  0.52631579  4.2        -0.04323959  0.32105263  4.43333333
  0.53508772  4.23333333 -0.07679641  0.33333333  4.66666667  0.54385965
  4.03333333 -0.38523638]",1954.118985414505
0.16616000000000003,[-0.23056324],"[ 0.3122807   4.56666667  0.52631579  4.2        -0.04323959  0.32105263
  4.43333333  0.53508772  4.23333333 -0.07679641  0.33333333  4.66666667
  0.54385965  4.03333333 -0.38523638  0.34385965  4.83333333  0.55087719
  3.83333333 -1.23056328]",1954.1986742019653
0.16614,[0.4318124],"[ 0.32105263  4.43333333  0.53508772  4.23333333 -0.07679641  0.33333333
  4.66666667  0.54385965  4.03333333 -0.38523638  0.34385965  4.83333333
  0.55087719  3.83333333 -1.23056328  0.34736842  4.76666667  0.55438596
  3.76666667 -0.56818759]",1954.273092508316
0.16615999999999997,[0.8412508],"[ 0.33333333  4.66666667  0.54385965  4.03333333 -0.38523638  0.34385965
  4.83333333  0.55087719  3.83333333 -1.23056328  0.34736842  4.76666667
  0.55438596  3.76666667 -0.56818759  0.35087719  4.63333333  0.55789474
  3.73333333 -0.15874922]",1954.3529798984528
0.16855599999999998,[-0.4978999],"[ 0.34385965  4.83333333  0.55087719  3.83333333 -1.23056328  0.34736842
  4.76666667  0.55438596  3.76666667 -0.56818759  0.35087719  4.63333333
  0.55789474  3.73333333 -0.15874922  0.35789474  4.86666667  0.56315789
  3.7        -1.49789989]",1954.4417178630829
0.16849600000000003,[0.92688555],"[ 0.34736842  4.76666667  0.55438596  3.76666667 -0.56818759  0.35087719
  4.63333333  0.55789474  3.73333333 -0.15874922  0.35789474  4.86666667
  0.56315789  3.7        -1.49789989  0.36491228  4.93333333  0.57017544
  3.8        -0.07311445]",1954.5254237651825
0.16598000000000002,[-0.23252387],"[ 0.35087719  4.63333333  0.55789474  3.73333333 -0.15874922  0.35789474
  4.86666667  0.56315789  3.7        -1.49789989  0.36491228  4.93333333
  0.57017544  3.8        -0.07311445  0.36666667  4.83333333  0.5754386
  3.96666667 -1.23252392]",1954.6026136875153
0.16851599999999994,[-0.52596796],"[ 0.35789474  4.86666667  0.56315789  3.7        -1.49789989  0.36491228
  4.93333333  0.57017544  3.8        -0.07311445  0.36666667  4.83333333
  0.5754386   3.96666667 -1.23252392  0.37368421  4.9         0.57894737
  3.83333333 -1.52596796]",1954.6832196712494
0.168456,[0.65126497],"[ 0.36491228  4.93333333  0.57017544  3.8        -0.07311445  0.36666667
  4.83333333  0.5754386   3.96666667 -1.23252392  0.37368421  4.9
  0.57894737  3.83333333 -1.52596796  0.37719298  4.9         0.58421053
  3.93333333 -0.34873503]",1954.7634205818176
0.16344399999999992,[0.9661273],"[ 0.36666667  4.83333333  0.5754386   3.96666667 -1.23252392  0.37368421
  4.9         0.57894737  3.83333333 -1.52596796  0.37719298  4.9
  0.58421053  3.93333333 -0.34873503  0.37894737  4.76666667  0.59122807
  4.16666667 -0.03387272]",1954.8431622982025
0.17364799999999997,[0.5484657],"[ 0.37368421  4.9         0.57894737  3.83333333 -1.52596796  0.37719298
  4.9         0.58421053  3.93333333 -0.34873503  0.37894737  4.76666667
  0.59122807  4.16666667 -0.03387272  0.38947368  4.96666667  0.59649123
  4.03333333 -0.45153427]",1954.9230098724365
0.17863999999999997,[0.9632333],"[ 0.37719298  4.9         0.58421053  3.93333333 -0.34873503  0.37894737
  4.76666667  0.59122807  4.16666667 -0.03387272  0.38947368  4.96666667
  0.59649123  4.03333333 -0.45153427  0.39649123  5.13333333  0.59824561
  3.83333333 -0.03676671]",1955.002677679062
0.17612399999999995,[-0.8754356],"[ 0.37894737  4.76666667  0.59122807  4.16666667 -0.03387272  0.38947368
  4.96666667  0.59649123  4.03333333 -0.45153427  0.39649123  5.13333333
  0.59824561  3.83333333 -0.03676671  0.4         5.16666667  0.6
  3.73333333 -1.87543559]",1955.0829021930695
0.17600400000000005,[-0.20114876],"[ 0.38947368  4.96666667  0.59649123  4.03333333 -0.45153427  0.39649123
  5.13333333  0.59824561  3.83333333 -0.03676671  0.4         5.16666667
  0.6         3.73333333 -1.87543559  0.40526316  5.23333333  0.60175439
  3.7        -1.20114875]",1955.1644377708435
0.168236,[0.9079167],"[ 0.39649123  5.13333333  0.59824561  3.83333333 -0.03676671  0.4
  5.16666667  0.6         3.73333333 -1.87543559  0.40526316  5.23333333
  0.60175439  3.7        -1.20114875  0.40526316  5.16666667  0.60701754
  3.86666667 -0.09208328]",1955.2428452968597
0.16565999999999997,[-0.0871849],"[ 0.4         5.16666667  0.6         3.73333333 -1.87543559  0.40526316
  5.23333333  0.60175439  3.7        -1.20114875  0.40526316  5.16666667
  0.60701754  3.86666667 -0.09208328  0.40877193  5.16666667  0.6122807
  3.96666667 -1.08718491]",1955.3229558467865
0.16825599999999996,[-0.61257994],"[ 0.40526316  5.23333333  0.60175439  3.7        -1.20114875  0.40526316
  5.16666667  0.60701754  3.86666667 -0.09208328  0.40877193  5.16666667
  0.6122807   3.96666667 -1.08718491  0.41929825  5.36666667  0.61578947
  3.83333333 -1.61257994]",1955.4032080173492
0.16322399999999998,[-0.80589527],"[ 0.40526316  5.16666667  0.60701754  3.86666667 -0.09208328  0.40877193
  5.16666667  0.6122807   3.96666667 -1.08718491  0.41929825  5.36666667
  0.61578947  3.83333333 -1.61257994  0.42105263  5.33333333  0.62105263
  3.9        -1.80589533]",1955.4776628017426
0.15815200000000001,[-0.35437882],"[ 0.40877193  5.16666667  0.6122807   3.96666667 -1.08718491  0.41929825
  5.36666667  0.61578947  3.83333333 -1.61257994  0.42105263  5.33333333
  0.62105263  3.9        -1.80589533  0.42105263  5.1         0.62807018
  4.06666667 -1.35437882]",1955.5622913837433
