reward,action,obs,time
,,"[0.         0.         0.         0.         0.         0.
 0.         0.         0.         0.         0.         0.
 0.         0.         0.         0.03157895 5.76666667 0.24561404
 5.36666667 0.        ]",2216.3864662647247
-0.0024160000000000015,[0.96490204],"[ 0.          0.          0.          0.          0.          0.
  0.          0.          0.          0.          0.03157895  5.76666667
  0.24561404  5.36666667  0.          0.02982456  5.53333333  0.24385965
  5.46666667 -0.03509796]",2216.5421829223633
1.9999999999999185e-05,[0.5350069],"[ 0.          0.          0.          0.          0.          0.03157895
  5.76666667  0.24561404  5.36666667  0.          0.02982456  5.53333333
  0.24385965  5.46666667 -0.03509796  0.03157895  5.73333333  0.24385965
  5.36666667 -0.46499312]",2216.592003583908
7.999999999999674e-05,[0.50478315],"[ 0.03157895  5.76666667  0.24561404  5.36666667  0.          0.02982456
  5.53333333  0.24385965  5.46666667 -0.03509796  0.03157895  5.73333333
  0.24385965  5.36666667 -0.46499312  0.03157895  5.63333333  0.24385965
  5.43333333 -0.49521685]",2216.6418051719666
-0.002475999999999999,[-0.8795806],"[ 0.02982456  5.53333333  0.24385965  5.46666667 -0.03509796  0.03157895
  5.73333333  0.24385965  5.36666667 -0.46499312  0.03157895  5.63333333
  0.24385965  5.43333333 -0.49521685  0.02982456  5.63333333  0.24561404
  5.4        -1.87958062]",2216.6919882297516
-0.002475999999999999,[-0.5990744],"[ 0.03157895  5.73333333  0.24385965  5.36666667 -0.46499312  0.03157895
  5.63333333  0.24385965  5.43333333 -0.49521685  0.02982456  5.63333333
  0.24561404  5.4        -1.87958062  0.02982456  5.63333333  0.24561404
  5.43333333 -1.59907436]",2216.741774082184
5.9999999999997555e-05,[-0.07222868],"[ 0.03157895  5.63333333  0.24385965  5.43333333 -0.49521685  0.02982456
  5.63333333  0.24561404  5.4        -1.87958062  0.02982456  5.63333333
  0.24561404  5.43333333 -1.59907436  0.03157895  5.66666667  0.24561404
  5.36666667 -1.07222867]",2216.7935688495636
0.002575999999999995,[-0.8842977],"[ 0.02982456  5.63333333  0.24561404  5.4        -1.87958062  0.02982456
  5.63333333  0.24561404  5.43333333 -1.59907436  0.03157895  5.66666667
  0.24561404  5.36666667 -1.07222867  0.03333333  5.73333333  0.24561404
  5.33333333 -1.88429773]",2216.842841386795
0.00011999999999999511,[0.77221113],"[ 0.02982456  5.63333333  0.24561404  5.43333333 -1.59907436  0.03157895
  5.66666667  0.24561404  5.36666667 -1.07222867  0.03333333  5.73333333
  0.24561404  5.33333333 -1.88429773  0.03157895  5.56666667  0.24561404
  5.5        -0.22778887]",2216.892344713211
0.0027359999999999954,[0.5908694],"[ 0.03157895  5.66666667  0.24561404  5.36666667 -1.07222867  0.03333333
  5.73333333  0.24561404  5.33333333 -1.88429773  0.03157895  5.56666667
  0.24561404  5.5        -0.22778887  0.03333333  5.46666667  0.24736842
  5.56666667 -0.40913057]",2216.942367553711
0.007888,[0.46486384],"[ 0.03333333  5.73333333  0.24561404  5.33333333 -1.88429773  0.03157895
  5.56666667  0.24561404  5.5        -0.22778887  0.03333333  5.46666667
  0.24736842  5.56666667 -0.40913057  0.03684211  5.4         0.25087719
  5.63333333 -0.53513616]",2217.0067336559296
0.012879999999999997,[0.64848757],"[ 0.03157895  5.56666667  0.24561404  5.5        -0.22778887  0.03333333
  5.46666667  0.24736842  5.56666667 -0.40913057  0.03684211  5.4
  0.25087719  5.63333333 -0.53513616  0.04035088  5.6         0.25438596
  5.53333333 -0.35151243]",2217.084817171097
0.020487999999999996,[0.07137667],"[ 0.03333333  5.46666667  0.24736842  5.56666667 -0.40913057  0.03684211
  5.4         0.25087719  5.63333333 -0.53513616  0.04035088  5.6
  0.25438596  5.53333333 -0.35151243  0.04561404  5.7         0.25789474
  5.33333333 -0.92862332]",2217.170743703842
0.02562000000000001,[-0.10958342],"[ 0.03684211  5.4         0.25087719  5.63333333 -0.53513616  0.04035088
  5.6         0.25438596  5.53333333 -0.35151243  0.04561404  5.7
  0.25789474  5.33333333 -0.92862332  0.04912281  5.66666667  0.25964912
  5.3        -1.10958338]",2217.245922803879
0.028236000000000004,[-0.87984806],"[ 0.04035088  5.6         0.25438596  5.53333333 -0.35151243  0.04561404
  5.7         0.25789474  5.33333333 -0.92862332  0.04912281  5.66666667
  0.25964912  5.3        -1.10958338  0.05087719  5.56666667  0.26315789
  5.33333333 -1.879848  ]",2217.32487988472
0.033368,[-0.05473715],"[ 0.04561404  5.7         0.25789474  5.33333333 -0.92862332  0.04912281
  5.66666667  0.25964912  5.3        -1.10958338  0.05087719  5.56666667
  0.26315789  5.33333333 -1.879848    0.05438596  5.53333333  0.26666667
  5.36666667 -1.05473709]",2217.4099514484406
0.03852,[-0.7584618],"[ 0.04912281  5.66666667  0.25964912  5.3        -1.10958338  0.05087719
  5.56666667  0.26315789  5.33333333 -1.879848    0.05438596  5.53333333
  0.26666667  5.36666667 -1.05473709  0.05789474  5.46666667  0.27192982
  5.5        -1.75846171]",2217.4907710552216
0.043572,[0.79879683],"[ 0.05087719  5.56666667  0.26315789  5.33333333 -1.879848    0.05438596
  5.53333333  0.26666667  5.36666667 -1.05473709  0.05789474  5.46666667
  0.27192982  5.5        -1.75846171  0.06140351  5.56666667  0.27719298
  5.46666667 -0.20120317]",2217.5649144649506
0.04868399999999999,[0.32797295],"[ 0.05438596  5.53333333  0.26666667  5.36666667 -1.05473709  0.05789474
  5.46666667  0.27192982  5.5        -1.75846171  0.06140351  5.56666667
  0.27719298  5.46666667 -0.20120317  0.06491228  5.56666667  0.28070175
  5.5        -0.67202705]",2217.6448533535004
0.05627200000000001,[-0.1349815],"[ 0.05789474  5.46666667  0.27192982  5.5        -1.75846171  0.06140351
  5.56666667  0.27719298  5.46666667 -0.20120317  0.06491228  5.56666667
  0.28070175  5.5        -0.67202705  0.07017544  5.7         0.28421053
  5.3        -1.13498151]",2217.7250361442566
0.061404000000000014,[-0.9416454],"[ 0.06140351  5.56666667  0.27719298  5.46666667 -0.20120317  0.06491228
  5.56666667  0.28070175  5.5        -0.67202705  0.07017544  5.7
  0.28421053  5.3        -1.13498151  0.07368421  5.66666667  0.28596491
  5.16666667 -1.94164538]",2217.809821844101
0.06647600000000001,[-0.39702153],"[ 0.06491228  5.56666667  0.28070175  5.5        -0.67202705  0.07017544
  5.7         0.28421053  5.3        -1.13498151  0.07368421  5.66666667
  0.28596491  5.16666667 -1.94164538  0.0754386   5.5         0.28947368
  5.23333333 -1.39702153]",2217.8849170207977
0.07176799999999998,[-0.5968718],"[ 0.07017544  5.7         0.28421053  5.3        -1.13498151  0.07368421
  5.66666667  0.28596491  5.16666667 -1.94164538  0.0754386   5.5
  0.28947368  5.23333333 -1.39702153  0.08070175  5.4         0.29298246
  5.36666667 -1.59687185]",2217.969819545746
0.079376,[0.73908925],"[ 0.07368421  5.66666667  0.28596491  5.16666667 -1.94164538  0.0754386
  5.5         0.28947368  5.23333333 -1.39702153  0.08070175  5.4
  0.29298246  5.36666667 -1.59687185  0.08596491  5.4         0.29824561
  5.36666667 -0.26091075]",2218.0448966026306
0.08957999999999999,[-0.90964234],"[ 0.0754386   5.5         0.28947368  5.23333333 -1.39702153  0.08070175
  5.4         0.29298246  5.36666667 -1.59687185  0.08596491  5.4
  0.29824561  5.36666667 -0.26091075  0.09122807  5.43333333  0.30526316
  5.33333333 -1.90964234]",2218.1308665275574
0.09972400000000001,[-0.69737196],"[ 0.08070175  5.4         0.29298246  5.36666667 -1.59687185  0.08596491
  5.4         0.29824561  5.36666667 -0.26091075  0.09122807  5.43333333
  0.30526316  5.33333333 -1.90964234  0.09824561  5.56666667  0.3122807
  5.13333333 -1.69737196]",2218.2111456394196
0.099824,[0.38633728],"[ 0.08596491  5.4         0.29824561  5.36666667 -0.26091075  0.09122807
  5.43333333  0.30526316  5.33333333 -1.90964234  0.09824561  5.56666667
  0.3122807   5.13333333 -1.69737196  0.1         5.43333333  0.31578947
  5.16666667 -0.61366272]",2218.285064935684
0.10250000000000001,[-0.39926997],"[ 0.09122807  5.43333333  0.30526316  5.33333333 -1.90964234  0.09824561
  5.56666667  0.3122807   5.13333333 -1.69737196  0.1         5.43333333
  0.31578947  5.16666667 -0.61366272  0.10350877  5.3         0.32105263
  5.26666667 -1.39926994]",2218.370923280716
0.109968,[-0.27877718],"[ 0.09824561  5.56666667  0.3122807   5.13333333 -1.69737196  0.1
  5.43333333  0.31578947  5.16666667 -0.61366272  0.10350877  5.3
  0.32105263  5.26666667 -1.39926994  0.10701754  5.46666667  0.3245614
  5.13333333 -1.27877712]",2218.4448680877686
0.11250400000000002,[0.42934528],"[ 0.1         5.43333333  0.31578947  5.16666667 -0.61366272  0.10350877
  5.3         0.32105263  5.26666667 -1.39926994  0.10701754  5.46666667
  0.3245614   5.13333333 -1.27877712  0.11052632  5.4         0.32982456
  5.13333333 -0.57065475]",2218.5306856632233
0.11250400000000002,[-0.8797128],"[ 0.10350877  5.3         0.32105263  5.26666667 -1.39926994  0.10701754
  5.46666667  0.3245614   5.13333333 -1.27877712  0.11052632  5.4
  0.32982456  5.13333333 -0.57065475  0.11403509  5.33333333  0.33859649
  5.13333333 -1.87971282]",2218.610858440399
0.150884,[-0.36805007],"[ 0.10701754  5.46666667  0.3245614   5.13333333 -1.27877712  0.11052632
  5.4         0.32982456  5.13333333 -0.57065475  0.11403509  5.33333333
  0.33859649  5.13333333 -1.87971282  0.14385965  5.46666667  0.34561404
  5.         -1.3680501 ]",2218.6849212646484
0.145912,[-0.1682052],"[ 0.11052632  5.4         0.32982456  5.13333333 -0.57065475  0.11403509
  5.33333333  0.33859649  5.13333333 -1.87971282  0.14385965  5.46666667
  0.34561404  5.         -1.3680501   0.14561404  5.33333333  0.35263158
  5.1        -1.16820526]",2218.7708871364594
0.145932,[0.22159229],"[ 0.11403509  5.33333333  0.33859649  5.13333333 -1.87971282  0.14385965
  5.46666667  0.34561404  5.         -1.3680501   0.14561404  5.33333333
  0.35263158  5.1        -1.16820526  0.14912281  5.26666667  0.35789474
  5.06666667 -0.77840769]",2218.8453052043915
0.14838800000000002,[0.6278622],"[ 0.14385965  5.46666667  0.34561404  5.         -1.3680501   0.14561404
  5.33333333  0.35263158  5.1        -1.16820526  0.14912281  5.26666667
  0.35789474  5.06666667 -0.77840769  0.15263158  5.33333333  0.36491228
  4.96666667 -0.37213778]",2218.9310195446014
0.150884,[0.2693068],"[ 0.14561404  5.33333333  0.35263158  5.1        -1.16820526  0.14912281
  5.26666667  0.35789474  5.06666667 -0.77840769  0.15263158  5.33333333
  0.36491228  4.96666667 -0.37213778  0.15789474  5.4         0.36842105
  4.86666667 -0.73069322]",2219.008143424988
0.150844,[0.58925134],"[ 0.14912281  5.26666667  0.35789474  5.06666667 -0.77840769  0.15263158
  5.33333333  0.36491228  4.96666667 -0.37213778  0.15789474  5.4
  0.36842105  4.86666667 -0.73069322  0.16140351  5.4         0.37368421
  4.8        -0.41074866]",2219.0907566547394
0.150924,[-0.71728194],"[ 0.15263158  5.33333333  0.36491228  4.96666667 -0.37213778  0.15789474
  5.4         0.36842105  4.86666667 -0.73069322  0.16140351  5.4
  0.37368421  4.8        -0.41074866  0.16491228  5.36666667  0.37719298
  4.73333333 -1.71728194]",2219.1745734214783
0.15348,[-0.7985611],"[ 0.15789474  5.4         0.36842105  4.86666667 -0.73069322  0.16140351
  5.4         0.37368421  4.8        -0.41074866  0.16491228  5.36666667
  0.37719298  4.73333333 -1.71728194  0.17017544  5.36666667  0.38070175
  4.63333333 -1.7985611 ]",2219.2510142326355
0.151124,[-0.64658654],"[ 0.16140351  5.4         0.37368421  4.8        -0.41074866  0.16491228
  5.36666667  0.37719298  4.73333333 -1.71728194  0.17017544  5.36666667
  0.38070175  4.63333333 -1.7985611   0.17368421  5.16666667  0.38596491
  4.8        -1.64658654]",2219.3255412578583
0.151164,[-0.5129222],"[ 0.16491228  5.36666667  0.37719298  4.73333333 -1.71728194  0.17017544
  5.36666667  0.38070175  4.63333333 -1.7985611   0.17368421  5.16666667
  0.38596491  4.8        -1.64658654  0.17719298  5.06666667  0.39122807
  4.96666667 -1.51292229]",2219.404781103134
0.156176,[-0.05305804],"[ 0.17017544  5.36666667  0.38070175  4.63333333 -1.7985611   0.17368421
  5.16666667  0.38596491  4.8        -1.64658654  0.17719298  5.06666667
  0.39122807  4.96666667 -1.51292229  0.18245614  5.06666667  0.39649123
  5.         -1.05305803]",2219.4938547611237
0.156116,[0.45032197],"[ 0.17368421  5.16666667  0.38596491  4.8        -1.64658654  0.17719298
  5.06666667  0.39122807  4.96666667 -1.51292229  0.18245614  5.06666667
  0.39649123  5.         -1.05305803  0.1877193   5.06666667  0.40175439
  4.96666667 -0.54967803]",2219.564705133438
0.15609600000000004,[0.10162932],"[ 0.17719298  5.06666667  0.39122807  4.96666667 -1.51292229  0.18245614
  5.06666667  0.39649123  5.         -1.05305803  0.1877193   5.06666667
  0.40175439  4.96666667 -0.54967803  0.19298246  5.1         0.40701754
  4.83333333 -0.89837068]",2219.6508655548096
0.15867200000000004,[-0.7625834],"[ 0.18245614  5.06666667  0.39649123  5.         -1.05305803  0.1877193
  5.06666667  0.40175439  4.96666667 -0.54967803  0.19298246  5.1
  0.40701754  4.83333333 -0.89837068  0.2         5.1         0.41403509
  4.73333333 -1.76258337]",2219.725916862488
0.15114399999999997,[-0.28774643],"[ 0.1877193   5.06666667  0.40175439  4.96666667 -0.54967803  0.19298246
  5.1         0.40701754  4.83333333 -0.89837068  0.2         5.1
  0.41403509  4.73333333 -1.76258337  0.20175439  5.          0.41754386
  4.8        -1.28774643]",2219.8048663139343
0.156256,[-0.8303981],"[ 0.19298246  5.1         0.40701754  4.83333333 -0.89837068  0.2
  5.1         0.41403509  4.73333333 -1.76258337  0.20175439  5.
  0.41754386  4.8        -1.28774643  0.20701754  4.86666667  0.42105263
  4.93333333 -1.83039808]",2219.8881232738495
0.156176,[0.4030604],"[ 0.2         5.1         0.41403509  4.73333333 -1.76258337  0.20175439
  5.          0.41754386  4.8        -1.28774643  0.20701754  4.86666667
  0.42105263  4.93333333 -1.83039808  0.21052632  4.86666667  0.4245614
  4.96666667 -0.59693956]",2219.966084241867
0.15633600000000003,[0.04523059],"[ 0.20175439  5.          0.41754386  4.8        -1.28774643  0.20701754
  4.86666667  0.42105263  4.93333333 -1.83039808  0.21052632  4.86666667
  0.4245614   4.96666667 -0.59693956  0.21403509  4.76666667  0.42807018
  5.06666667 -0.95476943]",2220.0454823970795
0.15625599999999995,[-0.44232097],"[ 0.20701754  4.86666667  0.42105263  4.93333333 -1.83039808  0.21052632
  4.86666667  0.4245614   4.96666667 -0.59693956  0.21403509  4.76666667
  0.42807018  5.06666667 -0.95476943  0.21754386  4.83333333  0.43333333
  5.03333333 -1.44232094]",2220.1247794628143
0.15871200000000002,[0.8159995],"[ 0.21052632  4.86666667  0.4245614   4.96666667 -0.59693956  0.21403509
  4.76666667  0.42807018  5.06666667 -0.95476943  0.21754386  4.83333333
  0.43333333  5.03333333 -1.44232094  0.22280702  4.93333333  0.43684211
  4.93333333 -0.18400049]",2220.2173640727997
0.123068,[-0.5016362],"[ 0.21403509  4.76666667  0.42807018  5.06666667 -0.95476943  0.21754386
  4.83333333  0.43333333  5.03333333 -1.44232094  0.22280702  4.93333333
  0.43684211  4.93333333 -0.18400049  0.22807018  4.83333333  0.44385965
  5.03333333 -1.50163627]",2220.2849085330963
0.130696,[-0.27599314],"[ 0.21754386  4.83333333  0.43333333  5.03333333 -1.44232094  0.22280702
  4.93333333  0.43684211  4.93333333 -0.18400049  0.22807018  4.83333333
  0.44385965  5.03333333 -1.50163627  0.23508772  4.76666667  0.44912281
  5.06666667 -1.27599311]",2220.3690326213837
0.13063599999999995,[0.9276897],"[ 0.22280702  4.93333333  0.43684211  4.93333333 -0.18400049  0.22807018
  4.83333333  0.44385965  5.03333333 -1.50163627  0.23508772  4.76666667
  0.44912281  5.06666667 -1.27599311  0.23859649  4.8         0.45438596
  5.1        -0.07231033]",2220.4450023174286
0.13063600000000003,[-0.2800001],"[ 0.22807018  4.83333333  0.44385965  5.03333333 -1.50163627  0.23508772
  4.76666667  0.44912281  5.06666667 -1.27599311  0.23859649  4.8
  0.45438596  5.1        -0.07231033  0.24210526  4.86666667  0.45789474
  5.06666667 -1.28000009]",2220.5311150550842
0.128,[-0.00867256],"[ 0.23508772  4.76666667  0.44912281  5.06666667 -1.27599311  0.23859649
  4.8         0.45438596  5.1        -0.07231033  0.24210526  4.86666667
  0.45789474  5.06666667 -1.28000009  0.24561404  5.06666667  0.46140351
  4.86666667 -1.0086726 ]",2220.6047978401184
0.12548399999999998,[-0.937317],"[ 0.23859649  4.8         0.45438596  5.1        -0.07231033  0.24210526
  4.86666667  0.45789474  5.06666667 -1.28000009  0.24561404  5.06666667
  0.46140351  4.86666667 -1.0086726   0.24736842  5.          0.46140351
  4.8        -1.93731701]",2220.690733909607
0.12296799999999997,[0.54441726],"[ 0.24210526  4.86666667  0.45789474  5.06666667 -1.28000009  0.24561404
  5.06666667  0.46140351  4.86666667 -1.0086726   0.24736842  5.
  0.46140351  4.8        -1.93731701  0.24912281  4.9         0.46140351
  4.9        -0.45558274]",2220.774575471878
0.12300799999999996,[-0.64058006],"[ 0.24561404  5.06666667  0.46140351  4.86666667 -1.0086726   0.24736842
  5.          0.46140351  4.8        -1.93731701  0.24912281  4.9
  0.46140351  4.9        -0.45558274  0.25438596  4.83333333  0.46842105
  5.03333333 -1.64058006]",2220.85329413414
0.12791999999999998,[-0.7803623],"[ 0.24736842  5.          0.46140351  4.8        -1.93731701  0.24912281
  4.9         0.46140351  4.9        -0.45558274  0.25438596  4.83333333
  0.46842105  5.03333333 -1.64058006  0.26140351  4.96666667  0.4754386
  5.         -1.78036237]",2220.9307429790497
0.13301199999999996,[-0.3276431],"[ 0.24912281  4.9         0.46140351  4.9        -0.45558274  0.25438596
  4.83333333  0.46842105  5.03333333 -1.64058006  0.26140351  4.96666667
  0.4754386   5.         -1.78036237  0.26842105  4.9         0.48245614
  5.1        -1.32764316]",2221.0123715400696
0.133052,[-0.39284953],"[ 0.25438596  4.83333333  0.46842105  5.03333333 -1.64058006  0.26140351
  4.96666667  0.4754386   5.         -1.78036237  0.26842105  4.9
  0.48245614  5.1        -1.32764316  0.27368421  4.83333333  0.48947368
  5.16666667 -1.39284956]",2221.0851294994354
0.138144,[0.62623715],"[ 0.26140351  4.96666667  0.4754386   5.         -1.78036237  0.26842105
  4.9         0.48245614  5.1        -1.32764316  0.27368421  4.83333333
  0.48947368  5.16666667 -1.39284956  0.28245614  4.86666667  0.49824561
  5.1        -0.37376285]",2221.170492172241
0.1407,[0.49430993],"[ 0.26842105  4.9         0.48245614  5.1        -1.32764316  0.27368421
  4.83333333  0.48947368  5.16666667 -1.39284956  0.28245614  4.86666667
  0.49824561  5.1        -0.37376285  0.28947368  4.9         0.50350877
  5.03333333 -0.5056901 ]",2221.2511823177338
0.138044,[-0.7868862],"[ 0.27368421  4.83333333  0.48947368  5.16666667 -1.39284956  0.28245614
  4.86666667  0.49824561  5.1        -0.37376285  0.28947368  4.9
  0.50350877  5.03333333 -0.5056901   0.29473684  5.06666667  0.51052632
  4.83333333 -1.78688622]",2221.3312842845917
0.13540800000000003,[-0.8752361],"[ 0.28245614  4.86666667  0.49824561  5.1        -0.37376285  0.28947368
  4.9         0.50350877  5.03333333 -0.5056901   0.29473684  5.06666667
  0.51052632  4.83333333 -1.78688622  0.29473684  5.1         0.51052632
  4.83333333 -1.87523603]",2221.410867214203
0.12778,[-0.9094832],"[ 0.28947368  4.9         0.50350877  5.03333333 -0.5056901   0.29473684
  5.06666667  0.51052632  4.83333333 -1.78688622  0.29473684  5.1
  0.51052632  4.83333333 -1.87523603  0.29473684  4.9         0.50877193
  5.03333333 -1.90948319]",2221.4919550418854
0.12785999999999997,[0.8994899],"[ 0.29473684  5.06666667  0.51052632  4.83333333 -1.78688622  0.29473684
  5.1         0.51052632  4.83333333 -1.87523603  0.29473684  4.9
  0.50877193  5.03333333 -1.90948319  0.29824561  4.76666667  0.51052632
  5.2        -0.10051012]",2221.564914226532
0.13291199999999997,[-0.3120785],"[ 0.29473684  5.1         0.51052632  4.83333333 -1.87523603  0.29473684
  4.9         0.50877193  5.03333333 -1.90948319  0.29824561  4.76666667
  0.51052632  5.2        -0.10051012  0.30526316  4.76666667  0.51929825
  5.2        -1.31207848]",2221.651161670685
0.14052000000000003,[0.21559098],"[ 0.29473684  4.9         0.50877193  5.03333333 -1.90948319  0.29824561
  4.76666667  0.51052632  5.2        -0.10051012  0.30526316  4.76666667
  0.51929825  5.2        -1.31207848  0.31403509  4.93333333  0.52807018
  5.1        -0.78440905]",2221.7307562828064
0.145692,[-0.0302584],"[ 0.29824561  4.76666667  0.51052632  5.2        -0.10051012  0.30526316
  4.76666667  0.51929825  5.2        -1.31207848  0.31403509  4.93333333
  0.52807018  5.1        -0.78440905  0.32280702  4.93333333  0.53684211
  5.13333333 -1.03025842]",2221.810796737671
0.14563199999999998,[0.3898175],"[ 0.30526316  4.76666667  0.51929825  5.2        -1.31207848  0.31403509
  4.93333333  0.52807018  5.1        -0.78440905  0.32280702  4.93333333
  0.53684211  5.13333333 -1.03025842  0.32807018  4.93333333  0.54385965
  5.1        -0.61018252]",2221.8908925056458
0.143036,[-0.19364265],"[ 0.31403509  4.93333333  0.52807018  5.1        -0.78440905  0.32280702
  4.93333333  0.53684211  5.13333333 -1.03025842  0.32807018  4.93333333
  0.54385965  5.1        -0.61018252  0.33333333  4.93333333  0.54912281
  5.06666667 -1.19364262]",2221.9720742702484
0.14816800000000002,[-0.676458],"[ 0.32280702  4.93333333  0.53684211  5.13333333 -1.03025842  0.32807018
  4.93333333  0.54385965  5.1        -0.61018252  0.33333333  4.93333333
  0.54912281  5.06666667 -1.19364262  0.34035088  4.93333333  0.55263158
  5.03333333 -1.676458  ]",2222.0509989261627
0.14313599999999999,[0.30438265],"[ 0.32807018  4.93333333  0.54385965  5.1        -0.61018252  0.33333333
  4.93333333  0.54912281  5.06666667 -1.19364262  0.34035088  4.93333333
  0.55263158  5.03333333 -1.676458    0.34035088  4.86666667  0.55438596
  5.2        -0.69561732]",2222.1313955783844
0.138144,[0.48990658],"[ 0.33333333  4.93333333  0.54912281  5.06666667 -1.19364262  0.34035088
  4.93333333  0.55263158  5.03333333 -1.676458    0.34035088  4.86666667
  0.55438596  5.2        -0.69561732  0.34035088  4.86666667  0.55263158
  5.33333333 -0.51009345]",2222.210867166519
0.13800400000000002,[-0.38554522],"[ 0.34035088  4.93333333  0.55263158  5.03333333 -1.676458    0.34035088
  4.86666667  0.55438596  5.2        -0.69561732  0.34035088  4.86666667
  0.55263158  5.33333333 -0.51009345  0.34210526  5.03333333  0.55614035
  5.16666667 -1.38554525]",2222.294975042343
0.14301600000000003,[-0.43346986],"[ 0.34035088  4.86666667  0.55438596  5.2        -0.69561732  0.34035088
  4.86666667  0.55263158  5.33333333 -0.51009345  0.34210526  5.03333333
  0.55614035  5.16666667 -1.38554525  0.34736842  5.1         0.56315789
  5.06666667 -1.43346989]",2222.371225118637
0.14816800000000002,[-0.20856717],"[ 0.34035088  4.86666667  0.55263158  5.33333333 -0.51009345  0.34210526
  5.03333333  0.55614035  5.16666667 -1.38554525  0.34736842  5.1
  0.56315789  5.06666667 -1.43346989  0.35614035  4.96666667  0.57017544
  5.16666667 -1.20856714]",2222.4516048431396
0.14822800000000003,[0.60667276],"[ 0.34210526  5.03333333  0.55614035  5.16666667 -1.38554525  0.34736842
  5.1         0.56315789  5.06666667 -1.43346989  0.35614035  4.96666667
  0.57017544  5.16666667 -1.20856714  0.36315789  5.          0.57894737
  5.26666667 -0.39332724]",2222.5313642024994
0.15322000000000008,[-0.9785337],"[ 0.34736842  5.1         0.56315789  5.06666667 -1.43346989  0.35614035
  4.96666667  0.57017544  5.16666667 -1.20856714  0.36315789  5.
  0.57894737  5.26666667 -0.39332724  0.37368421  5.13333333  0.5877193
  5.23333333 -1.97853374]",2222.6111781597137
0.15314,[-0.2868896],"[ 0.35614035  4.96666667  0.57017544  5.16666667 -1.20856714  0.36315789
  5.          0.57894737  5.26666667 -0.39332724  0.37368421  5.13333333
  0.5877193   5.23333333 -1.97853374  0.37894737  5.2         0.59473684
  5.1        -1.28688955]",2222.6911034584045
0.14557199999999998,[0.45178756],"[ 0.36315789  5.          0.57894737  5.26666667 -0.39332724  0.37368421
  5.13333333  0.5877193   5.23333333 -1.97853374  0.37894737  5.2
  0.59473684  5.1        -1.28688955  0.38245614  5.06666667  0.59824561
  5.23333333 -0.54821241]",2222.7711868286133
0.14045999999999997,[0.43121046],"[ 0.37368421  5.13333333  0.5877193   5.23333333 -1.97853374  0.37894737
  5.2         0.59473684  5.1        -1.28688955  0.38245614  5.06666667
  0.59824561  5.23333333 -0.54821241  0.38596491  5.1         0.6
  5.23333333 -0.56878954]",2222.8510358333588
0.14048,[0.3860462],"[ 0.37894737  5.2         0.59473684  5.1        -1.28688955  0.38245614
  5.06666667  0.59824561  5.23333333 -0.54821241  0.38596491  5.1
  0.6         5.23333333 -0.56878954  0.39122807  5.23333333  0.60526316
  5.1        -0.61395383]",2222.9308557510376
0.14812799999999998,[-0.45086002],"[ 0.38245614  5.06666667  0.59824561  5.23333333 -0.54821241  0.38596491
  5.1         0.6         5.23333333 -0.56878954  0.39122807  5.23333333
  0.60526316  5.1        -0.61395383  0.39649123  5.3         0.61052632
  5.03333333 -1.45086002]",2223.011543750763
0.158252,[-0.9969861],"[ 0.38596491  5.1         0.6         5.23333333 -0.56878954  0.39122807
  5.23333333  0.60526316  5.1        -0.61395383  0.39649123  5.3
  0.61052632  5.03333333 -1.45086002  0.40350877  5.26666667  0.61578947
  5.03333333 -1.99698615]",2223.0852160453796
0.158252,[-0.08033027],"[ 0.39122807  5.23333333  0.60526316  5.1        -0.61395383  0.39649123
  5.3         0.61052632  5.03333333 -1.45086002  0.40350877  5.26666667
  0.61578947  5.03333333 -1.99698615  0.40701754  5.13333333  0.62280702
  5.2        -1.08033025]",2223.1710011959076
0.15827200000000002,[0.7055365],"[ 0.39649123  5.3         0.61052632  5.03333333 -1.45086002  0.40350877
  5.26666667  0.61578947  5.03333333 -1.99698615  0.40701754  5.13333333
  0.62280702  5.2        -1.08033025  0.41403509  5.1         0.62807018
  5.3        -0.29446352]",2223.2507400512695
0.15567599999999998,[-0.6567277],"[ 0.40350877  5.26666667  0.61578947  5.03333333 -1.99698615  0.40701754
  5.13333333  0.62280702  5.2        -1.08033025  0.41403509  5.1
  0.62807018  5.3        -0.29446352  0.42105263  5.33333333  0.63508772
  5.1        -1.65672767]",2223.3321084976196
0.15559600000000007,[-0.8465188],"[ 0.40701754  5.13333333  0.62280702  5.2        -1.08033025  0.41403509
  5.1         0.62807018  5.3        -0.29446352  0.42105263  5.33333333
  0.63508772  5.1        -1.65672767  0.42982456  5.46666667  0.64035088
  4.9        -1.84651875]",2223.4113545417786
