reward,action,obs,time
,,"[ 0.00000000e+00  0.00000000e+00  0.00000000e+00  0.00000000e+00
  0.00000000e+00  0.00000000e+00  0.00000000e+00  0.00000000e+00
  0.00000000e+00  0.00000000e+00  0.00000000e+00  0.00000000e+00
  0.00000000e+00  0.00000000e+00  0.00000000e+00 -1.75438596e-03
  3.30000000e+00 -1.75438596e-03  3.30000000e+00  0.00000000e+00]",22.58684802055359
0.0,[0.9220694],"[ 0.00000000e+00  0.00000000e+00  0.00000000e+00  0.00000000e+00
  0.00000000e+00  0.00000000e+00  0.00000000e+00  0.00000000e+00
  0.00000000e+00  0.00000000e+00 -1.75438596e-03  3.30000000e+00
 -1.75438596e-03  3.30000000e+00  0.00000000e+00 -1.75438596e-03
  3.30000000e+00 -1.75438596e-03  3.30000000e+00 -7.79306293e-02]",22.734403133392334
