reward,action,obs,time
,,"[0.         0.         0.         0.         0.         0.
 0.         0.         0.         0.         0.         0.
 0.         0.         0.         0.03333333 4.8        0.24385965
 5.76666667 0.        ]",40.184531450271606
0.0025479999999999947,[-0.32579958],"[ 0.          0.          0.          0.          0.          0.
  0.          0.          0.          0.          0.03333333  4.8
  0.24385965  5.76666667  0.          0.03508772  4.86666667  0.24561404
  5.7        -1.32579958]",40.343968868255615
0.0025479999999999947,[-0.43686026],"[ 0.          0.          0.          0.          0.          0.03333333
  4.8         0.24385965  5.76666667  0.          0.03508772  4.86666667
  0.24561404  5.7        -1.32579958  0.03508772  4.86666667  0.24561404
  5.66666667 -1.43686032]",40.389837980270386
-0.0026560000000000056,[-0.8669869],"[ 0.03333333  4.8         0.24385965  5.76666667  0.          0.03508772
  4.86666667  0.24561404  5.7        -1.32579958  0.03508772  4.86666667
  0.24561404  5.66666667 -1.43686032  0.03157895  5.63333333  0.24561404
  5.46666667 -1.86698687]",40.44611144065857
-0.0026560000000000056,[-0.7453571],"[ 0.03508772  4.86666667  0.24561404  5.7        -1.32579958  0.03508772
  4.86666667  0.24561404  5.66666667 -1.43686032  0.03157895  5.63333333
  0.24561404  5.46666667 -1.86698687  0.03157895  5.63333333  0.24561404
  5.46666667 -1.74535704]",40.495980978012085
-0.0026560000000000056,[-0.7903002],"[ 0.03508772  4.86666667  0.24561404  5.66666667 -1.43686032  0.03157895
  5.63333333  0.24561404  5.46666667 -1.86698687  0.03157895  5.63333333
  0.24561404  5.46666667 -1.74535704  0.03157895  5.63333333  0.24561404
  5.46666667 -1.79030013]",40.546685457229614
-0.0026400000000000035,[-0.7634864],"[ 0.03157895  5.63333333  0.24561404  5.46666667 -1.86698687  0.03157895
  5.63333333  0.24561404  5.46666667 -1.74535704  0.03157895  5.63333333
  0.24561404  5.46666667 -1.79030013  0.03157895  5.5         0.24736842
  5.6        -1.76348639]",40.59674406051636
-6.800000000000556e-05,[-0.7456428],"[ 0.03157895  5.63333333  0.24561404  5.46666667 -1.74535704  0.03157895
  5.63333333  0.24561404  5.46666667 -1.79030013  0.03157895  5.5
  0.24736842  5.6        -1.76348639  0.03333333  5.36666667  0.24736842
  5.7        -1.74564278]",40.647151470184326
-6.800000000000556e-05,[-0.7866897],"[ 0.03157895  5.63333333  0.24561404  5.46666667 -1.79030013  0.03157895
  5.5         0.24736842  5.6        -1.76348639  0.03333333  5.36666667
  0.24736842  5.7        -1.74564278  0.03333333  5.36666667  0.24736842
  5.7        -1.78668976]",40.69750738143921
-6.400000000000156e-05,[-0.7934823],"[ 0.03157895  5.5         0.24736842  5.6        -1.76348639  0.03333333
  5.36666667  0.24736842  5.7        -1.74564278  0.03333333  5.36666667
  0.24736842  5.7        -1.78668976  0.03333333  5.33333333  0.24736842
  5.73333333 -1.7934823 ]",40.77452754974365
0.0024959999999999982,[-0.7692853],"[ 0.03333333  5.36666667  0.24736842  5.7        -1.74564278  0.03333333
  5.36666667  0.24736842  5.7        -1.78668976  0.03333333  5.33333333
  0.24736842  5.73333333 -1.7934823   0.03508772  5.3         0.24912281
  5.76666667 -1.76928532]",40.85502338409424
0.005051999999999994,[-0.7805657],"[ 0.03333333  5.36666667  0.24736842  5.7        -1.78668976  0.03333333
  5.33333333  0.24736842  5.73333333 -1.7934823   0.03508772  5.3
  0.24912281  5.76666667 -1.76928532  0.03684211  5.3         0.24912281
  5.83333333 -1.78056574]",40.931737184524536
0.005051999999999994,[-0.8293693],"[ 0.03333333  5.33333333  0.24736842  5.73333333 -1.7934823   0.03508772
  5.3         0.24912281  5.76666667 -1.76928532  0.03684211  5.3
  0.24912281  5.83333333 -1.78056574  0.03684211  5.3         0.24912281
  5.86666667 -1.82936931]",41.0145788192749
0.005051999999999994,[-0.71163577],"[ 0.03508772  5.3         0.24912281  5.76666667 -1.76928532  0.03684211
  5.3         0.24912281  5.83333333 -1.78056574  0.03684211  5.3
  0.24912281  5.86666667 -1.82936931  0.03684211  5.3         0.25087719
  5.9        -1.71163583]",41.094374656677246
0.005051999999999994,[-0.711046],"[ 0.03684211  5.3         0.24912281  5.83333333 -1.78056574  0.03684211
  5.3         0.24912281  5.86666667 -1.82936931  0.03684211  5.3
  0.25087719  5.9        -1.71163583  0.03684211  5.3         0.25087719
  5.93333333 -1.71104598]",41.17453956604004
0.005055999999999998,[-0.6899592],"[ 0.03684211  5.3         0.24912281  5.86666667 -1.82936931  0.03684211
  5.3         0.25087719  5.9        -1.71163583  0.03684211  5.3
  0.25087719  5.93333333 -1.71104598  0.03684211  5.26666667  0.25087719
  5.96666667 -1.68995929]",41.24953007698059
0.007611999999999994,[-0.7584875],"[ 0.03684211  5.3         0.25087719  5.9        -1.71163583  0.03684211
  5.3         0.25087719  5.93333333 -1.71104598  0.03684211  5.26666667
  0.25087719  5.96666667 -1.68995929  0.03859649  5.26666667  0.25087719
  6.         -1.75848746]",41.33607625961304
0.007615999999999998,[-0.80261093],"[ 0.03684211  5.3         0.25087719  5.93333333 -1.71104598  0.03684211
  5.26666667  0.25087719  5.96666667 -1.68995929  0.03859649  5.26666667
  0.25087719  6.         -1.75848746  0.03859649  5.23333333  0.25087719
  6.         -1.80261087]",41.41472792625427
0.007623999999999999,[-0.7466441],"[ 0.03684211  5.26666667  0.25087719  5.96666667 -1.68995929  0.03859649
  5.26666667  0.25087719  6.         -1.75848746  0.03859649  5.23333333
  0.25087719  6.         -1.80261087  0.03859649  5.16666667  0.24912281
  6.03333333 -1.74664402]",41.49736928939819
0.007623999999999999,[-0.76010877],"[ 0.03859649  5.26666667  0.25087719  6.         -1.75848746  0.03859649
  5.23333333  0.25087719  6.         -1.80261087  0.03859649  5.16666667
  0.24912281  6.03333333 -1.74664402  0.03859649  5.16666667  0.24912281
  6.06666667 -1.76010871]",41.57288408279419
0.007627999999999996,[-0.80605906],"[ 0.03859649  5.23333333  0.25087719  6.         -1.80261087  0.03859649
  5.16666667  0.24912281  6.03333333 -1.74664402  0.03859649  5.16666667
  0.24912281  6.06666667 -1.76010871  0.03859649  5.13333333  0.24912281
  6.06666667 -1.80605912]",41.653862953186035
0.005084000000000005,[-0.62113965],"[ 0.03859649  5.16666667  0.24912281  6.03333333 -1.74664402  0.03859649
  5.16666667  0.24912281  6.06666667 -1.76010871  0.03859649  5.13333333
  0.24912281  6.06666667 -1.80605912  0.03859649  5.1         0.24912281
  6.1        -1.62113965]",41.744136095047
0.007636000000000004,[-0.74630433],"[ 0.03859649  5.16666667  0.24912281  6.06666667 -1.76010871  0.03859649
  5.13333333  0.24912281  6.06666667 -1.80605912  0.03859649  5.1
  0.24912281  6.1        -1.62113965  0.04035088  5.13333333  0.25087719
  6.1        -1.74630427]",41.81753134727478
0.012840000000000004,[-0.7210394],"[ 0.03859649  5.13333333  0.24912281  6.06666667 -1.80605912  0.03859649
  5.1         0.24912281  6.1        -1.62113965  0.04035088  5.13333333
  0.25087719  6.1        -1.74630427  0.04035088  5.13333333  0.25087719
  6.1        -1.72103941]",41.89174842834473
0.015400000000000002,[-0.700858],"[ 0.03859649  5.1         0.24912281  6.1        -1.62113965  0.04035088
  5.13333333  0.25087719  6.1        -1.74630427  0.04035088  5.13333333
  0.25087719  6.1        -1.72103941  0.04210526  5.1         0.25087719
  6.13333333 -1.700858  ]",41.97808599472046
0.015400000000000002,[-0.5689759],"[ 0.04035088  5.13333333  0.25087719  6.1        -1.74630427  0.04035088
  5.13333333  0.25087719  6.1        -1.72103941  0.04210526  5.1
  0.25087719  6.13333333 -1.700858    0.04210526  5.1         0.25087719
  6.13333333 -1.56897593]",42.05815768241882
0.012828,[-0.79495007],"[ 0.04035088  5.13333333  0.25087719  6.1        -1.72103941  0.04210526
  5.1         0.25087719  6.13333333 -1.700858    0.04210526  5.1
  0.25087719  6.13333333 -1.56897593  0.04035088  5.1         0.25087719
  6.13333333 -1.79495001]",42.13803243637085
0.010256000000000001,[-0.69178045],"[ 0.04210526  5.1         0.25087719  6.13333333 -1.700858    0.04210526
  5.1         0.25087719  6.13333333 -1.56897593  0.04035088  5.1
  0.25087719  6.13333333 -1.79495001  0.04035088  5.1         0.24912281
  6.13333333 -1.69178045]",42.21857213973999
0.012816,[-0.72019243],"[ 0.04210526  5.1         0.25087719  6.13333333 -1.56897593  0.04035088
  5.1         0.25087719  6.13333333 -1.79495001  0.04035088  5.1
  0.24912281  6.13333333 -1.69178045  0.04210526  5.06666667  0.25087719
  6.16666667 -1.72019243]",42.29805111885071
0.012811999999999995,[-0.82141256],"[ 0.04035088  5.1         0.25087719  6.13333333 -1.79495001  0.04035088
  5.1         0.24912281  6.13333333 -1.69178045  0.04210526  5.06666667
  0.25087719  6.16666667 -1.72019243  0.04210526  5.06666667  0.25087719
  6.13333333 -1.82141256]",42.38015270233154
0.010256000000000001,[-0.6205753],"[ 0.04035088  5.1         0.24912281  6.13333333 -1.69178045  0.04210526
  5.06666667  0.25087719  6.16666667 -1.72019243  0.04210526  5.06666667
  0.25087719  6.13333333 -1.82141256  0.04210526  5.03333333  0.24912281
  6.16666667 -1.62057531]",42.458526372909546
0.0077040000000000025,[-0.8551122],"[ 0.04210526  5.06666667  0.25087719  6.16666667 -1.72019243  0.04210526
  5.06666667  0.25087719  6.13333333 -1.82141256  0.04210526  5.03333333
  0.24912281  6.16666667 -1.62057531  0.04210526  5.          0.24912281
  6.13333333 -1.8551122 ]",42.53866410255432
0.005144000000000003,[-0.63419116],"[ 0.04210526  5.06666667  0.25087719  6.13333333 -1.82141256  0.04210526
  5.03333333  0.24912281  6.16666667 -1.62057531  0.04210526  5.
  0.24912281  6.13333333 -1.8551122   0.04035088  5.03333333  0.24912281
  6.13333333 -1.63419116]",42.62145924568176
0.0077080000000000065,[-0.7890666],"[ 0.04210526  5.03333333  0.24912281  6.16666667 -1.62057531  0.04210526
  5.          0.24912281  6.13333333 -1.8551122   0.04035088  5.03333333
  0.24912281  6.13333333 -1.63419116  0.04210526  4.96666667  0.24912281
  6.16666667 -1.78906655]",42.698387145996094
0.005152000000000004,[-0.7428787],"[ 0.04210526  5.          0.24912281  6.13333333 -1.8551122   0.04035088
  5.03333333  0.24912281  6.13333333 -1.63419116  0.04210526  4.96666667
  0.24912281  6.16666667 -1.78906655  0.04035088  4.96666667  0.24912281
  6.13333333 -1.74287868]",42.781882762908936
0.005151999999999997,[-0.76247996],"[ 0.04035088  5.03333333  0.24912281  6.13333333 -1.63419116  0.04210526
  4.96666667  0.24912281  6.16666667 -1.78906655  0.04035088  4.96666667
  0.24912281  6.13333333 -1.74287868  0.04035088  4.93333333  0.24736842
  6.13333333 -1.76248002]",42.858234167099
0.002596000000000001,[-0.7218262],"[ 0.04210526  4.96666667  0.24912281  6.16666667 -1.78906655  0.04035088
  4.96666667  0.24912281  6.13333333 -1.74287868  0.04035088  4.93333333
  0.24736842  6.13333333 -1.76248002  0.04035088  4.93333333  0.24736842
  6.13333333 -1.7218262 ]",42.93628168106079
0.002591999999999997,[-0.76354194],"[ 0.04035088  4.96666667  0.24912281  6.13333333 -1.74287868  0.04035088
  4.93333333  0.24736842  6.13333333 -1.76248002  0.04035088  4.93333333
  0.24736842  6.13333333 -1.7218262   0.04035088  4.93333333  0.24736842
  6.13333333 -1.76354194]",43.014509201049805
0.002588,[-0.55610824],"[ 0.04035088  4.93333333  0.24736842  6.13333333 -1.76248002  0.04035088
  4.93333333  0.24736842  6.13333333 -1.7218262   0.04035088  4.93333333
  0.24736842  6.13333333 -1.76354194  0.04035088  4.9         0.24736842
  6.13333333 -1.55610824]",43.09235715866089
3.199999999999731e-05,[-0.7582153],"[ 0.04035088  4.93333333  0.24736842  6.13333333 -1.7218262   0.04035088
  4.93333333  0.24736842  6.13333333 -1.76354194  0.04035088  4.9
  0.24736842  6.13333333 -1.55610824  0.03859649  4.9         0.24736842
  6.1        -1.75821531]",43.178107500076294
2.8000000000000247e-05,[-0.7659208],"[ 0.04035088  4.93333333  0.24736842  6.13333333 -1.76354194  0.04035088
  4.9         0.24736842  6.13333333 -1.55610824  0.03859649  4.9
  0.24736842  6.1        -1.75821531  0.03859649  4.9         0.24561404
  6.1        -1.76592088]",43.26023983955383
2.8000000000000247e-05,[-0.78391635],"[ 0.04035088  4.9         0.24736842  6.13333333 -1.55610824  0.03859649
  4.9         0.24736842  6.1        -1.75821531  0.03859649  4.9
  0.24561404  6.1        -1.76592088  0.03859649  4.86666667  0.24561404
  6.13333333 -1.78391635]",43.33772563934326
-0.0025239999999999985,[-0.84175473],"[ 0.03859649  4.9         0.24736842  6.1        -1.75821531  0.03859649
  4.9         0.24561404  6.1        -1.76592088  0.03859649  4.86666667
  0.24561404  6.13333333 -1.78391635  0.03859649  4.86666667  0.24561404
  6.1        -1.84175467]",43.41749310493469
-0.0025200000000000014,[-0.649793],"[ 0.03859649  4.9         0.24561404  6.1        -1.76592088  0.03859649
  4.86666667  0.24561404  6.13333333 -1.78391635  0.03859649  4.86666667
  0.24561404  6.1        -1.84175467  0.03859649  4.83333333  0.24561404
  6.13333333 -1.64979303]",43.49911284446716
-0.005080000000000001,[-0.6940253],"[ 0.03859649  4.86666667  0.24561404  6.13333333 -1.78391635  0.03859649
  4.86666667  0.24561404  6.1        -1.84175467  0.03859649  4.83333333
  0.24561404  6.13333333 -1.64979303  0.03859649  4.83333333  0.24561404
  6.1        -1.69402528]",43.57802367210388
-0.005080000000000001,[-0.8447754],"[ 0.03859649  4.86666667  0.24561404  6.1        -1.84175467  0.03859649
  4.83333333  0.24561404  6.13333333 -1.64979303  0.03859649  4.83333333
  0.24561404  6.1        -1.69402528  0.03859649  4.83333333  0.24385965
  6.06666667 -1.84477544]",43.6612548828125
-0.0025200000000000014,[-0.6916331],"[ 0.03859649  4.83333333  0.24561404  6.13333333 -1.64979303  0.03859649
  4.83333333  0.24561404  6.1        -1.69402528  0.03859649  4.83333333
  0.24385965  6.06666667 -1.84477544  0.03859649  4.8         0.24385965
  6.1        -1.69163311]",43.73813271522522
-0.0025200000000000014,[-0.7139095],"[ 0.03859649  4.83333333  0.24561404  6.1        -1.69402528  0.03859649
  4.83333333  0.24385965  6.06666667 -1.84477544  0.03859649  4.8
  0.24385965  6.1        -1.69163311  0.03859649  4.8         0.24385965
  6.1        -1.71390951]",43.81824469566345
-0.005083999999999998,[-0.7083211],"[ 0.03859649  4.83333333  0.24385965  6.06666667 -1.84477544  0.03859649
  4.8         0.24385965  6.1        -1.69163311  0.03859649  4.8
  0.24385965  6.1        -1.71390951  0.03859649  4.83333333  0.24385965
  6.1        -1.70832109]",43.891562700271606
-0.005080000000000001,[-0.614399],"[ 0.03859649  4.8         0.24385965  6.1        -1.69163311  0.03859649
  4.8         0.24385965  6.1        -1.71390951  0.03859649  4.83333333
  0.24385965  6.1        -1.70832109  0.03859649  4.8         0.24385965
  6.1        -1.61439896]",43.978161573410034
-0.005084000000000005,[-0.7081162],"[ 0.03859649  4.8         0.24385965  6.1        -1.71390951  0.03859649
  4.83333333  0.24385965  6.1        -1.70832109  0.03859649  4.8
  0.24385965  6.1        -1.61439896  0.03859649  4.8         0.24385965
  6.06666667 -1.70811617]",44.05839657783508
-0.005088000000000002,[-0.7696268],"[ 0.03859649  4.83333333  0.24385965  6.1        -1.70832109  0.03859649
  4.8         0.24385965  6.1        -1.61439896  0.03859649  4.8
  0.24385965  6.06666667 -1.70811617  0.03859649  4.8         0.24385965
  6.06666667 -1.76962686]",44.13823747634888
-0.0025239999999999985,[-0.793374],"[ 0.03859649  4.8         0.24385965  6.1        -1.61439896  0.03859649
  4.8         0.24385965  6.06666667 -1.70811617  0.03859649  4.8
  0.24385965  6.06666667 -1.76962686  0.03859649  4.76666667  0.24385965
  6.1        -1.79337406]",44.22023367881775
-0.005088000000000002,[-0.74838364],"[ 0.03859649  4.8         0.24385965  6.06666667 -1.70811617  0.03859649
  4.8         0.24385965  6.06666667 -1.76962686  0.03859649  4.76666667
  0.24385965  6.1        -1.79337406  0.03859649  4.76666667  0.24385965
  6.1        -1.74838364]",44.295724630355835
-0.0025280000000000025,[-0.71435297],"[ 0.03859649  4.8         0.24385965  6.06666667 -1.76962686  0.03859649
  4.76666667  0.24385965  6.1        -1.79337406  0.03859649  4.76666667
  0.24385965  6.1        -1.74838364  0.03859649  4.73333333  0.24385965
  6.1        -1.71435297]",44.378506660461426
-0.0025319999999999995,[-0.76621866],"[ 0.03859649  4.76666667  0.24385965  6.1        -1.79337406  0.03859649
  4.76666667  0.24385965  6.1        -1.74838364  0.03859649  4.73333333
  0.24385965  6.1        -1.71435297  0.03859649  4.73333333  0.24385965
  6.1        -1.76621866]",44.45790505409241
-0.0025319999999999995,[-0.7157375],"[ 0.03859649  4.76666667  0.24385965  6.1        -1.74838364  0.03859649
  4.73333333  0.24385965  6.1        -1.71435297  0.03859649  4.73333333
  0.24385965  6.1        -1.76621866  0.03859649  4.73333333  0.24210526
  6.1        -1.71573758]",44.541606187820435
-0.0025279999999999955,[-0.65997624],"[ 0.03859649  4.73333333  0.24385965  6.1        -1.71435297  0.03859649
  4.73333333  0.24385965  6.1        -1.76621866  0.03859649  4.73333333
  0.24210526  6.1        -1.71573758  0.03859649  4.7         0.24210526
  6.1        -1.65997624]",44.61820125579834
-0.0025360000000000035,[-0.72716415],"[ 0.03859649  4.73333333  0.24385965  6.1        -1.76621866  0.03859649
  4.73333333  0.24210526  6.1        -1.71573758  0.03859649  4.7
  0.24210526  6.1        -1.65997624  0.03859649  4.73333333  0.24210526
  6.06666667 -1.72716415]",44.702797651290894
2.4000000000003185e-05,[-0.78864205],"[ 0.03859649  4.73333333  0.24210526  6.1        -1.71573758  0.03859649
  4.7         0.24210526  6.1        -1.65997624  0.03859649  4.73333333
  0.24210526  6.06666667 -1.72716415  0.03859649  4.7         0.24210526
  6.06666667 -1.78864205]",44.77885293960571
2.4000000000003185e-05,[-0.78238034],"[ 0.03859649  4.7         0.24210526  6.1        -1.65997624  0.03859649
  4.73333333  0.24210526  6.06666667 -1.72716415  0.03859649  4.7
  0.24210526  6.06666667 -1.78864205  0.03859649  4.7         0.24210526
  6.1        -1.78238034]",44.858278036117554
1.9999999999999185e-05,[-0.6324637],"[ 0.03859649  4.73333333  0.24210526  6.06666667 -1.72716415  0.03859649
  4.7         0.24210526  6.06666667 -1.78864205  0.03859649  4.7
  0.24210526  6.1        -1.78238034  0.03859649  4.7         0.24210526
  6.1        -1.63246369]",44.93819046020508
-0.0025360000000000035,[-0.49127734],"[ 0.03859649  4.7         0.24210526  6.06666667 -1.78864205  0.03859649
  4.7         0.24210526  6.1        -1.78238034  0.03859649  4.7
  0.24210526  6.1        -1.63246369  0.03684211  4.7         0.24210526
  6.06666667 -1.49127734]",45.018123388290405
-0.0025439999999999977,[-0.7358011],"[ 0.03859649  4.7         0.24210526  6.1        -1.78238034  0.03859649
  4.7         0.24210526  6.1        -1.63246369  0.03684211  4.7
  0.24210526  6.06666667 -1.49127734  0.03684211  4.73333333  0.24210526
  6.03333333 -1.7358011 ]",45.09845328330994
-0.0025439999999999977,[-0.68752676],"[ 0.03859649  4.7         0.24210526  6.1        -1.63246369  0.03684211
  4.7         0.24210526  6.06666667 -1.49127734  0.03684211  4.73333333
  0.24210526  6.03333333 -1.7358011   0.03684211  4.73333333  0.24210526
  6.03333333 -1.6875267 ]",45.179874420166016
-0.0025360000000000035,[-0.72843945],"[ 0.03684211  4.7         0.24210526  6.06666667 -1.49127734  0.03684211
  4.73333333  0.24210526  6.03333333 -1.7358011   0.03684211  4.73333333
  0.24210526  6.03333333 -1.6875267   0.03684211  4.66666667  0.24210526
  6.06666667 -1.72843945]",45.25212073326111
-0.0025439999999999977,[-0.7261298],"[ 0.03684211  4.73333333  0.24210526  6.03333333 -1.7358011   0.03684211
  4.73333333  0.24210526  6.03333333 -1.6875267   0.03684211  4.66666667
  0.24210526  6.06666667 -1.72843945  0.03684211  4.7         0.24210526
  6.03333333 -1.72612977]",45.33146405220032
-0.0025400000000000006,[-0.63207686],"[ 0.03684211  4.73333333  0.24210526  6.03333333 -1.6875267   0.03684211
  4.66666667  0.24210526  6.06666667 -1.72843945  0.03684211  4.7
  0.24210526  6.03333333 -1.72612977  0.03684211  4.66666667  0.24035088
  6.03333333 -1.63207686]",45.41758394241333
-0.0025360000000000035,[-0.73978984],"[ 0.03684211  4.66666667  0.24210526  6.06666667 -1.72843945  0.03684211
  4.7         0.24210526  6.03333333 -1.72612977  0.03684211  4.66666667
  0.24035088  6.03333333 -1.63207686  0.03684211  4.66666667  0.24210526
  6.03333333 -1.73978984]",45.50072407722473
-0.0025400000000000006,[-0.7980961],"[ 0.03684211  4.7         0.24210526  6.03333333 -1.72612977  0.03684211
  4.66666667  0.24035088  6.03333333 -1.63207686  0.03684211  4.66666667
  0.24210526  6.03333333 -1.73978984  0.03684211  4.66666667  0.24035088
  6.03333333 -1.79809618]",45.57891130447388
-0.0025359999999999966,[-0.4890592],"[ 0.03684211  4.66666667  0.24035088  6.03333333 -1.63207686  0.03684211
  4.66666667  0.24210526  6.03333333 -1.73978984  0.03684211  4.66666667
  0.24035088  6.03333333 -1.79809618  0.03684211  4.63333333  0.24035088
  6.03333333 -1.48905921]",45.66001510620117
-0.0025400000000000006,[-0.77685606],"[ 0.03684211  4.66666667  0.24210526  6.03333333 -1.73978984  0.03684211
  4.66666667  0.24035088  6.03333333 -1.79809618  0.03684211  4.63333333
  0.24035088  6.03333333 -1.48905921  0.03684211  4.66666667  0.24035088
  6.03333333 -1.77685606]",45.73855948448181
-0.005104000000000004,[-0.82942986],"[ 0.03684211  4.66666667  0.24035088  6.03333333 -1.79809618  0.03684211
  4.63333333  0.24035088  6.03333333 -1.48905921  0.03684211  4.66666667
  0.24035088  6.03333333 -1.77685606  0.03508772  4.7         0.24035088
  6.         -1.82942986]",45.81851649284363
-0.0025400000000000006,[-0.75947434],"[ 0.03684211  4.63333333  0.24035088  6.03333333 -1.48905921  0.03684211
  4.66666667  0.24035088  6.03333333 -1.77685606  0.03508772  4.7
  0.24035088  6.         -1.82942986  0.03684211  4.63333333  0.24035088
  6.03333333 -1.75947428]",45.891549825668335
-0.0025439999999999977,[-0.55825216],"[ 0.03684211  4.66666667  0.24035088  6.03333333 -1.77685606  0.03508772
  4.7         0.24035088  6.         -1.82942986  0.03684211  4.63333333
  0.24035088  6.03333333 -1.75947428  0.03684211  4.63333333  0.24035088
  6.03333333 -1.5582521 ]",45.97857332229614
-0.0025480000000000017,[-0.7428323],"[ 0.03508772  4.7         0.24035088  6.         -1.82942986  0.03684211
  4.63333333  0.24035088  6.03333333 -1.75947428  0.03684211  4.63333333
  0.24035088  6.03333333 -1.5582521   0.03684211  4.66666667  0.24035088
  6.         -1.7428323 ]",46.05824542045593
-0.0025439999999999977,[-0.7525477],"[ 0.03684211  4.63333333  0.24035088  6.03333333 -1.75947428  0.03684211
  4.63333333  0.24035088  6.03333333 -1.5582521   0.03684211  4.66666667
  0.24035088  6.         -1.7428323   0.03684211  4.63333333  0.24035088
  6.03333333 -1.75254774]",46.13863563537598
-0.0025440000000000046,[-0.6567943],"[ 0.03684211  4.63333333  0.24035088  6.03333333 -1.5582521   0.03684211
  4.66666667  0.24035088  6.         -1.7428323   0.03684211  4.63333333
  0.24035088  6.03333333 -1.75254774  0.03684211  4.6         0.24035088
  6.03333333 -1.65679431]",46.21792793273926
-0.0025400000000000006,[-0.716806],"[ 0.03684211  4.66666667  0.24035088  6.         -1.7428323   0.03684211
  4.63333333  0.24035088  6.03333333 -1.75254774  0.03684211  4.6
  0.24035088  6.03333333 -1.65679431  0.03684211  4.6         0.24035088
  6.03333333 -1.71680593]",46.29271078109741
-0.0025480000000000017,[-0.82746625],"[ 0.03684211  4.63333333  0.24035088  6.03333333 -1.75254774  0.03684211
  4.6         0.24035088  6.03333333 -1.65679431  0.03684211  4.6
  0.24035088  6.03333333 -1.71680593  0.03684211  4.63333333  0.24035088
  6.06666667 -1.82746625]",46.37283277511597
1.5999999999995185e-05,[-0.74018073],"[ 0.03684211  4.6         0.24035088  6.03333333 -1.65679431  0.03684211
  4.6         0.24035088  6.03333333 -1.71680593  0.03684211  4.63333333
  0.24035088  6.06666667 -1.82746625  0.03859649  4.56666667  0.24035088
  6.06666667 -1.74018073]",46.451382637023926
-0.0025400000000000006,[-0.76101416],"[ 0.03684211  4.6         0.24035088  6.03333333 -1.71680593  0.03684211
  4.63333333  0.24035088  6.06666667 -1.82746625  0.03859649  4.56666667
  0.24035088  6.06666667 -1.74018073  0.03684211  4.56666667  0.24035088
  6.06666667 -1.76101422]",46.53136396408081
0.002568000000000001,[-0.60806656],"[ 0.03684211  4.63333333  0.24035088  6.06666667 -1.82746625  0.03859649
  4.56666667  0.24035088  6.06666667 -1.74018073  0.03684211  4.56666667
  0.24035088  6.06666667 -1.76101422  0.03859649  4.6         0.24035088
  6.06666667 -1.60806656]",46.6115357875824
1.9999999999999185e-05,[-0.8271059],"[ 0.03859649  4.56666667  0.24035088  6.06666667 -1.74018073  0.03684211
  4.56666667  0.24035088  6.06666667 -1.76101422  0.03859649  4.6
  0.24035088  6.06666667 -1.60806656  0.03684211  4.56666667  0.24035088
  6.06666667 -1.82710588]",46.693164110183716
1.9999999999999185e-05,[-0.7525452],"[ 0.03684211  4.56666667  0.24035088  6.06666667 -1.76101422  0.03859649
  4.6         0.24035088  6.06666667 -1.60806656  0.03684211  4.56666667
  0.24035088  6.06666667 -1.82710588  0.03684211  4.56666667  0.23859649
  6.06666667 -1.75254512]",46.77196979522705
1.6000000000002124e-05,[-0.6364093],"[ 0.03859649  4.6         0.24035088  6.06666667 -1.60806656  0.03684211
  4.56666667  0.24035088  6.06666667 -1.82710588  0.03684211  4.56666667
  0.23859649  6.06666667 -1.75254512  0.03684211  4.53333333  0.23859649
  6.06666667 -1.63640928]",46.85288429260254
1.6000000000002124e-05,[-0.70804477],"[ 0.03684211  4.56666667  0.24035088  6.06666667 -1.82710588  0.03684211
  4.56666667  0.23859649  6.06666667 -1.75254512  0.03684211  4.53333333
  0.23859649  6.06666667 -1.63640928  0.03684211  4.56666667  0.23859649
  6.06666667 -1.70804477]",46.93622422218323
1.2000000000005062e-05,[-0.68106735],"[ 0.03684211  4.56666667  0.23859649  6.06666667 -1.75254512  0.03684211
  4.53333333  0.23859649  6.06666667 -1.63640928  0.03684211  4.56666667
  0.23859649  6.06666667 -1.70804477  0.03684211  4.56666667  0.23859649
  6.06666667 -1.68106735]",47.011778593063354
1.6000000000002124e-05,[-0.64671594],"[ 0.03684211  4.53333333  0.23859649  6.06666667 -1.63640928  0.03684211
  4.56666667  0.23859649  6.06666667 -1.70804477  0.03684211  4.56666667
  0.23859649  6.06666667 -1.68106735  0.03684211  4.53333333  0.23859649
  6.06666667 -1.64671588]",47.09838342666626
1.2000000000005062e-05,[-0.7405811],"[ 0.03684211  4.56666667  0.23859649  6.06666667 -1.70804477  0.03684211
  4.56666667  0.23859649  6.06666667 -1.68106735  0.03684211  4.53333333
  0.23859649  6.06666667 -1.64671588  0.03684211  4.56666667  0.23859649
  6.03333333 -1.74058104]",47.17853403091431
1.1999999999998123e-05,[-0.63486516],"[ 0.03684211  4.56666667  0.23859649  6.06666667 -1.68106735  0.03684211
  4.53333333  0.23859649  6.06666667 -1.64671588  0.03684211  4.56666667
  0.23859649  6.03333333 -1.74058104  0.03684211  4.53333333  0.23859649
  6.03333333 -1.63486516]",47.25804805755615
