reward,action,obs,time
,,"[0.         0.         0.         0.         0.         0.
 0.         0.         0.         0.         0.         0.
 0.         0.         0.         0.03333333 5.46666667 0.24561404
 5.46666667 0.        ]",8.891415357589722
-0.0025559999999999958,[-0.69805574],"[ 0.          0.          0.          0.          0.          0.
  0.          0.          0.          0.          0.03333333  5.46666667
  0.24561404  5.46666667  0.          0.03157895  5.46666667  0.24561404
  5.46666667 -1.69805574]",9.559565544128418
-0.002571999999999998,[-0.673582],"[ 0.          0.          0.          0.          0.          0.03333333
  5.46666667  0.24561404  5.46666667  0.          0.03157895  5.46666667
  0.24561404  5.46666667 -1.69805574  0.03157895  5.6         0.24561404
  5.46666667 -1.67358208]",9.613328695297241
-0.002579999999999999,[-0.43435803],"[ 0.03333333  5.46666667  0.24561404  5.46666667  0.          0.03157895
  5.46666667  0.24561404  5.46666667 -1.69805574  0.03157895  5.6
  0.24561404  5.46666667 -1.67358208  0.03157895  5.66666667  0.24561404
  5.43333333 -1.434358  ]",9.695142269134521
-0.002579999999999999,[-0.75780106],"[ 0.03157895  5.46666667  0.24561404  5.46666667 -1.69805574  0.03157895
  5.6         0.24561404  5.46666667 -1.67358208  0.03157895  5.66666667
  0.24561404  5.43333333 -1.434358    0.03157895  5.66666667  0.24561404
  5.43333333 -1.75780106]",9.745441675186157
-0.002579999999999999,[-0.8245723],"[ 0.03157895  5.6         0.24561404  5.46666667 -1.67358208  0.03157895
  5.66666667  0.24561404  5.43333333 -1.434358    0.03157895  5.66666667
  0.24561404  5.43333333 -1.75780106  0.03157895  5.66666667  0.24561404
  5.43333333 -1.82457232]",9.831236600875854
-0.002568000000000001,[-0.7880224],"[ 0.03157895  5.66666667  0.24561404  5.43333333 -1.434358    0.03157895
  5.66666667  0.24561404  5.43333333 -1.75780106  0.03157895  5.66666667
  0.24561404  5.43333333 -1.82457232  0.03157895  5.56666667  0.24561404
  5.53333333 -1.7880224 ]",9.880875587463379
-0.0025519999999999987,[-0.831101],"[ 0.03157895  5.66666667  0.24561404  5.43333333 -1.75780106  0.03157895
  5.66666667  0.24561404  5.43333333 -1.82457232  0.03157895  5.56666667
  0.24561404  5.53333333 -1.7880224   0.03157895  5.43333333  0.24736842
  5.63333333 -1.83110094]",9.964573383331299
8.000000000001062e-06,[-0.76706386],"[ 0.03157895  5.66666667  0.24561404  5.43333333 -1.82457232  0.03157895
  5.56666667  0.24561404  5.53333333 -1.7880224   0.03157895  5.43333333
  0.24736842  5.63333333 -1.83110094  0.03333333  5.4         0.24736842
  5.66666667 -1.76706386]",10.013697862625122
1.1999999999998123e-05,[-0.83870685],"[ 0.03157895  5.56666667  0.24561404  5.53333333 -1.7880224   0.03157895
  5.43333333  0.24736842  5.63333333 -1.83110094  0.03333333  5.4
  0.24736842  5.66666667 -1.76706386  0.03333333  5.36666667  0.24736842
  5.73333333 -1.83870685]",10.098959922790527
0.002571999999999998,[-0.7033744],"[ 0.03157895  5.43333333  0.24736842  5.63333333 -1.83110094  0.03333333
  5.4         0.24736842  5.66666667 -1.76706386  0.03333333  5.36666667
  0.24736842  5.73333333 -1.83870685  0.03508772  5.33333333  0.24736842
  5.76666667 -1.70337439]",10.147415161132812
0.005131999999999998,[-0.80289006],"[ 0.03333333  5.4         0.24736842  5.66666667 -1.76706386  0.03333333
  5.36666667  0.24736842  5.73333333 -1.83870685  0.03508772  5.33333333
  0.24736842  5.76666667 -1.70337439  0.03684211  5.3         0.24912281
  5.8        -1.80289006]",10.20646071434021
0.005131999999999998,[-0.7532763],"[ 0.03333333  5.36666667  0.24736842  5.73333333 -1.83870685  0.03508772
  5.33333333  0.24736842  5.76666667 -1.70337439  0.03684211  5.3
  0.24912281  5.8        -1.80289006  0.03684211  5.3         0.24912281
  5.83333333 -1.75327635]",10.254668951034546
0.005131999999999998,[-0.7038387],"[ 0.03508772  5.33333333  0.24736842  5.76666667 -1.70337439  0.03684211
  5.3         0.24912281  5.8        -1.80289006  0.03684211  5.3
  0.24912281  5.83333333 -1.75327635  0.03684211  5.3         0.24912281
  5.86666667 -1.70383871]",10.304797649383545
0.005131999999999998,[-0.8107311],"[ 0.03684211  5.3         0.24912281  5.8        -1.80289006  0.03684211
  5.3         0.24912281  5.83333333 -1.75327635  0.03684211  5.3
  0.24912281  5.86666667 -1.70383871  0.03684211  5.3         0.24912281
  5.9        -1.81073117]",10.36751914024353
0.005136000000000002,[-0.7310612],"[ 0.03684211  5.3         0.24912281  5.83333333 -1.75327635  0.03684211
  5.3         0.24912281  5.86666667 -1.70383871  0.03684211  5.3
  0.24912281  5.9        -1.81073117  0.03684211  5.26666667  0.25087719
  5.93333333 -1.73106122]",10.446676969528198
0.005139999999999999,[-0.80408674],"[ 0.03684211  5.3         0.24912281  5.86666667 -1.70383871  0.03684211
  5.3         0.24912281  5.9        -1.81073117  0.03684211  5.26666667
  0.25087719  5.93333333 -1.73106122  0.03684211  5.23333333  0.24912281
  5.96666667 -1.80408669]",10.526904106140137
0.005144000000000003,[-0.7240515],"[ 0.03684211  5.3         0.24912281  5.9        -1.81073117  0.03684211
  5.26666667  0.25087719  5.93333333 -1.73106122  0.03684211  5.23333333
  0.24912281  5.96666667 -1.80408669  0.03684211  5.2         0.24912281
  5.96666667 -1.72405148]",10.61257791519165
0.005148,[-0.7095589],"[ 0.03684211  5.26666667  0.25087719  5.93333333 -1.73106122  0.03684211
  5.23333333  0.24912281  5.96666667 -1.80408669  0.03684211  5.2
  0.24912281  5.96666667 -1.72405148  0.03684211  5.16666667  0.24912281
  5.96666667 -1.70955896]",10.688097715377808
0.005148,[-0.76323897],"[ 0.03684211  5.23333333  0.24912281  5.96666667 -1.80408669  0.03684211
  5.2         0.24912281  5.96666667 -1.72405148  0.03684211  5.16666667
  0.24912281  5.96666667 -1.70955896  0.03684211  5.16666667  0.24912281
  6.         -1.76323891]",10.767245292663574
0.007708,[-0.6927684],"[ 0.03684211  5.2         0.24912281  5.96666667 -1.72405148  0.03684211
  5.16666667  0.24912281  5.96666667 -1.70955896  0.03684211  5.16666667
  0.24912281  6.         -1.76323891  0.03859649  5.13333333  0.24912281
  6.         -1.69276834]",10.847257375717163
0.010263999999999995,[-0.8197017],"[ 0.03684211  5.16666667  0.24912281  5.96666667 -1.70955896  0.03684211
  5.16666667  0.24912281  6.         -1.76323891  0.03859649  5.13333333
  0.24912281  6.         -1.69276834  0.03859649  5.13333333  0.24912281
  6.03333333 -1.81970167]",10.93152666091919
0.010284000000000001,[-0.6960939],"[ 0.03684211  5.16666667  0.24912281  6.         -1.76323891  0.03859649
  5.13333333  0.24912281  6.         -1.69276834  0.03859649  5.13333333
  0.24912281  6.03333333 -1.81970167  0.03859649  5.1         0.24912281
  6.03333333 -1.69609392]",11.008382558822632
0.010287999999999999,[-0.7967747],"[ 0.03859649  5.13333333  0.24912281  6.         -1.69276834  0.03859649
  5.13333333  0.24912281  6.03333333 -1.81970167  0.03859649  5.1
  0.24912281  6.03333333 -1.69609392  0.03859649  5.13333333  0.24912281
  6.06666667 -1.79677463]",11.088153839111328
0.010292000000000003,[-0.795061],"[ 0.03859649  5.13333333  0.24912281  6.03333333 -1.81970167  0.03859649
  5.1         0.24912281  6.03333333 -1.69609392  0.03859649  5.13333333
  0.24912281  6.06666667 -1.79677463  0.03859649  5.1         0.24912281
  6.06666667 -1.79506099]",11.159797668457031
0.010292000000000003,[-0.8021182],"[ 0.03859649  5.1         0.24912281  6.03333333 -1.69609392  0.03859649
  5.13333333  0.24912281  6.06666667 -1.79677463  0.03859649  5.1
  0.24912281  6.06666667 -1.79506099  0.03859649  5.1         0.24912281
  6.06666667 -1.80211818]",11.239669561386108
0.010280000000000004,[-0.655818],"[ 0.03859649  5.13333333  0.24912281  6.06666667 -1.79677463  0.03859649
  5.1         0.24912281  6.06666667 -1.79506099  0.03859649  5.1
  0.24912281  6.06666667 -1.80211818  0.03859649  5.1         0.24912281
  6.06666667 -1.65581799]",11.319595336914062
0.010264000000000002,[-0.7464199],"[ 0.03859649  5.1         0.24912281  6.06666667 -1.79506099  0.03859649
  5.1         0.24912281  6.06666667 -1.80211818  0.03859649  5.1
  0.24912281  6.06666667 -1.65581799  0.03859649  5.1         0.24912281
  6.06666667 -1.74641991]",11.400501728057861
0.0077040000000000025,[-0.70848626],"[ 0.03859649  5.1         0.24912281  6.06666667 -1.80211818  0.03859649
  5.1         0.24912281  6.06666667 -1.65581799  0.03859649  5.1
  0.24912281  6.06666667 -1.74641991  0.03859649  5.1         0.24912281
  6.06666667 -1.70848632]",11.48096489906311
0.0077040000000000025,[-0.77249074],"[ 0.03859649  5.1         0.24912281  6.06666667 -1.65581799  0.03859649
  5.1         0.24912281  6.06666667 -1.74641991  0.03859649  5.1
  0.24912281  6.06666667 -1.70848632  0.03859649  5.06666667  0.24912281
  6.06666667 -1.77249074]",11.5643470287323
0.005144000000000003,[-0.6463667],"[ 0.03859649  5.1         0.24912281  6.06666667 -1.74641991  0.03859649
  5.1         0.24912281  6.06666667 -1.70848632  0.03859649  5.06666667
  0.24912281  6.06666667 -1.77249074  0.03859649  5.06666667  0.24736842
  6.06666667 -1.64636672]",11.639798402786255
0.002588,[-0.8165294],"[ 0.03859649  5.1         0.24912281  6.06666667 -1.70848632  0.03859649
  5.06666667  0.24912281  6.06666667 -1.77249074  0.03859649  5.06666667
  0.24736842  6.06666667 -1.64636672  0.03859649  5.03333333  0.24736842
  6.03333333 -1.81652939]",11.719820499420166
0.002588,[-0.7866282],"[ 0.03859649  5.06666667  0.24912281  6.06666667 -1.77249074  0.03859649
  5.06666667  0.24736842  6.06666667 -1.64636672  0.03859649  5.03333333
  0.24736842  6.03333333 -1.81652939  0.03859649  5.03333333  0.24912281
  6.03333333 -1.78662825]",11.807774782180786
0.002592000000000004,[-0.784424],"[ 0.03859649  5.06666667  0.24736842  6.06666667 -1.64636672  0.03859649
  5.03333333  0.24736842  6.03333333 -1.81652939  0.03859649  5.03333333
  0.24912281  6.03333333 -1.78662825  0.03859649  5.          0.24736842
  6.03333333 -1.78442407]",11.879883527755737
0.002592000000000004,[-0.7527051],"[ 0.03859649  5.03333333  0.24736842  6.03333333 -1.81652939  0.03859649
  5.03333333  0.24912281  6.03333333 -1.78662825  0.03859649  5.
  0.24736842  6.03333333 -1.78442407  0.03859649  5.          0.24736842
  6.03333333 -1.7527051 ]",11.96906852722168
3.600000000000131e-05,[-0.78888696],"[ 0.03859649  5.03333333  0.24912281  6.03333333 -1.78662825  0.03859649
  5.          0.24736842  6.03333333 -1.78442407  0.03859649  5.
  0.24736842  6.03333333 -1.7527051   0.03684211  4.96666667  0.24561404
  6.03333333 -1.78888702]",12.039992809295654
3.600000000000131e-05,[-0.7511182],"[ 0.03859649  5.          0.24736842  6.03333333 -1.78442407  0.03859649
  5.          0.24736842  6.03333333 -1.7527051   0.03684211  4.96666667
  0.24561404  6.03333333 -1.78888702  0.03684211  4.93333333  0.24561404
  6.         -1.75111818]",12.127519607543945
3.199999999999731e-05,[-0.75900227],"[ 0.03859649  5.          0.24736842  6.03333333 -1.7527051   0.03684211
  4.96666667  0.24561404  6.03333333 -1.78888702  0.03684211  4.93333333
  0.24561404  6.         -1.75111818  0.03684211  4.93333333  0.24561404
  6.         -1.75900221]",12.206651210784912
2.8000000000000247e-05,[-0.7380016],"[ 0.03684211  4.96666667  0.24561404  6.03333333 -1.78888702  0.03684211
  4.93333333  0.24561404  6.         -1.75111818  0.03684211  4.93333333
  0.24561404  6.         -1.75900221  0.03684211  4.93333333  0.24561404
  6.         -1.73800159]",12.279869079589844
-0.0025239999999999985,[-0.70925397],"[ 0.03684211  4.93333333  0.24561404  6.         -1.75111818  0.03684211
  4.93333333  0.24561404  6.         -1.75900221  0.03684211  4.93333333
  0.24561404  6.         -1.73800159  0.03508772  4.9         0.24385965
  6.         -1.70925403]",12.35972785949707
-0.005083999999999998,[-0.6255947],"[ 0.03684211  4.93333333  0.24561404  6.         -1.75900221  0.03684211
  4.93333333  0.24561404  6.         -1.73800159  0.03508772  4.9
  0.24385965  6.         -1.70925403  0.03508772  4.9         0.24385965
  5.96666667 -1.62559462]",12.447249174118042
-0.005083999999999998,[-0.7539223],"[ 0.03684211  4.93333333  0.24561404  6.         -1.73800159  0.03508772
  4.9         0.24385965  6.         -1.70925403  0.03508772  4.9
  0.24385965  5.96666667 -1.62559462  0.03508772  4.9         0.24385965
  5.93333333 -1.75392222]",12.522058010101318
-0.005084000000000005,[-0.7288759],"[ 0.03508772  4.9         0.24385965  6.         -1.70925403  0.03508772
  4.9         0.24385965  5.96666667 -1.62559462  0.03508772  4.9
  0.24385965  5.93333333 -1.75392222  0.03508772  4.86666667  0.24385965
  5.93333333 -1.72887588]",12.60413670539856
-0.005075999999999997,[-0.8311342],"[ 0.03508772  4.9         0.24385965  5.96666667 -1.62559462  0.03508772
  4.9         0.24385965  5.93333333 -1.75392222  0.03508772  4.86666667
  0.24385965  5.93333333 -1.72887588  0.03508772  4.83333333  0.24385965
  5.93333333 -1.8311342 ]",12.687714576721191
-0.005080000000000001,[-0.7179861],"[ 0.03508772  4.9         0.24385965  5.93333333 -1.75392222  0.03508772
  4.86666667  0.24385965  5.93333333 -1.72887588  0.03508772  4.83333333
  0.24385965  5.93333333 -1.8311342   0.03508772  4.83333333  0.24210526
  5.93333333 -1.71798611]",12.767280340194702
-0.005076000000000004,[-0.7088237],"[ 0.03508772  4.86666667  0.24385965  5.93333333 -1.72887588  0.03508772
  4.83333333  0.24385965  5.93333333 -1.8311342   0.03508772  4.83333333
  0.24210526  5.93333333 -1.71798611  0.03508772  4.8         0.24210526
  5.93333333 -1.70882368]",12.83979082107544
-0.007632,[-0.675044],"[ 0.03508772  4.83333333  0.24385965  5.93333333 -1.8311342   0.03508772
  4.83333333  0.24210526  5.93333333 -1.71798611  0.03508772  4.8
  0.24210526  5.93333333 -1.70882368  0.03333333  4.8         0.24210526
  5.9        -1.67504406]",12.920639276504517
-0.007632,[-0.86112696],"[ 0.03508772  4.83333333  0.24210526  5.93333333 -1.71798611  0.03508772
  4.8         0.24210526  5.93333333 -1.70882368  0.03333333  4.8
  0.24210526  5.9        -1.67504406  0.03333333  4.8         0.24210526
  5.9        -1.8611269 ]",12.999993324279785
-0.007628000000000003,[-0.77769744],"[ 0.03508772  4.8         0.24210526  5.93333333 -1.70882368  0.03333333
  4.8         0.24210526  5.9        -1.67504406  0.03333333  4.8
  0.24210526  5.9        -1.8611269   0.03333333  4.76666667  0.24035088
  5.9        -1.77769744]",13.084287643432617
-0.007632,[-0.7280078],"[ 0.03333333  4.8         0.24210526  5.9        -1.67504406  0.03333333
  4.8         0.24210526  5.9        -1.8611269   0.03333333  4.76666667
  0.24035088  5.9        -1.77769744  0.03333333  4.76666667  0.24035088
  5.9        -1.72800779]",13.168535470962524
-0.007632,[-0.56850183],"[ 0.03333333  4.8         0.24210526  5.9        -1.8611269   0.03333333
  4.76666667  0.24035088  5.9        -1.77769744  0.03333333  4.76666667
  0.24035088  5.9        -1.72800779  0.03333333  4.76666667  0.24035088
  5.86666667 -1.56850183]",13.239830017089844
-0.010195999999999997,[-0.54344696],"[ 0.03333333  4.76666667  0.24035088  5.9        -1.77769744  0.03333333
  4.76666667  0.24035088  5.9        -1.72800779  0.03333333  4.76666667
  0.24035088  5.86666667 -1.56850183  0.03157895  4.8         0.24035088
  5.86666667 -1.54344702]",13.32670783996582
-0.010199999999999994,[-0.842305],"[ 0.03333333  4.76666667  0.24035088  5.9        -1.72800779  0.03333333
  4.76666667  0.24035088  5.86666667 -1.56850183  0.03157895  4.8
  0.24035088  5.86666667 -1.54344702  0.03157895  4.83333333  0.24210526
  5.83333333 -1.84230494]",13.407076358795166
-0.007643999999999998,[-0.6651577],"[ 0.03333333  4.76666667  0.24035088  5.86666667 -1.56850183  0.03157895
  4.8         0.24035088  5.86666667 -1.54344702  0.03157895  4.83333333
  0.24210526  5.83333333 -1.84230494  0.03333333  4.8         0.24035088
  5.9        -1.66515768]",13.479685068130493
-0.007640000000000001,[-0.7422876],"[ 0.03157895  4.8         0.24035088  5.86666667 -1.54344702  0.03157895
  4.83333333  0.24210526  5.83333333 -1.84230494  0.03333333  4.8
  0.24035088  5.9        -1.66515768  0.03333333  4.76666667  0.24035088
  5.9        -1.74228764]",13.567435503005981
-0.005088000000000002,[-0.73079157],"[ 0.03157895  4.83333333  0.24210526  5.83333333 -1.84230494  0.03333333
  4.8         0.24035088  5.9        -1.66515768  0.03333333  4.76666667
  0.24035088  5.9        -1.74228764  0.03333333  4.76666667  0.24035088
  5.9        -1.73079157]",13.648634672164917
-0.005088000000000002,[-0.8114598],"[ 0.03333333  4.8         0.24035088  5.9        -1.66515768  0.03333333
  4.76666667  0.24035088  5.9        -1.74228764  0.03333333  4.76666667
  0.24035088  5.9        -1.73079157  0.03333333  4.73333333  0.24035088
  5.9        -1.81145978]",13.722332239151001
-0.005083999999999998,[-0.6118021],"[ 0.03333333  4.76666667  0.24035088  5.9        -1.74228764  0.03333333
  4.76666667  0.24035088  5.9        -1.73079157  0.03333333  4.73333333
  0.24035088  5.9        -1.81145978  0.03333333  4.7         0.24035088
  5.9        -1.6118021 ]",13.801203727722168
-0.005088000000000002,[-0.78993016],"[ 0.03333333  4.76666667  0.24035088  5.9        -1.73079157  0.03333333
  4.73333333  0.24035088  5.9        -1.81145978  0.03333333  4.7
  0.24035088  5.9        -1.6118021   0.03333333  4.73333333  0.24035088
  5.9        -1.78993011]",13.879817724227905
-0.0025360000000000035,[-0.68574035],"[ 0.03333333  4.73333333  0.24035088  5.9        -1.81145978  0.03333333
  4.7         0.24035088  5.9        -1.6118021   0.03333333  4.73333333
  0.24035088  5.9        -1.78993011  0.03333333  4.73333333  0.24035088
  5.9        -1.68574035]",13.959662675857544
-0.0025360000000000035,[-0.72672063],"[ 0.03333333  4.7         0.24035088  5.9        -1.6118021   0.03333333
  4.73333333  0.24035088  5.9        -1.78993011  0.03333333  4.73333333
  0.24035088  5.9        -1.68574035  0.03333333  4.73333333  0.24035088
  5.93333333 -1.72672057]",14.039702892303467
-0.0025360000000000035,[-0.80046105],"[ 0.03333333  4.73333333  0.24035088  5.9        -1.78993011  0.03333333
  4.73333333  0.24035088  5.9        -1.68574035  0.03333333  4.73333333
  0.24035088  5.93333333 -1.72672057  0.03333333  4.73333333  0.24035088
  5.93333333 -1.80046105]",14.119868040084839
1.9999999999999185e-05,[-0.8531326],"[ 0.03333333  4.73333333  0.24035088  5.9        -1.68574035  0.03333333
  4.73333333  0.24035088  5.93333333 -1.72672057  0.03333333  4.73333333
  0.24035088  5.93333333 -1.80046105  0.03508772  4.7         0.24035088
  5.96666667 -1.85313261]",14.20430302619934
1.5999999999995185e-05,[-0.6552713],"[ 0.03333333  4.73333333  0.24035088  5.93333333 -1.72672057  0.03333333
  4.73333333  0.24035088  5.93333333 -1.80046105  0.03508772  4.7
  0.24035088  5.96666667 -1.85313261  0.03508772  4.7         0.24035088
  5.96666667 -1.65527129]",14.287611961364746
-0.0025440000000000046,[-0.860042],"[ 0.03333333  4.73333333  0.24035088  5.93333333 -1.80046105  0.03508772
  4.7         0.24035088  5.96666667 -1.85313261  0.03508772  4.7
  0.24035088  5.96666667 -1.65527129  0.03333333  4.73333333  0.24035088
  5.93333333 -1.86004198]",14.359675884246826
-0.0025439999999999977,[-0.65422153],"[ 0.03508772  4.7         0.24035088  5.96666667 -1.85313261  0.03508772
  4.7         0.24035088  5.96666667 -1.65527129  0.03333333  4.73333333
  0.24035088  5.93333333 -1.86004198  0.03333333  4.7         0.24035088
  5.93333333 -1.65422153]",14.44771432876587
1.5999999999995185e-05,[-0.71227634],"[ 0.03508772  4.7         0.24035088  5.96666667 -1.65527129  0.03333333
  4.73333333  0.24035088  5.93333333 -1.86004198  0.03333333  4.7
  0.24035088  5.93333333 -1.65422153  0.03333333  4.66666667  0.24035088
  5.93333333 -1.71227634]",14.51977825164795
1.5999999999995185e-05,[-0.722577],"[ 0.03333333  4.73333333  0.24035088  5.93333333 -1.86004198  0.03333333
  4.7         0.24035088  5.93333333 -1.65422153  0.03333333  4.66666667
  0.24035088  5.93333333 -1.71227634  0.03333333  4.66666667  0.24035088
  5.9        -1.72257698]",14.599674940109253
1.1999999999998123e-05,[-0.6917497],"[ 0.03333333  4.7         0.24035088  5.93333333 -1.65422153  0.03333333
  4.66666667  0.24035088  5.93333333 -1.71227634  0.03333333  4.66666667
  0.24035088  5.9        -1.72257698  0.03333333  4.66666667  0.24035088
  5.93333333 -1.69174969]",14.687315702438354
0.002563999999999997,[-0.7865429],"[ 0.03333333  4.66666667  0.24035088  5.93333333 -1.71227634  0.03333333
  4.66666667  0.24035088  5.9        -1.72257698  0.03333333  4.66666667
  0.24035088  5.93333333 -1.69174969  0.03508772  4.7         0.24035088
  5.93333333 -1.78654289]",14.767154932022095
0.002568000000000001,[-0.63951635],"[ 0.03333333  4.66666667  0.24035088  5.9        -1.72257698  0.03333333
  4.66666667  0.24035088  5.93333333 -1.69174969  0.03508772  4.7
  0.24035088  5.93333333 -1.78654289  0.03508772  4.66666667  0.24035088
  5.96666667 -1.63951635]",14.839810371398926
0.005128000000000001,[-0.6082261],"[ 0.03333333  4.66666667  0.24035088  5.93333333 -1.69174969  0.03508772
  4.7         0.24035088  5.93333333 -1.78654289  0.03508772  4.66666667
  0.24035088  5.96666667 -1.63951635  0.03508772  4.66666667  0.24035088
  5.93333333 -1.60822606]",14.92738938331604
0.005127999999999994,[-0.72137654],"[ 0.03508772  4.7         0.24035088  5.93333333 -1.78654289  0.03508772
  4.66666667  0.24035088  5.96666667 -1.63951635  0.03508772  4.66666667
  0.24035088  5.93333333 -1.60822606  0.03508772  4.7         0.24035088
  5.93333333 -1.72137654]",15.006922245025635
1.5999999999995185e-05,[-0.7539229],"[ 0.03508772  4.66666667  0.24035088  5.96666667 -1.63951635  0.03508772
  4.66666667  0.24035088  5.93333333 -1.60822606  0.03508772  4.7
  0.24035088  5.93333333 -1.72137654  0.03333333  4.66666667  0.24035088
  5.93333333 -1.75392294]",15.079712867736816
1.6000000000002124e-05,[-0.8031324],"[ 0.03508772  4.66666667  0.24035088  5.93333333 -1.60822606  0.03508772
  4.7         0.24035088  5.93333333 -1.72137654  0.03333333  4.66666667
  0.24035088  5.93333333 -1.75392294  0.03333333  4.63333333  0.23859649
  5.93333333 -1.80313241]",15.167686462402344
0.002576000000000002,[-0.8023919],"[ 0.03508772  4.7         0.24035088  5.93333333 -1.72137654  0.03333333
  4.66666667  0.24035088  5.93333333 -1.75392294  0.03333333  4.63333333
  0.23859649  5.93333333 -1.80313241  0.03508772  4.6         0.24035088
  5.93333333 -1.80239189]",15.24700927734375
1.2000000000005062e-05,[-0.6003567],"[ 0.03333333  4.66666667  0.24035088  5.93333333 -1.75392294  0.03333333
  4.63333333  0.23859649  5.93333333 -1.80313241  0.03508772  4.6
  0.24035088  5.93333333 -1.80239189  0.03333333  4.63333333  0.23859649
  5.96666667 -1.6003567 ]",15.32765245437622
8.000000000001062e-06,[-0.68947804],"[ 0.03333333  4.63333333  0.23859649  5.93333333 -1.80313241  0.03508772
  4.6         0.24035088  5.93333333 -1.80239189  0.03333333  4.63333333
  0.23859649  5.96666667 -1.6003567   0.03333333  4.63333333  0.24035088
  5.93333333 -1.68947804]",15.407005548477173
1.2000000000005062e-05,[-0.65754527],"[ 0.03508772  4.6         0.24035088  5.93333333 -1.80239189  0.03333333
  4.63333333  0.23859649  5.96666667 -1.6003567   0.03333333  4.63333333
  0.24035088  5.93333333 -1.68947804  0.03333333  4.63333333  0.23859649
  5.93333333 -1.65754533]",15.488910436630249
1.2000000000005062e-05,[-0.7818849],"[ 0.03333333  4.63333333  0.23859649  5.96666667 -1.6003567   0.03333333
  4.63333333  0.24035088  5.93333333 -1.68947804  0.03333333  4.63333333
  0.23859649  5.93333333 -1.65754533  0.03333333  4.63333333  0.23859649
  5.93333333 -1.78188491]",15.567602634429932
1.6000000000002124e-05,[-0.82900333],"[ 0.03333333  4.63333333  0.24035088  5.93333333 -1.68947804  0.03333333
  4.63333333  0.23859649  5.93333333 -1.65754533  0.03333333  4.63333333
  0.23859649  5.93333333 -1.78188491  0.03333333  4.6         0.23859649
  5.96666667 -1.82900333]",15.64781403541565
0.002576000000000002,[-0.7399429],"[ 0.03333333  4.63333333  0.23859649  5.93333333 -1.65754533  0.03333333
  4.63333333  0.23859649  5.93333333 -1.78188491  0.03333333  4.6
  0.23859649  5.96666667 -1.82900333  0.03508772  4.56666667  0.23859649
  5.96666667 -1.73994291]",15.728084564208984
1.6000000000002124e-05,[-0.7052022],"[ 0.03333333  4.63333333  0.23859649  5.93333333 -1.78188491  0.03333333
  4.6         0.23859649  5.96666667 -1.82900333  0.03508772  4.56666667
  0.23859649  5.96666667 -1.73994291  0.03508772  4.56666667  0.23859649
  5.96666667 -1.70520222]",15.808183670043945
-0.0025439999999999977,[-0.77040976],"[ 0.03333333  4.6         0.23859649  5.96666667 -1.82900333  0.03508772
  4.56666667  0.23859649  5.96666667 -1.73994291  0.03508772  4.56666667
  0.23859649  5.96666667 -1.70520222  0.03333333  4.6         0.23859649
  5.96666667 -1.77040982]",15.887370109558105
0.002576000000000002,[-0.7677237],"[ 0.03508772  4.56666667  0.23859649  5.96666667 -1.73994291  0.03508772
  4.56666667  0.23859649  5.96666667 -1.70520222  0.03333333  4.6
  0.23859649  5.96666667 -1.77040982  0.03508772  4.56666667  0.23859649
  5.96666667 -1.76772368]",15.967146158218384
0.002576000000000002,[-0.72513056],"[ 0.03508772  4.56666667  0.23859649  5.96666667 -1.70520222  0.03333333
  4.6         0.23859649  5.96666667 -1.77040982  0.03508772  4.56666667
  0.23859649  5.96666667 -1.76772368  0.03508772  4.53333333  0.23859649
  5.96666667 -1.72513056]",16.051602602005005
0.002568000000000001,[-0.6197723],"[ 0.03333333  4.6         0.23859649  5.96666667 -1.77040982  0.03508772
  4.56666667  0.23859649  5.96666667 -1.76772368  0.03508772  4.53333333
  0.23859649  5.96666667 -1.72513056  0.03508772  4.56666667  0.23859649
  5.96666667 -1.61977232]",16.120476961135864
0.002568000000000001,[-0.7748148],"[ 0.03508772  4.56666667  0.23859649  5.96666667 -1.76772368  0.03508772
  4.53333333  0.23859649  5.96666667 -1.72513056  0.03508772  4.56666667
  0.23859649  5.96666667 -1.61977232  0.03508772  4.56666667  0.23859649
  5.96666667 -1.77481484]",16.20112371444702
0.002568000000000001,[-0.6424711],"[ 0.03508772  4.53333333  0.23859649  5.96666667 -1.72513056  0.03508772
  4.56666667  0.23859649  5.96666667 -1.61977232  0.03508772  4.56666667
  0.23859649  5.96666667 -1.77481484  0.03508772  4.56666667  0.23859649
  5.96666667 -1.64247108]",16.28730607032776
2.0000000000006124e-05,[-0.64173985],"[ 0.03508772  4.56666667  0.23859649  5.96666667 -1.61977232  0.03508772
  4.56666667  0.23859649  5.96666667 -1.77481484  0.03508772  4.56666667
  0.23859649  5.96666667 -1.64247108  0.03508772  4.53333333  0.23859649
  5.96666667 -1.64173985]",16.3666775226593
1.1999999999998123e-05,[-0.6714013],"[ 0.03508772  4.56666667  0.23859649  5.96666667 -1.77481484  0.03508772
  4.56666667  0.23859649  5.96666667 -1.64247108  0.03508772  4.53333333
  0.23859649  5.96666667 -1.64173985  0.03508772  4.56666667  0.23859649
  5.96666667 -1.67140126]",16.44255232810974
