reward,action,obs,time
,,"[ 0.00000000e+00  0.00000000e+00  0.00000000e+00  0.00000000e+00
  0.00000000e+00  0.00000000e+00  0.00000000e+00  0.00000000e+00
  0.00000000e+00  0.00000000e+00  0.00000000e+00  0.00000000e+00
  0.00000000e+00  0.00000000e+00  0.00000000e+00 -1.75438596e-03
  3.30000000e+00 -1.75438596e-03  3.30000000e+00  0.00000000e+00]",85.42949318885803
0.0,[-0.14069323],"[ 0.00000000e+00  0.00000000e+00  0.00000000e+00  0.00000000e+00
  0.00000000e+00  0.00000000e+00  0.00000000e+00  0.00000000e+00
  0.00000000e+00  0.00000000e+00 -1.75438596e-03  3.30000000e+00
 -1.75438596e-03  3.30000000e+00  0.00000000e+00 -1.75438596e-03
  3.30000000e+00 -1.75438596e-03  3.30000000e+00 -1.14069319e+00]",85.48522281646729
0.0,[-0.663332],"[ 0.00000000e+00  0.00000000e+00  0.00000000e+00  0.00000000e+00
  0.00000000e+00 -1.75438596e-03  3.30000000e+00 -1.75438596e-03
  3.30000000e+00  0.00000000e+00 -1.75438596e-03  3.30000000e+00
 -1.75438596e-03  3.30000000e+00 -1.14069319e+00 -1.75438596e-03
  3.30000000e+00 -1.75438596e-03  3.30000000e+00 -1.66333199e+00]",85.49166822433472
0.0,[-0.36555076],"[-1.75438596e-03  3.30000000e+00 -1.75438596e-03  3.30000000e+00
  0.00000000e+00 -1.75438596e-03  3.30000000e+00 -1.75438596e-03
  3.30000000e+00 -1.14069319e+00 -1.75438596e-03  3.30000000e+00
 -1.75438596e-03  3.30000000e+00 -1.66333199e+00 -1.75438596e-03
  3.30000000e+00 -1.75438596e-03  3.30000000e+00 -1.36555076e+00]",85.49830317497253
0.0,[-0.87307173],"[-1.75438596e-03  3.30000000e+00 -1.75438596e-03  3.30000000e+00
 -1.14069319e+00 -1.75438596e-03  3.30000000e+00 -1.75438596e-03
  3.30000000e+00 -1.66333199e+00 -1.75438596e-03  3.30000000e+00
 -1.75438596e-03  3.30000000e+00 -1.36555076e+00 -1.75438596e-03
  3.30000000e+00 -1.75438596e-03  3.30000000e+00 -1.87307167e+00]",85.50485348701477
0.0,[-0.6476996],"[-1.75438596e-03  3.30000000e+00 -1.75438596e-03  3.30000000e+00
 -1.66333199e+00 -1.75438596e-03  3.30000000e+00 -1.75438596e-03
  3.30000000e+00 -1.36555076e+00 -1.75438596e-03  3.30000000e+00
 -1.75438596e-03  3.30000000e+00 -1.87307167e+00 -1.75438596e-03
  3.30000000e+00 -1.75438596e-03  3.30000000e+00 -1.64769959e+00]",85.54357433319092
0.0,[0.94794226],"[-1.75438596e-03  3.30000000e+00 -1.75438596e-03  3.30000000e+00
 -1.36555076e+00 -1.75438596e-03  3.30000000e+00 -1.75438596e-03
  3.30000000e+00 -1.87307167e+00 -1.75438596e-03  3.30000000e+00
 -1.75438596e-03  3.30000000e+00 -1.64769959e+00 -1.75438596e-03
  3.30000000e+00 -1.75438596e-03  3.30000000e+00 -5.20577431e-02]",85.62747645378113
0.0,[0.6607037],"[-1.75438596e-03  3.30000000e+00 -1.75438596e-03  3.30000000e+00
 -1.87307167e+00 -1.75438596e-03  3.30000000e+00 -1.75438596e-03
  3.30000000e+00 -1.64769959e+00 -1.75438596e-03  3.30000000e+00
 -1.75438596e-03  3.30000000e+00 -5.20577431e-02 -1.75438596e-03
  3.30000000e+00 -1.75438596e-03  3.30000000e+00 -3.39296281e-01]",85.70762491226196
0.0,[-0.2793964],"[-1.75438596e-03  3.30000000e+00 -1.75438596e-03  3.30000000e+00
 -1.64769959e+00 -1.75438596e-03  3.30000000e+00 -1.75438596e-03
  3.30000000e+00 -5.20577431e-02 -1.75438596e-03  3.30000000e+00
 -1.75438596e-03  3.30000000e+00 -3.39296281e-01 -1.75438596e-03
  3.30000000e+00 -1.75438596e-03  3.30000000e+00 -1.27939641e+00]",85.78096461296082
0.0,[0.19864103],"[-1.75438596e-03  3.30000000e+00 -1.75438596e-03  3.30000000e+00
 -5.20577431e-02 -1.75438596e-03  3.30000000e+00 -1.75438596e-03
  3.30000000e+00 -3.39296281e-01 -1.75438596e-03  3.30000000e+00
 -1.75438596e-03  3.30000000e+00 -1.27939641e+00 -1.75438596e-03
  3.30000000e+00 -1.75438596e-03  3.30000000e+00 -8.01358938e-01]",85.86761140823364
0.0,[-0.34700602],"[-1.75438596e-03  3.30000000e+00 -1.75438596e-03  3.30000000e+00
 -3.39296281e-01 -1.75438596e-03  3.30000000e+00 -1.75438596e-03
  3.30000000e+00 -1.27939641e+00 -1.75438596e-03  3.30000000e+00
 -1.75438596e-03  3.30000000e+00 -8.01358938e-01 -1.75438596e-03
  3.30000000e+00 -1.75438596e-03  3.30000000e+00 -1.34700608e+00]",85.94736123085022
0.0,[-0.40206182],"[-1.75438596e-03  3.30000000e+00 -1.75438596e-03  3.30000000e+00
 -1.27939641e+00 -1.75438596e-03  3.30000000e+00 -1.75438596e-03
  3.30000000e+00 -8.01358938e-01 -1.75438596e-03  3.30000000e+00
 -1.75438596e-03  3.30000000e+00 -1.34700608e+00 -1.75438596e-03
  3.30000000e+00 -1.75438596e-03  3.30000000e+00 -1.40206182e+00]",86.02741956710815
0.0,[0.3213323],"[-1.75438596e-03  3.30000000e+00 -1.75438596e-03  3.30000000e+00
 -8.01358938e-01 -1.75438596e-03  3.30000000e+00 -1.75438596e-03
  3.30000000e+00 -1.34700608e+00 -1.75438596e-03  3.30000000e+00
 -1.75438596e-03  3.30000000e+00 -1.40206182e+00 -1.75438596e-03
  3.30000000e+00 -1.75438596e-03  3.30000000e+00 -6.78667665e-01]",86.10262274742126
0.0,[0.89039713],"[-1.75438596e-03  3.30000000e+00 -1.75438596e-03  3.30000000e+00
 -1.34700608e+00 -1.75438596e-03  3.30000000e+00 -1.75438596e-03
  3.30000000e+00 -1.40206182e+00 -1.75438596e-03  3.30000000e+00
 -1.75438596e-03  3.30000000e+00 -6.78667665e-01 -1.75438596e-03
  3.30000000e+00 -1.75438596e-03  3.30000000e+00 -1.09602869e-01]",86.18731904029846
0.0,[-0.9975607],"[-1.75438596e-03  3.30000000e+00 -1.75438596e-03  3.30000000e+00
 -1.40206182e+00 -1.75438596e-03  3.30000000e+00 -1.75438596e-03
  3.30000000e+00 -6.78667665e-01 -1.75438596e-03  3.30000000e+00
 -1.75438596e-03  3.30000000e+00 -1.09602869e-01 -1.75438596e-03
  3.30000000e+00 -1.75438596e-03  3.30000000e+00 -1.99756074e+00]",86.26744174957275
0.0,[-0.38952184],"[-1.75438596e-03  3.30000000e+00 -1.75438596e-03  3.30000000e+00
 -6.78667665e-01 -1.75438596e-03  3.30000000e+00 -1.75438596e-03
  3.30000000e+00 -1.09602869e-01 -1.75438596e-03  3.30000000e+00
 -1.75438596e-03  3.30000000e+00 -1.99756074e+00 -1.75438596e-03
  3.30000000e+00 -1.75438596e-03  3.30000000e+00 -1.38952184e+00]",86.34762978553772
0.0,[-0.8076877],"[-1.75438596e-03  3.30000000e+00 -1.75438596e-03  3.30000000e+00
 -1.09602869e-01 -1.75438596e-03  3.30000000e+00 -1.75438596e-03
  3.30000000e+00 -1.99756074e+00 -1.75438596e-03  3.30000000e+00
 -1.75438596e-03  3.30000000e+00 -1.38952184e+00 -1.75438596e-03
  3.30000000e+00 -1.75438596e-03  3.30000000e+00 -1.80768776e+00]",86.42149496078491
0.0,[0.51813483],"[-1.75438596e-03  3.30000000e+00 -1.75438596e-03  3.30000000e+00
 -1.99756074e+00 -1.75438596e-03  3.30000000e+00 -1.75438596e-03
  3.30000000e+00 -1.38952184e+00 -1.75438596e-03  3.30000000e+00
 -1.75438596e-03  3.30000000e+00 -1.80768776e+00 -1.75438596e-03
  3.30000000e+00 -1.75438596e-03  3.30000000e+00 -4.81865168e-01]",86.5076379776001
0.0,[0.65526795],"[-1.75438596e-03  3.30000000e+00 -1.75438596e-03  3.30000000e+00
 -1.38952184e+00 -1.75438596e-03  3.30000000e+00 -1.75438596e-03
  3.30000000e+00 -1.80768776e+00 -1.75438596e-03  3.30000000e+00
 -1.75438596e-03  3.30000000e+00 -4.81865168e-01 -1.75438596e-03
  3.30000000e+00 -1.75438596e-03  3.30000000e+00 -3.44732046e-01]",86.58749842643738
0.0,[-0.951068],"[-1.75438596e-03  3.30000000e+00 -1.75438596e-03  3.30000000e+00
 -1.80768776e+00 -1.75438596e-03  3.30000000e+00 -1.75438596e-03
  3.30000000e+00 -4.81865168e-01 -1.75438596e-03  3.30000000e+00
 -1.75438596e-03  3.30000000e+00 -3.44732046e-01 -1.75438596e-03
  3.30000000e+00 -1.75438596e-03  3.30000000e+00 -1.95106792e+00]",86.66746354103088
0.0,[-0.85591215],"[-1.75438596e-03  3.30000000e+00 -1.75438596e-03  3.30000000e+00
 -4.81865168e-01 -1.75438596e-03  3.30000000e+00 -1.75438596e-03
  3.30000000e+00 -3.44732046e-01 -1.75438596e-03  3.30000000e+00
 -1.75438596e-03  3.30000000e+00 -1.95106792e+00 -1.75438596e-03
  3.30000000e+00 -1.75438596e-03  3.30000000e+00 -1.85591221e+00]",86.74748158454895
0.0,[-0.91341037],"[-1.75438596e-03  3.30000000e+00 -1.75438596e-03  3.30000000e+00
 -3.44732046e-01 -1.75438596e-03  3.30000000e+00 -1.75438596e-03
  3.30000000e+00 -1.95106792e+00 -1.75438596e-03  3.30000000e+00
 -1.75438596e-03  3.30000000e+00 -1.85591221e+00 -1.75438596e-03
  3.30000000e+00 -1.75438596e-03  3.30000000e+00 -1.91341043e+00]",86.8274917602539
0.0,[-0.32725868],"[-1.75438596e-03  3.30000000e+00 -1.75438596e-03  3.30000000e+00
 -1.95106792e+00 -1.75438596e-03  3.30000000e+00 -1.75438596e-03
  3.30000000e+00 -1.85591221e+00 -1.75438596e-03  3.30000000e+00
 -1.75438596e-03  3.30000000e+00 -1.91341043e+00 -1.75438596e-03
  3.30000000e+00 -1.75438596e-03  3.30000000e+00 -1.32725871e+00]",86.90753054618835
0.0,[-0.78638566],"[-1.75438596e-03  3.30000000e+00 -1.75438596e-03  3.30000000e+00
 -1.85591221e+00 -1.75438596e-03  3.30000000e+00 -1.75438596e-03
  3.30000000e+00 -1.91341043e+00 -1.75438596e-03  3.30000000e+00
 -1.75438596e-03  3.30000000e+00 -1.32725871e+00 -1.75438596e-03
  3.30000000e+00 -1.75438596e-03  3.30000000e+00 -1.78638566e+00]",86.98889112472534
0.0,[-0.00221723],"[-1.75438596e-03  3.30000000e+00 -1.75438596e-03  3.30000000e+00
 -1.91341043e+00 -1.75438596e-03  3.30000000e+00 -1.75438596e-03
  3.30000000e+00 -1.32725871e+00 -1.75438596e-03  3.30000000e+00
 -1.75438596e-03  3.30000000e+00 -1.78638566e+00 -1.75438596e-03
  3.30000000e+00 -1.75438596e-03  3.30000000e+00 -1.00221729e+00]",87.06769466400146
0.0,[0.1179072],"[-1.75438596e-03  3.30000000e+00 -1.75438596e-03  3.30000000e+00
 -1.32725871e+00 -1.75438596e-03  3.30000000e+00 -1.75438596e-03
  3.30000000e+00 -1.78638566e+00 -1.75438596e-03  3.30000000e+00
 -1.75438596e-03  3.30000000e+00 -1.00221729e+00 -1.75438596e-03
  3.30000000e+00 -1.75438596e-03  3.30000000e+00 -8.82092774e-01]",87.14752388000488
0.0,[0.06687272],"[-1.75438596e-03  3.30000000e+00 -1.75438596e-03  3.30000000e+00
 -1.78638566e+00 -1.75438596e-03  3.30000000e+00 -1.75438596e-03
  3.30000000e+00 -1.00221729e+00 -1.75438596e-03  3.30000000e+00
 -1.75438596e-03  3.30000000e+00 -8.82092774e-01 -1.75438596e-03
  3.30000000e+00 -1.75438596e-03  3.30000000e+00 -9.33127284e-01]",87.22750997543335
0.0,[0.47576427],"[-1.75438596e-03  3.30000000e+00 -1.75438596e-03  3.30000000e+00
 -1.00221729e+00 -1.75438596e-03  3.30000000e+00 -1.75438596e-03
  3.30000000e+00 -8.82092774e-01 -1.75438596e-03  3.30000000e+00
 -1.75438596e-03  3.30000000e+00 -9.33127284e-01 -1.75438596e-03
  3.30000000e+00 -1.75438596e-03  3.30000000e+00 -5.24235725e-01]",87.30769753456116
0.0,[-0.8698544],"[-1.75438596e-03  3.30000000e+00 -1.75438596e-03  3.30000000e+00
 -8.82092774e-01 -1.75438596e-03  3.30000000e+00 -1.75438596e-03
  3.30000000e+00 -9.33127284e-01 -1.75438596e-03  3.30000000e+00
 -1.75438596e-03  3.30000000e+00 -5.24235725e-01 -1.75438596e-03
  3.30000000e+00 -1.75438596e-03  3.30000000e+00 -1.86985445e+00]",87.38760304450989
0.0,[0.25891513],"[-1.75438596e-03  3.30000000e+00 -1.75438596e-03  3.30000000e+00
 -9.33127284e-01 -1.75438596e-03  3.30000000e+00 -1.75438596e-03
  3.30000000e+00 -5.24235725e-01 -1.75438596e-03  3.30000000e+00
 -1.75438596e-03  3.30000000e+00 -1.86985445e+00 -1.75438596e-03
  3.30000000e+00 -1.75438596e-03  3.30000000e+00 -7.41084874e-01]",87.4674744606018
0.0,[0.8026363],"[-1.75438596e-03  3.30000000e+00 -1.75438596e-03  3.30000000e+00
 -5.24235725e-01 -1.75438596e-03  3.30000000e+00 -1.75438596e-03
  3.30000000e+00 -1.86985445e+00 -1.75438596e-03  3.30000000e+00
 -1.75438596e-03  3.30000000e+00 -7.41084874e-01 -1.75438596e-03
  3.30000000e+00 -1.75438596e-03  3.30000000e+00 -1.97363675e-01]",87.5474762916565
0.0,[-0.6166291],"[-1.75438596e-03  3.30000000e+00 -1.75438596e-03  3.30000000e+00
 -1.86985445e+00 -1.75438596e-03  3.30000000e+00 -1.75438596e-03
  3.30000000e+00 -7.41084874e-01 -1.75438596e-03  3.30000000e+00
 -1.75438596e-03  3.30000000e+00 -1.97363675e-01 -1.75438596e-03
  3.30000000e+00 -1.75438596e-03  3.30000000e+00 -1.61662912e+00]",87.62746238708496
0.0,[0.04918931],"[-1.75438596e-03  3.30000000e+00 -1.75438596e-03  3.30000000e+00
 -7.41084874e-01 -1.75438596e-03  3.30000000e+00 -1.75438596e-03
  3.30000000e+00 -1.97363675e-01 -1.75438596e-03  3.30000000e+00
 -1.75438596e-03  3.30000000e+00 -1.61662912e+00 -1.75438596e-03
  3.30000000e+00 -1.75438596e-03  3.30000000e+00 -9.50810671e-01]",87.7076575756073
0.0,[0.13409522],"[-1.75438596e-03  3.30000000e+00 -1.75438596e-03  3.30000000e+00
 -1.97363675e-01 -1.75438596e-03  3.30000000e+00 -1.75438596e-03
  3.30000000e+00 -1.61662912e+00 -1.75438596e-03  3.30000000e+00
 -1.75438596e-03  3.30000000e+00 -9.50810671e-01 -1.75438596e-03
  3.30000000e+00 -1.75438596e-03  3.30000000e+00 -8.65904808e-01]",87.78747057914734
0.0,[-0.21194063],"[-1.75438596e-03  3.30000000e+00 -1.75438596e-03  3.30000000e+00
 -1.61662912e+00 -1.75438596e-03  3.30000000e+00 -1.75438596e-03
  3.30000000e+00 -9.50810671e-01 -1.75438596e-03  3.30000000e+00
 -1.75438596e-03  3.30000000e+00 -8.65904808e-01 -1.75438596e-03
  3.30000000e+00 -1.75438596e-03  3.30000000e+00 -1.21194065e+00]",87.86765503883362
0.0,[0.32177094],"[-1.75438596e-03  3.30000000e+00 -1.75438596e-03  3.30000000e+00
 -9.50810671e-01 -1.75438596e-03  3.30000000e+00 -1.75438596e-03
  3.30000000e+00 -8.65904808e-01 -1.75438596e-03  3.30000000e+00
 -1.75438596e-03  3.30000000e+00 -1.21194065e+00 -1.75438596e-03
  3.30000000e+00 -1.75438596e-03  3.30000000e+00 -6.78229094e-01]",87.94761300086975
0.0,[0.10586992],"[-1.75438596e-03  3.30000000e+00 -1.75438596e-03  3.30000000e+00
 -8.65904808e-01 -1.75438596e-03  3.30000000e+00 -1.75438596e-03
  3.30000000e+00 -1.21194065e+00 -1.75438596e-03  3.30000000e+00
 -1.75438596e-03  3.30000000e+00 -6.78229094e-01 -1.75438596e-03
  3.30000000e+00 -1.75438596e-03  3.30000000e+00 -8.94130111e-01]",88.02748823165894
0.0,[0.5397433],"[-1.75438596e-03  3.30000000e+00 -1.75438596e-03  3.30000000e+00
 -1.21194065e+00 -1.75438596e-03  3.30000000e+00 -1.75438596e-03
  3.30000000e+00 -6.78229094e-01 -1.75438596e-03  3.30000000e+00
 -1.75438596e-03  3.30000000e+00 -8.94130111e-01 -1.75438596e-03
  3.30000000e+00 -1.75438596e-03  3.30000000e+00 -4.60256696e-01]",88.10785937309265
0.0,[0.9763904],"[-1.75438596e-03  3.30000000e+00 -1.75438596e-03  3.30000000e+00
 -6.78229094e-01 -1.75438596e-03  3.30000000e+00 -1.75438596e-03
  3.30000000e+00 -8.94130111e-01 -1.75438596e-03  3.30000000e+00
 -1.75438596e-03  3.30000000e+00 -4.60256696e-01 -1.75438596e-03
  3.30000000e+00 -1.75438596e-03  3.30000000e+00 -2.36095786e-02]",88.18782162666321
0.0,[0.6021214],"[-1.75438596e-03  3.30000000e+00 -1.75438596e-03  3.30000000e+00
 -8.94130111e-01 -1.75438596e-03  3.30000000e+00 -1.75438596e-03
  3.30000000e+00 -4.60256696e-01 -1.75438596e-03  3.30000000e+00
 -1.75438596e-03  3.30000000e+00 -2.36095786e-02 -1.75438596e-03
  3.30000000e+00 -1.75438596e-03  3.30000000e+00 -3.97878587e-01]",88.26744890213013
0.0,[-0.60790074],"[-1.75438596e-03  3.30000000e+00 -1.75438596e-03  3.30000000e+00
 -4.60256696e-01 -1.75438596e-03  3.30000000e+00 -1.75438596e-03
  3.30000000e+00 -2.36095786e-02 -1.75438596e-03  3.30000000e+00
 -1.75438596e-03  3.30000000e+00 -3.97878587e-01 -1.75438596e-03
  3.30000000e+00 -1.75438596e-03  3.30000000e+00 -1.60790074e+00]",88.34766030311584
0.0,[0.49536136],"[-1.75438596e-03  3.30000000e+00 -1.75438596e-03  3.30000000e+00
 -2.36095786e-02 -1.75438596e-03  3.30000000e+00 -1.75438596e-03
  3.30000000e+00 -3.97878587e-01 -1.75438596e-03  3.30000000e+00
 -1.75438596e-03  3.30000000e+00 -1.60790074e+00 -1.75438596e-03
  3.30000000e+00 -1.75438596e-03  3.30000000e+00 -5.04638672e-01]",88.42768049240112
0.0,[-0.29343113],"[-1.75438596e-03  3.30000000e+00 -1.75438596e-03  3.30000000e+00
 -3.97878587e-01 -1.75438596e-03  3.30000000e+00 -1.75438596e-03
  3.30000000e+00 -1.60790074e+00 -1.75438596e-03  3.30000000e+00
 -1.75438596e-03  3.30000000e+00 -5.04638672e-01 -1.75438596e-03
  3.30000000e+00 -1.75438596e-03  3.30000000e+00 -1.29343116e+00]",88.50759363174438
0.0,[0.29114157],"[-1.75438596e-03  3.30000000e+00 -1.75438596e-03  3.30000000e+00
 -1.60790074e+00 -1.75438596e-03  3.30000000e+00 -1.75438596e-03
  3.30000000e+00 -5.04638672e-01 -1.75438596e-03  3.30000000e+00
 -1.75438596e-03  3.30000000e+00 -1.29343116e+00 -1.75438596e-03
  3.30000000e+00 -1.75438596e-03  3.30000000e+00 -7.08858430e-01]",88.58759474754333
0.0,[0.62053907],"[-1.75438596e-03  3.30000000e+00 -1.75438596e-03  3.30000000e+00
 -5.04638672e-01 -1.75438596e-03  3.30000000e+00 -1.75438596e-03
  3.30000000e+00 -1.29343116e+00 -1.75438596e-03  3.30000000e+00
 -1.75438596e-03  3.30000000e+00 -7.08858430e-01 -1.75438596e-03
  3.30000000e+00 -1.75438596e-03  3.30000000e+00 -3.79460931e-01]",88.6676173210144
0.0,[0.78640175],"[-1.75438596e-03  3.30000000e+00 -1.75438596e-03  3.30000000e+00
 -1.29343116e+00 -1.75438596e-03  3.30000000e+00 -1.75438596e-03
  3.30000000e+00 -7.08858430e-01 -1.75438596e-03  3.30000000e+00
 -1.75438596e-03  3.30000000e+00 -3.79460931e-01 -1.75438596e-03
  3.30000000e+00 -1.75438596e-03  3.30000000e+00 -2.13598251e-01]",88.74764847755432
0.0,[-0.13462692],"[-1.75438596e-03  3.30000000e+00 -1.75438596e-03  3.30000000e+00
 -7.08858430e-01 -1.75438596e-03  3.30000000e+00 -1.75438596e-03
  3.30000000e+00 -3.79460931e-01 -1.75438596e-03  3.30000000e+00
 -1.75438596e-03  3.30000000e+00 -2.13598251e-01 -1.75438596e-03
  3.30000000e+00 -1.75438596e-03  3.30000000e+00 -1.13462687e+00]",88.82758855819702
0.0,[-0.44147545],"[-1.75438596e-03  3.30000000e+00 -1.75438596e-03  3.30000000e+00
 -3.79460931e-01 -1.75438596e-03  3.30000000e+00 -1.75438596e-03
  3.30000000e+00 -2.13598251e-01 -1.75438596e-03  3.30000000e+00
 -1.75438596e-03  3.30000000e+00 -1.13462687e+00 -1.75438596e-03
  3.30000000e+00 -1.75438596e-03  3.30000000e+00 -1.44147539e+00]",88.90740299224854
0.0,[-0.17699553],"[-1.75438596e-03  3.30000000e+00 -1.75438596e-03  3.30000000e+00
 -2.13598251e-01 -1.75438596e-03  3.30000000e+00 -1.75438596e-03
  3.30000000e+00 -1.13462687e+00 -1.75438596e-03  3.30000000e+00
 -1.75438596e-03  3.30000000e+00 -1.44147539e+00 -1.75438596e-03
  3.30000000e+00 -1.75438596e-03  3.30000000e+00 -1.17699552e+00]",88.98809242248535
0.0,[-0.6511556],"[-1.75438596e-03  3.30000000e+00 -1.75438596e-03  3.30000000e+00
 -1.13462687e+00 -1.75438596e-03  3.30000000e+00 -1.75438596e-03
  3.30000000e+00 -1.44147539e+00 -1.75438596e-03  3.30000000e+00
 -1.75438596e-03  3.30000000e+00 -1.17699552e+00 -1.75438596e-03
  3.30000000e+00 -1.75438596e-03  3.30000000e+00 -1.65115559e+00]",89.0676429271698
0.0,[-0.3594832],"[-1.75438596e-03  3.30000000e+00 -1.75438596e-03  3.30000000e+00
 -1.44147539e+00 -1.75438596e-03  3.30000000e+00 -1.75438596e-03
  3.30000000e+00 -1.17699552e+00 -1.75438596e-03  3.30000000e+00
 -1.75438596e-03  3.30000000e+00 -1.65115559e+00 -1.75438596e-03
  3.30000000e+00 -1.75438596e-03  3.30000000e+00 -1.35948324e+00]",89.14782214164734
0.0,[0.17169437],"[-1.75438596e-03  3.30000000e+00 -1.75438596e-03  3.30000000e+00
 -1.17699552e+00 -1.75438596e-03  3.30000000e+00 -1.75438596e-03
  3.30000000e+00 -1.65115559e+00 -1.75438596e-03  3.30000000e+00
 -1.75438596e-03  3.30000000e+00 -1.35948324e+00 -1.75438596e-03
  3.30000000e+00 -1.75438596e-03  3.30000000e+00 -8.28305602e-01]",89.2274739742279
0.0,[0.60615253],"[-1.75438596e-03  3.30000000e+00 -1.75438596e-03  3.30000000e+00
 -1.65115559e+00 -1.75438596e-03  3.30000000e+00 -1.75438596e-03
  3.30000000e+00 -1.35948324e+00 -1.75438596e-03  3.30000000e+00
 -1.75438596e-03  3.30000000e+00 -8.28305602e-01 -1.75438596e-03
  3.30000000e+00 -1.75438596e-03  3.30000000e+00 -3.93847466e-01]",89.30746078491211
0.0,[0.3226437],"[-1.75438596e-03  3.30000000e+00 -1.75438596e-03  3.30000000e+00
 -1.35948324e+00 -1.75438596e-03  3.30000000e+00 -1.75438596e-03
  3.30000000e+00 -8.28305602e-01 -1.75438596e-03  3.30000000e+00
 -1.75438596e-03  3.30000000e+00 -3.93847466e-01 -1.75438596e-03
  3.30000000e+00 -1.75438596e-03  3.30000000e+00 -6.77356303e-01]",89.38289046287537
0.0,[0.01413732],"[-1.75438596e-03  3.30000000e+00 -1.75438596e-03  3.30000000e+00
 -8.28305602e-01 -1.75438596e-03  3.30000000e+00 -1.75438596e-03
  3.30000000e+00 -3.93847466e-01 -1.75438596e-03  3.30000000e+00
 -1.75438596e-03  3.30000000e+00 -6.77356303e-01 -1.75438596e-03
  3.30000000e+00 -1.75438596e-03  3.30000000e+00 -9.85862672e-01]",89.46745276451111
0.0,[0.8487748],"[-1.75438596e-03  3.30000000e+00 -1.75438596e-03  3.30000000e+00
 -3.93847466e-01 -1.75438596e-03  3.30000000e+00 -1.75438596e-03
  3.30000000e+00 -6.77356303e-01 -1.75438596e-03  3.30000000e+00
 -1.75438596e-03  3.30000000e+00 -9.85862672e-01 -1.75438596e-03
  3.30000000e+00 -1.75438596e-03  3.30000000e+00 -1.51225209e-01]",89.54763197898865
0.0,[0.66438955],"[-1.75438596e-03  3.30000000e+00 -1.75438596e-03  3.30000000e+00
 -6.77356303e-01 -1.75438596e-03  3.30000000e+00 -1.75438596e-03
  3.30000000e+00 -9.85862672e-01 -1.75438596e-03  3.30000000e+00
 -1.75438596e-03  3.30000000e+00 -1.51225209e-01 -1.75438596e-03
  3.30000000e+00 -1.75438596e-03  3.30000000e+00 -3.35610449e-01]",89.62759780883789
0.0,[-0.59152895],"[-1.75438596e-03  3.30000000e+00 -1.75438596e-03  3.30000000e+00
 -9.85862672e-01 -1.75438596e-03  3.30000000e+00 -1.75438596e-03
  3.30000000e+00 -1.51225209e-01 -1.75438596e-03  3.30000000e+00
 -1.75438596e-03  3.30000000e+00 -3.35610449e-01 -1.75438596e-03
  3.30000000e+00 -1.75438596e-03  3.30000000e+00 -1.59152889e+00]",89.70764231681824
0.0,[-0.6978606],"[-1.75438596e-03  3.30000000e+00 -1.75438596e-03  3.30000000e+00
 -1.51225209e-01 -1.75438596e-03  3.30000000e+00 -1.75438596e-03
  3.30000000e+00 -3.35610449e-01 -1.75438596e-03  3.30000000e+00
 -1.75438596e-03  3.30000000e+00 -1.59152889e+00 -1.75438596e-03
  3.30000000e+00 -1.75438596e-03  3.30000000e+00 -1.69786060e+00]",89.7876410484314
0.0,[-0.61243236],"[-1.75438596e-03  3.30000000e+00 -1.75438596e-03  3.30000000e+00
 -3.35610449e-01 -1.75438596e-03  3.30000000e+00 -1.75438596e-03
  3.30000000e+00 -1.59152889e+00 -1.75438596e-03  3.30000000e+00
 -1.75438596e-03  3.30000000e+00 -1.69786060e+00 -1.75438596e-03
  3.30000000e+00 -1.75438596e-03  3.30000000e+00 -1.61243236e+00]",89.8676335811615
0.0,[0.04912057],"[-1.75438596e-03  3.30000000e+00 -1.75438596e-03  3.30000000e+00
 -1.59152889e+00 -1.75438596e-03  3.30000000e+00 -1.75438596e-03
  3.30000000e+00 -1.69786060e+00 -1.75438596e-03  3.30000000e+00
 -1.75438596e-03  3.30000000e+00 -1.61243236e+00 -1.75438596e-03
  3.30000000e+00 -1.75438596e-03  3.30000000e+00 -9.50879455e-01]",89.94738698005676
0.0,[0.33494827],"[-1.75438596e-03  3.30000000e+00 -1.75438596e-03  3.30000000e+00
 -1.69786060e+00 -1.75438596e-03  3.30000000e+00 -1.75438596e-03
  3.30000000e+00 -1.61243236e+00 -1.75438596e-03  3.30000000e+00
 -1.75438596e-03  3.30000000e+00 -9.50879455e-01 -1.75438596e-03
  3.30000000e+00 -1.75438596e-03  3.30000000e+00 -6.65051699e-01]",90.02764868736267
0.0,[0.21010461],"[-1.75438596e-03  3.30000000e+00 -1.75438596e-03  3.30000000e+00
 -1.61243236e+00 -1.75438596e-03  3.30000000e+00 -1.75438596e-03
  3.30000000e+00 -9.50879455e-01 -1.75438596e-03  3.30000000e+00
 -1.75438596e-03  3.30000000e+00 -6.65051699e-01 -1.75438596e-03
  3.30000000e+00 -1.75438596e-03  3.30000000e+00 -7.89895415e-01]",90.10732650756836
0.0,[-0.8707234],"[-1.75438596e-03  3.30000000e+00 -1.75438596e-03  3.30000000e+00
 -9.50879455e-01 -1.75438596e-03  3.30000000e+00 -1.75438596e-03
  3.30000000e+00 -6.65051699e-01 -1.75438596e-03  3.30000000e+00
 -1.75438596e-03  3.30000000e+00 -7.89895415e-01 -1.75438596e-03
  3.30000000e+00 -1.75438596e-03  3.30000000e+00 -1.87072349e+00]",90.18793392181396
0.0,[0.66583157],"[-1.75438596e-03  3.30000000e+00 -1.75438596e-03  3.30000000e+00
 -6.65051699e-01 -1.75438596e-03  3.30000000e+00 -1.75438596e-03
  3.30000000e+00 -7.89895415e-01 -1.75438596e-03  3.30000000e+00
 -1.75438596e-03  3.30000000e+00 -1.87072349e+00 -1.75438596e-03
  3.30000000e+00 -1.75438596e-03  3.30000000e+00 -3.34168434e-01]",90.2674720287323
0.0,[0.3747212],"[-1.75438596e-03  3.30000000e+00 -1.75438596e-03  3.30000000e+00
 -7.89895415e-01 -1.75438596e-03  3.30000000e+00 -1.75438596e-03
  3.30000000e+00 -1.87072349e+00 -1.75438596e-03  3.30000000e+00
 -1.75438596e-03  3.30000000e+00 -3.34168434e-01 -1.75438596e-03
  3.30000000e+00 -1.75438596e-03  3.30000000e+00 -6.25278831e-01]",90.34746026992798
0.0,[0.7465646],"[-1.75438596e-03  3.30000000e+00 -1.75438596e-03  3.30000000e+00
 -1.87072349e+00 -1.75438596e-03  3.30000000e+00 -1.75438596e-03
  3.30000000e+00 -3.34168434e-01 -1.75438596e-03  3.30000000e+00
 -1.75438596e-03  3.30000000e+00 -6.25278831e-01 -1.75438596e-03
  3.30000000e+00 -1.75438596e-03  3.30000000e+00 -2.53435373e-01]",90.42792534828186
0.0,[-0.29403874],"[-1.75438596e-03  3.30000000e+00 -1.75438596e-03  3.30000000e+00
 -3.34168434e-01 -1.75438596e-03  3.30000000e+00 -1.75438596e-03
  3.30000000e+00 -6.25278831e-01 -1.75438596e-03  3.30000000e+00
 -1.75438596e-03  3.30000000e+00 -2.53435373e-01 -1.75438596e-03
  3.30000000e+00 -1.75438596e-03  3.30000000e+00 -1.29403877e+00]",90.50745034217834
0.0,[0.59857684],"[-1.75438596e-03  3.30000000e+00 -1.75438596e-03  3.30000000e+00
 -6.25278831e-01 -1.75438596e-03  3.30000000e+00 -1.75438596e-03
  3.30000000e+00 -2.53435373e-01 -1.75438596e-03  3.30000000e+00
 -1.75438596e-03  3.30000000e+00 -1.29403877e+00 -1.75438596e-03
  3.30000000e+00 -1.75438596e-03  3.30000000e+00 -4.01423156e-01]",90.58761882781982
0.0,[-0.52636117],"[-1.75438596e-03  3.30000000e+00 -1.75438596e-03  3.30000000e+00
 -2.53435373e-01 -1.75438596e-03  3.30000000e+00 -1.75438596e-03
  3.30000000e+00 -1.29403877e+00 -1.75438596e-03  3.30000000e+00
 -1.75438596e-03  3.30000000e+00 -4.01423156e-01 -1.75438596e-03
  3.30000000e+00 -1.75438596e-03  3.30000000e+00 -1.52636123e+00]",90.66787791252136
0.0,[0.75414777],"[-1.75438596e-03  3.30000000e+00 -1.75438596e-03  3.30000000e+00
 -1.29403877e+00 -1.75438596e-03  3.30000000e+00 -1.75438596e-03
  3.30000000e+00 -4.01423156e-01 -1.75438596e-03  3.30000000e+00
 -1.75438596e-03  3.30000000e+00 -1.52636123e+00 -1.75438596e-03
  3.30000000e+00 -1.75438596e-03  3.30000000e+00 -2.45852232e-01]",90.74775195121765
0.0,[-0.805915],"[-1.75438596e-03  3.30000000e+00 -1.75438596e-03  3.30000000e+00
 -4.01423156e-01 -1.75438596e-03  3.30000000e+00 -1.75438596e-03
  3.30000000e+00 -1.52636123e+00 -1.75438596e-03  3.30000000e+00
 -1.75438596e-03  3.30000000e+00 -2.45852232e-01 -1.75438596e-03
  3.30000000e+00 -1.75438596e-03  3.30000000e+00 -1.80591500e+00]",90.82762503623962
0.0,[-0.42689493],"[-1.75438596e-03  3.30000000e+00 -1.75438596e-03  3.30000000e+00
 -1.52636123e+00 -1.75438596e-03  3.30000000e+00 -1.75438596e-03
  3.30000000e+00 -2.45852232e-01 -1.75438596e-03  3.30000000e+00
 -1.75438596e-03  3.30000000e+00 -1.80591500e+00 -1.75438596e-03
  3.30000000e+00 -1.75438596e-03  3.30000000e+00 -1.42689490e+00]",90.9074776172638
0.0,[0.17598511],"[-1.75438596e-03  3.30000000e+00 -1.75438596e-03  3.30000000e+00
 -2.45852232e-01 -1.75438596e-03  3.30000000e+00 -1.75438596e-03
  3.30000000e+00 -1.80591500e+00 -1.75438596e-03  3.30000000e+00
 -1.75438596e-03  3.30000000e+00 -1.42689490e+00 -1.75438596e-03
  3.30000000e+00 -1.75438596e-03  3.30000000e+00 -8.24014902e-01]",90.98750329017639
0.0,[0.65858716],"[-1.75438596e-03  3.30000000e+00 -1.75438596e-03  3.30000000e+00
 -1.80591500e+00 -1.75438596e-03  3.30000000e+00 -1.75438596e-03
  3.30000000e+00 -1.42689490e+00 -1.75438596e-03  3.30000000e+00
 -1.75438596e-03  3.30000000e+00 -8.24014902e-01 -1.75438596e-03
  3.30000000e+00 -1.75438596e-03  3.30000000e+00 -3.41412842e-01]",91.06748056411743
0.0,[-0.02430331],"[-1.75438596e-03  3.30000000e+00 -1.75438596e-03  3.30000000e+00
 -1.42689490e+00 -1.75438596e-03  3.30000000e+00 -1.75438596e-03
  3.30000000e+00 -8.24014902e-01 -1.75438596e-03  3.30000000e+00
 -1.75438596e-03  3.30000000e+00 -3.41412842e-01 -1.75438596e-03
  3.30000000e+00 -1.75438596e-03  3.30000000e+00 -1.02430332e+00]",91.14736580848694
0.0,[0.7374046],"[-1.75438596e-03  3.30000000e+00 -1.75438596e-03  3.30000000e+00
 -8.24014902e-01 -1.75438596e-03  3.30000000e+00 -1.75438596e-03
  3.30000000e+00 -3.41412842e-01 -1.75438596e-03  3.30000000e+00
 -1.75438596e-03  3.30000000e+00 -1.02430332e+00 -1.75438596e-03
  3.30000000e+00 -1.75438596e-03  3.30000000e+00 -2.62595415e-01]",91.2277626991272
0.0,[0.46962163],"[-1.75438596e-03  3.30000000e+00 -1.75438596e-03  3.30000000e+00
 -3.41412842e-01 -1.75438596e-03  3.30000000e+00 -1.75438596e-03
  3.30000000e+00 -1.02430332e+00 -1.75438596e-03  3.30000000e+00
 -1.75438596e-03  3.30000000e+00 -2.62595415e-01 -1.75438596e-03
  3.30000000e+00 -1.75438596e-03  3.30000000e+00 -5.30378342e-01]",91.31153559684753
0.0,[-0.09970617],"[-1.75438596e-03  3.30000000e+00 -1.75438596e-03  3.30000000e+00
 -1.02430332e+00 -1.75438596e-03  3.30000000e+00 -1.75438596e-03
  3.30000000e+00 -2.62595415e-01 -1.75438596e-03  3.30000000e+00
 -1.75438596e-03  3.30000000e+00 -5.30378342e-01 -1.75438596e-03
  3.30000000e+00 -1.75438596e-03  3.30000000e+00 -1.09970617e+00]",91.39143109321594
0.0,[0.5845872],"[-1.75438596e-03  3.30000000e+00 -1.75438596e-03  3.30000000e+00
 -2.62595415e-01 -1.75438596e-03  3.30000000e+00 -1.75438596e-03
  3.30000000e+00 -5.30378342e-01 -1.75438596e-03  3.30000000e+00
 -1.75438596e-03  3.30000000e+00 -1.09970617e+00 -1.75438596e-03
  3.30000000e+00 -1.75438596e-03  3.30000000e+00 -4.15412784e-01]",91.47155809402466
0.0,[-0.36381456],"[-1.75438596e-03  3.30000000e+00 -1.75438596e-03  3.30000000e+00
 -5.30378342e-01 -1.75438596e-03  3.30000000e+00 -1.75438596e-03
  3.30000000e+00 -1.09970617e+00 -1.75438596e-03  3.30000000e+00
 -1.75438596e-03  3.30000000e+00 -4.15412784e-01 -1.75438596e-03
  3.30000000e+00 -1.75438596e-03  3.30000000e+00 -1.36381459e+00]",91.55151844024658
0.0,[-0.81518114],"[-1.75438596e-03  3.30000000e+00 -1.75438596e-03  3.30000000e+00
 -1.09970617e+00 -1.75438596e-03  3.30000000e+00 -1.75438596e-03
  3.30000000e+00 -4.15412784e-01 -1.75438596e-03  3.30000000e+00
 -1.75438596e-03  3.30000000e+00 -1.36381459e+00 -1.75438596e-03
  3.30000000e+00 -1.75438596e-03  3.30000000e+00 -1.81518114e+00]",91.63158369064331
0.0,[-0.38644785],"[-1.75438596e-03  3.30000000e+00 -1.75438596e-03  3.30000000e+00
 -4.15412784e-01 -1.75438596e-03  3.30000000e+00 -1.75438596e-03
  3.30000000e+00 -1.36381459e+00 -1.75438596e-03  3.30000000e+00
 -1.75438596e-03  3.30000000e+00 -1.81518114e+00 -1.75438596e-03
  3.30000000e+00 -1.75438596e-03  3.30000000e+00 -1.38644791e+00]",91.71157717704773
0.0,[-0.6577619],"[-1.75438596e-03  3.30000000e+00 -1.75438596e-03  3.30000000e+00
 -1.36381459e+00 -1.75438596e-03  3.30000000e+00 -1.75438596e-03
  3.30000000e+00 -1.81518114e+00 -1.75438596e-03  3.30000000e+00
 -1.75438596e-03  3.30000000e+00 -1.38644791e+00 -1.75438596e-03
  3.30000000e+00 -1.75438596e-03  3.30000000e+00 -1.65776181e+00]",91.79154562950134
0.0,[-0.39965734],"[-1.75438596e-03  3.30000000e+00 -1.75438596e-03  3.30000000e+00
 -1.81518114e+00 -1.75438596e-03  3.30000000e+00 -1.75438596e-03
  3.30000000e+00 -1.38644791e+00 -1.75438596e-03  3.30000000e+00
 -1.75438596e-03  3.30000000e+00 -1.65776181e+00 -1.75438596e-03
  3.30000000e+00 -1.75438596e-03  3.30000000e+00 -1.39965737e+00]",91.87156844139099
0.0,[-0.38823888],"[-1.75438596e-03  3.30000000e+00 -1.75438596e-03  3.30000000e+00
 -1.38644791e+00 -1.75438596e-03  3.30000000e+00 -1.75438596e-03
  3.30000000e+00 -1.65776181e+00 -1.75438596e-03  3.30000000e+00
 -1.75438596e-03  3.30000000e+00 -1.39965737e+00 -1.75438596e-03
  3.30000000e+00 -1.75438596e-03  3.30000000e+00 -1.38823891e+00]",91.95140266418457
0.0,[-0.6871709],"[-1.75438596e-03  3.30000000e+00 -1.75438596e-03  3.30000000e+00
 -1.65776181e+00 -1.75438596e-03  3.30000000e+00 -1.75438596e-03
  3.30000000e+00 -1.39965737e+00 -1.75438596e-03  3.30000000e+00
 -1.75438596e-03  3.30000000e+00 -1.38823891e+00 -1.75438596e-03
  3.30000000e+00 -1.75438596e-03  3.30000000e+00 -1.68717098e+00]",92.03162360191345
0.0,[-0.92332876],"[-1.75438596e-03  3.30000000e+00 -1.75438596e-03  3.30000000e+00
 -1.39965737e+00 -1.75438596e-03  3.30000000e+00 -1.75438596e-03
  3.30000000e+00 -1.38823891e+00 -1.75438596e-03  3.30000000e+00
 -1.75438596e-03  3.30000000e+00 -1.68717098e+00 -1.75438596e-03
  3.30000000e+00 -1.75438596e-03  3.30000000e+00 -1.92332876e+00]",92.1115837097168
0.0,[0.10860256],"[-1.75438596e-03  3.30000000e+00 -1.75438596e-03  3.30000000e+00
 -1.38823891e+00 -1.75438596e-03  3.30000000e+00 -1.75438596e-03
  3.30000000e+00 -1.68717098e+00 -1.75438596e-03  3.30000000e+00
 -1.75438596e-03  3.30000000e+00 -1.92332876e+00 -1.75438596e-03
  3.30000000e+00 -1.75438596e-03  3.30000000e+00 -8.91397417e-01]",92.19172286987305
0.0,[0.41011134],"[-1.75438596e-03  3.30000000e+00 -1.75438596e-03  3.30000000e+00
 -1.68717098e+00 -1.75438596e-03  3.30000000e+00 -1.75438596e-03
  3.30000000e+00 -1.92332876e+00 -1.75438596e-03  3.30000000e+00
 -1.75438596e-03  3.30000000e+00 -8.91397417e-01 -1.75438596e-03
  3.30000000e+00 -1.75438596e-03  3.30000000e+00 -5.89888692e-01]",92.27158761024475
0.0,[-0.7709435],"[-1.75438596e-03  3.30000000e+00 -1.75438596e-03  3.30000000e+00
 -1.92332876e+00 -1.75438596e-03  3.30000000e+00 -1.75438596e-03
  3.30000000e+00 -8.91397417e-01 -1.75438596e-03  3.30000000e+00
 -1.75438596e-03  3.30000000e+00 -5.89888692e-01 -1.75438596e-03
  3.30000000e+00 -1.75438596e-03  3.30000000e+00 -1.77094352e+00]",92.35179734230042
