reward,action,obs,time
,,"[ 0.00000000e+00  0.00000000e+00  0.00000000e+00  0.00000000e+00
  0.00000000e+00  0.00000000e+00  0.00000000e+00  0.00000000e+00
  0.00000000e+00  0.00000000e+00  0.00000000e+00  0.00000000e+00
  0.00000000e+00  0.00000000e+00  0.00000000e+00 -1.75438596e-03
  3.30000000e+00 -1.75438596e-03  3.30000000e+00  0.00000000e+00]",134.3872139453888
0.0,[0.64456975],"[ 0.00000000e+00  0.00000000e+00  0.00000000e+00  0.00000000e+00
  0.00000000e+00  0.00000000e+00  0.00000000e+00  0.00000000e+00
  0.00000000e+00  0.00000000e+00 -1.75438596e-03  3.30000000e+00
 -1.75438596e-03  3.30000000e+00  0.00000000e+00 -1.75438596e-03
  3.30000000e+00 -1.75438596e-03  3.30000000e+00 -3.55430245e-01]",134.4352991580963
0.0,[0.99001646],"[ 0.00000000e+00  0.00000000e+00  0.00000000e+00  0.00000000e+00
  0.00000000e+00 -1.75438596e-03  3.30000000e+00 -1.75438596e-03
  3.30000000e+00  0.00000000e+00 -1.75438596e-03  3.30000000e+00
 -1.75438596e-03  3.30000000e+00 -3.55430245e-01 -1.75438596e-03
  3.30000000e+00 -1.75438596e-03  3.30000000e+00 -9.98353958e-03]",134.4411587715149
0.0,[0.48900303],"[-1.75438596e-03  3.30000000e+00 -1.75438596e-03  3.30000000e+00
  0.00000000e+00 -1.75438596e-03  3.30000000e+00 -1.75438596e-03
  3.30000000e+00 -3.55430245e-01 -1.75438596e-03  3.30000000e+00
 -1.75438596e-03  3.30000000e+00 -9.98353958e-03 -1.75438596e-03
  3.30000000e+00 -1.75438596e-03  3.30000000e+00 -5.10996938e-01]",134.45544981956482
0.0,[0.01336341],"[-1.75438596e-03  3.30000000e+00 -1.75438596e-03  3.30000000e+00
 -3.55430245e-01 -1.75438596e-03  3.30000000e+00 -1.75438596e-03
  3.30000000e+00 -9.98353958e-03 -1.75438596e-03  3.30000000e+00
 -1.75438596e-03  3.30000000e+00 -5.10996938e-01 -1.75438596e-03
  3.30000000e+00 -1.75438596e-03  3.30000000e+00 -9.86636579e-01]",134.46905303001404
0.0,[-0.15958261],"[-1.75438596e-03  3.30000000e+00 -1.75438596e-03  3.30000000e+00
 -9.98353958e-03 -1.75438596e-03  3.30000000e+00 -1.75438596e-03
  3.30000000e+00 -5.10996938e-01 -1.75438596e-03  3.30000000e+00
 -1.75438596e-03  3.30000000e+00 -9.86636579e-01 -1.75438596e-03
  3.30000000e+00 -1.75438596e-03  3.30000000e+00 -1.15958261e+00]",134.523672580719
0.0,[0.8105976],"[-1.75438596e-03  3.30000000e+00 -1.75438596e-03  3.30000000e+00
 -5.10996938e-01 -1.75438596e-03  3.30000000e+00 -1.75438596e-03
  3.30000000e+00 -9.86636579e-01 -1.75438596e-03  3.30000000e+00
 -1.75438596e-03  3.30000000e+00 -1.15958261e+00 -1.75438596e-03
  3.30000000e+00 -1.75438596e-03  3.30000000e+00 -1.89402401e-01]",134.60367894172668
0.0,[-0.64804393],"[-1.75438596e-03  3.30000000e+00 -1.75438596e-03  3.30000000e+00
 -9.86636579e-01 -1.75438596e-03  3.30000000e+00 -1.75438596e-03
  3.30000000e+00 -1.15958261e+00 -1.75438596e-03  3.30000000e+00
 -1.75438596e-03  3.30000000e+00 -1.89402401e-01 -1.75438596e-03
  3.30000000e+00 -1.75438596e-03  3.30000000e+00 -1.64804387e+00]",134.68349623680115
0.0,[-0.7047956],"[-1.75438596e-03  3.30000000e+00 -1.75438596e-03  3.30000000e+00
 -1.15958261e+00 -1.75438596e-03  3.30000000e+00 -1.75438596e-03
  3.30000000e+00 -1.89402401e-01 -1.75438596e-03  3.30000000e+00
 -1.75438596e-03  3.30000000e+00 -1.64804387e+00 -1.75438596e-03
  3.30000000e+00 -1.75438596e-03  3.30000000e+00 -1.70479560e+00]",134.76372027397156
0.0,[0.93875504],"[-1.75438596e-03  3.30000000e+00 -1.75438596e-03  3.30000000e+00
 -1.89402401e-01 -1.75438596e-03  3.30000000e+00 -1.75438596e-03
  3.30000000e+00 -1.64804387e+00 -1.75438596e-03  3.30000000e+00
 -1.75438596e-03  3.30000000e+00 -1.70479560e+00 -1.75438596e-03
  3.30000000e+00 -1.75438596e-03  3.30000000e+00 -6.12449646e-02]",134.84362506866455
0.0,[0.0713557],"[-1.75438596e-03  3.30000000e+00 -1.75438596e-03  3.30000000e+00
 -1.64804387e+00 -1.75438596e-03  3.30000000e+00 -1.75438596e-03
  3.30000000e+00 -1.70479560e+00 -1.75438596e-03  3.30000000e+00
 -1.75438596e-03  3.30000000e+00 -6.12449646e-02 -1.75438596e-03
  3.30000000e+00 -1.75438596e-03  3.30000000e+00 -9.28644300e-01]",134.92373371124268
0.0,[-0.7576257],"[-1.75438596e-03  3.30000000e+00 -1.75438596e-03  3.30000000e+00
 -1.70479560e+00 -1.75438596e-03  3.30000000e+00 -1.75438596e-03
  3.30000000e+00 -6.12449646e-02 -1.75438596e-03  3.30000000e+00
 -1.75438596e-03  3.30000000e+00 -9.28644300e-01 -1.75438596e-03
  3.30000000e+00 -1.75438596e-03  3.30000000e+00 -1.75762570e+00]",135.00351929664612
0.0,[-0.49305567],"[-1.75438596e-03  3.30000000e+00 -1.75438596e-03  3.30000000e+00
 -6.12449646e-02 -1.75438596e-03  3.30000000e+00 -1.75438596e-03
  3.30000000e+00 -9.28644300e-01 -1.75438596e-03  3.30000000e+00
 -1.75438596e-03  3.30000000e+00 -1.75762570e+00 -1.75438596e-03
  3.30000000e+00 -1.75438596e-03  3.30000000e+00 -1.49305570e+00]",135.08380579948425
0.0,[-0.09323014],"[-1.75438596e-03  3.30000000e+00 -1.75438596e-03  3.30000000e+00
 -9.28644300e-01 -1.75438596e-03  3.30000000e+00 -1.75438596e-03
  3.30000000e+00 -1.75762570e+00 -1.75438596e-03  3.30000000e+00
 -1.75438596e-03  3.30000000e+00 -1.49305570e+00 -1.75438596e-03
  3.30000000e+00 -1.75438596e-03  3.30000000e+00 -1.09323013e+00]",135.163733959198
0.0,[-0.57879144],"[-1.75438596e-03  3.30000000e+00 -1.75438596e-03  3.30000000e+00
 -1.75762570e+00 -1.75438596e-03  3.30000000e+00 -1.75438596e-03
  3.30000000e+00 -1.49305570e+00 -1.75438596e-03  3.30000000e+00
 -1.75438596e-03  3.30000000e+00 -1.09323013e+00 -1.75438596e-03
  3.30000000e+00 -1.75438596e-03  3.30000000e+00 -1.57879138e+00]",135.24358010292053
0.0,[0.71489906],"[-1.75438596e-03  3.30000000e+00 -1.75438596e-03  3.30000000e+00
 -1.49305570e+00 -1.75438596e-03  3.30000000e+00 -1.75438596e-03
  3.30000000e+00 -1.09323013e+00 -1.75438596e-03  3.30000000e+00
 -1.75438596e-03  3.30000000e+00 -1.57879138e+00 -1.75438596e-03
  3.30000000e+00 -1.75438596e-03  3.30000000e+00 -2.85100937e-01]",135.32344603538513
0.0,[0.8268977],"[-1.75438596e-03  3.30000000e+00 -1.75438596e-03  3.30000000e+00
 -1.09323013e+00 -1.75438596e-03  3.30000000e+00 -1.75438596e-03
  3.30000000e+00 -1.57879138e+00 -1.75438596e-03  3.30000000e+00
 -1.75438596e-03  3.30000000e+00 -2.85100937e-01 -1.75438596e-03
  3.30000000e+00 -1.75438596e-03  3.30000000e+00 -1.73102319e-01]",135.40355825424194
0.0,[0.7762131],"[-1.75438596e-03  3.30000000e+00 -1.75438596e-03  3.30000000e+00
 -1.57879138e+00 -1.75438596e-03  3.30000000e+00 -1.75438596e-03
  3.30000000e+00 -2.85100937e-01 -1.75438596e-03  3.30000000e+00
 -1.75438596e-03  3.30000000e+00 -1.73102319e-01 -1.75438596e-03
  3.30000000e+00 -1.75438596e-03  3.30000000e+00 -2.23786891e-01]",135.483882188797
0.0,[-0.4598079],"[-1.75438596e-03  3.30000000e+00 -1.75438596e-03  3.30000000e+00
 -2.85100937e-01 -1.75438596e-03  3.30000000e+00 -1.75438596e-03
  3.30000000e+00 -1.73102319e-01 -1.75438596e-03  3.30000000e+00
 -1.75438596e-03  3.30000000e+00 -2.23786891e-01 -1.75438596e-03
  3.30000000e+00 -1.75438596e-03  3.30000000e+00 -1.45980787e+00]",135.5637288093567
0.0,[-0.7336966],"[-1.75438596e-03  3.30000000e+00 -1.75438596e-03  3.30000000e+00
 -1.73102319e-01 -1.75438596e-03  3.30000000e+00 -1.75438596e-03
  3.30000000e+00 -2.23786891e-01 -1.75438596e-03  3.30000000e+00
 -1.75438596e-03  3.30000000e+00 -1.45980787e+00 -1.75438596e-03
  3.30000000e+00 -1.75438596e-03  3.30000000e+00 -1.73369658e+00]",135.64349913597107
0.0,[-0.33857054],"[-1.75438596e-03  3.30000000e+00 -1.75438596e-03  3.30000000e+00
 -2.23786891e-01 -1.75438596e-03  3.30000000e+00 -1.75438596e-03
  3.30000000e+00 -1.45980787e+00 -1.75438596e-03  3.30000000e+00
 -1.75438596e-03  3.30000000e+00 -1.73369658e+00 -1.75438596e-03
  3.30000000e+00 -1.75438596e-03  3.30000000e+00 -1.33857059e+00]",135.7236635684967
0.0,[-0.06610602],"[-1.75438596e-03  3.30000000e+00 -1.75438596e-03  3.30000000e+00
 -1.45980787e+00 -1.75438596e-03  3.30000000e+00 -1.75438596e-03
  3.30000000e+00 -1.73369658e+00 -1.75438596e-03  3.30000000e+00
 -1.75438596e-03  3.30000000e+00 -1.33857059e+00 -1.75438596e-03
  3.30000000e+00 -1.75438596e-03  3.30000000e+00 -1.06610608e+00]",135.80403566360474
0.0,[-0.63714314],"[-1.75438596e-03  3.30000000e+00 -1.75438596e-03  3.30000000e+00
 -1.73369658e+00 -1.75438596e-03  3.30000000e+00 -1.75438596e-03
  3.30000000e+00 -1.33857059e+00 -1.75438596e-03  3.30000000e+00
 -1.75438596e-03  3.30000000e+00 -1.06610608e+00 -1.75438596e-03
  3.30000000e+00 -1.75438596e-03  3.30000000e+00 -1.63714314e+00]",135.88376259803772
0.0,[-0.8771109],"[-1.75438596e-03  3.30000000e+00 -1.75438596e-03  3.30000000e+00
 -1.33857059e+00 -1.75438596e-03  3.30000000e+00 -1.75438596e-03
  3.30000000e+00 -1.06610608e+00 -1.75438596e-03  3.30000000e+00
 -1.75438596e-03  3.30000000e+00 -1.63714314e+00 -1.75438596e-03
  3.30000000e+00 -1.75438596e-03  3.30000000e+00 -1.87711096e+00]",135.96365237236023
0.0,[0.77900934],"[-1.75438596e-03  3.30000000e+00 -1.75438596e-03  3.30000000e+00
 -1.06610608e+00 -1.75438596e-03  3.30000000e+00 -1.75438596e-03
  3.30000000e+00 -1.63714314e+00 -1.75438596e-03  3.30000000e+00
 -1.75438596e-03  3.30000000e+00 -1.87711096e+00 -1.75438596e-03
  3.30000000e+00 -1.75438596e-03  3.30000000e+00 -2.20990658e-01]",136.04351496696472
0.0,[0.7809586],"[-1.75438596e-03  3.30000000e+00 -1.75438596e-03  3.30000000e+00
 -1.63714314e+00 -1.75438596e-03  3.30000000e+00 -1.75438596e-03
  3.30000000e+00 -1.87711096e+00 -1.75438596e-03  3.30000000e+00
 -1.75438596e-03  3.30000000e+00 -2.20990658e-01 -1.75438596e-03
  3.30000000e+00 -1.75438596e-03  3.30000000e+00 -2.19041407e-01]",136.12363290786743
0.0,[-0.86586165],"[-1.75438596e-03  3.30000000e+00 -1.75438596e-03  3.30000000e+00
 -1.87711096e+00 -1.75438596e-03  3.30000000e+00 -1.75438596e-03
  3.30000000e+00 -2.20990658e-01 -1.75438596e-03  3.30000000e+00
 -1.75438596e-03  3.30000000e+00 -2.19041407e-01 -1.75438596e-03
  3.30000000e+00 -1.75438596e-03  3.30000000e+00 -1.86586165e+00]",136.20353174209595
0.0,[0.27676168],"[-1.75438596e-03  3.30000000e+00 -1.75438596e-03  3.30000000e+00
 -2.20990658e-01 -1.75438596e-03  3.30000000e+00 -1.75438596e-03
  3.30000000e+00 -2.19041407e-01 -1.75438596e-03  3.30000000e+00
 -1.75438596e-03  3.30000000e+00 -1.86586165e+00 -1.75438596e-03
  3.30000000e+00 -1.75438596e-03  3.30000000e+00 -7.23238349e-01]",136.2835078239441
0.0,[-0.6942637],"[-1.75438596e-03  3.30000000e+00 -1.75438596e-03  3.30000000e+00
 -2.19041407e-01 -1.75438596e-03  3.30000000e+00 -1.75438596e-03
  3.30000000e+00 -1.86586165e+00 -1.75438596e-03  3.30000000e+00
 -1.75438596e-03  3.30000000e+00 -7.23238349e-01 -1.75438596e-03
  3.30000000e+00 -1.75438596e-03  3.30000000e+00 -1.69426370e+00]",136.36348700523376
0.0,[0.38166177],"[-1.75438596e-03  3.30000000e+00 -1.75438596e-03  3.30000000e+00
 -1.86586165e+00 -1.75438596e-03  3.30000000e+00 -1.75438596e-03
  3.30000000e+00 -7.23238349e-01 -1.75438596e-03  3.30000000e+00
 -1.75438596e-03  3.30000000e+00 -1.69426370e+00 -1.75438596e-03
  3.30000000e+00 -1.75438596e-03  3.30000000e+00 -6.18338227e-01]",136.4436173439026
0.0,[0.5561988],"[-1.75438596e-03  3.30000000e+00 -1.75438596e-03  3.30000000e+00
 -7.23238349e-01 -1.75438596e-03  3.30000000e+00 -1.75438596e-03
  3.30000000e+00 -1.69426370e+00 -1.75438596e-03  3.30000000e+00
 -1.75438596e-03  3.30000000e+00 -6.18338227e-01 -1.75438596e-03
  3.30000000e+00 -1.75438596e-03  3.30000000e+00 -4.43801224e-01]",136.52367568016052
0.0,[0.5492419],"[-1.75438596e-03  3.30000000e+00 -1.75438596e-03  3.30000000e+00
 -1.69426370e+00 -1.75438596e-03  3.30000000e+00 -1.75438596e-03
  3.30000000e+00 -6.18338227e-01 -1.75438596e-03  3.30000000e+00
 -1.75438596e-03  3.30000000e+00 -4.43801224e-01 -1.75438596e-03
  3.30000000e+00 -1.75438596e-03  3.30000000e+00 -4.50758100e-01]",136.60360145568848
0.0,[0.58034074],"[-1.75438596e-03  3.30000000e+00 -1.75438596e-03  3.30000000e+00
 -6.18338227e-01 -1.75438596e-03  3.30000000e+00 -1.75438596e-03
  3.30000000e+00 -4.43801224e-01 -1.75438596e-03  3.30000000e+00
 -1.75438596e-03  3.30000000e+00 -4.50758100e-01 -1.75438596e-03
  3.30000000e+00 -1.75438596e-03  3.30000000e+00 -4.19659257e-01]",136.68369317054749
0.0,[-0.88198453],"[-1.75438596e-03  3.30000000e+00 -1.75438596e-03  3.30000000e+00
 -4.43801224e-01 -1.75438596e-03  3.30000000e+00 -1.75438596e-03
  3.30000000e+00 -4.50758100e-01 -1.75438596e-03  3.30000000e+00
 -1.75438596e-03  3.30000000e+00 -4.19659257e-01 -1.75438596e-03
  3.30000000e+00 -1.75438596e-03  3.30000000e+00 -1.88198447e+00]",136.7643461227417
0.0,[-0.06295322],"[-1.75438596e-03  3.30000000e+00 -1.75438596e-03  3.30000000e+00
 -4.50758100e-01 -1.75438596e-03  3.30000000e+00 -1.75438596e-03
  3.30000000e+00 -4.19659257e-01 -1.75438596e-03  3.30000000e+00
 -1.75438596e-03  3.30000000e+00 -1.88198447e+00 -1.75438596e-03
  3.30000000e+00 -1.75438596e-03  3.30000000e+00 -1.06295323e+00]",136.84374833106995
0.0,[0.8349308],"[-1.75438596e-03  3.30000000e+00 -1.75438596e-03  3.30000000e+00
 -4.19659257e-01 -1.75438596e-03  3.30000000e+00 -1.75438596e-03
  3.30000000e+00 -1.88198447e+00 -1.75438596e-03  3.30000000e+00
 -1.75438596e-03  3.30000000e+00 -1.06295323e+00 -1.75438596e-03
  3.30000000e+00 -1.75438596e-03  3.30000000e+00 -1.65069222e-01]",136.9328224658966
0.0,[0.38106662],"[-1.75438596e-03  3.30000000e+00 -1.75438596e-03  3.30000000e+00
 -1.88198447e+00 -1.75438596e-03  3.30000000e+00 -1.75438596e-03
  3.30000000e+00 -1.06295323e+00 -1.75438596e-03  3.30000000e+00
 -1.75438596e-03  3.30000000e+00 -1.65069222e-01 -1.75438596e-03
  3.30000000e+00 -1.75438596e-03  3.30000000e+00 -6.18933380e-01]",137.0035469532013
0.0,[0.42919144],"[-1.75438596e-03  3.30000000e+00 -1.75438596e-03  3.30000000e+00
 -1.06295323e+00 -1.75438596e-03  3.30000000e+00 -1.75438596e-03
  3.30000000e+00 -1.65069222e-01 -1.75438596e-03  3.30000000e+00
 -1.75438596e-03  3.30000000e+00 -6.18933380e-01 -1.75438596e-03
  3.30000000e+00 -1.75438596e-03  3.30000000e+00 -5.70808530e-01]",137.0840973854065
0.0,[-0.91168535],"[-1.75438596e-03  3.30000000e+00 -1.75438596e-03  3.30000000e+00
 -1.65069222e-01 -1.75438596e-03  3.30000000e+00 -1.75438596e-03
  3.30000000e+00 -6.18933380e-01 -1.75438596e-03  3.30000000e+00
 -1.75438596e-03  3.30000000e+00 -5.70808530e-01 -1.75438596e-03
  3.30000000e+00 -1.75438596e-03  3.30000000e+00 -1.91168535e+00]",137.16355752944946
0.0,[-0.58043367],"[-1.75438596e-03  3.30000000e+00 -1.75438596e-03  3.30000000e+00
 -6.18933380e-01 -1.75438596e-03  3.30000000e+00 -1.75438596e-03
  3.30000000e+00 -5.70808530e-01 -1.75438596e-03  3.30000000e+00
 -1.75438596e-03  3.30000000e+00 -1.91168535e+00 -1.75438596e-03
  3.30000000e+00 -1.75438596e-03  3.30000000e+00 -1.58043361e+00]",137.2436490058899
0.0,[0.72691256],"[-1.75438596e-03  3.30000000e+00 -1.75438596e-03  3.30000000e+00
 -5.70808530e-01 -1.75438596e-03  3.30000000e+00 -1.75438596e-03
  3.30000000e+00 -1.91168535e+00 -1.75438596e-03  3.30000000e+00
 -1.75438596e-03  3.30000000e+00 -1.58043361e+00 -1.75438596e-03
  3.30000000e+00 -1.75438596e-03  3.30000000e+00 -2.73087442e-01]",137.32409405708313
0.0,[-0.1171113],"[-1.75438596e-03  3.30000000e+00 -1.75438596e-03  3.30000000e+00
 -1.91168535e+00 -1.75438596e-03  3.30000000e+00 -1.75438596e-03
  3.30000000e+00 -1.58043361e+00 -1.75438596e-03  3.30000000e+00
 -1.75438596e-03  3.30000000e+00 -2.73087442e-01 -1.75438596e-03
  3.30000000e+00 -1.75438596e-03  3.30000000e+00 -1.11711133e+00]",137.4035348892212
0.0,[0.15238038],"[-1.75438596e-03  3.30000000e+00 -1.75438596e-03  3.30000000e+00
 -1.58043361e+00 -1.75438596e-03  3.30000000e+00 -1.75438596e-03
  3.30000000e+00 -2.73087442e-01 -1.75438596e-03  3.30000000e+00
 -1.75438596e-03  3.30000000e+00 -1.11711133e+00 -1.75438596e-03
  3.30000000e+00 -1.75438596e-03  3.30000000e+00 -8.47619653e-01]",137.4837520122528
0.0,[0.43310565],"[-1.75438596e-03  3.30000000e+00 -1.75438596e-03  3.30000000e+00
 -2.73087442e-01 -1.75438596e-03  3.30000000e+00 -1.75438596e-03
  3.30000000e+00 -1.11711133e+00 -1.75438596e-03  3.30000000e+00
 -1.75438596e-03  3.30000000e+00 -8.47619653e-01 -1.75438596e-03
  3.30000000e+00 -1.75438596e-03  3.30000000e+00 -5.66894352e-01]",137.56358814239502
0.0,[-0.6676223],"[-1.75438596e-03  3.30000000e+00 -1.75438596e-03  3.30000000e+00
 -1.11711133e+00 -1.75438596e-03  3.30000000e+00 -1.75438596e-03
  3.30000000e+00 -8.47619653e-01 -1.75438596e-03  3.30000000e+00
 -1.75438596e-03  3.30000000e+00 -5.66894352e-01 -1.75438596e-03
  3.30000000e+00 -1.75438596e-03  3.30000000e+00 -1.66762233e+00]",137.64373207092285
0.0,[0.38262913],"[-1.75438596e-03  3.30000000e+00 -1.75438596e-03  3.30000000e+00
 -8.47619653e-01 -1.75438596e-03  3.30000000e+00 -1.75438596e-03
  3.30000000e+00 -5.66894352e-01 -1.75438596e-03  3.30000000e+00
 -1.75438596e-03  3.30000000e+00 -1.66762233e+00 -1.75438596e-03
  3.30000000e+00 -1.75438596e-03  3.30000000e+00 -6.17370844e-01]",137.72387742996216
0.0,[-0.13130733],"[-1.75438596e-03  3.30000000e+00 -1.75438596e-03  3.30000000e+00
 -5.66894352e-01 -1.75438596e-03  3.30000000e+00 -1.75438596e-03
  3.30000000e+00 -1.66762233e+00 -1.75438596e-03  3.30000000e+00
 -1.75438596e-03  3.30000000e+00 -6.17370844e-01 -1.75438596e-03
  3.30000000e+00 -1.75438596e-03  3.30000000e+00 -1.13130736e+00]",137.8020522594452
0.0,[0.38766992],"[-1.75438596e-03  3.30000000e+00 -1.75438596e-03  3.30000000e+00
 -1.66762233e+00 -1.75438596e-03  3.30000000e+00 -1.75438596e-03
  3.30000000e+00 -6.17370844e-01 -1.75438596e-03  3.30000000e+00
 -1.75438596e-03  3.30000000e+00 -1.13130736e+00 -1.75438596e-03
  3.30000000e+00 -1.75438596e-03  3.30000000e+00 -6.12330079e-01]",137.88372230529785
0.0,[0.36279535],"[-1.75438596e-03  3.30000000e+00 -1.75438596e-03  3.30000000e+00
 -6.17370844e-01 -1.75438596e-03  3.30000000e+00 -1.75438596e-03
  3.30000000e+00 -1.13130736e+00 -1.75438596e-03  3.30000000e+00
 -1.75438596e-03  3.30000000e+00 -6.12330079e-01 -1.75438596e-03
  3.30000000e+00 -1.75438596e-03  3.30000000e+00 -6.37204647e-01]",137.96372747421265
0.0,[-0.41081256],"[-1.75438596e-03  3.30000000e+00 -1.75438596e-03  3.30000000e+00
 -1.13130736e+00 -1.75438596e-03  3.30000000e+00 -1.75438596e-03
  3.30000000e+00 -6.12330079e-01 -1.75438596e-03  3.30000000e+00
 -1.75438596e-03  3.30000000e+00 -6.37204647e-01 -1.75438596e-03
  3.30000000e+00 -1.75438596e-03  3.30000000e+00 -1.41081262e+00]",138.0434250831604
0.0,[0.5338404],"[-1.75438596e-03  3.30000000e+00 -1.75438596e-03  3.30000000e+00
 -6.12330079e-01 -1.75438596e-03  3.30000000e+00 -1.75438596e-03
  3.30000000e+00 -6.37204647e-01 -1.75438596e-03  3.30000000e+00
 -1.75438596e-03  3.30000000e+00 -1.41081262e+00 -1.75438596e-03
  3.30000000e+00 -1.75438596e-03  3.30000000e+00 -4.66159582e-01]",138.12429356575012
0.0,[-0.12019362],"[-1.75438596e-03  3.30000000e+00 -1.75438596e-03  3.30000000e+00
 -6.37204647e-01 -1.75438596e-03  3.30000000e+00 -1.75438596e-03
  3.30000000e+00 -1.41081262e+00 -1.75438596e-03  3.30000000e+00
 -1.75438596e-03  3.30000000e+00 -4.66159582e-01 -1.75438596e-03
  3.30000000e+00 -1.75438596e-03  3.30000000e+00 -1.12019360e+00]",138.20523142814636
0.0,[-0.05138078],"[-1.75438596e-03  3.30000000e+00 -1.75438596e-03  3.30000000e+00
 -1.41081262e+00 -1.75438596e-03  3.30000000e+00 -1.75438596e-03
  3.30000000e+00 -4.66159582e-01 -1.75438596e-03  3.30000000e+00
 -1.75438596e-03  3.30000000e+00 -1.12019360e+00 -1.75438596e-03
  3.30000000e+00 -1.75438596e-03  3.30000000e+00 -1.05138075e+00]",138.27842617034912
0.0,[-0.6050272],"[-1.75438596e-03  3.30000000e+00 -1.75438596e-03  3.30000000e+00
 -4.66159582e-01 -1.75438596e-03  3.30000000e+00 -1.75438596e-03
  3.30000000e+00 -1.12019360e+00 -1.75438596e-03  3.30000000e+00
 -1.75438596e-03  3.30000000e+00 -1.05138075e+00 -1.75438596e-03
  3.30000000e+00 -1.75438596e-03  3.30000000e+00 -1.60502720e+00]",138.36363220214844
0.0,[0.19050774],"[-1.75438596e-03  3.30000000e+00 -1.75438596e-03  3.30000000e+00
 -1.12019360e+00 -1.75438596e-03  3.30000000e+00 -1.75438596e-03
  3.30000000e+00 -1.05138075e+00 -1.75438596e-03  3.30000000e+00
 -1.75438596e-03  3.30000000e+00 -1.60502720e+00 -1.75438596e-03
  3.30000000e+00 -1.75438596e-03  3.30000000e+00 -8.09492230e-01]",138.44354963302612
0.0,[0.616014],"[-1.75438596e-03  3.30000000e+00 -1.75438596e-03  3.30000000e+00
 -1.05138075e+00 -1.75438596e-03  3.30000000e+00 -1.75438596e-03
  3.30000000e+00 -1.60502720e+00 -1.75438596e-03  3.30000000e+00
 -1.75438596e-03  3.30000000e+00 -8.09492230e-01 -1.75438596e-03
  3.30000000e+00 -1.75438596e-03  3.30000000e+00 -3.83985996e-01]",138.52356839179993
0.0,[-0.51896614],"[-1.75438596e-03  3.30000000e+00 -1.75438596e-03  3.30000000e+00
 -1.60502720e+00 -1.75438596e-03  3.30000000e+00 -1.75438596e-03
  3.30000000e+00 -8.09492230e-01 -1.75438596e-03  3.30000000e+00
 -1.75438596e-03  3.30000000e+00 -3.83985996e-01 -1.75438596e-03
  3.30000000e+00 -1.75438596e-03  3.30000000e+00 -1.51896620e+00]",138.6035418510437
0.0,[-0.13613391],"[-1.75438596e-03  3.30000000e+00 -1.75438596e-03  3.30000000e+00
 -8.09492230e-01 -1.75438596e-03  3.30000000e+00 -1.75438596e-03
  3.30000000e+00 -3.83985996e-01 -1.75438596e-03  3.30000000e+00
 -1.75438596e-03  3.30000000e+00 -1.51896620e+00 -1.75438596e-03
  3.30000000e+00 -1.75438596e-03  3.30000000e+00 -1.13613391e+00]",138.687641620636
0.0,[0.69342667],"[-1.75438596e-03  3.30000000e+00 -1.75438596e-03  3.30000000e+00
 -3.83985996e-01 -1.75438596e-03  3.30000000e+00 -1.75438596e-03
  3.30000000e+00 -1.51896620e+00 -1.75438596e-03  3.30000000e+00
 -1.75438596e-03  3.30000000e+00 -1.13613391e+00 -1.75438596e-03
  3.30000000e+00 -1.75438596e-03  3.30000000e+00 -3.06573331e-01]",138.767560005188
0.0,[-0.9563915],"[-1.75438596e-03  3.30000000e+00 -1.75438596e-03  3.30000000e+00
 -1.51896620e+00 -1.75438596e-03  3.30000000e+00 -1.75438596e-03
  3.30000000e+00 -1.13613391e+00 -1.75438596e-03  3.30000000e+00
 -1.75438596e-03  3.30000000e+00 -3.06573331e-01 -1.75438596e-03
  3.30000000e+00 -1.75438596e-03  3.30000000e+00 -1.95639157e+00]",138.84754133224487
0.0,[-0.54279584],"[-1.75438596e-03  3.30000000e+00 -1.75438596e-03  3.30000000e+00
 -1.13613391e+00 -1.75438596e-03  3.30000000e+00 -1.75438596e-03
  3.30000000e+00 -3.06573331e-01 -1.75438596e-03  3.30000000e+00
 -1.75438596e-03  3.30000000e+00 -1.95639157e+00 -1.75438596e-03
  3.30000000e+00 -1.75438596e-03  3.30000000e+00 -1.54279590e+00]",138.92750525474548
0.0,[-0.8849866],"[-1.75438596e-03  3.30000000e+00 -1.75438596e-03  3.30000000e+00
 -3.06573331e-01 -1.75438596e-03  3.30000000e+00 -1.75438596e-03
  3.30000000e+00 -1.95639157e+00 -1.75438596e-03  3.30000000e+00
 -1.75438596e-03  3.30000000e+00 -1.54279590e+00 -1.75438596e-03
  3.30000000e+00 -1.75438596e-03  3.30000000e+00 -1.88498664e+00]",139.0074646472931
0.0,[0.970427],"[-1.75438596e-03  3.30000000e+00 -1.75438596e-03  3.30000000e+00
 -1.95639157e+00 -1.75438596e-03  3.30000000e+00 -1.75438596e-03
  3.30000000e+00 -1.54279590e+00 -1.75438596e-03  3.30000000e+00
 -1.75438596e-03  3.30000000e+00 -1.88498664e+00 -1.75438596e-03
  3.30000000e+00 -1.75438596e-03  3.30000000e+00 -2.95730233e-02]",139.08751130104065
0.0,[-0.66512555],"[-1.75438596e-03  3.30000000e+00 -1.75438596e-03  3.30000000e+00
 -1.54279590e+00 -1.75438596e-03  3.30000000e+00 -1.75438596e-03
  3.30000000e+00 -1.88498664e+00 -1.75438596e-03  3.30000000e+00
 -1.75438596e-03  3.30000000e+00 -2.95730233e-02 -1.75438596e-03
  3.30000000e+00 -1.75438596e-03  3.30000000e+00 -1.66512561e+00]",139.16764664649963
0.0,[-0.03345817],"[-1.75438596e-03  3.30000000e+00 -1.75438596e-03  3.30000000e+00
 -1.88498664e+00 -1.75438596e-03  3.30000000e+00 -1.75438596e-03
  3.30000000e+00 -2.95730233e-02 -1.75438596e-03  3.30000000e+00
 -1.75438596e-03  3.30000000e+00 -1.66512561e+00 -1.75438596e-03
  3.30000000e+00 -1.75438596e-03  3.30000000e+00 -1.03345811e+00]",139.24751925468445
0.0,[0.19243282],"[-1.75438596e-03  3.30000000e+00 -1.75438596e-03  3.30000000e+00
 -2.95730233e-02 -1.75438596e-03  3.30000000e+00 -1.75438596e-03
  3.30000000e+00 -1.66512561e+00 -1.75438596e-03  3.30000000e+00
 -1.75438596e-03  3.30000000e+00 -1.03345811e+00 -1.75438596e-03
  3.30000000e+00 -1.75438596e-03  3.30000000e+00 -8.07567179e-01]",139.3280065059662
0.0,[-2.4739653e-05],"[-1.75438596e-03  3.30000000e+00 -1.75438596e-03  3.30000000e+00
 -1.66512561e+00 -1.75438596e-03  3.30000000e+00 -1.75438596e-03
  3.30000000e+00 -1.03345811e+00 -1.75438596e-03  3.30000000e+00
 -1.75438596e-03  3.30000000e+00 -8.07567179e-01 -1.75438596e-03
  3.30000000e+00 -1.75438596e-03  3.30000000e+00 -1.00002480e+00]",139.4075231552124
0.0,[0.44908336],"[-1.75438596e-03  3.30000000e+00 -1.75438596e-03  3.30000000e+00
 -1.03345811e+00 -1.75438596e-03  3.30000000e+00 -1.75438596e-03
  3.30000000e+00 -8.07567179e-01 -1.75438596e-03  3.30000000e+00
 -1.75438596e-03  3.30000000e+00 -1.00002480e+00 -1.75438596e-03
  3.30000000e+00 -1.75438596e-03  3.30000000e+00 -5.50916672e-01]",139.48743772506714
0.0,[0.4540187],"[-1.75438596e-03  3.30000000e+00 -1.75438596e-03  3.30000000e+00
 -8.07567179e-01 -1.75438596e-03  3.30000000e+00 -1.75438596e-03
  3.30000000e+00 -1.00002480e+00 -1.75438596e-03  3.30000000e+00
 -1.75438596e-03  3.30000000e+00 -5.50916672e-01 -1.75438596e-03
  3.30000000e+00 -1.75438596e-03  3.30000000e+00 -5.45981288e-01]",139.56752562522888
0.0,[0.70032465],"[-1.75438596e-03  3.30000000e+00 -1.75438596e-03  3.30000000e+00
 -1.00002480e+00 -1.75438596e-03  3.30000000e+00 -1.75438596e-03
  3.30000000e+00 -5.50916672e-01 -1.75438596e-03  3.30000000e+00
 -1.75438596e-03  3.30000000e+00 -5.45981288e-01 -1.75438596e-03
  3.30000000e+00 -1.75438596e-03  3.30000000e+00 -2.99675345e-01]",139.6474483013153
0.0,[-0.40052366],"[-1.75438596e-03  3.30000000e+00 -1.75438596e-03  3.30000000e+00
 -5.50916672e-01 -1.75438596e-03  3.30000000e+00 -1.75438596e-03
  3.30000000e+00 -5.45981288e-01 -1.75438596e-03  3.30000000e+00
 -1.75438596e-03  3.30000000e+00 -2.99675345e-01 -1.75438596e-03
  3.30000000e+00 -1.75438596e-03  3.30000000e+00 -1.40052366e+00]",139.72746539115906
0.0,[-0.17890798],"[-1.75438596e-03  3.30000000e+00 -1.75438596e-03  3.30000000e+00
 -5.45981288e-01 -1.75438596e-03  3.30000000e+00 -1.75438596e-03
  3.30000000e+00 -2.99675345e-01 -1.75438596e-03  3.30000000e+00
 -1.75438596e-03  3.30000000e+00 -1.40052366e+00 -1.75438596e-03
  3.30000000e+00 -1.75438596e-03  3.30000000e+00 -1.17890799e+00]",139.80760169029236
0.0,[0.9671529],"[-1.75438596e-03  3.30000000e+00 -1.75438596e-03  3.30000000e+00
 -2.99675345e-01 -1.75438596e-03  3.30000000e+00 -1.75438596e-03
  3.30000000e+00 -1.40052366e+00 -1.75438596e-03  3.30000000e+00
 -1.75438596e-03  3.30000000e+00 -1.17890799e+00 -1.75438596e-03
  3.30000000e+00 -1.75438596e-03  3.30000000e+00 -3.28471065e-02]",139.8875961303711
0.0,[-0.8379755],"[-1.75438596e-03  3.30000000e+00 -1.75438596e-03  3.30000000e+00
 -1.40052366e+00 -1.75438596e-03  3.30000000e+00 -1.75438596e-03
  3.30000000e+00 -1.17890799e+00 -1.75438596e-03  3.30000000e+00
 -1.75438596e-03  3.30000000e+00 -3.28471065e-02 -1.75438596e-03
  3.30000000e+00 -1.75438596e-03  3.30000000e+00 -1.83797550e+00]",139.96780586242676
0.0,[-0.19853932],"[-1.75438596e-03  3.30000000e+00 -1.75438596e-03  3.30000000e+00
 -1.17890799e+00 -1.75438596e-03  3.30000000e+00 -1.75438596e-03
  3.30000000e+00 -3.28471065e-02 -1.75438596e-03  3.30000000e+00
 -1.75438596e-03  3.30000000e+00 -1.83797550e+00 -1.75438596e-03
  3.30000000e+00 -1.75438596e-03  3.30000000e+00 -1.19853926e+00]",140.04753851890564
0.0,[-0.4608483],"[-1.75438596e-03  3.30000000e+00 -1.75438596e-03  3.30000000e+00
 -3.28471065e-02 -1.75438596e-03  3.30000000e+00 -1.75438596e-03
  3.30000000e+00 -1.83797550e+00 -1.75438596e-03  3.30000000e+00
 -1.75438596e-03  3.30000000e+00 -1.19853926e+00 -1.75438596e-03
  3.30000000e+00 -1.75438596e-03  3.30000000e+00 -1.46084833e+00]",140.12750673294067
0.0,[0.06149153],"[-1.75438596e-03  3.30000000e+00 -1.75438596e-03  3.30000000e+00
 -1.83797550e+00 -1.75438596e-03  3.30000000e+00 -1.75438596e-03
  3.30000000e+00 -1.19853926e+00 -1.75438596e-03  3.30000000e+00
 -1.75438596e-03  3.30000000e+00 -1.46084833e+00 -1.75438596e-03
  3.30000000e+00 -1.75438596e-03  3.30000000e+00 -9.38508451e-01]",140.20745825767517
0.0,[-0.7427108],"[-1.75438596e-03  3.30000000e+00 -1.75438596e-03  3.30000000e+00
 -1.19853926e+00 -1.75438596e-03  3.30000000e+00 -1.75438596e-03
  3.30000000e+00 -1.46084833e+00 -1.75438596e-03  3.30000000e+00
 -1.75438596e-03  3.30000000e+00 -9.38508451e-01 -1.75438596e-03
  3.30000000e+00 -1.75438596e-03  3.30000000e+00 -1.74271083e+00]",140.287668466568
0.0,[-0.31109193],"[-1.75438596e-03  3.30000000e+00 -1.75438596e-03  3.30000000e+00
 -1.46084833e+00 -1.75438596e-03  3.30000000e+00 -1.75438596e-03
  3.30000000e+00 -9.38508451e-01 -1.75438596e-03  3.30000000e+00
 -1.75438596e-03  3.30000000e+00 -1.74271083e+00 -1.75438596e-03
  3.30000000e+00 -1.75438596e-03  3.30000000e+00 -1.31109190e+00]",140.36737990379333
0.0,[-0.25422707],"[-1.75438596e-03  3.30000000e+00 -1.75438596e-03  3.30000000e+00
 -9.38508451e-01 -1.75438596e-03  3.30000000e+00 -1.75438596e-03
  3.30000000e+00 -1.74271083e+00 -1.75438596e-03  3.30000000e+00
 -1.75438596e-03  3.30000000e+00 -1.31109190e+00 -1.75438596e-03
  3.30000000e+00 -1.75438596e-03  3.30000000e+00 -1.25422704e+00]",140.4475395679474
0.0,[0.29504037],"[-1.75438596e-03  3.30000000e+00 -1.75438596e-03  3.30000000e+00
 -1.74271083e+00 -1.75438596e-03  3.30000000e+00 -1.75438596e-03
  3.30000000e+00 -1.31109190e+00 -1.75438596e-03  3.30000000e+00
 -1.75438596e-03  3.30000000e+00 -1.25422704e+00 -1.75438596e-03
  3.30000000e+00 -1.75438596e-03  3.30000000e+00 -7.04959631e-01]",140.52773904800415
0.0,[-0.05049855],"[-1.75438596e-03  3.30000000e+00 -1.75438596e-03  3.30000000e+00
 -1.31109190e+00 -1.75438596e-03  3.30000000e+00 -1.75438596e-03
  3.30000000e+00 -1.25422704e+00 -1.75438596e-03  3.30000000e+00
 -1.75438596e-03  3.30000000e+00 -7.04959631e-01 -1.75438596e-03
  3.30000000e+00 -1.75438596e-03  3.30000000e+00 -1.05049849e+00]",140.607572555542
0.0,[0.8013562],"[-1.75438596e-03  3.30000000e+00 -1.75438596e-03  3.30000000e+00
 -1.25422704e+00 -1.75438596e-03  3.30000000e+00 -1.75438596e-03
  3.30000000e+00 -7.04959631e-01 -1.75438596e-03  3.30000000e+00
 -1.75438596e-03  3.30000000e+00 -1.05049849e+00 -1.75438596e-03
  3.30000000e+00 -1.75438596e-03  3.30000000e+00 -1.98643804e-01]",140.68770456314087
0.0,[-0.9907123],"[-1.75438596e-03  3.30000000e+00 -1.75438596e-03  3.30000000e+00
 -7.04959631e-01 -1.75438596e-03  3.30000000e+00 -1.75438596e-03
  3.30000000e+00 -1.05049849e+00 -1.75438596e-03  3.30000000e+00
 -1.75438596e-03  3.30000000e+00 -1.98643804e-01 -1.75438596e-03
  3.30000000e+00 -1.75438596e-03  3.30000000e+00 -1.99071229e+00]",140.76751399040222
0.0,[0.33765268],"[-1.75438596e-03  3.30000000e+00 -1.75438596e-03  3.30000000e+00
 -1.05049849e+00 -1.75438596e-03  3.30000000e+00 -1.75438596e-03
  3.30000000e+00 -1.98643804e-01 -1.75438596e-03  3.30000000e+00
 -1.75438596e-03  3.30000000e+00 -1.99071229e+00 -1.75438596e-03
  3.30000000e+00 -1.75438596e-03  3.30000000e+00 -6.62347317e-01]",140.84757328033447
0.0,[-0.5461007],"[-1.75438596e-03  3.30000000e+00 -1.75438596e-03  3.30000000e+00
 -1.98643804e-01 -1.75438596e-03  3.30000000e+00 -1.75438596e-03
  3.30000000e+00 -1.99071229e+00 -1.75438596e-03  3.30000000e+00
 -1.75438596e-03  3.30000000e+00 -6.62347317e-01 -1.75438596e-03
  3.30000000e+00 -1.75438596e-03  3.30000000e+00 -1.54610062e+00]",140.9275016784668
0.0,[0.7865948],"[-1.75438596e-03  3.30000000e+00 -1.75438596e-03  3.30000000e+00
 -1.99071229e+00 -1.75438596e-03  3.30000000e+00 -1.75438596e-03
  3.30000000e+00 -6.62347317e-01 -1.75438596e-03  3.30000000e+00
 -1.75438596e-03  3.30000000e+00 -1.54610062e+00 -1.75438596e-03
  3.30000000e+00 -1.75438596e-03  3.30000000e+00 -2.13405192e-01]",141.00748562812805
0.0,[-0.4500769],"[-1.75438596e-03  3.30000000e+00 -1.75438596e-03  3.30000000e+00
 -6.62347317e-01 -1.75438596e-03  3.30000000e+00 -1.75438596e-03
  3.30000000e+00 -1.54610062e+00 -1.75438596e-03  3.30000000e+00
 -1.75438596e-03  3.30000000e+00 -2.13405192e-01 -1.75438596e-03
  3.30000000e+00 -1.75438596e-03  3.30000000e+00 -1.45007694e+00]",141.08770203590393
0.0,[0.5418893],"[-1.75438596e-03  3.30000000e+00 -1.75438596e-03  3.30000000e+00
 -1.54610062e+00 -1.75438596e-03  3.30000000e+00 -1.75438596e-03
  3.30000000e+00 -2.13405192e-01 -1.75438596e-03  3.30000000e+00
 -1.75438596e-03  3.30000000e+00 -1.45007694e+00 -1.75438596e-03
  3.30000000e+00 -1.75438596e-03  3.30000000e+00 -4.58110690e-01]",141.16792702674866
0.0,[-0.5869371],"[-1.75438596e-03  3.30000000e+00 -1.75438596e-03  3.30000000e+00
 -2.13405192e-01 -1.75438596e-03  3.30000000e+00 -1.75438596e-03
  3.30000000e+00 -1.45007694e+00 -1.75438596e-03  3.30000000e+00
 -1.75438596e-03  3.30000000e+00 -4.58110690e-01 -1.75438596e-03
  3.30000000e+00 -1.75438596e-03  3.30000000e+00 -1.58693719e+00]",141.24755811691284
0.0,[0.01772894],"[-1.75438596e-03  3.30000000e+00 -1.75438596e-03  3.30000000e+00
 -1.45007694e+00 -1.75438596e-03  3.30000000e+00 -1.75438596e-03
  3.30000000e+00 -4.58110690e-01 -1.75438596e-03  3.30000000e+00
 -1.75438596e-03  3.30000000e+00 -1.58693719e+00 -1.75438596e-03
  3.30000000e+00 -1.75438596e-03  3.30000000e+00 -9.82271075e-01]",141.32751631736755
